,0,1,2,3,4,5,6,7,8,9,10,11,12,13,14,15,16,17,18,19,20,21,22
1,0.6911748457401368,1.6155704573082348,-4.656592694732924,4.772274804890755,-0.9546049550196801,-23.48919877571447,-2.5429252003256333,-0.9850778659925563,-12.312766095766952,-207.80329793570147,285.2819160211658,2.4760551724367414,-7.781753258292331,-2.358549809980859,3.2693139984205852,-102.96260000875509,1.5418207866590514,-108.9097099971174,-45.28083245002854,-6.845823379378883,25.013249393008138,2.516956728791349,5.192704629676375
1,0.24269676372201993,0.5973004005851914,-0.4321293930518386,0.026097261881273922,-0.22495204907833904,-1.9605271910194233,0.764732781793292,0.30192450822277256,-4.165278098334891,-85.96485651100349,132.6485901102891,0.9828838324320729,0.7197595259203033,-0.19509790296097673,-0.9131718979310677,-37.10947853050208,2.436419589254641,-44.4261832644314,-16.622082002852345,-3.2338819927850233,9.035524333927595,0.19586809718615283,1.4469183044393643
1,-2.5542339113612957,2.2777893795852386,-2.9754670468777102,5.020717752250558,-1.1268953429648918,-5.748455262606652,-0.34007658518678224,-1.1637289019048156,-7.481780020312924,11.182460838749826,-46.744429213444775,-2.7387397469551322,-7.996355170388712,-0.9189934211148993,4.9234032253989914,-7.237615803979038,-0.9416142684347574,5.945729666292105,-3.4878499138207553,5.98527734921546,14.331365661337198,2.0171443465985104,1.4004026581370992
1,0.8088107442958151,-4.193345684054718,1.780128458015405,-2.1678218073898607,1.0916848776136399,-1.9566462684510362,-0.21397596538274355,-0.33154032582368026,4.122330069862351,62.36398106547195,-77.10827109110465,-0.6239164123669937,12.582678528492512,0.22945451594034338,1.8635207775766451,33.4452361942322,0.684315215689049,33.06362968454269,15.07965090045383,2.218432677678181,-14.590794457359939,2.2977814011031037,-0.9445307076900951
1,0.9433546400361373,-1.7765385971493841,2.310928223594407,-2.642237280654152,1.1428070394091707,6.854822202385172,1.9599862456466772,0.06448301978861871,5.58407196609149,74.82011315271977,-98.10844083135179,-0.545618490029296,8.417288091360394,0.4424619394034599,1.0241120105494783,40.04715235319633,-0.2120308246586174,39.19609125324267,18.01884948074488,1.459064079723205,-11.739845874530547,-0.9545444091705267,-1.7213389583247025
1,0.6217857701687165,-5.137051612498494,-2.813267575682998,-3.3439958316020326,1.0967901241963,-14.13741371483238,1.8217247499165747,-1.635512298104284,-8.618967026616444,-105.27138207950117,145.30297649437728,-0.6749005887227812,32.410925372897346,-1.9042093600578553,4.59143697250739,-50.331526496389536,2.634893193954901,-55.11293571252711,-22.50680179730375,-0.6864747545594629,13.714316594632038,3.134506703282825,3.698526918185704
1,-1.5657828853148241,3.3040411682698334,0.3748078714806214,2.4986603990354266,-0.5679662972487256,0.4037151593430082,1.708082153159026,0.5391333112070156,8.504842593453567,13.996170596603841,-17.562888601880427,2.5097964912755226,-28.614245251585153,1.5197991430921955,-2.3406691762141962,5.27090822067169,0.46800082658008424,6.5540834106883565,2.139936231595367,-8.012744491231523,-13.169205359679662,-3.0427077291557203,-3.1015973327424593
1,0.346035607732661,3.876837220804689,-2.1352438855980598,2.8408476855503046,-1.4298778601718918,-5.557095713851179,-0.3137595762527228,0.7087357292552128,-6.81426117143119,-104.0571067310175,140.74994543644374,1.0717828928618955,-15.217807496648831,-0.7014559667040362,-0.18672643319989415,-49.50734163657866,-1.971980675938718,-55.727349302025196,-22.508436917111734,-2.378460338291623,20.267203250382334,-0.7589170453781822,2.571517758241119
1,0.26903331142883663,2.4716637571743387,-2.71279129876328,1.5308033742854164,-0.5361625005403555,-1.7836925544532756,0.14355379986584255,1.5056296637628006,-1.3349653867795876,-62.75536151734244,87.80801494621205,1.2304999709844926,-10.837821504548478,-0.36776606985566807,-4.48723564320901,-32.89944248393531,1.8658333863706522,-32.03067449954703,-14.180138449220022,-4.150256032482262,9.94412433180412,-2.699058115199369,0.715004383548618
1,0.5144490658769736,-3.4504165161192604,-0.7518318668809778,-2.4141227039175392,2.3108910349539125,11.711616104034725,-0.3098184675976193,1.4450880581045957,-2.92665106168445,-7.597776067613478,8.328629634022304,0.0005157570249738832,18.45555570649316,0.20637062109261237,-2.981494490298427,-3.0900897761393935,-0.48625857959971347,-3.6303602040341167,-1.994066073812236,2.16691992925779,17.62787557383668,-4.792248661567518,1.0491767648509736
1,-0.3661102482112796,-4.446719301559583,0.7479766915737442,-2.8015617566509627,1.7070246882090696,-3.2042970498809518,2.5142717493701148,-0.8182317144811343,10.473600993512935,116.23953317112007,-177.98333031365163,0.656987687993831,6.912694908650036,1.4047604641695495,1.428183591272564,49.962936314840256,-1.5350821609804979,60.591175768012604,22.80204812541356,-1.4248625217574722,-29.53719607566774,1.176878798141403,-4.140686163532178
1,1.1518428091997532,-1.7555674577675755,-0.37160423377965857,3.1204647703271746,0.22308330141929958,2.2969849818945853,1.952234584707274,0.5240630691877782,-0.839371880185574,-5.734906673071053,5.1832735976233515,-0.3389142191183791,-2.356109141326346,0.18107434610312226,-1.507691239521292,-0.9042296897798713,-0.7473747909215253,-2.237939243960515,-0.24394191763807374,1.265085950503549,2.460010254527334,-0.5313055479961151,0.23076632969089123
1,1.2702915034343445,-3.59039641118777,0.11683915285846391,-2.621140988173431,1.310309645705343,3.979827617889574,-1.3852208939251651,-0.2700833753213553,-3.6685909575108786,-42.75187175514277,69.65854901541765,-0.17521495519381416,21.31542616069123,0.1513849346037239,1.3671655812290984,-15.448342402200481,-1.1699841976778125,-22.5909103629768,-6.38113974555279,1.10846162791684,9.21973225752204,-1.0163014343939334,1.6114862080427592
1,1.9206871046690415,-2.552123612882582,2.4318322681186193,0.0019230871829558668,0.998709726005525,14.77798848182833,-0.283123652439407,1.7211405653366258,8.474424556429788,77.57335286591048,-83.58470736504006,0.6248889539506055,-3.4313653765736785,1.112611263340094,-5.322157482777806,43.92801861378241,2.0757740484905507,41.386092158424006,20.157730276022267,-0.6076272717832117,-10.979299612906683,-3.9410100374989643,-3.322566276362188
1,-0.5305051883704589,-4.217558928052234,1.1666404634459715,-3.2294652555809833,1.6510589723739248,-3.488225327458037,0.07237694614575747,-0.48603817549798134,-3.5207418677340847,-55.85380724205756,82.73315099934489,-0.49014740333963625,25.93556947532864,-0.16830967987605464,0.8071823010866559,-22.997306006440784,1.0072908646109457,-29.504194628708973,-10.407557864341985,-1.0139659471282405,0.2699193077623412,2.9686354277120146,1.9804979832399012
1,0.2712773001551539,-0.47739579320260006,-1.510363143785209,0.17088234055447715,0.6048703836266108,-2.0419870392098938,-2.07449819377484,-0.23334801177144981,0.7121372005181641,15.644292547637896,-25.723257064163455,-0.2912606916156243,1.7188666268252775,-0.30257620781555766,0.38692143593832323,4.699913468874908,-0.9354554095735215,8.67742014250867,2.4292874921387897,0.7204002383398853,0.22447564413888887,-0.3072980288262741,0.2201877939445937
1,0.20265043251704742,1.4122922739081194,-0.8023227082551896,3.2504733800417718,-0.7352899191406033,-13.15951040763222,-0.49076698840446653,-2.066057359524724,-2.001932563628347,-45.433167117619575,71.29328656121329,0.274353781647148,-9.692727868082395,-0.09824439483383895,5.29138420874027,-19.626937650747273,0.6050515187746054,-24.30468312677375,-9.7323599533793,-2.29975774801594,-6.368196435400652,4.219641220373541,0.5943524825158522
1,-0.14026447892219818,0.8414406372558841,-1.7549808731090124,1.8996371588801702,-0.8011768523439803,-4.763128846786843,1.0518182436378758,-0.6840500466321852,-5.310084573269869,-9.874566602097039,-0.3947048046442552,-1.2394127873385918,0.8936698884649409,-0.901225086778124,2.2292171325369314,-8.573004037445935,-0.17729038784765952,-5.292596292655804,-3.647786762852182,3.475272966493017,8.527740503756622,1.765067964501476,1.922059292349391
1,-1.0435908620030336,-1.5765916873969081,3.0600984650712064,0.12139608732045898,0.1507380195256245,6.026951752216365,0.565031418262952,0.10990096283373625,8.894357105214512,165.34713788801278,-237.4965840262949,-1.6865029320191032,-2.7978016507964925,1.808383953686337,-0.5832979124484672,78.34634451727348,-3.115934573146044,87.46280948478393,34.5418490198254,6.049667954707979,-26.482765782118097,2.0390260081588063,-3.858298999977498
1,1.0359101451515327,0.03013354621228005,-0.11510056720124028,1.969049138770832,-0.0820738087249175,2.6660319124186698,0.2575142233674788,0.40842010488906627,0.41688448875212625,-3.015165464147621,11.834255062434849,0.17098532367024383,-8.881443321286959,0.0032016558537412004,-0.9804113001684382,1.6079321945830294,-1.1285157664171641,-1.380041362957381,1.126259029817031,0.34064278874709375,1.3262195944152748,-1.3817109636286435,-0.9074585491334078
1,-0.3939543084368063,-5.0112843629951325,1.4463141352023885,-3.9717217525957533,2.33041180655665,-6.235592229922977,-1.0078009543811381,-0.7401143287987066,0.82716416112845,-8.815042390684082,22.83682091156437,0.09719437137112427,21.043222027259844,-0.06696327014661868,1.4797153513112042,-0.6497569460349076,0.608345736917382,-4.582044073341905,-0.5086543780897346,-0.5939289158937276,-10.237289820923621,3.1874235614592568,-0.8801945377437703
1,-0.711897180601665,4.263498389393141,2.4593993157018845,2.594714187815795,-1.4293616354283298,8.338801772414415,-0.37135363823775724,0.12214610587428289,2.862831814266435,15.66097929357462,-12.066128550353662,-0.3543614200035015,-17.55471044765339,0.652309616593514,0.655380908989616,11.832573164278738,-0.38456183129254334,8.084189191659554,5.564745278800089,-0.3669942388111153,-6.7287974456172766,-0.6616350002454331,-1.3305885913144546
1,1.3517479416977674,-0.2045769838875497,-0.6166138411835501,1.0358482130554454,-0.16459378493616023,-5.57195581952664,1.4562737609345096,-0.5744935997019003,-4.609121438952054,-70.72140706751775,108.89613862752125,0.2555652774445735,3.1124667330982128,-0.5151477742858607,1.4696198299327643,-29.306275122645484,1.3917287162513727,-36.78309505228431,-13.06946457838464,-0.7848400101583058,10.08000167931683,0.6474008593659937,1.2725621008867665
1,0.00897351735396371,0.9797118550223374,2.951217663299239,2.5623767612096824,-1.2278090890801943,6.372047389051071,-0.6833271076138715,0.4816958497416222,8.899974439418658,39.11282763263575,-33.839094439721116,1.6122850902932444,-23.443273960111405,1.0640728064751928,-0.003071364074338418,23.60878685027974,2.0553759771645286,19.619951116385014,10.440882643908903,-3.622943031766292,-17.740204100872074,-1.4556766586538008,-3.816984526246224
1,-0.3263607060355991,-0.15865989648471956,0.0702526873478311,0.20256569010434367,0.01156901313092343,1.1947370174762153,1.6285800341596794,-0.02501495435050208,-2.702722507670317,-64.54100885294966,91.17344482325163,0.02577047381796911,1.832841388403051,-0.5152008512224061,0.22958399472409388,-28.166145397418834,-1.932447573041827,-34.365822450546304,-12.795080180960337,-2.4468290222684503,9.03270427286693,-0.3696789693402394,0.8629985247667222
1,-0.09852551435211819,-0.08916524408008408,-1.28143406111663,2.480551144748042,-0.8343003137232412,-0.1720605061190709,-0.6068648039257971,0.42249007048742476,2.2737735728255406,20.025100966433797,-36.40431423245488,0.28527804963366293,-10.04526290207603,-0.08338407915314938,-1.6735356080918493,4.524584720062219,-0.5702713135383868,10.765133744630052,2.3179532198119617,-0.5310930193067815,-2.266077718838406,-1.467564362000459,-1.4369338431637746
1,-0.2182876939336846,0.03241502007143246,0.3518007250428687,1.1761413102199965,-0.26109973646216694,-0.2979979873371293,1.1129116290971532,-0.9526172143105965,2.94278638618583,58.48982401574104,-89.80999692989076,-0.48328789551799634,-5.1673521247367615,-0.13956304029856287,2.7421285987884043,26.562446083170013,-1.6600719926900753,29.930978061830196,11.83101273233098,1.9234839724917003,-9.318751108509442,1.376131246834244,-1.5292733521553876
1,-0.7875612355596402,-0.44305368615561364,-0.5565450317530715,-1.1240682063608889,0.3020000183263469,13.392397515784918,1.9150941161995352,1.3090094962173835,-2.932459281249622,48.91169261413947,-84.06215831126214,-1.6757069985315163,10.104234894630213,-1.1737993357261707,-3.491684379410657,19.640989749352322,0.7102409717144981,25.699352813521667,8.571309136663752,6.059728908950825,14.5103597225234,-3.0706689099786924,1.2910382501186584
1,0.5347992109246527,-2.5929298423701477,-4.509085416814546,0.8190183097881105,0.5165147937206436,-1.5848014228516873,-0.33642376982400424,1.60629594127658,-8.426566832550693,-109.30260927282119,143.7253804069619,0.19633889303791266,9.105013130191717,-1.385147745641715,-4.12449506489139,-56.858746317404155,-1.0296953685633092,-57.47415103268175,-25.390109520134903,-1.7991940358901728,29.21127793733762,-3.622578814633303,2.238126431099896
1,1.0331222190635192,-3.122314867862487,4.252700279726828,-3.265964159656653,1.7261695351494104,0.6698631428646351,0.6217774083332177,-0.3399923772134193,7.743221293379062,31.75492432057201,-12.704630671791163,0.19416338868060343,8.280606976946807,1.7428266761669042,2.8596190554103753,27.618973595757755,0.5744290306621279,16.200294638730107,11.965993071502014,-1.9409960742638666,-23.21496008388904,2.2251182189329,-2.743433077444848
1,-0.9938923127139488,-1.043887551523452,2.907065447353535,0.9241799990489286,-0.10332949990279434,-6.1369327788395465,-0.1548315033913244,-0.621080092300867,6.068915549187764,51.31586714592662,-58.37863263521918,0.7565441528031428,-7.514643285327635,1.5406096409088186,1.9808921077534607,28.19261285544823,0.6495042154920664,26.6591193486081,12.477146827662244,-1.0885703252717367,-23.583016270221652,3.9586127093769097,-2.7671864994676545
1,0.9351166728821361,0.5437230994712117,-0.31082594821074006,2.767635822805483,-0.08440688644094384,-6.9681460339174235,-0.4472079911624318,-0.4788425343166063,-1.064751859706703,-74.26574834255561,106.36298500305816,1.9857742498226458,-10.001701880370433,-0.17187106465179047,-0.24827381894791,-31.211074258547615,-3.633365132864386,-38.12964530987157,-13.961579045999907,-4.156015197162259,2.8934599103879064,0.3177501763736292,0.9103654170531584
1,0.6635369449689065,-2.44005771960277,-0.02679474082455489,-2.1804024887838103,0.2104311768023231,-8.180509204921549,-0.1230304448281434,0.12173903697619474,-6.162990308385348,-81.9858065993535,122.02864289049839,1.085482045054255,17.29561396066527,-1.2217645612253392,-1.0721289030056393,-34.26315741431203,0.2372166566538755,-43.14388879633646,-15.329342063745004,-0.3585316169321485,10.616742950547586,2.3465171321493,2.523038392544607
1,-0.35478032523696534,-1.6316786363135718,0.34162549634988354,-4.502749803167333,1.1978408019440927,-1.2203758674257221,0.6996742441023845,0.003845366437622344,7.844402549361714,162.7132636765468,-232.676656474065,-1.3793218021320233,13.229217166336475,1.4245607126522388,-1.2708653416423132,74.9287012950535,-0.5648482820015072,86.52877174109383,33.132646298499814,5.735362340071777,-24.307511528423312,1.7785967366010125,-2.3583229842676245
1,-1.9869654607268825,0.36062836856013963,-2.5078965810546094,-2.228932428508519,0.7993859227748903,-3.9772486850002013,-2.6203976144088257,0.638450673441835,-11.138461845459952,-110.06522639979808,134.0144755953152,-0.0781458827089973,14.293149329999357,-1.6188424508347363,-0.5569435123997925,-59.254102988537156,-0.19859149064043538,-58.31326516911581,-26.314759983710427,-0.6045661262203258,27.46944071391302,-0.6118008880226669,4.148725699993595
1,2.877111458060226,1.0054896432231961,4.2986571512456315,-1.4244717550364023,-0.007271163715458606,10.018827764075267,0.3316093480148058,-1.0375254167104229,10.202608980673018,85.23272725200819,-77.78053407045473,-0.013924531842656195,-8.096865870876767,1.8854455791546647,2.4644123928198023,54.35690426250357,2.0563717455832866,44.80263434992807,24.236394848666805,-0.6317716660310501,-25.40541772056891,-0.061970938376495414,-3.4936724174048432
1,0.6497950489458593,-1.3703026664639237,-2.1413750633885633,-1.8708652750903183,0.9513067689596069,2.2002591187375145,-0.6780473351431027,0.11682206566452615,-6.812189822675017,-32.60677651130216,44.30920392119582,-1.380949681161185,17.55682838473033,-1.1620684701925408,0.5494248840112079,-15.583913174358822,-0.8216299702301939,-15.48499987285771,-7.2774132254315145,2.9631380626450774,18.892075060112443,-0.8872446211387068,2.9288158701269045
1,-1.1973320133654872,1.0259657474452522,4.377505742215379,1.560930976458511,-0.6012207576637701,5.442899260363861,1.4253296716936916,-0.5012050252515238,9.689453369577949,154.88072711094668,-224.68064818932584,-1.0674340320498787,-12.938808170214935,1.3989463041024304,-0.03343662423307189,72.62140335309346,0.14392426553775567,81.31289636496001,32.95738163183732,3.2271052915566143,-29.37990523427276,2.4242400131849475,-3.200715829609736
1,-1.0751285716238779,0.7755593570348048,-3.2990263061366085,1.3829114597704621,-0.0962446348870057,-22.22167646282299,-1.1020124582243769,-2.0829346413154415,-9.214655584705152,-78.37541482136433,93.28975517781322,-0.4728064946319884,4.728573999220814,-1.416959750833879,4.834854919495318,-44.39935636806635,0.2798690311997572,-40.50343854509034,-20.0614508576402,1.462031824557802,10.973771632067269,5.384209635469614,3.384285612060106
1,0.7024691415560277,-7.420785645449296,-2.3572645742928535,-9.81878867758546,3.257554464463972,-0.9693235777919157,-0.9938365023319952,1.442051121362838,-4.888645644475225,-45.576830280648934,63.27591867483044,0.3285232220579521,48.500585620811506,-1.3669493080169315,-3.042549411182796,-23.67976764304974,3.3532369229166212,-23.310072597877944,-10.708930614870127,0.3326094114454968,14.90521639735073,-1.7814124265616038,2.4826131793468167
1,0.21175353139037031,-3.088520058129104,3.381065599046302,-0.5432237022017851,0.5953572066095582,11.17344325154379,1.3538201998532953,-0.5562638864347107,8.951995658230244,63.524662187714895,-77.62084287014348,0.3198218325034369,0.3284358274576433,1.4297846606821094,2.3377418281960427,32.783553064295205,1.8306456756199319,33.13389573940701,15.048411971149598,-2.279624901596829,-17.02652516329694,-1.8014653474754614,-3.426710753750062
1,-0.6400072070030929,-0.41006309015819165,-1.1193766278456045,-1.0205192567317927,0.24102099013710687,1.6379228107534554,1.3273831942612893,-0.10552833274213445,-2.555360364468381,14.764509994698445,-35.41931058264973,-0.4306693692726621,6.5617786932638085,-0.32631028446797994,0.740726942391255,2.6493894913347313,-0.995307387467695,7.157777773167243,1.0154089626109661,2.0674647593310707,9.4436448125903,-1.0081574538904625,0.8149627239717263
1,-1.661159407033552,-6.090481767664189,-0.8001030390683624,-4.385930669844499,1.3686888417299892,-3.35360603976321,2.493650306037273,0.04286579551847257,-2.1365354299001402,-73.27949504814504,86.61617951906288,1.0126124661002545,25.214354730725866,-0.1355534799789412,1.7378711336621673,-38.818981975279684,-0.6890402260046757,-38.64841970610985,-16.80216817849745,-4.4436451575148075,7.107570251427638,-0.3093335776713956,0.7439802885057198
1,1.0558868397562922,2.431112387477275,1.2494703673241037,3.8379115401453103,-0.9168843979417108,5.304984746895563,-0.3650543915112702,0.16094889852780056,6.62453214514982,71.0892348652592,-91.02462776129381,0.09257021838250691,-24.314274674721464,0.945168581357942,-1.1266216601395365,34.77700106485529,0.8977063067215374,36.91102063163084,15.494797888337759,-0.4634730093271761,-14.421718122841996,-1.0895770475398339,-2.6659796597011973
1,1.1920657842417721,-0.06635150275790268,1.320612368355391,1.2273934135198248,0.016047178257357055,4.0353563273738295,-0.947399775761543,-0.6269895689157328,-4.5776233179651555,-32.977139241123346,55.082052271332294,-0.7070548511376866,1.7675176521047886,0.5080193677877429,1.9228174294181133,-11.076810119607142,0.5070724607254457,-17.634962482662136,-4.347754905311401,2.2793346149890055,10.728623028007341,0.9081001950627743,1.2515247990163951
1,-0.30152698679176987,-4.8918975072843605,1.5200286763264006,-4.140301851252627,1.8311493864642931,7.214532211154377,1.344937325840094,0.020451399897982808,5.454384714534546,92.48460605524254,-132.8299367780456,-0.36088609322254117,16.63394003886443,0.8228709035486677,1.4442662185950785,43.77957172556255,-0.34439498013767,47.32326088755369,19.456666681959167,2.268332789076084,-11.995604993710996,-0.7981794880927113,-2.057154855963791
1,-0.38476514520094257,1.985593687802448,1.756193383494417,3.28844419697858,-1.5516712167314908,-1.337968516284175,-1.956425961358358,-0.17532679466800946,3.4727176632985874,56.00146414497323,-77.37725578213946,0.0039718349077667945,-15.042791157002442,0.3968791002971108,1.9958655176738842,25.281782636813716,0.23374644676981302,28.964906270401507,11.856277165508784,1.9132073594361505,-12.240300737346141,1.450822194211819,-1.5285175884247826
1,-1.8418557639168496,1.0995117960315104,-1.088656858597287,1.56585784736856,-0.044842122159295915,-3.4092878987316597,-1.4771589152072235,0.03262089272884025,-3.6385019502413485,-57.63680539912907,60.16376594590316,1.2539437984131319,-6.670623887849597,-0.6808693025589628,-2.445073461435671,-34.732616753036076,-0.8074590644248001,-30.374200911471714,-15.263479245478024,-3.2152975914663293,11.810853445406293,-0.9835071683648153,1.3149455485512145
1,-1.3243467663790163,3.9501127695797917,2.043193614646588,1.4799340386643718,-1.0708052816031999,0.7119128606901032,-1.0721899072479137,-0.8209456932056179,7.312084882159835,63.57057846736603,-80.33364924601331,1.1431751967386805,-21.93134536160185,1.1480281769733807,2.2943866143720775,32.61224842660356,-1.145708562721454,34.96352213070823,14.22805136820532,-1.9866380890291895,-18.09388545380858,0.17260584984060312,-2.924538088686125
1,-1.7352123234660466,3.362816051705297,2.600258682143875,2.815952837098693,-1.1699409679308255,20.332336533219763,0.6282880038680965,1.8559782281824102,11.757268663032928,214.67929396447263,-312.6694824547869,-2.2671182965324763,-19.307413588010924,1.953522317863207,-4.202603453925589,96.8660430876355,0.303649618525123,112.21232571131262,43.86805779542372,5.665297289096033,-21.29938962453454,-2.868479230092006,-4.146724339955071
2,0.6595832114736655,-0.3554912306498015,-4.541832492370395,1.187721588062355,-0.2634281582401402,-12.176748378834805,-0.35367463595976245,0.08110466889080413,-13.708013289453536,-177.5850634845986,237.94047913154668,0.8340880724222968,8.657532992585763,-2.167036369179252,0.15967051563323634,-88.03490516181955,0.6008423459797443,-92.15887740955395,-38.92117589301316,-2.645585057527292,32.47188574612554,0.2610938695499191,4.981922448763711
2,0.6704167822516441,-0.1748773176244493,4.952214474845816,-0.27202521425708176,0.4034910719298801,16.019609894028033,-1.2734954862557721,0.19423453602647472,15.890559496557097,144.0419000367469,-179.66532892272267,0.2585260215359938,-13.534197650717527,2.561143441617341,0.9275172649829715,76.02353776523998,-0.9415850661951315,75.52001704676572,34.50598150066525,-1.865363823466349,-34.618784400768874,-1.538594846356617,-4.708267593200992
2,0.2533025728555494,0.4582376588115515,-0.2711011360790268,0.6324842470325626,-0.06209155103949808,-6.708301506329417,0.6065098949317267,-0.9897050778013383,-1.8881418818493045,-8.130380564034343,15.931901005908951,-0.3237883417426449,0.7550412716881844,0.2789070036787615,2.4163997449193504,-1.6722614587431268,0.3196945042081077,-4.044065018542269,-1.4472894520648278,1.0366334198361988,-3.747844062578776,3.026964385839845,0.8550283792175742
2,0.4544164250185858,-2.1571901615494635,-7.963652310612375,-5.198029464633106,0.9154338292265833,-22.39980788570399,1.3917559619930993,-0.2131424622626637,-11.635781786652599,-113.40631781814787,132.33957905711517,-0.21918415234608055,30.708632654967758,-2.9433028778306465,-0.03087702157651622,-63.943837996267675,-0.2050904236725974,-58.866447641578254,-29.036488788506464,0.20913749147616678,22.71563515521171,2.3288307297246518,4.0779394603209225
2,-0.9632369782911242,3.4630505892079424,-2.980364803935213,2.6480114650987434,-1.0117520287647455,-6.344854562306205,1.076146311367749,0.48592714711391477,-4.911991751218015,-56.259092383768994,56.93090988066652,0.4976187060754021,-12.983993315634,-0.8376087646153854,0.4534021346890196,-33.72274694669715,-1.4592715652183015,-29.84455412735298,-15.039465200397878,-1.4792804034982034,16.24112423665065,-1.1629191394167362,1.2490649229252853
2,0.6842694741645072,-2.3111310677090735,2.972916238325382,-4.150641724359553,1.260517173066926,9.346685133564108,0.46213319705581524,0.5831493569545697,8.045847066992234,100.07670340532005,-124.68950423413489,-1.0820945536110318,9.480428378524696,1.4075853473539999,-0.18436731051435803,53.817631631196875,-1.1529865185405206,52.15338661779762,23.305140370596643,2.085157843805956,-20.061916133691046,0.08276731643965614,-3.0696818549941356
2,1.4797193271995832,-3.571831892342741,-2.72465924349693,-4.156099421983935,1.3096004975582247,2.1703971293375464,1.53232796824385,1.1057097122362214,-9.230475563462843,-145.45453421188583,205.58703088888805,0.32069988128041527,28.504884863218386,-0.8637071196289763,-2.7593359780742155,-69.0589415072702,2.2650517462425537,-75.71413008212578,-30.271102035115412,-2.237059930357874,27.40052728341335,-1.998538487786252,3.3583655700869652
2,0.574417492891187,-1.418288817306555,0.3412743050791524,0.01840935696250086,0.46685477733960073,-3.732516510107348,1.3549224204397199,-1.2028644153461205,-1.9224109984548008,8.73706371678388,-15.93554341360423,-0.9845565324554146,9.760444426787405,-0.03732357279718598,3.79600375710771,6.316882156455556,-0.5312959527535843,4.977048492250406,2.9297534769333597,3.6035400243878724,0.03499784340551786,1.711153535875615,1.2915861084025546
2,-0.07013954616910656,-0.2573376399238225,-1.5379891111735209,1.1962545315008875,0.2838849744397044,-3.823201591590069,0.5522816158235664,-0.15302065228338269,-6.785019862571209,-99.95561931587554,133.52577937376864,1.027954836660935,1.1880353180388943,-1.115893516970854,0.8419223787976248,-49.16619272386547,0.5861015135698211,-52.88321539747312,-21.33651126815641,-1.974066183481558,16.985285250873062,-0.242364739492346,2.3956433765429077
2,1.1722273705555157,3.6252745912846396,2.771900850391968,-0.09118132752602214,-0.6445474022344875,2.7824858139854154,-0.6586924802671396,0.5177340060565317,12.380803804943966,120.33455259485771,-146.81586501851658,0.494583676980233,-21.93654514029489,1.398560794376079,-1.186398771136046,61.59348318159918,2.0251073255602865,62.41053942297883,27.035230799447135,-1.3867703875037845,-32.51875648813577,0.6935955595640878,-5.074877991351034
2,-0.5519839399200996,-0.573902063120406,-2.416096951448914,-0.07268627514734623,0.3060513726364137,10.423472009201648,0.7319359071772609,0.5862502204371698,-6.450663578216131,-57.82535391423303,64.90861158380031,-0.7791450341901481,8.780471396510032,-1.0933936520994374,-2.187211011343785,-31.568803414695545,-0.15364314133973622,-31.18881069761061,-13.98235305723263,0.9413875287737085,27.1140941777298,-3.684060945489426,2.239851900537025
2,-2.1423959050449706,-2.8194277958519667,1.1395821672395983,-3.802286454308407,1.2452474688008408,4.617312326611694,1.6298687924851523,0.6378524159166183,1.7216092278169794,4.653458071475586,-18.048456927087166,0.8541286326492855,12.247760250687211,0.30880124013156923,-1.8340616487334453,-0.26264552993529616,-0.7966365179177163,1.7087903358040069,-0.5657476142967044,-1.5369184894832535,-4.828851086050062,-0.1558893038296934,-0.6369716143271491
2,1.5014419780018795,2.155988665416501,-5.548595409542329,1.1624615557419329,-0.5621695244014873,-18.09667244894124,-0.3456012349727593,-0.8152222874574635,-19.790896457829678,-210.49650566314799,291.10091487338303,-0.49235311467565135,11.027840118402889,-2.5470247822125964,0.6107482533434174,-100.41495917110437,1.1820376921325315,-109.54397273743824,-45.15681066226201,0.9724808486786073,40.924988340981336,2.655654482635122,7.589777851006631
2,1.0903308181643354,0.7207320592149958,-0.34820435505175545,0.27867465790048795,-0.5750275283797448,-5.8071063493196835,-3.0179505705050165,-0.8815041497239221,0.10074172953016018,-17.951863910226532,40.42715732380038,0.30713966749321475,-3.9434421399880724,-0.649698436690045,3.6996812577893143,-4.777009580627731,0.3728768942221937,-8.89163419406262,-2.377914230995967,-1.390478793256029,-3.971266196682549,1.3710686549623026,0.4265805191803455
2,-0.297825190040072,-0.8461045281892777,-5.284609861223098,-1.388662739524279,0.4095309375194526,-12.141768527624032,1.1874589349097886,-0.01777549925708627,-10.392758536720509,-127.86156801664082,157.57806388265345,1.2728378586825013,13.207419343070134,-2.3182244946964037,1.4728756865218002,-67.90589391659614,-0.07724867301505452,-65.76634758142147,-30.129194516320577,-2.6809986247040984,27.248645208967513,-0.6061751667118932,3.8417074365602515
2,-0.4080114514402778,-3.3346363640051195,2.14246475256614,-0.9083952047383206,1.0997470011864683,2.135706615172506,0.06019980993782758,-0.5532746760953132,10.308963837599597,173.73256745462203,-247.09147641634883,-1.1138212326410766,4.709433798673279,1.4989817809448156,1.1479699175331288,80.98648368290783,-0.5851720558856872,90.83947908367922,35.47741415211823,3.7499635152073236,-30.277820561417233,2.196636645518569,-3.2525137157742616
2,0.12091680891422965,-2.810885154809631,-2.726160892423763,-4.064915761740841,0.9836940080963315,-1.6858292262566859,-0.6751169943359446,0.6822691914611753,2.8424333888422937,46.59764619400063,-77.91205832052826,-0.033627272730594876,13.675397457272169,-0.1750046895966283,-1.185187090147086,13.846565363781792,0.883494817982762,25.205695537817444,6.38239833332855,0.5574089506636333,-3.341365443847562,-1.9517822593902039,-1.179005059746896
2,-0.20306514974797077,1.7046957379548604,-2.456601673602987,2.9782860084563376,-0.8083305202501879,-3.2424273791290936,-1.4889209100627898,0.7895297842219907,1.039312181380093,21.1056028447182,-37.741410870390965,0.17119476084578245,-9.64497611793012,-1.2917497247124226,-2.7248253525346247,3.711910780043982,0.5236678252024611,9.459696685306199,1.3975521155377233,-0.33590159948158643,1.983432957951262,-1.5441706674033724,-0.3585886430883227
2,-0.35445955578831956,-0.5648346396813503,-1.214956263934142,-1.5907196350746216,0.7633799841810183,5.88371627683217,0.45180183058177925,0.9455283260537723,-0.8228321065757778,20.54938240224372,-45.85802208534403,0.31376690642808264,3.9487908685565913,-0.16459220611742892,-0.7570301262852001,5.541156910778505,-2.2487278209755233,9.993644810154004,2.274449037399744,1.345652680893367,7.9536804237901375,-3.12375740219093,0.602508630510474
2,0.6042287061962901,-3.453210764933842,-0.5771175836493392,-0.47730005881759036,0.810089452372542,18.049409304970197,0.9660046538288025,1.7153364883209108,0.8566944727227211,83.49731188714354,-129.57009473666818,-1.8803271821692538,12.929139408816601,0.27011227045547564,-3.374995430719734,35.51629870098599,0.09854789435147762,42.78548913599781,16.09723233434305,5.067304550815047,9.207549981454953,-4.920173598009567,0.24278485775185152
2,-0.6315126868531605,3.2168109895059587,2.815792888341551,5.92923878266767,-1.683943606413927,7.3086001766916855,-0.20259115914689796,-0.2139891834402475,9.393792051066502,102.54798546948732,-137.98804550707436,0.10858391140099981,-33.59370358357107,1.7194465996191088,2.000740404880703,49.41514627919303,-0.4243027550120183,53.375263883435714,22.306922372719058,-0.32358516247689223,-24.292486675084664,0.3748846049883714,-3.4514242732590614
2,-1.3907909730873866,4.1405084296821295,2.0770538760790522,2.7514725248440928,-0.8567652816446221,11.097954168850007,1.7407317253857584,0.5648648520764463,9.72703767895282,126.24127550217058,-190.57678472551768,-0.0969881057019776,-25.75125212089238,1.9924604842182443,-1.444360709808076,56.08090765047782,-2.0436350917757564,65.9212604359421,25.34981423649522,0.8748528486254901,-14.81274493167374,-3.328362760565058,-3.6843878470512297
2,0.19620562883809364,-5.331489760834271,1.8304100960053153,-4.042267131446751,1.4269973150806994,-4.7808691204381395,1.2249824555314361,-1.3740119762670988,-0.4939308718064205,-32.632674431450745,52.637879811811274,0.10900682536827713,22.502222096521756,0.019322981742344505,4.891934568967879,-10.112000980575257,-1.4196907975813657,-16.661446218133996,-4.334575125371732,-1.1348803210552973,-5.340135885596161,3.2066808316983764,0.12040812873467809
2,-0.3799478283831176,2.900093602373392,2.5590746365333796,0.3317632372600713,-1.0406576221673558,-1.559029380598937,-2.999996391533799,-0.5133830998254078,2.6606863137015586,26.121867501445976,-17.31813017546605,-0.025957961437220907,-10.278819874187807,0.9753404562917151,0.5368226924512627,17.447149282137023,1.4462742994429538,12.541874728444327,7.157946119788531,0.5060467401607542,-13.098246177900235,2.653298415418188,-0.821512578904422
2,-0.42371214269837076,-2.04332903878843,4.4076244070414905,-2.7351486892326924,0.4330819733983805,2.7729968310654356,0.1480964846628126,0.33887404536383775,10.641926087581483,130.10811322705564,-167.17271997483326,-0.3291497868823243,3.5097296211785607,1.323173669930129,-1.4697845802035756,67.21482547165843,0.2944553121103669,67.86713279583584,29.723454393943125,1.7376306618701705,-29.90036021171551,1.3956256083518308,-3.7954362358382623
2,-0.9548710997038188,-0.9819254436677634,0.8333052467483146,-0.6293113535249895,-0.04206548133142616,8.741627517553951,0.33759187073021335,2.2387682234021895,3.6082002678128786,1.2668170809433492,0.7720311382095146,0.6705447653332169,-2.146914662567119,0.4903487185076265,-4.882331124192876,0.4069359237898333,1.9000921644451358,0.8376891967154877,-0.29243186058661075,-3.63903726975956,1.076918659806868,-3.8162279659322595,-1.4867221873729504
2,0.28099791669218027,2.937574012103847,3.9069097639272368,1.855848849292338,-0.5917328562103437,8.407482206805854,0.8129158506000693,-0.8603696755888506,13.225193842011207,160.23666840370547,-207.28453981877007,-0.7138978713966884,-19.52619151678425,1.7571652191435878,4.328192691426464,82.58235463359777,-0.5600065330503873,84.67194977832699,36.77187768037924,1.8467390358458324,-32.12933513435393,0.5581026968879194,-4.573277923029344
2,0.6465175311543028,2.7011285315072207,0.24220620471021787,2.7965163167319806,-1.084590407883877,-2.251051689480564,-1.1421427526307923,-0.2323370443355427,3.6142396860195176,-23.61027597255041,43.19157417270255,1.0498834544522606,-20.776247416463953,0.3067993238271424,2.3693206394864004,-7.582012082500431,-2.92123677641775,-10.728075305362479,-3.0881465983452068,-5.4059522469389405,-10.89960626249271,0.6315821245713638,-1.8042977856997355
2,0.6037428817088113,-1.9542820498851865,-2.439745943951175,-0.22026716965854126,0.32046322725705817,15.037265550515011,0.8355185549097387,0.37390538276168084,-9.047827706902616,-47.92759321273565,61.32728679051178,-1.8987366010685653,15.982410839738153,-0.3964855866825351,0.2436196879799732,-22.859477817116407,-1.1465327668666743,-25.007945168976697,-10.248220822151417,4.567722599948885,31.098090969357184,-4.123016185987405,3.0626668030888724
2,-0.9041617670780359,4.497349351411785,2.551390315210898,2.41303516626093,-1.4425665969265695,10.244608100540942,-0.7121029022296707,0.2980089281698366,7.457594135722847,58.05016082312506,-62.115942600556544,0.28573695569311214,-25.18637679336351,1.470177705893896,-0.49434903266650854,34.02757153072816,-1.2096311126974268,31.242810438890526,14.876647371293064,-1.3391176476548152,-13.05309912911454,-1.6534665949372709,-3.0316731544852433
2,1.0058412983160752,-0.37272172049590446,-2.94846463450902,2.7818031612719003,-0.7286968763179248,-5.551202406744532,-0.22690252376005962,0.06852985842947062,-9.029580882330276,-146.38868251589307,204.18435179719535,0.574938623514754,-0.8660919569388268,-1.8306177139135067,-0.5362063283619022,-68.44580832223527,-0.8198986941226761,-76.13662526587225,-30.74678161011059,-2.626980570417239,20.99816098905202,0.18409843213595725,3.0718175965117585
2,2.672861407343896,-1.8423936550137028,-1.4413160804001943,-4.225934172212302,1.1218896046469957,-3.754726899564087,-0.3700258569098525,-1.415758240340332,-5.473490030271779,-0.761937618615336,6.872580345630729,-2.3411147799753342,29.245789383280318,-0.36812494881486046,1.7195512513273798,3.159937201083356,-1.4920900242523558,-0.40502104231124797,1.5795859708790396,5.96239295149635,7.256486456338971,2.2756740541379754,2.413135449601662
2,0.6768227399370749,0.9862690050715545,-2.1314273786618747,2.2683486132932082,-0.8306084359474722,-16.78995366331179,2.3835507821369797,-1.4711088664420446,-5.51541940127123,-22.04169462817124,27.37717231472834,-0.8739955065731206,-3.4620825388853382,-0.7990603468506089,4.578288970784234,-11.942121846474441,1.0521223180737045,-11.947311500559286,-5.72986261620736,3.2877421367842734,1.574364455324988,4.79378518991491,1.51339329358528
2,-0.2928135466301604,0.0781390989517082,-0.40934930261285646,3.8831230524875133,-0.2133122297531761,-2.1492962522907892,-1.0958707263364784,0.5373124422609106,1.0028368401579033,-4.721473171764084,2.0698063812331338,0.6319218363328876,-11.6567160106115,0.01873000274315695,-2.547277664229638,-4.25080656613572,-0.5956485119326087,-3.062741623423649,-1.5834732646940246,-1.7152764156217137,-3.003405467319883,-0.3605938266483386,0.11329537875647575
2,-0.8397561248814006,-0.6858786862031047,1.0999288803377385,-1.4286900979906607,0.9639346285097383,-4.579976016963184,0.35603101313217134,-0.7348460874778913,-1.1457266812494522,-81.01856619382238,120.68411621934676,1.8831311375624287,1.3788230078920203,-0.20963312804057851,2.505615874057033,-35.85710087438091,0.9243259473508606,-42.069810628406145,-15.966473917173234,-5.793942594386771,-1.3895159937829362,1.3060438027551609,0.6152406329497832
2,-2.224135499384186,2.396720060733084,0.3050467839932414,3.103007303085271,-1.2637831601575555,0.7101355327733468,-0.904185534581151,-0.07050221826984003,1.0066968149371909,79.52088122229152,-128.55257221868786,-0.8467683762182513,-14.00710672107538,0.18805664322030874,0.07543678401491538,29.72873770612243,0.8016146141224396,41.0639031632346,13.811355963733249,3.897356395185875,-1.1432552188002731,-0.12370716216974971,-0.6793007881921268
2,1.6482762851048618,-0.36959072832957496,-6.7849999010882325,-2.843266387350468,0.24933390607756414,-17.433601942625756,-1.8360091256896252,0.41489913777927434,-4.948846691640196,1.2435440418381927,-15.663312378968643,-0.35748391763787307,13.696574339608807,-1.9170591097958365,-2.451134608849103,-9.778962579144396,0.7897441068386365,1.3687701370867393,-4.1800533211436495,3.1810752931508057,12.591384723638402,0.13117253508859206,2.027164392967945
2,-0.44720490632396054,4.191542497385553,-0.8100176045825841,2.173762243777951,-1.452698063929554,-2.8857936532159383,-0.6513478170329381,-0.06413486489830171,-4.020345376747693,-53.783165506978754,75.6700354636562,-0.1986907900038183,-11.034638709286734,-0.21315004535020035,-0.3308689374903942,-26.25844894231998,1.4746442843877663,-27.74239857960946,-11.760693719548001,-0.5679250367359852,6.9478959885874865,0.6406191534428904,1.1645605087341449
2,0.5426079910931632,-3.208740150512135,3.519734185541319,-0.3983103632676537,1.5058165921419169,14.424009967055332,0.25261567888705544,0.21708019407098678,13.52956926173015,193.58613594702555,-252.93315352086972,-1.3738147574571156,-1.1951272986839268,1.943356047881735,0.9155859206354535,96.02471813496442,1.431003287820043,101.96345201896493,42.38614472097361,3.9607046047473364,-30.47944411219519,-1.0737322793457378,-5.341954621741356
2,1.7368043475806405,-1.6426184918288806,-1.929105782645396,-3.5023691432035853,0.8761144812614681,-2.147050918883941,-1.4599652239823664,0.6951399772307488,-1.635672736936949,-11.040437142832362,26.209919089650022,-0.2679622514580266,15.870861222831394,0.0588122406876651,-1.2662005482025378,-2.6635577246196624,-0.7053765251685857,-3.994343663814271,-2.18549392907567,0.47678282839596814,5.994997769246108,-0.7507136352126726,0.9987117414011826
2,-1.3806990834423785,-1.9820837917759249,0.7907038408061638,-1.0775333302377772,0.47042263207578094,7.78369833643924,-1.7779172584948537,0.9588285110288197,7.186243654094718,93.7982712647251,-138.50878506535076,-0.2477896547954419,1.4612555038370358,0.16035538048344497,-1.1595991471969862,39.003347106077335,1.708661496125966,49.19758493263538,17.62342215231528,0.3040737627121338,-14.453851869933679,-1.3291887357735233,-2.2350975132225184
2,-2.4146298187897344,-0.3031700595618616,-3.980136016513134,0.8117765380273944,0.6474328532565483,-15.420826305547989,-0.48407309326899417,-1.4283277736666546,-9.32429227135179,-134.34748055697924,153.41397426245098,0.8147026579061069,2.8100445285153426,-1.369086578649216,3.1912283428231834,-76.00955441517755,-1.8558511305938807,-70.75549961407377,-33.4733809796714,-3.8496355005677043,17.913827899700976,1.5932935439856486,3.269882853688102
2,-0.44542375766547937,-3.8802204961235156,2.6303059150679946,-0.8860291851972815,0.17168253803858902,0.5138243264533601,0.3219081684018137,-0.8737570903155131,0.49894569644425096,16.995720274802906,-12.755534254011268,-0.3009057171011093,10.314332999974523,1.1918012280454322,1.4092243480618716,13.607723501939153,-1.5967033150972072,8.449545290555987,5.422973085836917,1.352116570223767,-5.545197394728977,1.4779967724097727,-0.701456964132295
2,2.909803262879733,-0.617723893274271,2.1556216505311507,1.4717816534521218,-0.18890227988539485,6.0951385420438156,-0.6677561316321371,-0.7965007406377832,3.385937904907286,59.56631746232426,-61.008087496525086,-1.364588468987382,-2.4627700727685102,0.545031510667894,1.7441084684847203,37.11030005173007,0.911169189560656,30.741102852375885,16.505271906953602,3.1061164619836314,-10.755351062345405,0.9105490289186097,-1.2117442261164735
2,-1.6538324679819467,3.303305736785731,-3.0161815029637262,3.875015306107394,-1.1195602184564217,-0.7376425581718653,-0.7988865167398814,0.26186116583322755,-11.255630621719025,-46.84169163667379,31.098345064031705,-1.5202791592927067,-4.957483976386867,-1.6903267248482454,-0.9794416218662387,-33.91159275320482,0.6007150519505929,-25.357159265823462,-14.661160133572103,5.288837922543616,28.986010849358916,-0.6351818503653657,3.6549025811041056
2,-1.3991476625156791,0.6053722415622472,-3.2914052511586687,-1.3909013403427024,0.6884015495928226,-17.419866386384346,-0.45192598037744786,0.19321901010154338,-10.594758194746287,-150.79812977375585,192.96148974943978,1.28995368728299,5.589171586364636,-1.9378279385385422,0.3551750793423935,-77.88516603970969,-0.689291483107986,-79.41505141710766,-34.63370686481765,-3.348429421911208,23.15917947865046,1.3877010886706036,3.2065705274419964
2,1.6917796798274713,-0.2735972465903402,-2.0214375233660373,-1.0780178005186138,-0.05421764177521449,-5.273466850239177,-1.389823220735062,-1.049508473239755,-5.398529952280589,-31.437062619906026,52.80954446801027,-0.9031641996852846,9.187458125264309,-1.100996651993446,0.47643826884754203,-12.608377970298719,-0.05405009404553404,-16.293380940572707,-5.431824572213601,2.2046653017370623,10.213052679040457,1.0604903763841254,1.5067903145851607
2,-1.1366404275784727,2.7710571906572126,2.8867417466993954,2.6027518049879927,-0.7336557072588612,3.601871467726872,-0.2324930738002984,-0.39942418313805583,6.1325590863103185,45.896067204346615,-63.420157639233395,1.052821688763475,-20.284737005330907,2.086855381931805,0.23553953451899978,22.949167633387237,-0.6427730976719139,24.556474788850945,10.481830967475391,-2.100029144389741,-13.13867464693185,-0.3549293997665867,-2.197193601052035
2,-0.9514917694746483,-0.8907387265058694,-1.3624595100755499,-1.5961866145902415,0.1717131616907111,-15.65319762519027,-0.5649633214041219,-0.3424988498750147,-6.395150523023131,-143.2420150993313,198.48242105944294,2.099451268941476,6.837274466150226,-0.7521705700198115,0.7178872597423375,-68.1900743265971,-0.354200869821374,-74.58047262747233,-30.2222270697537,-5.805185234206847,8.890315129081845,2.634370526510787,1.982513817168359
2,-1.326788411096541,0.9082559640711722,1.8077633447081645,3.2176300956680106,-0.6587989620778162,2.62944806825968,1.8018714835426248,0.10840252058745664,2.9300357017459975,0.7499463323932815,-2.1322518328372495,0.9587786469828585,-18.45379069953832,0.7673404647507622,2.147422565734122,0.19840872093613351,0.8694991195582267,0.7739460677894764,0.5169379097428766,-2.337899911781563,-6.494650261769594,-0.1922514553118571,-2.002500064131673
