,0,1,2,3,4,5,6,7
1,-1.9724651995971698,-0.09074525380628001,-0.17966556984284218,-0.24017341141459575,-1.3921449104053834,-0.493151598558122,-1.6133241995513663,1.1689154072983075
1,-0.24388011554833175,-0.2571120251641922,-1.1492240256816286,0.9960141212318196,0.39438957832339117,0.6045747229029206,0.5892802927819782,0.5600583820999764
1,-0.026733573753110376,0.1775759770516563,0.7831769774852517,-0.5497734491972289,-0.7626238045731297,-0.39170630320980104,-0.10152032694879684,-0.2702491937493788
1,-0.4338077352355092,-0.10807600255861585,0.03886395103452543,1.5133060502008044,-0.7935421775122935,0.020423604342118866,-0.3476408593195811,0.4333252685872925
1,0.004767667047587507,-0.0285264975173984,-0.7469956705167029,-0.43547028473009425,0.7014640077772023,0.5752512411481852,1.0819853341386068,0.8251730414156184
1,-1.4146736861946312,-0.30682124023197954,1.3430471233694075,-0.42672213053260477,-1.0108737491963968,0.09867542206183733,-1.3743292080300005,1.7516276391258456
1,-0.5907445881046218,-0.8693686050602398,-0.6350984471267775,-0.25080675226650145,-0.5847767892485279,0.5911532877976156,-2.4597006077480623,-0.14236832029973118
1,0.04624416488631948,0.2744038854455827,-0.9394667646702898,-0.7059845528599473,1.2261572994740901,0.3465851313200164,-0.4380275160629691,-2.243061865314552
1,0.5084763877309821,1.5455754450542714,0.4443164768210038,1.1056003691278784,0.8748482176942639,0.5229517781886344,-0.2332499082840373,-0.5344774324451956
1,-0.7579755307991232,-0.6798708178351711,-0.967250354578218,-0.055891937071599535,1.3870190111880496,0.1462495423776335,1.310914635637472,-0.3350878026449631
1,1.6091529925300694,1.1863968294269185,1.6968142083362083,0.1882046504428497,-0.7427802173803637,-0.46379490425230513,0.34339815150086994,-0.2971006724807557
1,-0.6863624984530149,-0.42787368698767425,0.7768247550337007,-0.2547375492542038,0.7582791083080164,0.5050853405545733,-0.6904249782688858,-0.8507364186259186
1,-0.044397150079033915,0.3699935867178761,-0.48458628387583025,0.08257177022572251,0.6445018982078776,-1.2526992258418306,-0.4141610644785704,-1.3213100453243771
1,-0.08132457638536039,0.2628791487757074,-0.6114229830724282,-0.9177683613794293,-0.9568363108347473,-0.7508830779647803,-0.16670154223374653,1.006823829675248
1,-0.7754409795860606,0.8545394322989961,0.05592012477855604,-0.4336744264780572,-0.6375542437929566,0.5627619985240058,-2.610162846246881,0.04797298790770191
1,-0.4771070238606351,-0.8684363402953517,1.3772964205658558,-0.2504662955823391,-0.4493790213451597,-0.7112016053326609,0.14041299825184114,-0.29131808394986525
1,1.0360167628565735,1.5946863245795295,-0.06014358278801322,-0.735228600438373,-1.0300592516529203,-0.045122197814898485,-0.04539191794276662,-0.5642302054749824
1,0.5652483250840186,0.994791699990684,1.811060054745354,-0.07083541530886303,0.1597417420941457,0.13296843186270446,0.17657973351235284,-0.49261370262529897
1,0.21574274926594558,0.49059201769083255,0.5450301470592295,-0.12425623328693018,-0.4104600956651238,-1.7737870220817762,1.8065053495621264,0.8462343963836543
1,0.23616126905234183,0.6691165107513802,-1.233710554523572,-0.40408177512603344,-0.9892727026723886,0.3997264155602769,-2.3739725429490375,0.4622192011088044
1,1.271004622957788,1.749386562880568,0.1575651225961608,0.18841844879907713,0.05555546905658221,-2.0363298685202618,0.6927306970001077,-1.1992604792020651
1,-0.536649114409043,0.005188966489022617,1.4784853314421016,0.1845743161012745,0.6125255475547293,0.1703516663917049,-0.27983299428821706,-0.5806419624222374
1,-0.8961987838814163,-0.05234771362798307,2.015792625912667,-0.06341321552463289,0.18639730557811274,0.8274170955730886,0.183504413796755,-0.6040333293506286
1,1.0250370029503295,-0.18583872532131343,0.9494284790379974,0.513406202817403,1.3226864486507859,0.9036746617222682,0.9796646421915218,0.056112863544982024
1,1.3158079567179528,0.49608279599827704,0.8404717337049288,-0.9899647895591593,-0.08354922547742055,-2.451488769451567,1.442025345836521,-0.9139884268378998
1,0.8477786423972625,1.5819070032307456,0.3707847766051262,0.9695702088353155,-0.5459241291982359,-0.4486823072751598,-0.47109036562792156,-1.2610348269166185
1,0.5070950179784736,-0.42458332546604594,-1.04393455147569,0.19327619458521592,0.6152846870489855,0.25960688328501264,-0.13523219183298946,0.9989322665858777
1,0.2714715364620689,-0.24687590362424333,0.014556694799370315,-1.1379353941014771,-1.093332785847482,0.5268189810835735,0.7121778910465988,0.3646886587074422
1,-0.04415817409021268,-1.1530326110084546,0.3582396731254631,0.07876937950333295,0.9036212040857625,0.15854864364627122,-0.7437028277164855,-0.4294151733753396
1,0.03338705224292727,-1.465969331751256,-0.20276943410114745,0.03176630694525223,0.48038460322507076,-1.3983192360825216,0.562251140097491,1.334007881879375
1,0.3242381005146418,0.5307835906286619,-0.4649613123978737,0.19987142874227665,0.08567956819382386,0.22286282784831982,0.8646471197644902,-0.32741786999939376
1,-1.1484716311378196,0.1852579049701958,0.5409030433641696,-1.3108615198257572,0.28138243414300307,0.1786167492005863,-0.44753092871353484,-0.0737913055111674
1,-0.5293721828029208,-1.3194363634563,-0.2722932331977684,-0.6356369746841721,-0.10514623067149936,0.6510224821467249,-1.0501412794386829,0.9802162367000266
1,-1.0682196957544827,-2.280240891826478,-0.11333280500693853,0.4600874084312605,0.3320679603935254,1.0735684891060098,1.5525285419615709,-0.9508753014782045
1,-0.7035077834521037,-0.7737407532099987,0.137079665490572,-1.3015806182270817,1.0032574500587996,-0.05467578127277751,2.1221700642445227,1.2847468205400987
1,2.4591474353434424,2.3127734658948325,-1.0471155434013903,-0.4682190011043093,0.4091193493289751,-0.5180447664032821,0.33757676357112254,0.9460703986876887
1,0.10403614483968161,0.7755651105488887,-0.62800239289683,-0.0854353854515228,-0.6256166765983431,0.6635501846654098,-0.8279739178289123,1.5639606757011384
1,-0.6705410528782725,-0.4815876537614367,0.7214940145304488,-0.7043968439069029,-0.26530521404767043,-0.5127660038546947,-0.778537605556196,-0.2728953169685602
1,0.17388647095291843,2.123489858257127,0.7894703188555459,0.20605996704883117,-1.065044332231261,-0.04447290759313946,-1.6229007155464046,1.1834973099009898
1,-0.8037179914583257,-1.1396273556340435,-0.7278913123771041,-0.9815978243350667,-0.8431910522004293,0.391741650893014,-0.7520642225997395,0.13032677779125088
1,1.3173893895403177,-0.2130757925361955,1.6621305395676416,-0.6631685884753924,0.9757369748948077,0.5820926755589919,-0.847677934461863,-1.933128347590459
1,0.17863582376144163,-1.0940018172424468,0.7764640605160572,0.6374179318538796,-0.9649626395699893,-0.10353389657210349,0.5013379349250133,0.7916163995800667
1,-1.1513243841604914,-1.0145203726041587,1.226062404895,0.1755380610068082,-0.6323452765342296,0.2156292083536687,1.0620342880323304,0.08359896210522244
1,1.2175902449578297,0.5405007760176658,-0.377886917273457,0.3049162025498019,-0.4215032399493388,-1.2429980049102085,-0.46637674464892964,0.06609850150587128
1,-0.42908192411626106,-0.6098851441414253,0.3084756716681976,-0.4119132691219535,0.26400115052034784,0.05360190125942614,-0.2960292035220603,0.5115309141587886
1,0.14553237021296372,-0.1988093442923065,0.8431941317926593,0.44210127757744005,1.4514627500252475,1.0049818779769923,2.4782436917706714,-1.2670034316547532
1,1.377956232909363,1.251625968609011,-0.43397492715529057,-0.02180482420067522,-0.08485737610935983,-0.3591083926516371,-0.20141992830250968,-1.2797867086781058
1,-0.7984863425655524,-1.764706714360175,-0.49594876582026365,-0.22618929813929056,1.5853701240360105,-0.06818488560832887,1.8052734834881314,-1.0991754195125103
1,0.9518937725052838,-0.3905097558152262,0.044616665771894146,0.3409619922620194,-0.3686027364892638,-0.008543143953788752,0.382020860719551,2.409250062454285
1,-0.8846782185138876,0.017777612663330198,-2.072232571199098,-0.966459733402256,0.09641431055631619,0.006135277161715764,0.819184823578673,0.49315548963472144
1,-0.09434324747873168,-1.1165690289641728,0.9660819823452697,-0.11177076801999594,0.980666919152502,-0.09090391263931082,0.3479745673043,-3.0698557365359314
1,0.7327919039510833,-0.868421859561673,-0.8552745526073186,0.6980434036657026,0.6762127675127494,-0.23897536783519335,-0.7654980031549299,-1.1337314472964377
1,1.0022855427382593,0.9274919526905565,0.38011397781368683,-0.2555230666538544,-0.9048217890802531,-0.4026080513715779,-0.3026856429681292,0.8649987642602394
1,-0.024928690068094117,0.5759804909882646,0.705396025133985,0.20610654223066385,-0.5036955609732281,1.2715887097260983,-0.22294519388713527,-0.3140793633204427
1,0.37376451953450784,0.6805751853666846,-0.7735359844298053,-0.4219222231149208,0.14009908281601136,-0.06884713410127417,0.28256563838707494,0.4531319884611036
1,0.41723001653980046,0.05141799281511433,1.354103451602316,0.7982478482168524,0.14832218588361812,0.15169893996987346,1.4713487072627316,-1.0675110901158744
1,-1.2457782212826172,-0.5423779235793537,1.793235817413668,0.4664623110158782,0.12289413761292206,0.8353784646602432,-0.31115130487057463,1.6550052383144849
1,-0.316235009060803,-0.1621749829706639,-0.3655525555365276,-0.5872442678322304,0.5774222763010091,-0.0026450197331595385,0.4123123902639355,-0.36310987420415985
1,-0.6052272462146229,-0.40062602186289303,-0.3562613127570619,0.637186940710284,-0.9191660510126237,-0.2001898762323289,-2.3640077752422175,1.4830649181648579
1,0.33253253064667976,1.7897853117352278,-0.020179073270324744,-0.795986334464916,-0.9828939999008144,-1.9578061825861899,-0.657869985216002,0.39684293651551844
1,-0.8226818102569156,-0.2707548454065716,0.24882489061998234,0.4766603783007679,-0.3414368570965289,-0.08697987251371884,-1.2597004757752943,0.7683735394482119
1,-0.5389205750713398,-1.0963733589585598,1.8808514723201941,1.545250143076873,-0.11459000371263933,0.4904589343836049,0.3286755689674561,-1.1852629797801428
1,-0.23508652950246645,1.5476171193559272,-0.18591252184621826,0.65586067586062,-1.5760180465965492,0.8698969665964809,-0.7309824336409437,1.1903965795931037
1,0.6499662922793169,1.1953146757612012,-0.802590381182353,-1.079186227991667,-0.5583983397311376,-0.8545740451310908,-1.514688648317039,0.10218624788805519
1,0.9585894745309955,-0.35422822931633646,-1.4229319054734961,-0.40301132929096933,0.9636410071045881,-1.4355013682909665,0.7961045431682199,0.47558741671144467
1,0.04333797040318066,0.16134175743707624,-0.11405183240721192,0.7442351078470416,-0.5166855214564229,-0.2354039767758857,0.5488492822464439,-1.3395868472868964
1,-0.4480504744685149,-1.5106844346719734,0.6924438331792925,1.3588317594352997,1.0944232346959724,0.8736448433600976,0.27241097346432186,-1.1493980927633134
1,-0.8711546965803532,-0.8537553737674143,0.09358141166929544,-1.418182990091295,-0.08385205743000831,-1.6568823161590136,0.45056298501397235,-0.500813335401572
1,0.14707374107052035,-1.534521576484179,0.7214113763640061,0.5365801675703262,0.1349796855298288,1.193048186683713,0.05369654116564707,1.2721021654270428
1,0.529708535695331,0.9911046058446729,-1.3316296423834966,1.6950288304996555,0.002387211611781237,-0.09853482388043212,1.9644070616934117,-1.007805383330474
1,0.25714341619777625,1.1751763070114656,1.6888510553020943,-0.06634706137755655,-1.3592646773021473,0.1067343354786805,0.8005430881309892,-1.150557194457617
1,0.43536013852452116,0.0005843295628760736,1.2046194646825201,1.0393983328233753,-1.3579719865618305,-0.6084301093675482,-0.033549968208333614,-0.16324050577606383
1,-0.5288764651775535,0.8826623196005235,-0.975738479952045,0.6895691712498653,0.0007579096561493581,-0.42114604345805884,0.9377068880434454,0.402704020738565
1,0.25259031489448447,-1.068911082705018,0.49869299226431585,0.39110288041051094,1.1897876847706481,-0.1373818991186211,-0.11738252805388305,0.41230987036274946
1,-0.29399337379373897,-0.09010985907958835,0.36945769293394,-1.7676284349556861,0.5220664039906373,0.10976706717541662,0.7494104845169859,1.2750500758617767
1,-1.6195203862531975,-0.5844870545696701,0.6553049187318744,0.15509585230142783,0.5329093567361937,-0.5108585555873535,0.4911265299925171,-0.9934915242006237
1,-0.09190232708008714,-1.2443076415734846,-1.4309062069335077,0.7855386843911506,-0.040973506874942944,0.048794687983165275,0.33167823036204197,0.42969957527510694
1,0.5697733851880811,1.492933998021184,1.4268478907830788,0.031653676574476736,0.6488759701283486,0.12235390289189702,-0.08887154924660579,-1.3450422451836888
1,-1.3479973775208611,-0.08135628171585584,0.29829299979541046,0.2946330318245752,-0.395180907145278,0.29700255741126214,-0.19092225481078365,-0.771381795699455
1,0.8809943627518751,-0.16233079527978572,1.2259023673019378,0.32531443078403555,-0.4336945030161651,0.08929502232000648,-0.7444500699058556,-0.4700345607695907
1,-0.5576133197337129,-2.95784686863846,0.866136854371664,1.2400701143064716,1.8710833379440834,0.4110409357995993,-1.1830241615228871,-0.1487442723873469
1,-1.3116732149643615,-0.18247872328730808,-1.1869299875076758,-0.8717747081624149,-0.10115977877766133,0.14608700517693046,1.2357529374275058,0.9262028088137305
1,-0.8124343451109862,-1.4338736835467136,0.793739927476655,-0.10846511903718234,0.28220858546499195,1.9366190528454115,-0.02266787402245138,-0.9845358173986771
1,0.4086552559178966,1.1479529957373034,0.03082598473419395,0.040804048812501104,0.9569893332357224,-0.6995739129595346,3.0749473988366134,-0.44183092006995267
1,0.9191155195161385,0.381952728967157,0.45231126971006513,-0.27720121109403534,0.4082295929365944,0.3340186175662813,0.7092660575877755,-0.6299799495824047
1,0.8093428958079374,0.9337248830010674,-1.1804095751267183,-0.19549639648039893,-0.7624658614096822,0.8001229364314515,-1.2778549267859651,1.1598721212351644
1,0.4180476823330651,0.6770937438732234,1.0361342314039292,0.6348307731663132,-0.9113176882887434,0.17329241847133225,-2.992984992356477,-0.3667691304100843
1,-0.030360532342949054,-1.8838734258871817,0.3381853411278999,-2.0731802284345604,-0.5573549169783981,-0.5029703166649631,0.6034634626848203,-0.6173644054345983
1,-1.6125797632664816,-1.1215253233605884,-0.06647685052032463,0.6703084920387206,1.0194206823280887,0.9420051520947381,0.7188866801036405,-0.8202148300229136
1,-0.3552212683008501,1.3829954332674281,2.4158231271218042,-0.5993893700696874,-0.710430661832287,-0.37380217175045377,0.809663947618713,-1.1050234472057556
1,-0.2336760748564523,-1.227727467230373,-0.8390306841570372,0.4124808340683699,0.7621985519171215,-0.2081909058196685,-0.8653507576884901,-0.5908991322757493
1,-0.3770432019746539,-1.3879408182298798,0.1964597845932646,0.5669859373965187,0.39071489885108057,1.4618350501443018,-0.44462308992598876,-0.5312993034848322
1,1.010101117701969,0.5669299210465307,1.4233956769077627,0.5444722046093915,0.3471031325584973,0.018831906988471255,0.11905566621230221,-2.376589728131517
1,0.6261252021285102,1.2561103824436797,-0.9725373673755096,-1.017623802597731,-0.16443430030326306,-2.408781384575856,-0.4500394444135446,-0.7696159639932959
1,0.8091165508618794,0.4771954757047661,-0.21239797627256274,-0.8463831493681814,0.37027803697256256,-0.3266842539274982,1.8529538855130083,-0.5044805515809933
1,1.1609456379225371,0.16833282323557966,0.141349593253832,0.0947646678690223,-0.41588105381473306,-0.7877065078251644,-2.133913181722515,-0.18307924953527377
1,-0.7565704116650842,-0.9896512069757735,-0.8342859589090188,0.13019959661596578,0.7253929026809642,-0.448981855663462,0.8826678839688342,-1.2805542834291261
1,-1.3790336064125293,-0.9365050483917675,-0.8047420089788362,-0.04698252564766976,1.0971976123597098,-0.365784898564091,1.736294948524412,-1.7683791810803642
1,0.021760066415450245,-1.3833259503516038,-2.4612204206109545,-0.20954560675806333,0.27882650145913745,-1.0006607938749155,0.3517457121315313,0.30388249894214947
1,0.2689597348101041,0.45034938777044636,-0.2045426058241146,-0.6745723204208758,-0.11698788679188976,0.6696542481848248,-0.045694158608143215,2.1439407399785018
2,0.012567453649377724,-0.003544109725495015,0.02979439431980032,-0.4901770425673387,2.3037136726712495,-0.22837748933616425,1.7901426815840928,-1.7619545652689423
2,0.9086619149818684,0.1956853892356452,0.44967189240675987,0.28947597558396787,-1.062039035208265,-0.42108359601610107,-1.4494796519105597,0.5915584649569262
2,-0.37296073573917077,0.8899374505450016,-0.23094963692645812,0.5702792457915136,0.01430829268890449,-0.2046892760709745,0.527445268475139,1.6794273380503706
2,-0.223968586236637,0.3378306675683069,-0.2589546438267277,0.3808466851311312,-0.9020044897235466,-1.012709826799843,0.06279248289301931,2.51536799126484
2,-1.3656659975529888,-2.2068572122303687,0.6174178325823775,0.7136701916417476,2.7202556967277403,0.38798350694586453,2.4343990332791074,-0.9461635190434423
2,1.658566387617602,1.7048540991872987,-0.7431980218756123,0.9139847675988901,-2.3388347048020828,0.904020740435958,-3.291790217767973,1.850640732179444
2,1.024637014176346,-0.9570800264889644,0.05266880484348145,0.1099585571334368,1.6995313617696435,-0.17988035585534806,0.3784484333419299,-0.6204005894527367
2,0.20312685539533068,1.4622088269739517,-0.4663492810798071,-0.47091061351483043,0.4215458419387713,1.9245409815609529,-0.13030048984633807,0.1978422883053244
2,0.9148711899690192,1.1938155810837008,0.9953847740743088,0.8690616455846002,-2.3543096810178024,-0.17866226533108115,-2.3942699683221393,2.2242426613768647
2,-0.13672184932312892,1.5504559287037254,2.2319595461117046,0.6420988535452735,1.2637809523705879,0.6925171935662804,2.445932642405078,-2.2191578895501407
2,0.030563950563037623,2.8425751607075975,0.6324696917712824,1.1449628728641172,-3.9256234531641354,0.8277825567199368,-4.486630542038799,2.2245823168385193
2,-1.2973987769763646,-0.569707939234797,-0.14579326024438435,-0.23170086089998773,-0.6482771548954206,-1.1554365868048024,0.09694858123976602,-0.2519150183155391
2,0.2842444937473902,0.23845352773297196,0.8001971873911763,-0.6273077531320096,-0.18416139975944476,-0.17061756028301409,-0.43027740056958463,-0.2772549980707549
2,-0.027021174042939827,-0.07185448915783602,0.34031425500632884,0.9456972919954652,0.39989830299294293,0.822392561896241,0.5509310755690359,-1.8036647076488375
2,-0.6492718274054885,0.012774244450637517,-0.3525981695327047,0.691727100718844,1.7552534620265037,-0.5805624199409665,1.479193305926971,-1.9027256880649628
2,-0.2883972626994106,1.4287022738736908,0.5822478789876336,0.39363088818939346,-1.83368857732899,0.4272182860473981,-0.7244698696947036,0.27924215942560054
2,-0.8969887448681817,-0.381932298827002,0.8136228332294709,0.4613251039435575,0.8724862687002746,0.22580474811990134,0.09780135155494266,-1.1181836893607693
2,-1.4833514699281145,-1.7079076867651448,1.6583090013335136,-0.032095238270692744,2.500036404267089,-0.18165448704759776,0.46851642001559507,-0.5405688847794843
2,-0.47967308093222877,1.1464230516030733,0.9411735065510075,-1.2131942051174123,-2.613569118283128,0.1561240124369906,-2.527534064597305,1.1859862320751067
2,1.270424403484368,-0.6063184830029209,-0.20955622924308798,0.30591458204227984,1.0914940939911166,0.9986469033777627,1.686405020530537,-1.6897200051318277
2,1.62352528285118,2.300202017390898,-0.5908685692431164,-0.20539912046949074,-2.6693606882156673,-1.6662847111386208,-1.7893742985514824,1.228657753009722
2,-0.09212308529708174,0.753648721022316,0.20093782434793642,-0.19165250535168826,-0.7624537385293584,-0.3616243635837342,-0.29218777911322735,2.132584579061522
2,1.9203713290942868,2.8706169003332653,0.2841735034065904,0.3672142438597081,-5.114426307816242,-0.8720465747050513,-3.612615798652939,3.1071516785851387
2,-0.6873047439417306,0.6885392640591804,2.0406056543560536,-1.3552288670470618,2.1647029414615635,-0.0488440863289617,0.947498112837317,-2.0273447325829745
2,-1.398144628497184,-1.5283382274027355,0.6083108206423984,-0.17072604033483277,0.2207784721246605,0.37104127026863054,-1.313317203533004,1.4399719391052894
2,1.5126245145386414,1.1136553811444063,-0.12471862582160537,0.435671303217847,-1.3334664501516627,0.1440757576377279,0.24355617851837186,1.684885930059478
2,-0.7888372890473366,-2.630538161280269,-0.07489194155656213,-0.7010593847709496,1.7556473976676101,0.577276205927522,0.8794743126139392,-0.5849299585046199
2,-0.4300345514247421,-0.7752732231472848,-0.006522067847933341,-0.1224071450659695,-1.721493547950108,0.30832577341467343,0.24562079354991517,-0.5925044391097458
2,-1.037574328149967,-0.3521609468258239,1.9747846633121175,-1.8883413471086217,0.6392828442336461,-0.6612196512856571,0.3436528136897861,-1.291484483118079
2,-0.23577717341721094,0.9274543970166836,0.22578843235864254,0.3966836715687372,-1.5939954484883558,0.23059209492414415,0.2795214410721793,2.5488495933639927
2,0.15926722444181016,-0.33028513854736635,-1.2203737774062442,0.1448131826758681,-1.4420698876523241,-0.1367724509048403,-0.853155551436788,2.5422080724712934
2,-1.1715376046373394,-1.8717053511248127,0.022508291174389027,0.4770980358194371,1.4124240969452395,-0.18865886882545263,1.4184778407420546,-2.0561486742933615
2,0.6404968536941736,0.5017646335505817,0.5699142916094248,0.11602181807139388,1.7159278155842903,0.5922643541826924,2.1193311391402196,-0.49964755225067453
2,0.8278117513591897,0.6832122598235935,0.02524956981727466,-0.3300882454631761,-1.7554186580487636,0.8882509048957191,-2.5794863865264577,0.8244346536529559
2,-1.0124123852735425,-1.839418067843021,1.6221872978891096,-0.6318015874188259,2.9949083704678134,-1.2776055572800846,0.8662217084989685,-2.405152248023434
2,0.6874902770915379,0.2886378437711177,-1.0152514581700691,-0.41732881993579884,0.8043435762984151,-0.3155844980163473,1.634696500285022,-0.08268558343704724
2,-1.1799832827443197,-1.3202319164345764,1.1186733890962657,-0.6700306030371431,1.128736938586676,0.8233684073251419,0.6210953855064637,-1.0013906721687074
2,0.5772164260628638,0.40085628325372435,-0.4077360360844814,-0.8144078407699795,0.5717342296417305,-0.4495920724936644,0.31728802879411844,-2.203824215476539
2,-1.555565117753487,-2.776488622240673,-0.5014196804666373,0.575257543271445,4.673475982435284,1.390845499931216,2.5175445837303507,-3.15967579319927
2,-0.9312986957723479,-1.3200477866928555,0.3285689012892503,1.0882397322500243,2.215131452708409,0.5721599628834513,-1.0314790943873255,-3.2151052572243444
2,-0.34501548504684443,-1.5440199559668417,0.3828817259295063,0.34823413453148905,3.181926050812749,-0.1613420617844758,2.6377935976739346,-0.9802626023587077
2,-0.09895243169178145,-1.702779324179632,-0.8764206808520372,0.5144335063187853,2.2852726602131117,0.5727111260890733,1.8064937696409196,-0.21682533770705348
2,-0.7233961645366078,0.43499662013745566,1.5210338373360337,0.2732804586182447,-0.9764366937076325,-0.19227315135373005,-1.0428138568385108,-0.6108223009564051
2,-0.3385353870315029,0.31466168114982235,1.6205481313920866,1.2496833926043183,-0.9993029750501813,-1.5080387691736683,-1.5548578090642244,1.8828944463288062
2,1.3463333780845537,2.273063101932094,-0.05326439391710219,1.1081892535674298,-2.243688062659856,0.6624065039261747,-1.480131316172495,0.8398521540678947
2,0.23399109240626972,0.04645340612370496,0.4278459242578912,0.750573070636914,0.5827188905350261,0.3666122606823524,1.4090800154581895,0.7166722008038168
2,-0.9849910416455003,-1.203939518950807,0.17121017539706407,-0.758291079992959,2.736589514884453,-0.030006799268924716,1.2390422276536444,-1.5612221088056732
2,0.7057833894863946,0.8562816525276329,-1.2229207287339685,-0.2724428174890906,-2.0874645627997785,-0.36209181323766415,-1.7561353744861712,-0.1455745963440957
2,-1.184994931230196,-0.406474434497017,-0.09691326141993144,-1.027072229477602,-0.1517340197278847,-0.07169047706422695,1.9374842664978218,0.9964095771776131
2,-0.21694090988537118,-0.7426751270616845,-1.4350410138027507,0.7053818006813849,2.0189903025828912,-0.09353271614853811,1.2934698329106202,-2.0427223952971527
2,-0.4220011101182708,-1.281694747304872,-0.5918670159529711,0.06290624451364792,-0.28366138514883027,0.13185180409202313,-0.008057424691584991,-1.100152210084894
2,1.8537806879242613,1.8338300569385604,-0.2910976561087657,-0.28715155807772685,-2.010324255765042,0.48238867530226864,-3.3206491517441314,1.1771939710689006
2,1.4386045624218404,4.47030054611043,-0.6237705012624849,1.9433674093103979,-1.9435974962238847,-0.030015321258671734,-2.119374250105931,-0.8099407952240962
2,0.540559219454605,0.8624584642832022,0.5808305577718096,0.8242351447931944,1.9352130838070685,0.7450460200470623,0.9015278151231728,0.7461087521109899
2,-0.7344859332961953,-0.016136104472823945,-0.819918493574173,-1.5341321630182336,-0.829837678372853,-1.666489810183841,0.23749978168965566,0.7609503936938979
2,0.5456125372294545,0.1659822583034311,-1.1198453902295187,-0.8188775573741361,0.21230022180185365,-0.39288266925090987,0.9207127976470918,-0.5116226870640191
2,1.6094012798832902,1.243901144570416,-0.004641616870033914,-0.24710379064889243,-0.13859822349486323,0.0707672873034193,-0.1189551960551688,-1.5378978501704805
2,-0.34186808812116676,0.0032538717046941,0.7350469238378525,0.09276050343479136,1.240461482304395,0.57113801729284,-0.05321801210705088,0.6637167179120802
2,-0.941364404846753,-0.5606345407893297,-0.7459807108275254,-0.20792516990192428,1.8832090572789102,-1.0217960680974052,2.9267696575782733,-0.200131627871239
2,0.135834298093873,-0.4559491354659148,0.08423949431869782,0.2991923622585757,0.6690439452895441,0.1409864246399383,-1.122218419306885,0.9254584635984618
2,1.964396245108258,1.3479442822835124,-0.21254142552971064,0.24567786031444566,-1.0769214452790932,0.2618470655788132,-2.052357773371683,1.8846953735387746
2,-0.08983604318555442,0.03271083301383054,-0.3745094335408161,0.16227842958893327,-1.0084858620577613,-0.26391016224821745,-1.4284158562964215,1.294298278526438
2,-0.7318034835329399,-1.059482134658333,0.9173859872367497,-0.1392271588712546,2.0774514121352436,-0.5306207903984566,1.733463187822818,-1.3114511332141816
2,-0.10308871860042512,0.08494595485575601,0.28517441583268305,-0.3308973482857201,0.4104440541689763,-0.3461332797326995,-1.2274744751815867,0.10089507006449423
2,-0.18241902400930846,0.3683937964133515,1.5768694193256594,0.6354119316589446,-2.799465118813402,0.031010566418614174,-1.146737622220984,1.336049586953158
2,1.0918623309745603,0.10190396624327432,-0.7282180552570102,0.3522431578268551,1.5356471259085922,0.29876114758014094,1.382703130340824,0.44611069898406697
2,-0.9887043768769805,-0.2147266642663185,-1.1055394566884926,0.6992867410648462,-1.1270740715878018,-0.08882102892962973,-0.7631861586396546,1.8764292116959866
2,0.09492526645745672,0.03531005557595292,-0.018718679131849453,-0.15212981068746295,-0.5494292672368646,-0.03101581496771338,0.18227581364823076,1.4787613693634345
2,0.42819614722301347,-0.6897735974058475,0.3629503742297185,0.9867414064008758,0.6791760243549756,-0.12004698189550414,1.480201025511299,-0.2149654916504855
2,-1.959504501744413,-0.9990738119908288,-0.23175236019291465,0.5806015290007068,-0.6501749544232455,0.794018676325255,-0.7679272252268435,0.867218672636372
2,-1.26556766323617,-1.1550324131495746,-0.11886209000929061,-0.39137491090243276,-0.28937387757185506,0.6844616445443114,-0.8684693370187873,-0.46730963050715457
2,0.43167553358061683,-0.5349387432136071,-0.1484282222056162,0.23631798994207243,0.9200307793980074,-0.5575877249522012,2.568837775876676,-1.6421817346924135
2,-0.7732126148562459,-0.15984919048648527,-0.2377664960591324,-0.3903334770688427,1.0392082403315661,-0.324226771300437,0.3774071457191531,-0.5225498332184932
2,1.0151828533196474,1.1303238732208465,-0.22416964318238472,-0.12556885635658713,-1.635971491910096,-0.5846365512576296,-0.042606560412553784,1.670728966348491
2,0.9630169633797184,3.2845413139548083,-1.4174331544690624,1.1880589812569289,-5.206137387491339,0.04853849199181048,-2.994045632052203,2.89569289497961
2,0.4176742558275297,-1.1615227931224057,0.162980940705786,0.23694654316557914,0.3360429890942589,-0.040179370025755445,0.9723744873679883,-3.039295459216054
2,1.0464244188589136,2.2687894772968518,-0.5376339628188735,-1.484784182864995,-3.952215631624584,0.24165450089743495,-2.4512149213706635,3.397644097851793
2,-0.05650761032791046,-0.04892686929652176,0.22701096189873646,0.10490885900504199,1.244415010563132,0.8988051676217279,0.7569344799568938,0.7922187738855506
2,0.8089561658208628,-0.9228169676816784,0.7230229199297749,0.5943688020481231,2.504699751747297,0.20793118349275688,2.0643060620029967,-2.391658386397151
2,0.4062042535096852,-0.8911424547693519,-0.5262946863063269,0.539255324937076,0.8232326212996197,-0.9583945192636293,-0.4418806486615583,-0.6398974083374588
2,-0.3081223557717141,0.7686863733659484,1.517655733299894,0.21238626445073677,0.015398642859045797,0.03623441164281732,-1.5591542037580444,0.053729954953408765
2,-1.1289274300526693,-1.7091323684803725,0.0662383826087092,0.9076615717195247,2.032298330451795,0.5255877965311971,1.4305963252517115,-2.0855478414745154
2,-0.6604786419397902,-1.4676099510214322,-0.9001392023123401,-0.20086984324255236,1.7759449648208965,1.1135537892792746,0.27946733912732624,-0.9813178105283575
2,0.5327486082732296,1.1758980720062344,0.3447043448707833,-0.13994565010459797,-1.259831166826738,-0.09509962935551185,-1.6659120457573784,0.5280838919957774
2,-0.6654560170072938,-1.0483974901341584,0.5469304486284248,-1.9916969935253752,0.8639205829207103,-0.3442396438705589,1.6193939156956114,-0.023276143288175052
2,0.32083791401660366,1.722006742242375,-1.9681766435848878,1.5633097849372979,-1.7929535804193932,-1.061634448915513,-1.8012362824499761,2.547351612144002
2,-0.26249293314580524,-1.4107559922169517,0.0069722072646851985,0.18732384509491953,2.5165423224329397,0.5463172362449707,0.6590964755994665,-1.2914378407148708
2,1.7756410421390814,0.8523450052970775,0.5150333042340538,0.17731420523407887,-2.9989884716101707,-0.1819352642804546,-1.0872948538665343,1.0265492666410854
2,-1.5774105528196178,-2.876302491347621,1.0771783145794671,0.9773887935460065,4.6502089003345395,0.9189156075839371,4.633363875366706,-1.4516587054330312
2,-0.29856411582801345,-0.33091827059996637,0.22775906661524292,-0.12875450988146586,1.0949590271863618,1.2343752311147256,-0.6072307393775507,-0.7325584534513409
2,0.6439004979128805,-1.06190793220357,0.1971832349159867,-0.31168260235101575,3.235308266197863,-0.9650721138115297,2.1793739646179016,-0.7089684112848446
2,0.24521013401342387,-0.6888488667863779,-1.0885960112951383,0.9445362792648541,1.966417724542634,-0.09049107426928892,0.16554637878597128,-1.5678056241005278
2,-0.45076777152909553,0.33449337020186554,-1.4767458131824271,1.4689667662741357,-0.5363599037423812,-0.05324156070313711,-1.403895432061084,-0.940680781492139
2,-0.30786996735695926,1.6564167466533368,0.35428884018552187,-0.962779779158012,-2.052738127050444,-0.594035398187633,-1.9517215934903487,0.0025999001722060017
2,-1.8099918850880432,-1.6488901516955228,-1.3374041095151745,0.9614394355180611,1.0747332302066142,0.4611410715713792,-0.19282336246991705,-1.0281070151575364
2,-0.7509986903942789,-0.40999540319498096,0.8792016507652213,0.7596343972171987,0.769788786284016,-0.488955570414722,2.1555197224517273,-0.3121490768029262
2,-1.0286990112641161,-1.552275393411294,-0.8055098222684633,-0.7844789854177531,0.3405503740407393,-0.6704996660074068,-0.45096425725612854,-0.33623272686740735
2,-0.9956383307907534,-1.950769906077446,2.0239742426734924,-0.5017356322313232,-0.008905408686447125,0.46454100108468893,0.7985194658878584,0.09068366610708897
2,0.1638519583407101,1.0981930444547081,1.3771434748323275,0.7265005257546486,0.49569772336249185,0.5616666322322322,-0.518941773451312,-0.6888451329087446
2,0.742332249593641,1.0886767409779223,0.23840010219753038,0.41130568476242585,-2.404664862550821,-0.9051263032427699,-0.8843501907864999,2.4659968470234483
2,-0.5097207822745733,2.2600328163590526,-0.8692414218000133,1.2912673856181682,-1.0204593928237427,-0.4072880791058855,-0.9250982848860441,1.148645162398732
2,-0.8183923023617907,-0.49314750558481935,-0.03912108682675497,1.5263609905875568,0.20547234447194918,1.979086493552495,1.1453588487131179,-0.979086975003948
2,0.03772609684593797,0.7536975882394983,-0.09403540580426731,-1.5317014892598053,-0.7415766449046746,0.38610422135388905,0.0743786475523334,-1.1927560743051617
2,-0.06775185780646563,1.0541131471810745,1.064476859842249,1.4879011282152363,-0.9714054080108654,0.7903942334814362,-3.1699822163780835,0.6052516866916328
2,0.2840428236679673,1.1384472903898526,-0.19710975267988481,-0.05931094433697516,-0.8205673927201124,0.6601562690227749,0.5342247972372071,0.5467871196404799
2,-0.5099860014009642,-1.71467778304035,0.8190046551733052,-0.7086909791015663,0.8974463304066341,-1.1305443462751779,0.9024787994889428,0.08901902808465068
2,0.40066920249908833,0.6316622107675556,-1.7613610911538826,1.0765450064888566,0.45201021706804734,-0.5528806750182332,1.056727208754045,-0.17690501365761865
2,0.2788782218688799,-0.02909070115755459,-0.17053313053921318,1.3233019694641082,0.08119953635779639,1.0579522664671035,-0.7569454654283959,0.31178655657688586
2,-0.1603321250346959,-0.11851323133259507,-0.6996002380852059,1.3071751555327786,0.7101326304984579,1.062496141633415,-0.11754301304326856,-1.9042901392451872
2,-0.6383938796653065,-1.9934552775435315,0.08599057675182148,-0.8340295381928933,-1.0186129759525349,-0.6546842049740176,-1.2168070673440763,0.3665237015467686
2,0.6679446292482009,-1.1332051160069085,0.7900034908824837,0.5981292611856871,0.7046883192267988,0.046199558129134774,1.3320488621833277,2.3133108252854098
2,0.6930936570977826,0.9191362609392845,-0.9627118683088608,0.9166310457224124,-0.5037859832162493,1.2499134423792677,-1.8241552844546336,1.088375879888346
2,0.15793147172451039,0.2972878538464857,2.126986593598773,0.0726914298254834,0.2849461323943736,-0.6878933057488049,2.318359213372621,-0.7245982204115992
2,0.4619441849357972,0.9035623358681107,0.35839460521834754,-0.15787081742352468,0.3179743787382791,-0.1049898543494483,-0.15531140771192545,2.3116026116781327
2,-0.10874643157337119,0.15709428800070407,-0.17674024256936172,0.2811503331577734,0.8278874537009678,-0.8760244349622095,3.2594877542881475,0.18460565736755516
2,-0.38531241859097226,-0.26005124831297544,-0.05715135191427555,0.9991088830009339,-0.7884025178444853,0.6625324585761371,-1.3474992983443324,-0.7892566097406128
2,0.9065486995456825,-0.478089554162135,0.6717766319854793,0.6300961303571923,-0.5298616674339178,-0.3047393319179175,1.184405266100077,-4.66168043675139
2,-0.553849028271292,-0.7985705579919593,-0.2119680575817118,-0.6522171086705256,0.785509656369071,-0.30900792448503506,-0.6560122694559184,-1.5484973637159036
2,-0.8386779650897959,-0.34768203882540105,0.49766526346677104,-0.7584485061940035,0.5781439331609102,0.2662050314670473,0.3974533333228226,-1.3987079922861276
2,-0.3722460971121153,-0.4625904131285196,-0.5228423643844852,0.3677522807086331,0.19365733935585927,0.4574460381913946,1.9503794091938522,-0.08660595628605577
2,-1.0440548461743069,-0.1335596330589205,0.7254743401534067,0.6364146708830728,-1.0976917454048793,-0.32599249284507686,-0.5682577574378269,-0.47720504395097285
2,-0.5093474088747197,0.2487074590168767,-2.1512226287089864,0.07816529255646136,-0.2227427999966552,-0.18940355951672333,0.8920549213428686,0.29403500800017335
2,-0.8635693003050253,-0.8904623314164781,0.19913300026975042,1.263570629331674,-0.29467376210341034,-1.1415291377074281,0.7792305077019113,0.4277282494252666
2,0.2545099144584787,-0.7670939973471301,1.6878781109175471,0.13418214720444427,-0.8924147664533826,0.6644162390346318,-2.3558633729091114,-1.014719915319571
2,-0.04836340845104398,-0.09349500393295301,0.15471613997967118,0.8383702336849654,1.1920455306776907,0.38287835894205996,0.2755800744499479,-1.2178110646860156
2,0.23795328096448395,0.27096578413646605,0.5395456669569043,-2.1791074214952015,-0.5530275805247719,-0.7412287518526934,0.2374478322366797,-0.6094035875481323
2,0.033557923579798574,1.8362987486546702,0.4443712600988287,-0.4316994296010191,-0.2672410861677384,-0.7052991026965172,1.0163340726227126,0.9426817762931234
2,0.608569604521317,-0.6571460433596963,0.4474760317977825,0.2017044140116672,-0.23921134124263227,0.888464110698307,-0.9544723437212637,2.3788846179401686
2,0.4598934038590756,0.019722100624033748,-0.6358297827056482,1.481413939263589,-0.002886733701725208,0.19313447973826606,-0.3566670945907434,2.8089989969696347
2,0.7973870764608613,0.9866681317695933,-0.6837619484497943,0.33943893658227686,1.5713670382081575,0.3118310735538111,-0.16202511572861894,-4.0106930798124205
2,-0.41583284885918514,-1.074738078130084,-0.1101199261321821,0.7517527516214669,0.14044951056713112,0.7793439363911019,0.5187493181581395,0.423564826951751
2,0.07960343894611185,1.0983506362278546,-1.0135176252869553,-0.18246395114472966,-0.10646130335508974,-0.5406169862809543,-1.7972314751871703,-0.36808930334434475
2,-1.3980653185105905,-1.4544341820582223,0.8381812135206715,-0.3414509479932862,0.17648529212676492,-0.370872559472046,0.07928087233577857,0.8090369918862267
2,-0.03519179994169941,-0.08860697303147322,-1.6144102420973783,0.9440794151350514,-1.1835213212480196,0.8214113226016647,-1.716283057926209,-0.22543404693014146
2,1.0252900639549452,0.517099873210586,-1.4078020083802345,0.6206049347283584,0.20083101230449693,1.6659302333903718,-1.824873168975358,0.5288914824585863
2,-1.2581680103413562,-2.4761113848519414,0.4344776444517566,-0.6837888927684028,0.4881683046955022,1.0156399999341994,-0.29257355927373097,-2.1484228740562377
2,0.4254154764875006,0.8113194851393731,0.5549374284930257,0.5939494666449695,-0.9164496171383063,0.8845293433462124,-0.309579738117394,1.4890220774906333
2,0.0987564442520906,-0.39171648101146117,0.8250819550530736,0.0365925621763883,0.5361648970318755,-0.3617738027563244,0.11164222344704702,-1.0795720055039602
2,-0.48088632014398286,0.23623433990509962,0.437500467371367,-1.304714635369433,0.05596708990163509,-0.8581535324480376,0.8917531423411809,-0.4399314545148694
2,0.27345613788207207,0.6889532533673544,0.14497811171002128,-0.4183134224417694,0.8457075099182408,-0.2711437083198361,1.6418438998571612,0.0018546119641774314
2,-1.3002719967983911,-1.5554158669526712,-0.2839613176654483,0.4443888481475739,0.7746221221590766,0.16074749485995474,1.0662351014129234,1.4416403313730748
2,1.1234607356685862,1.1717931111643975,-0.3975973518445078,-1.7728319060763036,-0.6353964307162158,-0.16843371727823403,-2.141475553835598,-1.2431619110021666
2,-1.1093999055407855,-0.16159195430264206,-0.16156142193124928,-0.36000716945798683,-0.8472305541743037,0.1584627541897375,-0.1732206727530915,-0.5968904062338024
2,1.3963787927564124,-0.9661247005968272,-0.10984098002970363,1.403732340981397,-0.3076225018308504,1.0302987183858625,-1.0996238836941692,-2.7415590980159337
2,-0.07683048590530883,0.9294125282586314,0.9796280003503401,-1.7623814585989537,-0.13934158583656062,-0.06286862310666609,0.9028616778540952,-1.7952066558072952
2,1.5513051838862761,1.5511983445390778,0.8098874706910569,0.6146367786451535,-0.2632219717656738,0.542206790399267,0.7955026945817426,-0.4368306180773223
2,-0.11621665994465168,-1.4272136227655576,-0.6259037670164816,0.1043134208590247,1.1141289418454114,-0.0034476833926363054,1.0518652573310212,-1.4419045282351142
2,1.3748235861171028,-0.19035749590407997,0.5367513064711967,-0.8540855786695706,-0.8059610086988804,-1.2988233279206889,-0.39997821428421604,-1.018441911096909
2,-0.2289731977391108,0.16251485078948694,0.9581277738763392,0.24150517091443532,-0.12447798019413092,0.9971693818013743,-0.04718922842573871,-0.05652220974099429
2,0.9060189403797659,-0.035007450856522127,-0.49337124420196904,-0.04659748416256783,0.9843668692102957,0.13344334060523594,0.14340349334401295,-1.7437671231534635
2,-0.15291846492899985,-2.1831358695398113,-0.4575037311103411,-1.5722838638136714,0.2257181556510346,0.13335415658468586,0.42449360568209715,0.9691672939768383
2,0.038124662976913824,-0.624859400406646,1.012631260462272,0.5540659707991706,-0.192834606359005,-0.25374103682780164,-2.1347810434541437,-1.5345921122767334
2,0.5227092595171507,0.7570688060468184,-0.16053864290098224,-0.4025045691590657,-0.7935735428893546,-0.6312373806985837,1.4325835610498405,2.7873702532746463
2,-0.6712891764575498,-1.018426972606516,-0.1559428733644377,0.01707059338220003,1.85348212918768,-0.14208660389026823,2.1979863886984035,-1.1680170993377073
2,-0.5724821321900976,-0.3690475414264009,-1.6471534396064567,0.5726965549587625,-0.663205119348454,0.21131748393624225,-1.7829840184371133,-0.5636707529414946
2,0.1495721172305781,-0.22974742419261102,-1.3419059481705637,0.6399777302822677,-1.009294625436861,0.684492637648693,0.24118134373400418,1.7545999913502104
2,-0.04875355041630741,1.1387154344412616,0.390212977552465,0.8750009090715457,0.26277327951137625,-0.37277074184984743,-0.03568662456168578,0.8642976896574992
2,-0.45020569416479655,-1.3965423821911083,-0.28949268839683956,0.4901866679011805,-0.5676732606077912,0.6150895103694443,0.5658445819133006,0.3835746351609811
2,0.0410192923511738,0.0664082428597515,-0.5920368134668804,0.1402557274270912,1.7070433580464877,-1.078019975909593,1.3113352525563045,-0.11612839396881364
2,-1.034205690590721,0.439967929417631,-0.8981128363943651,-1.0257013186513062,0.2624219484625363,0.20300238959378406,1.8989619996073819,-1.7753339189511403
2,0.15143116612250349,-0.4649014726913247,1.2545765693728252,0.7464058568841373,0.8080485149780459,0.9706432016935135,-1.502794529689352,0.4640668514295676
2,0.18642677108534034,0.791295306064532,-1.1889743046037051,0.3488265087520134,-1.4481898572183831,0.05845991821562274,-0.118326561971803,1.4945096594026384
2,1.1494572571481703,1.4502145331448495,2.0349882957342427,-1.0420439205555672,-1.0528483919332134,-0.7682364819075758,-0.02301567309377045,-0.5359953793104819
2,-0.7946953678380562,-0.6477058901797549,0.3795258590354555,0.5083262881718622,-0.09466006795936543,1.151770315876008,-0.12411749376713044,0.2991534662027197
2,0.5358929516645669,0.730737762373515,1.2802868449808638,-0.5934421896491343,0.22446051512174148,-1.3678779933553051,-0.6917704513062126,-0.5280803207310856
2,-0.449751383540213,-0.6489519544247367,-0.7148397565103823,-0.5689665240775559,0.36700681546860914,-0.4841540492068319,0.13503306198066403,0.3984077382695402
2,-1.8050437199685898,-1.5802875986831921,-0.7368859950891434,0.48067997502902815,0.7235743527236396,1.3080435325730364,0.7048266237474639,-1.4972467410157688
2,-0.7335011341005441,-0.4144897319324773,-0.3891883852790702,0.726120414729961,0.12887794384442164,-1.0026907264643685,0.3155045663269833,-0.11823736570443864
2,0.0835389445555869,0.5435593590628676,0.8986593007458977,0.8305363229926851,-0.8544974423851034,0.6596024002600493,-1.6284669603238844,1.119768087087714
2,1.0724147587034434,0.9125305394755713,0.3551711668657357,-0.48063333093920385,0.41825162074926114,0.434935478889848,0.8469067871336701,0.10372417340117703
2,-0.2896451258272348,0.7130012863553238,-1.3879090165784307,0.32280748954762983,0.42505102072572265,0.10721372528586265,1.1414016507858085,1.5716955714932055
2,-0.729991804704629,-1.438436627944062,-0.2994638541648477,-1.083747436476059,0.2724930072883149,-1.2743655864221943,1.8175828896245414,0.4077074342243234
2,0.8745189107250534,-0.6334028707489676,-0.9470809708929869,1.4836100273372477,0.36970319831650666,-1.3905967803227806,1.4584938286403397,-0.28027480585327375
2,-0.00897936048116324,-0.35818584936430786,-1.3368081965126775,0.15653736596557274,-0.19687053108536454,1.3185659743478784,-0.5315938397423883,-0.2842519394467812
2,-0.07848825940365295,-0.57880022750429,0.9543081660620786,0.6143891175813294,2.342306682612546,0.9376165060051445,1.0142452716848673,-1.1851481342995622
2,0.7622482617240527,0.38279377563081346,-0.6923227006701331,-0.9864805352465422,-0.7502035055226133,0.05047061875657551,-1.2743337996094464,1.7367300201460132
2,0.5912680500058461,-0.12421932097300975,2.4356687355930466,-0.3241744721504079,0.1340278737191074,0.05417567104471985,0.9829505447969048,-2.4182498668808563
2,1.1517666064009728,0.8039483560013467,-0.6215316211269887,-0.23171313682461578,-0.22574986351353576,-0.44128434024922114,-1.464960060215622,1.6438968779911474
2,0.3898681634144424,0.6663828184340731,-1.2755445384820097,-0.41102328260684595,-0.2963560464780205,0.6348810733851258,-0.4023398836607343,-0.7943304639093807
2,-0.5901446631732319,-0.9723114995378472,0.30948901040620463,-1.3050032644995693,0.4073316596442465,-1.5394363965475808,-0.7499738081740422,-0.06611370680328144
2,-0.13750668217111833,-0.4405211912665272,-0.014322298301220546,-1.093022295814656,-0.45554158648604093,-1.7644778742959337,0.20047521455232728,0.36411963163979316
2,-0.03239995172642877,0.06150087582044943,0.06641636594289985,-0.18478408929620446,-0.2698293407930886,-0.15181927143266116,-1.1972008948421569,-0.9678410183801321
2,-0.0983788344299878,0.5630156055205853,-0.819407973499347,-0.4065429292494725,-0.5637461215628179,-0.012055850352311742,1.1046586466289186,1.757904038380105
2,0.40774268267520786,-0.7332137900397564,-0.9496279063860844,0.41353888828719143,-0.25207709194354344,1.063632614321136,-1.2370482185900775,-2.099501431761946
2,-1.120271058317664,-0.3854173232707121,1.0312859103105791,0.21829643521281325,-0.8801858845263887,-0.5153999186134889,-0.7070489643056627,0.032650766348456796
2,1.9245397286493962,2.0711889273411472,0.08332041293644002,-0.17097182418906354,-0.6836138057922501,0.26191631295639045,-2.1507092913718053,-0.5028898288526186
2,0.7148158740167828,0.12515399452870046,-0.4261655860865642,-0.6368582376490004,-0.8171437818549272,-0.9343599421373227,0.15241401833043922,-1.4970015096122098
2,1.2073482508738285,2.2123482547536613,-0.44497266384453826,0.13029056309616335,-0.4235432355418104,0.1495506724281107,-0.28527529168629323,-1.7554070728706026
2,-0.25428136079982505,0.41565198361189587,-0.3295748831749029,0.9944316384916416,-0.37091344484517375,1.3129382501744158,0.11763600328075804,-1.0217332755461108
2,0.4413463086106699,1.9013592530975987,-0.05260777532496655,-0.7655853965376428,-0.3130954708687929,-0.6190593839094132,0.20716308250827553,1.210777714311083
2,-0.6080428152368543,-1.1548898379830668,0.6708375859769041,-0.9215093055924651,0.7840866416186398,-1.4359027455166835,1.3111727405989937,-1.3086044898381342
2,0.20192871744232122,-1.8667074375861934,-1.2717652028939674,0.49310433700677364,0.09672411598198949,0.041141418826077636,1.7367186215004897,0.8381979743683245
2,-1.0898247091468147,-1.5387272343697385,0.29385455675603134,-1.3187045605242331,-0.17117088118829132,-0.25462931886169704,0.7999299833989104,0.20998630475793598
2,0.5999584264517308,-0.37567445992984005,0.19025748190399916,0.1391086040204812,0.5610285857706023,-0.6213910106073554,-0.13090080004677762,0.899588155759944
2,1.0945189956211512,-0.739221824169241,0.7622209443062764,0.6251517572606057,0.8388916297216222,0.8641218805983837,0.41918777841786453,-1.2964623551786343
2,-0.07264067403887095,-0.8416530734085621,-0.54443213870181,1.3965976939298872,0.734613635190722,1.215042882307617,1.4879494541765348,0.9653885314908691
2,0.16523317512301589,-0.5842777136591442,0.018853697275805777,-0.5514186983960419,1.1839899803210114,-0.44579533525479825,-0.4952311962884896,-3.2340163089733784
2,0.8784498240746417,1.0671958467546527,-0.5289247174696257,1.1871259977428101,-0.8456054750918841,0.7885647614036027,-1.5800165359460214,-0.2126969971862827
2,-0.6033341995932184,0.798208427619547,1.0839371739658963,-0.006721335803623302,-0.5307309431512715,-0.16856599799478983,-0.8366677506089638,0.25396964713765124
2,0.5478207506081278,2.1680485201146613,0.29405179503222045,-0.27354021234497883,-1.2606348361679995,-0.8230326839500874,-2.8546434138778136,0.6776129578788372
2,-0.5374061217518475,-1.1401229901542245,0.3778799805651372,-0.5605170791535949,0.8457028648680994,-0.8293947853897778,0.6435157706781858,-1.9638654996436657
2,-0.5017619265504893,0.16146901058135685,-1.4876273095015906,-0.5979718315931626,-0.5319007924210961,0.004595819879871127,2.3174994964239173,0.017025768606443115
2,-0.7245086564921965,-0.2748911557968867,-1.4631893407170362,-0.20516294826074888,0.8423940655326045,-1.0112083216955736,-1.040881010400179,-0.7758124891109962
2,-0.3573355661090296,-1.4741051155634357,0.5071534263731005,-1.1685881937584546,0.4192118607046374,-0.2980353029591445,-1.3741418882417051,-0.985966561410947
2,0.8737963201166015,-0.013874458319737215,1.7518177559985775,-0.787531592396084,-1.037467311587171,-0.6073921695541711,-1.9385640406569962,0.743771682797427
2,0.634828740427195,0.09144536088589121,0.24112100349133525,0.5476833774564108,0.4550623763020578,0.9976699110918253,-1.7693809635923197,-1.5167529096125536
2,0.581967584214887,-0.4938117605236236,0.07499038301706396,0.261650298746288,-0.4519763321901514,0.22961183208254798,-0.4596326559772017,0.2212599657119025
2,0.383709937740878,0.34519193267363085,-0.4846366917697116,0.11824658761037585,-0.4678697715913911,0.5886033453427926,-0.560444621992292,0.7854336228202385
2,1.051223077287533,-0.40914710060357407,-0.9616074590652243,-0.8703111120344244,0.26149572412683764,-0.6323385790621637,-1.4565458916234097,0.8792818299332834
2,-0.3060526638830081,0.6459339016993553,0.11127297958466673,1.3896764685231513,0.050596578891574984,0.8081893131715759,-1.7817463140107204,1.1310495076552058
2,-1.08859345744005,-0.45328143017076594,0.19742313442792372,-0.8549181691359609,-0.6642894860590649,0.8673137742671843,-0.6296900240708858,-1.1380931520562245
2,-0.06116707145192013,-0.18192724344878886,-1.4956396306935007,0.32741392950360104,-0.20048782597199766,-1.2539861504405079,0.29445439638996085,1.5191760219134245
2,-1.5544020236842664,-1.6584105870115986,1.4688374096479846,0.15611185653977117,4.7799287591104855e-05,0.07905706154984556,-3.385288116631379,0.6525401684855577
2,-0.10688852593313737,0.11543708052395824,-0.45074839478691253,0.32228027306258866,-0.49652649117048353,-0.14390781519906248,-3.0518070045340098,0.44740063559075344
2,-0.2668041047782295,0.6000936932191865,0.23507849137486977,0.500404983183193,0.35428184664119156,1.0593454398731765,-1.5853170370940606,-1.521870176164638
2,-1.155248520241031,-0.46852598557774505,-1.1932726724906666,-0.026998258328570272,0.07260012564047576,-0.8053705889104551,-0.09907474251653205,-1.0006639146714027
2,0.9400206536615685,1.9553985053588476,-0.27863786182599676,1.1231096182183335,-1.5713166314751106,-0.35451086733653714,0.49992715914166763,2.061350658575074
2,-0.41750036429750875,-1.2323591257012578,-1.573850079974978,0.4223005599257297,0.44376037738611257,-0.02290650170683283,1.2599978466195743,1.4481750511806035
2,-0.36795039698073784,-0.07938252099265941,-0.5550884842279052,0.4085652546526766,-0.6119412878536705,0.9848756509919769,0.19148656591650473,-1.0616487661576202
2,0.175537788548006,0.22072019561980633,0.7080456622650039,0.048472097647689845,-0.8667538904183476,-0.8415378295407,-0.1550296790777025,-0.5607912942419826
2,1.524957304446057,0.8555071364704601,0.7790843053205798,0.34502785468752467,0.9879540666065503,0.672260104244852,-4.025695005168178,-0.28396157453381843
2,-0.12366575640173685,-0.5949299057864338,-0.6771863331753624,-0.777429661968005,1.4422490456500234,0.39330383887718073,3.3480858832322182,-2.306575342230372
2,-0.10209368294704349,-2.2570180298199833,-1.9815010164013773,0.5106763270711049,0.7818573638394373,1.152078005979918,2.5958056649316092,2.020282879447243
2,-1.228418699480726,0.08518542249581634,0.18536143143552164,-0.4037780418396651,0.6817405139833822,-0.19668291269015342,-1.9196610443664346,-1.6520048961615164
2,-0.7765749677967732,0.6184298185204222,-0.2669411564345542,-0.13506538766134746,0.17142647303334158,0.11568702283567497,0.6148071139529914,-0.5035842016658932
2,-1.7976475524921143,-1.1391879610367073,1.346203007599671,0.0013424417266229604,-0.5380251357622243,-0.802568606190529,2.6152864040323407,0.20011063358833808
2,1.1828323118900816,1.3820442623623188,0.7145604506314055,1.149681337017713,-1.0881184955978536,0.5655230080583299,1.5268297918527343,1.357376246288386
2,0.041179642130185296,-0.11668343645580094,-1.2877393097463374,0.9168786332540627,-0.45260738128407946,1.2314005398313836,-1.1786601007806434,0.20684647829983144
2,1.2122338850737737,-0.38383290630341144,0.49830900017705515,0.4673748892372263,0.07804468007276533,0.4487696849070008,0.8986836709323345,-1.2421154251740738
2,0.8056390788032207,0.43385459606449334,-0.5614239358420532,-0.5067895621676731,0.9106048818162151,-1.4010159816994754,0.13951784585994717,0.7178689824608347
2,0.8903450109248349,2.1399267714301136,1.4387579720092827,-0.7056618901659564,-2.3103425463300025,0.7795546858290527,-4.566974043839442,0.07018330626872112
2,0.933587120176678,0.992630973556748,1.2840089067053182,-1.067672828170833,0.5577550381792722,-0.6890789028366321,0.032735474192383686,-0.8794419825578679
2,0.20315938431399105,1.670783922884804,-1.1318499479223794,-0.21611048374579683,-0.32545157782237416,-1.5591236742759638,-1.4358897779145168,-0.5455437418615388
2,1.595625847615166,1.7743993509008438,-1.4994383999690464,0.4748527254723823,-0.04222020448856678,0.3295479729258757,2.152918669820271,0.7421265817548662
2,-0.07302761210213454,-0.8880214927931819,0.46983473370190865,-0.07394180652353939,0.5219049608477043,1.606185190727228,-1.692893609784892,-0.6868064800175165
2,0.32871649553302773,0.1440784258072153,-0.31665882419742347,0.1811236973247741,-0.5328453820737633,-0.4095349371357148,0.23913287272850556,1.6861426705033427
2,-1.050086670492517,0.8378877736967079,-2.0258145057544445,1.0419814402199938,-0.659412457385804,0.18882902425675988,-3.9319049345887103,1.113956106125976
2,-1.2338104103381011,-2.064191886217571,-0.43091908571913534,-0.5866156974402851,0.3565039440044872,-1.2372451418484904,-2.1909599371001547,-1.1597446499499997
2,0.06099892643187113,-0.34169801122404814,-0.9301212507434043,1.6817452110838185,0.0810200041677413,0.4762295865858356,-1.0479771991725626,-1.7331574567011518
2,1.3337354411232947,0.2012695988446858,-0.1279624355463783,-0.8605375341743214,0.0813369833587951,-1.8763032456076942,2.491196329366483,0.8425482522886132
2,-0.08229563871858832,0.625861996746448,0.24699231438389496,0.9130228017972033,-0.2395257645442233,-0.8852598212229914,0.8111094414562421,-0.14574741731038682
2,0.4234055854229291,0.9266028153371366,0.6594974395932967,-1.1515892990260825,0.23277518497511906,-0.02221096329670903,0.10875653553565214,-0.7942417620836164
2,-0.02678174162357516,-0.6684773811657221,0.27867066570340027,-1.5044759142943558,-0.05393739017091642,0.33212991924520197,0.49209289875500545,-0.8073495653938348
2,0.8505475107384398,0.6476563001367853,-0.4552904833464116,0.5410126506631343,-0.008372420584804467,-0.18967180936905945,0.8574456990781169,0.5704188168599844
2,-0.10034309307378814,1.6754021404945298,-0.00032452460797472577,1.0659554378864997,-0.749380086190901,-1.9020822646753897,0.75709847429831,0.6582393938892515
2,-0.9422769033757901,-0.35865948950056276,-0.9743038084999921,-0.7052795781378889,0.056985493096842615,-0.35310272186477604,0.5716550874948747,-0.6039303647562432
2,0.2223448069383052,0.21347786204131242,0.5207933252321648,1.0257045912245566,-0.9819840766478515,0.8443755354236926,1.3676480796281294,0.11627233983685403
2,1.244895457651774,1.049393040571502,-1.8211422062644467,0.23021056275274104,-1.5533697119764613,0.16385946368493626,-1.0675296670095438,1.52884321331072
2,0.6755106382189742,0.45268818359374,0.26808235542068515,-1.3492248879560695,-0.5070817997771269,-0.5624132212513812,-4.683388396909748,-0.29176271778652174
2,-0.20589738450024278,0.4859777134853366,-1.3306926364645992,-0.7639935905948748,-0.9623133487756879,-0.7420846047478011,1.124837910079581,-0.03277767398056071
2,-0.207989389411465,-0.10214264644172735,-0.930565127866167,-0.011663634264842113,0.627121325642979,-0.33474523714365784,-2.1885265107516956,-0.6459738115381497
2,0.06656961800537185,-0.40591558766996927,2.332465815353367,-0.8426721191685734,-0.35532431750798543,-0.6000335546291619,-1.1644215580120898,1.0316983386526988
2,-0.21387793249152987,-0.9060501362195673,-0.9312195599960152,0.4532534349132887,0.3106459165013074,0.3703940987914524,-2.3680610229909833,0.49506810334967044
2,-0.8473104592343987,-2.214653613891029,-0.3572611774669928,0.24563468822418574,1.3459256085120668,-0.06633638392951048,-2.292622209880794,0.47672353310721005
2,0.3375179754959461,-0.026378668515928946,-0.8145655080902346,-1.1338715662069137,1.3246849752109897,0.5218758895463903,2.8948936672388417,-1.4951939743695886
2,0.7994586722980097,1.1679314068748674,0.21688261363164033,0.5593054302151953,-1.2987290879900382,1.1560039099391364,-1.9814055271057975,0.8290134597366083
2,1.2496872387042754,1.7942862183448072,1.814907380737603,-0.5584086598388249,-0.49186824431150916,-0.470665889656155,2.0648218197025052,-0.18193606284945674
2,-0.6118328157436981,0.10694091011385695,0.2544138448419845,-0.31935006146211203,0.3375009822880888,-0.7552722575039634,-1.9165978883354773,-0.7853769325755002
2,-0.5729613031980765,-1.4841538720005814,1.3612649931216012,-0.4995003974817936,0.441729760263847,0.7670297048833652,-1.009788129553395,-1.026339825371534
2,0.8784122918468504,0.21332298256646043,0.3768594515712472,-2.319863586451663,-0.9076170711670843,-0.9949507031952369,-1.995863059323603,-1.4260813375601766
2,1.0114419838564097,1.2415821902378168,-0.4692408798738005,-0.6409130752006196,0.8433971932836528,-1.2984038174686312,2.831426583010366,-0.3417655211505497
2,-1.8001970903584126,-0.82182673388417,-1.743261444682932,-0.5284606077668358,-0.5579386326940249,-0.8530309486075918,-3.6830052411983094,0.4318948233316217
2,-0.43931679471956503,-0.5345954094175657,-0.5138614620688984,-1.1856037879039072,1.33715971634656,-0.41698793605359125,-1.7863602315546803,0.8467949160443029
2,0.1728790868984752,0.7045533520390475,3.1314856860163336,0.4909664803227571,0.4164481225232111,-0.9488575814027116,1.5453221109762365,0.7610583989865176
2,-0.8208289117063006,0.007744207808736914,-0.8569669141221417,-0.36918554880394333,-0.41279166262882955,0.5256445689931465,2.198393881905271,-0.42370426740866135
2,-0.1873983327902416,0.8728335511401673,1.6111178105833808,1.288542519091958,0.22203976030338002,0.8417835697113701,-4.484896977881541,0.6215278511345257
2,0.7871226301393557,-0.13746814849689687,-0.7380331344675771,-0.2500320852698229,0.5319088468539882,-0.5805997646698666,-1.2833472597940392,-0.4007998545905783
2,-0.7231384595859057,-1.1035364189178312,-0.3036181724744532,-0.9614820067338794,0.07680069063043382,-0.035393659411642506,-1.7210879688477798,-0.8088533878545239
2,-0.5670829611974564,-0.0347281931250209,-0.25255184042617707,0.09988579216742957,0.2566828672059257,0.2042302212061259,-2.8825655711031364,0.2663485946812332
2,1.1635716621950538,0.34883238673202766,-0.7141413897499673,0.277453134822098,0.40709039541690983,-0.3217261686823007,1.7148750359668203,-0.0351760498092934
2,0.24581581358105853,-0.7441698192100561,0.34887971308476523,0.4409420474314674,0.24353679368534206,-0.6540502593641573,-2.2476433935042794,-0.6589979405758085
2,2.1601661784549653,0.9472539050925441,0.11554591611486675,0.12359273007057602,-0.5736026910047679,0.3623834673166234,-0.8577627868423844,0.5261924762508146
2,0.5745514834999459,1.5218783269183134,0.7754603208287024,0.5278833777467281,-1.0754464920895912,0.06398410161976449,0.11866907365502183,-0.6379999699264319
2,0.0778147620958819,-0.34789417757747576,1.4533789053375241,1.3256546928370792,0.13969169584560037,-1.088615343144015,0.34493787966521416,-2.2531287894300696
2,-0.6334058815665216,-0.09991784612914052,-0.020325497495773854,-0.9454602937056308,-0.22907411403317632,-1.1081486941225052,2.010245159154624,-0.675566515792006
2,0.9694251406734773,0.15852620744380075,-0.8136488337616575,-0.570466008914825,0.02009364981764797,-0.1629150763173402,-2.537658202592224,-0.1778717449783211
2,0.36731845790727813,0.8150045930120304,1.4185245995136349,-0.9838345139696375,-0.015752065992094888,0.4353235748606711,-1.3383292722423317,2.320214163699617
2,-0.005616160951157356,0.2155089200902117,0.6818334235651586,0.028798408326742717,0.6246545281088494,0.05636978923849685,-2.5942085406235003,0.4115921616016288
2,-0.29680373208790745,-1.6680590710742282,1.1071100610733127,-0.8103098537200373,-0.21853551790221598,-0.35146382776869645,-2.120599787305965,1.0427968888508368
2,0.33990121437316423,0.41318974365078354,-0.8869305774724886,0.9312578207954644,0.11449827663956699,-0.2924261826776641,2.2279175426615585,-0.5332844472721595
2,0.2904815612439676,0.1119107471868682,-0.9092898812839054,-0.07339051679215286,-0.1340509436087022,1.633995999422653,-1.4638472735801518,0.6661662877940264
2,0.3803819494547158,0.13807360323789514,0.9598835389649286,-1.398626740795711,0.5791444321810694,0.5813879345570856,-0.5388311378398731,-0.7520654189604866
2,0.9593397864575505,0.6492756586881859,1.0190026085264825,-0.30614233907229044,-0.6705770334439377,-0.8260720755548843,-4.50802980899795,-0.46969838240630474
2,-0.8720952374354803,0.1608108890914613,0.4744353120044771,-0.11399720268767602,-0.36115255844798294,0.014647166850044312,1.5821790669700098,-0.6550065590134272
2,0.3903491338947429,-0.6324096124069216,-0.832216714597801,-1.4687150482581943,-0.4496896031069344,-0.7558763024983794,-2.280260570220355,1.2189126594074564
2,1.478817564375679,-0.9459216673115576,0.31620754336278195,0.12238661958230876,1.5375774197038947,0.6632434900103631,1.6484838788627798,-1.0079891774539584
2,-0.36760138414852495,-0.22542448835176018,0.030611534453991417,1.0045709704542325,0.5358267789859661,-0.24696953590135726,0.9304258867289471,-1.223415992462611
2,0.4576066212645039,0.04607946539038682,-0.058636388636616035,0.19331617110305105,-0.36194493625431795,-0.7582148752786431,2.9653939863908487,-0.13478141539421723
2,0.17556318603959195,0.3603765906464542,-1.0226320534025355,-0.4819979268355621,0.19804368241337145,0.3055546664667145,-0.6492411851488112,0.889709331898497
2,0.29597814296490677,0.8982389058630901,1.854357119141865,0.29051332093065513,-1.4103632440868619,0.9588660970691942,1.2048098379039083,1.21306693678045
2,-0.29957603574698743,-0.14032582222225987,-0.626241104322487,-0.0693764098560136,1.9584347259848967,0.6166326810883925,-1.7938598282556133,-1.3639783492385313
2,1.2934000922512923,0.42877965401210927,0.5369108771172134,-0.35954492588261305,0.099790643693871,-1.1204063327911822,1.2907018992551267,-0.17307107857724546
2,-0.6325228880067587,1.6239860016903984,0.9104811341577048,0.7320408533891246,-0.34089121115704557,1.0435307811503771,-1.8710931732880347,0.23240641737302958
2,-0.44494871193659985,-1.114381974759238,-1.2402833760928897,-0.48451288290494254,0.4086036875635829,-0.44678067088248846,-0.6016308855804186,-0.6398485762025213
2,0.1487915435534644,-0.021713736482947166,1.6083440602365249,-1.0261860415669384,0.35857294091938924,-0.7413619503502318,-2.0309842642654385,-0.16915502674339067
2,-0.4193335397181362,-2.767643451267318,0.07124123201832602,-1.1067414848180392,1.6348143852756112,-0.947863369587818,4.7088235510011085,-0.7963796557487273
2,0.19141529246860883,0.7051379563201943,-0.7356327172236284,-1.2564758729430543,-0.6216775270316088,-0.6199101497722987,1.2732776927467264,1.1594933897392619
2,0.4468114103017817,-0.10766025089532255,-0.45610910288959067,-0.4507359600251095,1.1074182307565392,-1.7974387630040867,3.4833398212251847,0.4032533894555529
2,0.7103364207720949,0.5755382878209196,-0.7348409656270732,-0.2887385120837305,-1.235463620779707,0.2012297879576345,1.324892624301609,1.2036061919064087
2,0.7940292121617671,0.7201792778202454,-0.044229754143050394,0.3836699495657477,-0.36384807151184784,0.4776826952649139,0.6178760162888665,-1.8644763115701763
