,0,1,2,3,4,5
1,-0.19541181332740415,5.295344968018408,-4.650756056733949,0.70128178778893,2.2620315382218648,-1.8365955895680686
1,-0.033449565083105634,1.625762227590751,0.8134240880443294,-0.1923777767568275,-0.8215709867560392,0.06537603376605938
1,-0.9562412555581148,0.4458666911588747,-1.7144450555102382,3.930891441056065,3.132966154568249,-5.053184277628503
1,-1.1224559725552274,-5.503309730091296,17.539641253879513,-0.2743167143274683,-10.79554561587451,5.028607773141568
1,0.44414701434704723,-2.6506080780921755,3.95946267670892,-1.4902055348996612,-2.753450496797197,3.0483563896220374
1,-0.34775932556387124,1.1831101818626653,-1.2770109018831224,2.6737964119956215,3.011454142036614,-3.9285418781509254
1,-0.17761156916916926,4.423011034148444,-5.671968431017708,2.0548729750602166,3.805789313361017,-3.9484358889835933
1,-0.0036502676932550493,-4.359881000345625,4.6780764521666365,-1.239370972626022,-2.4301214930363635,1.595622807409024
1,-0.20748220313146257,-0.4169910711154609,-1.4548954489987387,0.6601912940648053,0.7905522680033209,-0.38104153772866756
1,-0.4080852476072822,-1.8800399071600338,8.35774607413583,-1.0111730708611097,-5.882091177218556,3.985881542929891
1,0.7267442165578821,4.956570175107459,-10.419917867646864,-0.8827495780232686,5.8284740047010795,-1.1469433004657037
1,1.6831033000605424,0.04962344788714727,-2.72786607319359,-4.761993425432212,-0.016975392676559092,6.30777953544754
1,-0.46129950917151885,3.640655822430239,-10.303848897319192,1.6974214292203937,6.296621391343656,-3.7596926746170087
1,0.30904963644109096,4.937172635083306,-13.826312243713609,-1.030183552745415,7.378636596831373,-1.2792635523557043
1,0.8130105117835451,-2.7225672917888435,9.221668962443935,-1.4835219782890965,-5.519187696911203,3.2697689139613466
1,0.8474512689863541,-0.3596501806935717,0.7406085683335318,-2.8859159069493487,-2.097685081016608,3.7087902724030704
1,-0.4239018437755672,4.412701531917191,-5.428014358564501,2.5566351022225167,3.7555140071049435,-5.532422663094753
1,-0.4900022169185605,2.567584356337008,-3.3735024636930104,1.2029813683510633,1.749367735891429,-1.8511776596030594
1,1.233621348360071,-0.6877616870645682,-0.8090586727361823,-2.0593679340614734,0.40939817763132313,2.6316155459494617
1,0.6044750030327831,-0.5987109575209139,-1.2164849503096344,-0.6301814650286537,0.980864114055396,1.4143998337577457
1,-1.1469304069451554,-2.906394333975497,7.346193816757492,1.7646768544792033,-3.709069271518616,-0.7697867599478602
1,0.22210636509672677,0.9605342610134823,0.5559392254473078,-0.42996488695878843,-1.4373308181770699,0.8834464393842268
1,-0.7675462069277442,-3.8605601370033096,8.899240375566665,0.32634419665160674,-5.05339610492434,0.8531205722736455
1,-1.580170129884491,-0.9450465605959164,6.13087378353523,3.444646349694945,-2.341987607318033,-2.7542225840575467
1,3.5824449170785306,7.553215028614158,-17.731952096215537,-6.568153461808159,7.71297894852416,4.6700917248159
1,-0.4336720752623968,1.2039771200155072,1.1312479214337459,1.5760267870204905,-0.03251084883116338,-1.4322744329512171
1,0.39005463851434563,-0.4664365095876127,-0.28648770617405656,-1.2840281353645726,0.264209010911436,0.8129763129943415
1,0.47136141530626685,-1.2880228168000665,5.943810981145813,-0.4199963259305183,-3.302094647957431,2.667301655892379
1,-0.2854529314146296,-0.34255653619498905,4.313014209863719,-1.1043262497833066,-4.24971358391742,3.0638106639831717
1,0.556022814090926,2.593471271147036,-0.2889780925374112,-0.6372822262192261,-0.530298795114322,1.0016375864072475
1,-0.11020649656876497,1.02352395324131,-3.3011916785883213,0.8697401989955338,3.0278250553726513,-2.0486940618581797
1,1.7066275482864137,0.5697517750055306,0.46629863421558126,-4.794397559412945,-2.6072240003352753,6.279288129764175
1,0.2199739780093036,-2.864760865377399,4.190527819064621,0.3731735588580193,-1.7593149061379703,0.35718435412448823
1,-0.018045403654861514,7.757648066623264,-6.748878384605646,0.8796886721469523,3.503785587790246,-2.7295251225972934
1,1.4396724087352453,3.812673729672571,-6.847605944743552,-1.600938268439834,3.6558093359643657,0.4669611992537083
1,2.141126358502351,-1.8632396442698413,-1.26348554013682,-4.967414269198839,-0.616674023374557,6.507670988794078
1,-0.25135041987895923,-0.7922183974086594,3.05419195464005,1.3125017566006254,-0.40771786630051443,-0.893669423983271
1,1.5250211147773303,-0.04504828757746381,-3.826404739484268,-1.1226640215832238,3.5601773818167537,-0.47547286651958237
1,-0.8913719839922664,-0.7051777956418668,2.5237916364373367,2.7369021941070124,0.2217918237540092,-3.184931185750879
1,0.2542105170480726,0.4189523222008702,-0.46472284110253387,-0.5550821811376709,-0.7505085752909879,0.7580089034879681
1,0.3610565358242961,1.4735168771872382,-6.357526266128058,-0.03143199347323093,4.450082712870159,-1.4432920959850917
1,-0.37973945893733285,2.4127174525042623,-1.4503364910059635,1.4940402090922944,1.1961500787211055,-2.695777501534999
1,0.5549608725705291,-3.202473556425189,4.806726229268042,-1.3258062168258617,-2.3496124067248587,2.6665601106568575
1,-0.8853280566314063,-1.000835531778519,0.47420391653819094,2.3475664361038673,0.6166745653863382,-2.5982031815473072
1,-0.047701566850479576,-0.7343622322951066,1.7169648431946438,-1.4871670135587716,-1.4559003486647286,2.253751159674321
1,-0.44219066511169025,-1.9277687290618595,6.813806795018943,0.6169080186458273,-3.078177431980421,-0.9460597390832324
1,-0.606356137316398,-0.22066467090398773,1.0716873760905945,0.2782037756364725,-1.7164813919120565,0.1634687517581762
1,1.280699248227113,7.808454845099862,-13.502128275873378,-2.1131850408971378,5.170307944227865,0.12943786476190053
1,1.481802563546257,0.12284500170217563,-1.4860683846001366,-2.8986121949636705,0.253079755053671,4.0923145500577
1,-0.4803957443940382,0.7560197880543609,1.4480149652475016,0.4902331479314712,-1.0992264468184467,-0.44407802821315145
1,0.3875772929354807,-3.6533739884167997,4.804171892573648,-0.03694621283700275,-1.8225594220610017,0.6346928221614696
1,0.4871957789343875,5.388104973364691,-5.716886084545247,-0.33549327388116473,2.256641337266934,0.11697969074578624
1,-0.7951170305197841,-2.973755355531858,6.396373631857711,0.7919466648896881,-3.4240216127367495,1.218240158393336
1,0.8783711587312268,3.7287601387249434,-1.5590956077244218,-1.4532310069240177,-0.521974450626716,2.577421163211366
1,-0.8957266487930307,-3.15834957382443,11.50626923589956,0.8376625248596807,-6.555404093986704,0.27785323542747153
1,2.19343708419361,0.016227526342940998,-5.2004728480611675,-4.737359420478993,2.585290774351528,4.81027126213015
1,0.9080137598407393,1.4754936208399099,-4.871504996070443,-2.8719034646267865,0.7265975267453411,2.7078297239450726
1,-0.09398630070501676,-1.978259673630924,2.2890649399309813,-0.48578504662055433,-0.4869574705518997,0.560498815863999
1,-1.5105073271097884,0.804069224415393,-0.9179952558998761,5.979273292270833,3.969553471692801,-8.482158615933114
1,0.4926793702375264,-2.338095041901713,3.7920017755061766,-1.6475839061939543,-2.4158242395849747,3.3899729350248173
1,-0.15918757280897752,-1.0808449357113112,3.173856772301416,-0.970183279452294,-2.414514909366894,2.646850590890478
1,1.6479434558837518,1.4597924884663938,-6.008097321213571,-0.8598375176510787,4.627111624763844,-1.0052092542093598
1,-2.3013841098171683,-2.9021547836331862,10.921175684360628,4.3905267949679585,-4.898253617413303,-2.8000018007854215
1,0.905063804112155,-0.6388699398147275,7.316386576786756,-0.7781292425115637,-3.9324918934465294,3.460851168999315
1,-2.283367268470321,-1.7436794829740123,10.913004060524102,3.9048628448348652,-4.524303702230949,-3.2048022611322833
1,0.833610169915475,2.534866499299899,-6.346135041721248,-0.023669608680062956,4.293939613168193,-1.2055811060961354
1,0.7283463153509467,4.321549415575136,-3.804711498625119,-0.9132178908442665,1.1551516612099193,0.9946316216682153
1,-0.3028137997079739,-0.9983518304871648,2.3936502720298694,1.8820156620233737,-0.30671952379818884,-1.452460440771814
1,2.5135537581279523,-1.2939702983503898,-0.9253885457647758,-6.452107298123664,-1.2946431790381692,7.929963910795508
1,0.8480224184186778,2.675851319706022,-0.8779433394115873,0.7435996763017757,1.5662664181685106,-1.1747870709505888
1,-0.1736808446215516,3.2688135631699216,-5.5714344362254025,1.4075083456032549,3.6787665550090143,-3.185822634906374
1,-1.0935876530850162,2.4041714237593377,-2.4701823119347917,0.8957904787866149,1.0076502636381668,-1.355528095398524
1,0.842797234631288,-0.390830805380918,0.16756256035584463,-0.16315551020803945,0.3080435878028671,0.3407956513404547
1,0.038118773783602886,-4.083531368585654,7.9919999221189295,-0.63642360335807,-4.046221064605489,2.302507162435037
1,-0.2060036145456734,4.445139430123146,-8.250019781234737,1.4719681765392278,4.8932359207397935,-3.8455173220158256
1,-1.6587469117442926,-5.160604077123513,9.389075456458228,3.591058064503656,-2.3169452375340622,-3.9936471580287827
1,-1.1074447471892057,-0.6859717208738044,1.766091543113996,2.5622142140965622,-0.6696109827595161,-2.354928038062585
1,-2.113307429209409,-1.9390612455438068,4.653844804920272,5.217472831275342,-0.21814612387348659,-5.893641009895706
1,0.8884430431009201,-2.1663358018135814,-3.7062424982617097,-1.5070212557889173,2.349052154231169,0.7405826881001614
1,1.531212919745997,1.0334198549287077,-2.8709663945873314,-2.6354566287673267,1.326035421135955,3.1130025875088423
1,-0.5035761605128343,6.110078167734392,-8.77127340019993,2.502395663699879,5.082601103271846,-4.784910242672867
1,-0.8010458555939455,-2.8705546518253913,6.0920978711221165,2.7382817579821923,-1.6991550996812916,-2.8464174707659073
1,-0.03191375387373238,3.624782256485067,-7.33555342375424,-0.4525379337055534,2.3904080617609123,-1.2485554049222185
1,-1.1039469681521439,-1.4715617183167478,4.601507531348678,4.543151288985661,-0.41142414067611743,-3.600913747634052
1,-1.2010382262747783,-2.3376733073309195,7.561560909966683,0.9016949351888536,-5.128791967385913,0.0873395609053431
1,0.2380965088577821,0.6780257019479826,-3.3766158471742753,-1.7652711366734803,0.824264363523524,1.9107381418721454
1,0.21705826520495936,-3.0914798217601396,0.8226782959872583,-1.016631634664691,-0.7093158861958051,0.6898475358859939
1,0.7716693689611301,6.7488830024034785,-11.896125846919428,0.8508931042731066,7.654555618164703,-4.845971869031706
1,-1.5044830449854414,-5.051578797521152,10.333204076781843,2.5651568016964292,-4.2560112040195195,-1.3901206620085136
1,-0.5591844490308855,3.2330587683914334,-5.459780315244055,2.593984535032006,3.639489772731063,-4.027439010510906
1,0.45816470821756883,-3.48879143608752,1.49200279859567,-1.5401292001809201,-0.8890197823167899,2.1205867277766526
1,0.9812796341579505,0.33889910613316643,-4.331674123048528,-1.368558883432649,3.3205347178049265,0.9953816798119972
1,0.08962014795419992,-0.6416050512165835,4.043827088716675,-1.3367708787701726,-3.1592701171416007,3.512807179737584
1,0.7180912961668019,-1.1153337878937983,-1.078234473386502,-0.7627415422235441,1.4742745669652062,0.9326882011702197
1,1.4479586878165664,4.687779154103286,-11.890159005718626,-3.0670455451751364,5.21071149728483,1.4535126156623044
1,0.2750592821836808,-0.9746785721813371,1.7423890117342786,-0.6276719821376975,-0.8436544120839358,1.6279546594968402
1,1.5675048320627472,2.9516453690636255,-8.41459153188943,-3.7600086982144822,3.1882444630816886,2.4135682101228157
1,0.5593859232053664,4.476391558937951,-10.146500746971418,-0.6482148646296443,4.388508790363404,-1.872850750665178
1,-1.1800206644827798,-4.010836844160885,9.525175041816869,1.147254819338084,-4.994532083490958,1.2713396385808464
1,0.8454195197557788,-0.7682343457666627,-6.192573527801888,-4.667445264964657,0.6723355565290522,4.978513234149568
1,-0.7485257072880916,1.7166116246221514,0.012774363557456526,1.585912502364127,-0.1521381321730524,-1.3747533707943103
1,-0.5734524738004372,-2.528428738721146,6.756066091687725,2.4446797979959016,-1.604815653125146,-3.2064778976543913
1,-1.1976056650700762,-5.029136273251355,9.941196134977373,-0.6128345887247212,-6.42553010729114,2.754968189170548
1,-2.1844856715888636,-8.255852214158722,12.332165975485855,4.564683408621094,-3.787501258679925,-4.4445905925138
1,-1.0362857226410973,-0.994876862262282,3.539653806155681,2.3425179691950726,-0.9525601068155392,-2.3345357593652905
1,2.0236022079547404,1.3336040921808272,-7.94794254558656,-5.341382075806329,2.2251821326671464,6.2811393199762895
1,-0.5344103552470763,3.4825518911894884,-3.3749562574092273,1.5015376925065373,2.2921624129279223,-2.7876805455099967
1,-0.9584840837639904,-1.267862831045827,0.6476512567370543,2.5459432280699588,0.9662204960971503,-3.5482583352430517
1,1.6945824600830113,3.3980704422281356,-8.128351184865043,-3.998782302556155,2.1288970194721872,3.6811169129554586
1,0.7868118390703756,0.5753561497866801,-5.963019823657496,-0.18001888594078533,4.606079880726973,-1.5111341098604436
1,-0.34967407827510166,5.908151915193722,-8.618282636897483,1.332109697554242,4.815895363089511,-3.7411767063733126
1,2.1106269641976843,-0.9641305845637355,-2.430870897826403,-4.654062899551323,0.15941444159081494,5.83560697598577
1,0.9702574857994615,4.80668975706867,-6.789425769859969,-0.950887124270983,2.6725656683863273,0.03509478944819259
1,0.44164072690894673,0.7632960176753478,-3.728316983092311,-0.6655639882045201,2.1550663264203918,-0.6391241658274585
1,-0.5700740237263708,2.64807177749576,-1.1347745705899641,2.468586100236967,1.009720650619677,-2.633751323454305
1,1.8528913118604606,-4.295251826099642,2.6568967590730557,-3.6343740296696008,-0.6933066813981739,4.533277286245785
1,0.564643359950778,-3.100892889305775,3.924757588489278,-1.7310803473116083,-2.4574659539141708,1.8265931304996323
1,-0.396263074326207,-0.8939323606672295,-1.8568036835491066,1.678917196257068,2.5778435737720065,-3.3961527829179845
1,-1.2996686725710664,-1.237408680316347,6.130065563254403,0.07825619685803695,-4.922451337540033,1.6733342232894204
1,-0.027304596795119013,-0.6131157567429831,2.3286339207254145,0.03568813714310015,-0.49612317238286957,0.6349722162010213
1,1.1477392819944467,-0.5430283330837711,-3.7112150397140526,-3.4890168297696675,0.5725924673918403,4.630161858353444
1,1.0357029858512852,3.2174003072412196,-5.463325356876757,0.2113066744035516,3.967695514914109,-1.1243428433544673
1,0.23839770239796565,-0.9732617485833737,2.8540154224413294,-1.354715840013606,-1.2593132533638578,2.4102183379492015
1,0.28961545838890945,2.917749134004642,-6.0674952573072165,-2.844397690245346,0.5729301445804726,2.2865971631847652
1,0.42085603828289314,-0.7575228685817252,-2.5648509112383695,-2.395456615992202,0.7333289151649863,2.1041184767514736
1,2.47967803813988,4.700592473713227,-13.8511614643915,-3.9543539737731006,6.671092407969311,2.399837337295564
1,0.04221703266204724,-3.486496877509233,-1.8038448572393724,0.9778294310702599,2.717309817959003,-0.8860148062334645
1,-0.490671769275102,-3.413744222383869,5.672139113144695,1.0676701917775582,-1.8551866017372678,-0.09573222093881015
1,-1.3476608292162646,-7.436039705465469,12.33310069731298,0.620909940468117,-6.3679947037903615,0.7945711420939997
1,0.5539754908989983,1.1203819482315642,-1.1192070430523555,-1.4075338272497098,0.433030921428874,0.8469497260783869
1,-1.3358646087690458,-6.721518779018181,9.691045010393758,1.099053462565173,-4.642231726691388,0.18689233180067072
1,0.6156061714913084,8.43958014663816,-12.069885746880527,-0.29481725506079715,5.587913259067322,-1.5362834568157235
1,0.009061758199222641,0.8286420302908646,-6.261148216973666,0.17338651475024852,3.5722615000559386,-1.0759301262155927
1,-1.4225983066413097,4.04403664249672,-2.6269537979190254,3.7815819447347736,2.2965320214417275,-5.307534011521843
1,0.6157462533191536,4.852822421720892,-8.933026441187346,-0.8848746028409396,4.44103920095634,0.17136660404931622
1,-0.9157996868577669,2.0806648408576507,-1.9048571465113306,2.3426182165621046,1.6840299586063403,-3.8737347097199994
1,0.04428551156058358,1.4196881473595941,-6.633468950494868,1.7984805854925436,5.103949938980119,-3.6927722593173677
1,-1.023636665944722,-1.7256438096267481,2.330778892426639,1.7741789746614545,-0.20866022673239198,-2.4741181644843175
1,1.2392304542066939,-1.7678892182473216,1.8781975603014325,-3.618692493819782,-2.514366281401751,4.822163326371264
1,-0.8943987642612311,0.3760897138973725,2.338722001520813,1.1580574630719893,-1.3627989628327632,-0.7908122880773025
1,-0.14473864339820097,-4.879061135543506,7.616604373541519,1.2371356221578278,-2.495884095518429,-0.7277841447558187
1,-0.5806235512888531,2.131435138277413,1.52259471530182,1.9326600918210806,-0.6544630193143585,-1.500095086058002
1,0.8888555087387773,-2.227247682603283,-1.8361801508398,-2.1369862138997364,0.8585465731194969,2.779467727734346
1,1.5917026508797376,1.35471773461631,-9.394712672887149,-2.1939467291046197,5.0717202373766295,0.7387434466593393
1,-1.7274901917406227,-4.272686113782621,11.357075550630478,3.286369434603687,-4.506183081137517,-2.911387580504663
1,-0.3738884142871568,-1.2669422801464332,4.98174447515378,0.012746665411418681,-2.7265398380398977,1.4195216896848288
1,0.011083593942373628,3.82095376831576,-9.744905902400768,1.5161184831067758,6.240707567531448,-4.833257180696081
1,-1.6922580291889469,-5.269812121567331,11.95010629324546,3.923685575092785,-4.8040813264210644,-2.7243355873855766
1,0.15406479272879042,-0.35717001919523506,2.4893929611636207,-0.9674523011349718,-1.8746767106858055,1.832435444410914
1,-1.1051206664966169,-2.6415059543214516,1.683051249426668,1.1510941417423388,-0.5604755665259299,-0.6528710270749075
2,-1.0440558382345424,1.4309903071797228,5.262372535602524,3.070147917808857,-0.9891853174955627,-3.842620473924176
2,1.5393182611745768,-5.662449516994928,-9.493448104085441,-1.3155320553491743,6.116621339498784,-0.9191941864195731
2,0.10909590874804712,1.1022518085456723,-1.5078934283118384,0.8434706160706109,0.7547010824857793,-0.435302243388446
2,-0.6714596094581089,0.7177751318371116,2.974208566520226,3.8656000808133655,1.8649151307943863,-6.219610802979417
2,-1.5453595875592518,1.4920170337976795,4.37596827040045,2.7893563586385843,-1.8841801897494048,-2.6656148548657077
2,-0.01943037423770172,-2.317408034176198,1.8992198291158497,2.3741099583877285,2.307915293091498,-3.3996276092042246
2,1.3784265285686126,-2.761391254811055,-4.4928099832367545,-4.031754778161415,-0.302320624495289,4.9556345364839025
2,0.04452910474467148,-2.0036218383599445,-3.4109185658295154,1.196986123652313,1.9708757334586142,-2.4908588622346732
2,-0.005702513906296003,0.993251175097601,5.751907769558507,0.45798721017327115,-1.9407572815379492,-0.3166144412318375
2,0.552233101509218,0.9126923509787377,-6.567392177714393,-1.7186613015208823,0.45799032439168075,2.4331060838533736
2,-2.0881203050535513,5.890750634344236,9.189349424612471,3.358385232096535,-4.330416708448427,-3.0418690580688983
2,0.00031541708717879036,1.0446670416515014,5.249859141588999,0.04485129603809734,-1.7327729305556778,0.6868562904377161
2,1.0789001239441034,-4.184494352899105,-3.6588968809725224,-0.8386159521701722,3.365555919934952,0.2770320989736932
2,0.2680559025158414,-0.0729819679808914,2.659539439641591,-0.40300826954518065,-1.5022834661439426,1.1103623959688156
2,-0.7234730412759252,0.22077414536896472,4.631726293326202,0.8285486186533428,-0.6330879421521833,0.05150289746556154
2,0.020080173736806234,-1.152448636466552,-12.178653528608184,0.4509608328785961,4.268471178886532,-1.7094304137507805
2,1.8088721992059946,-1.1558179244290792,-8.439940971982226,-1.6571451264856187,3.24536920221699,0.7130870411032708
2,-0.18874226224859553,-0.010466500245799589,4.831890964151835,-0.18663638998662868,-1.4546781748483357,1.237839475552399
2,-2.1517522712214494,4.828282327569815,12.656922518979268,4.296678713533584,-3.9878784225074817,-2.989768058975659
2,0.3437895614216989,-7.4881477384052335,-6.763465037041774,-0.11490921179839367,6.124857254135986,-1.9638629094980804
2,0.29225156590420986,-8.2091760426365,-11.180110692455079,-1.6856118952620294,6.30762638854281,-0.31153481396510346
2,-0.9634783902899852,-0.4638092886523546,-2.0239841723397705,1.7696780092408129,1.647129118227469,-3.473109094948771
2,-0.7317895015756045,1.619224683598741,0.9638114936196098,3.398559666962342,1.5427835608932707,-5.337404677385663
2,-0.6281903769520323,6.113404114704708,6.632326457551892,0.9593554131156824,-3.9623093986683555,-0.01951259122033893
2,-1.2474548671281933,3.0072655817752243,10.298184549595295,2.2977396754500496,-3.696471843540382,-0.9701106386023478
2,-0.12141845441685772,1.3209578881281947,-7.965509369238714,0.6880855497899545,1.851666859275519,-1.186185165157799
2,0.4221096156553837,-1.5505506891412069,1.8477264444196886,-0.5319323222476879,0.044749223584340775,1.1406527392627428
2,-1.1903167021071472,0.2656326177513482,-2.2198372735993845,2.672079920252518,2.3636478440195656,-3.970581240078359
2,0.38433259905551387,-2.71897997451843,-6.2084471939126304,-0.5044939991628167,3.74028973637672,-0.4385916098234308
2,0.8200583956681938,-3.1311335483554426,1.1413873259283913,-1.7764086128250027,0.1498466690555998,2.827139557487042
2,0.3730371339583862,-0.34377149644901334,-7.080630290468433,-0.364745794076608,2.696298124903131,-2.2037472668957796
2,-0.8898569553132833,-0.9796630941996853,-8.084280101079079,2.6378830485757683,4.851857364357317,-5.828802035725777
2,-1.2582213140805782,1.4640702251610789,-2.70345413357796,2.9758628735496053,0.992577390390073,-2.6712380307409447
2,1.1923548286010932,-4.998764883901666,-7.302712858323727,-2.8204663957276184,3.536952427649059,1.7738351608310305
2,0.3502423395951466,0.43736045549839053,-0.7495919065050244,-0.7318325916811045,-1.509416602361743,0.6161521585618168
2,-0.7471865778384992,3.9140889931609095,7.026030678039713,1.9414056868141216,-2.8440726149930806,-1.7912618609341593
2,0.7795064975339766,-0.31569525040837054,-4.862937846535575,-2.586187357866318,0.1393113916448605,2.9891635016149594
2,-0.3317636228775437,-1.1378488357498246,-7.831166953018151,-0.1203624055655148,2.091630621980141,-1.313392895815995
2,1.0008794319621308,-4.149258949948048,-6.288486919789213,-1.8613677311008987,3.3053800759227268,0.6610133147670132
2,0.7443370752887171,1.5861115769419578,-2.898303731456613,-1.2729435150736554,-0.5173011631306035,2.5377263349296304
2,-0.45131486059938547,2.0219966183095095,0.6187976396931723,3.4492987290626727,2.619042027080538,-5.70575403678587
2,0.5595476132160825,4.125089743128944,5.629552764225411,-0.17927813027015904,-3.7846091019447767,2.346842654021488
2,-2.2682457026247542,6.0677398812598184,20.665787780136224,2.3729626163935844,-9.707253066402405,0.7327525047500334
2,0.9851515274729313,-3.2906299071707923,-8.716388331367288,-1.5077979451302086,2.643476875316567,0.613834698458767
2,0.818457308521466,-4.452509804686554,-11.636025877516964,-0.8124918371504649,5.164905004850311,-1.0532354109340774
2,-0.6461288068604643,-0.36734176125251516,2.397363272118057,3.2455978746421428,1.2313236206446705,-4.624502539329489
2,0.7829253024617199,-3.4498461563348695,0.9148805143166235,-2.6105094394973536,-0.6772045374447074,3.119950091778872
2,0.6888268316783372,-1.714235056659905,-3.547264631854098,-0.8941037665087637,1.427696380140833,0.767592812064371
2,1.6653601026536495,-3.426162859860529,-12.805310567277756,-0.9290946667726979,6.561741795278451,-1.4734380496892714
2,-1.9208195999178956,2.542677191645873,5.509197948703808,2.683815538959107,-2.533182769764089,-2.5760068762006108
2,0.2200119007371335,1.8523797958780948,9.597248666967479,0.36343451385603626,-2.3232833811044,0.718678022765962
2,0.9174698368639718,-3.377005574891477,-8.242710908941886,-0.7657774953762517,3.6823566857788217,-1.1066645798269503
2,-1.4211127949350006,3.614984080176122,4.154820449945967,2.9553634332122996,-1.2843069588187241,-2.7916866123309267
2,0.26374827178748955,-0.024928433182239224,8.802505246067609,-1.388215623940154,-4.0953496512922305,2.890176234034913
2,0.6782068753712047,2.2648590143444016,-5.095706571928024,-0.38774029397408627,1.635798008235602,-0.2297960828046557
2,-0.6704544111075372,0.5704331785084968,1.337571478087983,2.133325458887154,1.0309151707337771,-3.2365408220991725
2,-0.5979505549219375,-0.7285274104228171,1.5250860612768822,0.9833106288396585,0.4420200307743642,-2.0913929163833647
2,-1.1256285862994837,2.058309143085961,-7.665984440277358,4.03972876045691,4.461630028126073,-7.825613949422927
2,-0.22160528965777926,-1.5082451920923732,-0.05861030324324679,1.1870254850994366,1.1851334682969183,-1.2630072575260916
2,-1.0979691697213845,5.581020411263886,7.645430100179389,0.4017498540470666,-4.9823888777416,1.4439224269540387
2,2.01973383423839,-3.2844162558756196,-8.74603637038971,-3.5769773148490747,2.3658936087645785,3.5694488992143776
2,0.16747720387503276,2.2779668878340003,-0.7953895611882307,1.5769317902833861,0.9409752721182715,-1.8800384889914274
2,-0.5789900491150005,0.3675208415365293,7.426223090650354,0.2291647336238855,-3.7781151352134374,1.5607725055303587
2,-1.8753311639707262,1.0668138123952366,4.286651282097055,2.9049407701516547,-1.0750786528668175,-4.20588145948274
2,-0.9945240802391699,1.173213078734659,3.697995114779287,1.5893129443774288,-1.1728873578549772,-1.2468381956335872
2,-0.30289441754048874,1.7711430660665866,7.852779221795072,-0.21732710758905244,-4.044448613184585,1.8848042826947384
2,0.19011012215607023,-0.7350268657392208,-0.8292821008658711,-1.0776168245186235,0.1391036572157225,0.801990104000508
2,0.16433948399691523,-0.7623364672181683,-3.031940817052347,-0.6349143214474289,1.023091207010651,1.146310286874992
2,0.8975741224559699,-7.457199010875062,-4.211456366928331,-0.7684275046273079,5.045264483353878,-1.3110409645433894
2,0.5848789931614677,-5.2783475951549805,-4.05807645519134,-0.9535971291206475,3.957651062844744,-0.6485326280244047
2,-0.7195404865760635,7.9418858972837185,15.417534034079996,1.4504092966476358,-8.10303261246618,2.0527890701388394
2,-0.1601863600318991,-2.881460594651766,-7.432427667841965,0.38459424706622586,3.8187885010421665,-2.382073055209106
2,-0.9852040609292773,1.8922625014148988,4.4845104443068085,1.2274233157941843,-3.0066291283516655,0.2623374732499042
2,0.49789299885690713,-1.186943211431738,0.5084439756286272,-1.155034396888849,0.07523165035401563,2.1712898414094974
2,0.6526880310118173,-2.8557745603081557,-8.683676974311464,-0.9035613746069298,3.280164441246462,-0.42964825367463894
2,1.090930495687873,4.64135616695372,3.0334388958953116,-2.0957448962778464,-4.238775160385187,4.178997950373653
2,-3.366495303016086,7.895063991599366,16.26688609562124,5.413334952088413,-7.705262203393048,-3.268783042201315
2,-0.3357687666897772,2.1364148364049553,0.9200606959725725,1.6477703542575155,-0.6666093544445403,-1.858749135372403
2,0.8503919387430338,1.08960145060815,1.1873408926040994,-3.2507893922846756,-3.002120319828671,5.175762660629158
2,-0.38702904513088143,1.2177835263644936,6.478160183718356,0.030101852098381343,-2.436646472964139,1.0061854670423742
2,0.16002223548237965,0.0836530949411185,-0.2708840067600276,-0.8259904973499236,0.002729243519069377,1.0745983477160368
2,-0.7963277501105909,0.7356251710518923,0.6184100082980948,0.3353564182638151,-1.0260664588869806,-0.29150419752580037
2,-1.028830736514586,3.2791229543673484,7.435715601753869,3.069955446472036,-1.4378998329958999,-2.640318966216183
2,-0.42428510723150076,-0.46311669954693985,-0.31142632372710527,1.1079423904953118,-0.9042744708997761,-0.5530816045268552
2,1.2163077069570682,-4.967330948986229,-8.518885330469848,-3.336904907761456,3.316679294437435,2.3577892264069527
2,-0.893884848638621,0.362116112019592,-3.784550861295855,1.7794231130457345,2.2624205346006416,-2.8279842504535417
2,-0.47441342935779657,0.218232950384269,5.083183552625752,0.9396766495859711,-0.7139527846205266,-0.7148156541415592
2,0.2394685301455925,-5.6589583254978,-2.99689343205773,0.682601051227422,4.39425712955231,-2.568427366967688
2,-0.6101724316292775,0.9068320440478715,6.192185572247992,0.8430437518675682,-2.508534927222542,-0.6028678455058881
2,1.1376460451379,-2.0377556737364526,-5.051713657060367,-2.3552061079126925,1.6542764708354596,2.306411872831276
2,-0.45464173092741184,-1.2318626094384253,-10.134620076725637,1.4400262057906312,4.3025644441848,-3.696616530333152
2,0.0027614732231366623,2.655291382687061,-1.032775893651883,1.5506208560991732,0.2981405732681216,-2.594457155359914
2,-0.9931393180758192,-1.2863292697854063,2.5180161866623334,2.4730891013526923,0.07281266408937762,-2.0092430753952146
2,1.0518410759670689,-0.8884447569966136,-4.163046686403587,-3.131062783882227,0.3718390190016138,2.521189200000008
2,-1.3948558369344821,1.9559036378046346,-0.17851766500829488,1.244957809603904,-0.5145204924697253,-1.6010741360141443
2,-1.0620209206933748,5.80578682004041,13.860928647181517,1.0323282615583074,-6.274646277076789,1.7509686346750497
2,1.1764339231602696,-2.6640027924613086,-4.062020543957265,-2.823876353333443,0.7735892181097797,2.534972896365755
2,-2.1925049543239674,5.90586209215979,6.191881554369522,1.8478354054688608,-5.552370752252857,0.4357577785026839
2,-0.4914444353245671,0.5965890193616337,0.06314375888306338,0.8835425831156016,0.33148760656929777,-0.6922618547130936
2,-0.6009611699338828,0.21246275294709882,-4.131948388608214,3.7731741973625232,3.6032289291296173,-6.383409091135619
2,2.231088680812499,-5.797599508536075,-19.196396174615252,-3.918198060567563,7.051784960479779,1.3420989767803504
2,0.9965884699999821,2.6891341903135695,4.438989647549278,-2.3640597431339483,-3.263133025144982,3.795159727314531
2,0.7366201294785839,-2.311732756376302,-8.713234263567484,-1.1453457489147325,2.9112836419049546,0.19311544894139004
2,0.014234445495789727,-1.3319445210732173,1.7126086102106164,-2.9142184328596414,-2.0209904672699435,3.489667848236853
2,-1.2239171335122745,-0.888170042647955,-2.8751680693877892,0.8710035225882079,0.005260455855640285,-2.00331068035596
2,-0.4248066004305404,1.6673325313216036,1.3398909638029788,-1.5336683290706385,-1.9259044830267644,2.829443799683286
2,-1.45835152422475,3.6693083363298946,10.157067909137787,3.345742067458526,-3.230525873417236,-3.163935744999511
2,-1.0988992218053864,6.8745651861776444,4.528215658861928,2.872863974222821,-2.1190818726855203,-3.5649259810058656
2,0.4121450387913475,0.7937913602877519,2.5842718108790903,-1.6944378161185731,-2.377879194484244,3.355351046669984
2,1.9758714216591464,-6.086475321801722,-8.077954681218657,-2.9099041757920547,3.4364542768707493,2.459120246682534
2,-0.8924484426293486,2.396039110270755,2.3788868361634408,1.4223230818096728,-0.8525341213676756,-0.7240409904669174
2,0.44890489500743963,2.7539904801432513,5.470122966219398,0.1495116381598923,-1.6415901893188398,-0.49524789303532524
2,-0.09974878491898839,2.5945308111739362,-0.6310725895351494,-0.33362138224462096,-1.3820800743468826,0.8311814607480364
2,0.3137984473207216,2.7001242864107726,8.877181731482453,-1.0917324524833096,-3.9074474955617218,2.285227027454198
2,1.0083527193258413,-7.14794357144645,-1.2165246216050432,-1.5722386788960623,3.3405195546528414,1.812557919159108
2,-0.22386192640372615,3.662799189715955,4.149244347857147,-1.3424597616805167,-5.158638124903978,3.579166828471284
2,0.089925036212762,-0.35026580544585634,-2.2773566301197223,0.5661529689468536,1.4914289736040969,-1.101761155439258
2,1.3520627591178596,0.2801632484468865,-5.489862146724528,-3.3206962911813416,-0.23441481331225694,4.279817540813838
2,0.35284747566926555,-2.509036541296124,-5.151790387958922,0.13252210537510917,3.53312654448399,-1.7312753238962346
2,-1.7508628603737373,-0.11896357220443257,2.757140933736065,2.731400584100961,0.23325822468447774,-3.2485723240934394
2,-0.3697034091714571,1.2000406008465663,5.515412189348775,0.8186237442635004,-2.476726853610331,-0.49369680870089294
2,-0.9898549761357112,4.554522036923579,1.6779906003611627,4.031099366935201,0.33560151279433154,-5.076507480559041
2,0.251078659570331,1.0587639756937899,-0.21770282329256657,0.636480099675696,0.3383032078752052,-0.9086648021822211
2,-0.47782402049560363,1.1151660282757638,-3.167770843394969,-0.48561683602099287,0.11118305401423864,0.10971615382294075
2,-1.0259314219913294,1.2732740090776418,6.345354312353547,2.3940474852682416,-1.4883323287250412,-2.7524660531869523
2,-0.8764711783256773,4.59551715500664,2.3449797174891365,2.911241867900813,-1.897463040720596,-3.7426975669787486
2,-0.3744212388671476,-1.34586451826851,0.17606345047675995,-0.38022367279739144,0.4599997942294646,-0.40800688870208013
2,-0.5816455213503806,0.5786179426582758,1.436309397869682,1.4638720068735633,-0.5628800449792354,-1.0478675228278347
2,2.3189321939707717,0.2692366842356683,7.4265779605618265,-6.57575481234551,-5.0210049388816085,9.518351269133253
2,-1.1446330260410447,3.0813163612699332,3.6224315018302016,1.2725740507681789,-2.371586654353727,-1.1504023484349066
2,-0.49755427350240283,-2.9706672476179556,-5.828940090309984,0.4522063073390055,3.1728113409584995,-2.0074944230081346
2,0.5092154896598231,-5.944375101576401,-7.7680382166749515,-1.1287039810739934,4.686294968676124,-0.7444916902378013
2,-0.6530646382194187,3.344443277718178,10.008191022232797,2.3196056883568614,-3.5678949837007394,-1.4122887609565027
2,0.8573004702371374,-1.8661881891034118,3.6219234351319374,-2.7256545197925415,-1.3206021373437036,3.865172550432464
2,-2.2013506307649253,5.934700242312001,6.794614074618235,5.845460622196071,-1.4921184673531205,-6.466055236985354
2,-0.6824852655904003,-1.4629067673247032,3.025749427869308,2.6368141216925225,0.9771864680204555,-3.437643781845327
2,1.3288588736612439,-5.324857664777874,-12.466283114477955,-1.7860716946221562,5.720624351516192,0.3516345443823348
2,1.0812716278298247,1.456346490123382,1.6528794648557117,-1.4449232747752232,-1.6850921155350547,2.8844905608738585
2,0.05820796420227768,1.4332233064600644,0.09728428772941042,-0.23569597248191587,-1.2726277989487826,1.3620122397314471
2,1.1439754284229322,-0.8564450203740646,-1.3047870905679484,-2.869803399220401,0.3245077868405705,2.879243925208487
2,-1.2764337274323427,8.439127364391457,13.990769348702928,0.823045919893946,-9.073204536000553,2.0799702717787065
2,-3.0751884840511767,9.189288448345472,9.818485624277963,4.6067058909129015,-6.815976763217443,-2.8947029887873987
2,-2.0425376358002003,2.9899351804389154,7.103847551472062,4.179184015003809,-1.777927414961876,-4.334328414741597
2,0.8528504886819244,-2.3476860936442874,-1.448421491912581,-1.7960725502921482,0.7599421270151543,1.4437411087977314
2,0.011722550183685843,0.48141808949649856,-3.1254274710539964,-0.9241897956221186,0.46013844388154373,1.7573569656001047
2,2.436437151220766,-1.4530192240659698,-2.9535278971205794,-6.638082770342271,-1.7394737275001033,8.306906767643193
2,-1.4279939692591357,-0.6913584812534811,0.2531873467596205,3.1953875915420134,0.5745398662654831,-4.332770333964147
2,0.5198939908448807,-3.400694744249854,-1.8871927435635216,-0.25109186414282253,2.306957149928855,-0.4844450015277929
2,1.0933699574783016,2.2195459864745355,2.286684307481484,-3.5560283967674575,-3.0862152223841037,5.286253133349895
2,1.1123940249373825,-0.5799399716559731,-1.8574667015941881,-1.7328798860165884,0.5925185261082857,1.3491566411920994
2,0.4638859838732379,2.2519315487634017,6.362204588918826,-1.955880946042895,-3.9790283211970476,3.7799766412705584
2,0.686509404441031,-1.2778403304336212,2.1652696235963718,0.16073314420197138,0.1564407589036333,0.04825742884848574
2,-0.6059082446527788,3.2472515187149105,8.56839583686015,0.9357864250329816,-3.29347443868306,0.6045422270834859
2,0.23483851290181523,5.206439942890503,5.777760269520102,-0.7402421259329628,-3.542322966772693,2.035799142271351
2,0.14708157078827308,-0.7074347670752203,-1.3477858434105086,1.9101878979352485,2.177778996081914,-3.1319371988689855
2,-1.0244684621376252,-0.9513926156612842,-2.6749364319795483,0.2885412637696676,-0.2029833100536902,-0.14660877451493565
2,-0.15104891284169253,4.5756985632797065,6.288076697183802,-0.1577321840395621,-3.9578697531802893,2.5401325340074035
2,1.6415328993568763,-2.796288251664761,-6.792687557186331,-3.4055455976087012,2.4169000598800006,2.3761689989099035
2,-1.1926720130982806,5.819115029533397,14.284773276981674,1.74964794514537,-6.846389059941857,0.19163168700349945
2,1.5186985730043272,-1.3171674531548003,0.8074887271977118,-3.2072524378816003,-0.9236230878719919,4.525444319396718
2,-1.325895187418612,0.511522067471963,-1.4050516376760767,3.5086007602452396,1.7635624817522009,-4.68524867053122
2,-1.1267925311972333,7.899144292625229,19.943726407906617,1.3031426759732525,-10.06424600036219,2.5954740057440633
2,0.4979002381360467,-10.78938852522469,-23.85887246367433,-0.6552689308241908,11.968256359246253,-4.537805410847118
2,-0.8817201337036858,-1.2375554826391715,-7.084846744724511,1.9791099678893882,3.955740377438399,-4.393144867988548
2,-1.220654182304612,-4.632285413378365,-8.638500059988193,1.6290139377182016,4.407953733351485,-3.51182710533706
2,1.2321822143953476,-12.736292047798115,-26.30485984336832,-2.2313815185432295,12.904731856430049,-3.8183842022978807
2,0.3384251021193064,-4.091548129947138,-12.951846793044693,0.021846989673777455,6.392451371631923,-2.7015281970470273
2,0.8897638246667887,-6.901256950539432,-8.936097565943124,-2.324412083192254,4.239544927120449,0.6568723730031039
2,0.11166210335574102,2.6258683352258285,8.600121968973525,-0.03974749839412896,-3.733335234709757,1.1579824286158098
2,0.7352756952723599,-6.0628530221334165,-13.203230577974264,-0.5296013635347306,7.20114205843065,-1.672626261991069
2,0.16543780894997162,-0.9439835007288305,-1.4587680150937035,-1.4496711886615052,-0.4594452480466272,1.2690112179956574
2,-1.185051639017142,-1.0650507033867813,-11.820974405729704,3.9743022265314867,6.8339643493169815,-8.342868844907546
2,1.230915268291091,-0.6548868963499704,4.3674710856926495,-2.600020907982834,-2.488406542411809,5.215547735300216
2,-0.4342407602114867,-7.312927184934635,-18.486298989244883,2.2238875348405998,11.119076098299393,-8.218606692809422
2,-0.19757862965972572,-1.9193168448463376,-5.796879484290535,0.7635458415677385,2.3290845084433163,-2.3095404801918002
2,2.1750375407681335,-8.940053883047053,-16.144976833750228,-4.844625115012278,7.206237870684926,2.9542031867216187
2,-0.3672452008518963,-0.8916621011797918,-6.418699600660353,1.5081315987953892,3.367803521131663,-3.0178924959651225
2,1.0257117284664619,-5.147053052119653,-9.113894597765695,-1.1853723074896383,4.309083166680507,0.1259777987066612
2,-0.6560895047934148,-1.1980992034561526,-6.7459658861684435,1.3706711005157972,2.4011761587474334,-3.163588425953139
2,1.0083341214908828,2.493447161202295,9.230775634681308,-4.585374012831423,-7.614431876861752,8.073043287912192
2,0.9845663845110868,0.4553733632471837,-1.2243503254309263,-2.504500959896397,-1.1996013062798645,3.0735946731858177
2,-0.29390457922832947,-1.1899711135449953,-3.3003012296745537,-0.018240205467597005,0.858773447487936,-0.7297712164913115
2,2.2915130859791226,-4.021985467246582,-4.57042573991215,-5.228084273397097,0.6104293275972892,6.682591515958066
2,-2.4322284415337103,8.20158576876922,16.617551885566044,3.342348647052375,-8.3087013198398,-0.78038794213945
2,-0.7772189155118996,0.8681542324903342,6.597799139707126,1.0083834714823112,-2.4416295423621834,-0.5539374703120256
2,2.31934486617482,0.2720480584218196,0.4097313186504115,-4.9073027918073775,-1.7517594175694837,6.452163543907622
2,-0.681381827649868,-0.2759517026278027,-3.3084285035623604,2.65341415825907,3.05495510071142,-5.463589984041556
2,-1.5058053796155186,2.6883390382164927,2.9132914969666173,3.1103218415469422,-1.1788952685901148,-3.851615065146548
2,-0.7547844785131275,-7.430962781627369,-16.66104623509952,1.375969263058883,9.264663373759182,-6.1877347804117
2,-0.4166776742779852,1.1318422838297464,4.6257618801323055,1.4580822259644093,-1.676618798043282,-0.8862667271561963
2,1.8859636936083635,2.8108111041663957,4.345918422110037,-5.138984841254078,-4.504071542157416,9.0672796110574
2,1.1013161973230927,-8.27869704592169,-17.709921569577357,-0.8998317757294351,9.495929591977227,-2.9723414820205685
2,-0.1374272399975973,-0.8163682745235342,-3.203438133648793,0.2970122800781407,2.285050986939106,-2.6229242340757204
2,-1.3080393568233561,-0.07072444900338938,4.808992491506592,1.8613552871586765,-2.1476251788418854,-1.108463276656475
2,-1.5073160681706157,-0.08030164951296738,-1.6545240320484165,1.5278162552706953,0.32152190276938936,-3.4875156449276563
2,-0.24185813582330834,0.5222518599447389,2.1132899630915514,0.37490254034233245,-0.6565851861064204,0.16974559169807993
2,-0.1683279696489158,-2.3735756607866136,-5.219309161745634,2.1122313023081163,4.47158342062634,-3.59758277722348
2,-1.0379169217223319,-2.0589768384397122,-4.969828850420196,1.7425591032062673,3.438335453372639,-4.270648844110003
2,-0.27286475587375614,1.2586640310733344,3.2272193091889436,0.8274222347628946,-1.6504620159484897,0.45083816525519055
2,1.5251514504148338,-3.1862048284574653,0.06278993981073702,-2.7067646286630582,0.21703584604560033,3.0144818656456684
2,-1.793165793294599,-1.1395618049259664,-6.400941934509336,3.657448063583238,3.692699211315287,-6.731473958646046
2,0.9032482987694133,1.6784006536353129,7.047914920152079,-1.555041166051458,-2.6895566109756137,3.953982216905306
2,1.3321539429339022,-1.0145418346308293,1.0080344747614434,-2.2167328083259807,-0.3449182005782547,2.809807447042278
2,2.499101680293423,-8.716522137631458,-16.072221538174382,-3.8552184702312617,6.4707634732460155,1.8518772124330407
2,-0.41575270659859687,-4.160346852466153,-11.989999984633364,-0.9959928325971295,3.765236555306915,-1.8567690650817597
2,0.8528939320101334,1.067424101443716,0.0021512578325907777,-0.11461833066167554,-0.010848873780928692,0.93541432318299
2,-0.36603159279070663,-3.443190535464348,-3.5832690515731076,1.4189215502097856,2.9893808454594075,-3.232702006609313
2,0.38830956210355627,-1.4143013081974898,-6.643001621509409,-1.3149509441028886,1.9754458420488574,-0.11675228347393601
2,-0.08151756679659293,-5.49663254833872,-11.835709839590201,1.1032088083385405,7.2474052319515,-5.411560741377513
2,-1.243137831053709,8.29309960665699,16.160531798187993,2.6059191511612405,-7.552805853245582,1.2166689534487298
2,-0.47267664188930725,-0.9648559843310006,2.3609561145432356,0.9307993235716353,-0.8212957752709329,-2.2381339565555716
2,0.36061455376712137,-3.8918271449308466,-5.09141878782222,1.5316828036626646,4.568412999810951,-3.0283582507673565
2,3.385018364125818,-6.732597013183217,-6.801231601987046,-6.9615871669123575,2.261880773960726,7.9333436477461925
2,-1.0303410359284677,5.233154180245767,9.272398114345012,1.4626590408387554,-4.9578123611170355,0.40518534976841214
2,2.260655028158328,-8.756240465006053,-20.008235371842993,-5.512780951609587,7.990655543666484,3.7149267143099984
2,2.03450341722883,-8.504487146235414,-17.25280468644957,-5.4759820966010455,6.035911066362207,3.364889719353966
2,-0.0057224483962431405,1.4013528643941757,8.265256767587388,-0.6239823833994952,-3.796209005979722,3.249479524159965
2,0.23187386549383565,1.1801521266204964,0.36394025057057705,-1.970870504140472,-1.7803459250299283,3.8045299847312646
2,0.853754914192574,-1.229988058673622,-4.307456083469084,-1.9093250655025464,1.7699553753978943,0.1900326674817627
2,1.63990879853343,-4.685315497428434,-5.275216088712382,-4.567946925189308,1.183476795376904,4.593756830976203
2,0.47626613803997236,-1.355302245937172,-8.244155161061885,1.4349639471376232,5.428699499141524,-4.002941835347265
2,-0.6710138427335046,3.2244976257111118,2.1452575086152947,1.3563092072614624,-1.0885311292603008,-1.6461151074084368
2,0.926544921238111,-1.2602517473340156,-0.41495304840654257,-0.5982655291559299,1.6493616152455273,0.5888873617917864
2,1.1536471985613426,-3.483856154628339,-10.344515075682699,-0.3186190575095132,6.138091928700612,-2.58728349993681
2,-0.12047418742990026,2.7120873444543574,2.9310175131476526,0.9570034821232271,-0.7592445599373537,-0.8809682544181452
2,1.1164404455781363,-2.9377475541988893,-9.172608233804866,-2.406409116405743,3.57518686586515,2.612417931919618
2,0.9909009646568318,-1.5511012582486776,-3.494510611019947,-1.1185398063482155,2.1589714823460975,0.2659226832722842
2,0.5090872632158683,-1.9109449103926188,0.9270704500007321,-0.7826973695879161,0.11928230890923908,1.3207319998213267
2,0.18679974413087075,-0.5549099181495617,1.4896056194793843,0.2807094164959949,0.38594346951813346,0.3103361725138188
2,0.4086900147931905,-0.6403725787478329,-0.7121692991988836,-1.0821410800146858,-0.9491504441335368,2.528087433011149
2,-1.3916958987874324,-2.517322411630509,-7.535960903948882,1.659037795920519,3.953511528811087,-4.712513960105684
2,1.5052639560514418,0.9720027803899876,6.954001408820682,-4.023621176690858,-4.6463620909875205,7.298050700620106
2,-2.0186958614022594,-1.9492281760506855,-1.3010357321867716,4.5766948581087865,2.92262404228992,-7.658197455592088
2,1.082588964099119,-6.365584307493536,-16.569653772871195,-1.6232301209209399,8.133490451700574,-0.5163389930614941
2,-0.2898754842395831,-0.290349749355055,-1.0713765127433592,-0.04364026407251605,-0.4356824115893336,1.092229458438824
2,-1.2048995416554455,-1.2877780621445623,-3.0620609877808724,3.6956748153517154,3.3207667049823124,-6.275369978323583
2,0.026198785007390035,-0.09725920854608933,-0.8846708446965724,1.1353497508520665,0.4920703898664471,-1.7859333123194037
2,-1.0593945907150601,-8.263831461398826,-14.221353665077636,3.1468373330196657,9.530868526411137,-8.80788652241457
2,-0.7540299259087688,3.2335332283401557,4.913709805425369,0.2819583161369466,-2.4877740873467813,0.8698296840558496
2,1.1541587541973501,-8.891876033790368,-14.004118642330342,-3.0953586693985278,6.46425814144429,0.8061211113776807
2,-0.3090501375244726,-1.9401202063069674,-8.904586207296475,1.8850072854400546,5.707000567359897,-5.322220344313148
2,0.9871322151380814,-5.788418630730237,-13.454806300952237,-0.3185973819018135,6.495278192164812,-2.7647802801967747
2,-2.5898842021115573,9.268530091232442,17.61728203402644,4.290622495869732,-8.291126470118375,-0.6364396090860333
2,1.9272078313216119,7.497996878968823,18.62373391218308,-4.358752124562784,-10.889987755483487,11.414984260484548
2,-0.023158756504030986,2.209117819513502,4.720318860160512,-0.038013658145296406,-1.9452634527693629,-0.41009711659429765
2,-0.17366222958776653,-2.4085781024870627,-6.872439667825716,0.05760596569073761,2.678516860683794,-0.8001871661985497
2,-1.4501632953555084,-0.39239346506693834,-5.273779839288085,3.429799752069032,3.6875140786119163,-6.373429531030186
2,-0.45587334669982355,2.609796986191168,-2.9992966822402884,-0.46251137107060725,-0.34635541646821405,0.6683085443907816
2,1.040547038563754,-0.28676408356455735,-3.911778020946427,-1.6687034998465977,1.5572924163446165,0.8989641906364451
2,1.0601379738949674,-6.0879878693054685,-14.448209504856418,-1.772599692088216,7.5203314577367095,-2.7288827602327532
2,1.2996992749560612,3.7992836409472677,6.390324690453057,-0.35489209446229003,-2.288048050793004,1.828607798842141
2,0.20573390720828605,-4.503442091714751,-7.2909434568845395,-2.3099969046123285,2.056137930408078,0.9529659832667462
2,-0.6668849654919902,-5.739992275423054,-9.800180667447831,-0.28887224857321864,4.3487579663519424,-2.3849533405163936
2,-0.049083184566156096,-6.710454798069832,-14.839977542261408,-0.07507953282963224,7.5487902918749015,-2.846177659396012
2,0.5024012514427103,1.1948389540688256,3.6834786286690537,-2.18407584796932,-2.295655538249269,3.24406433503275
2,0.4607098188582708,-2.068300702320194,-3.502332696248636,-3.33850180337906,-0.6159698612912528,4.12301881377509
2,-0.5083880695578811,1.1213324951379893,3.2605784219271645,2.2347425450565326,-0.07817213216835528,-3.0693492578948707
2,-0.7367986468928187,-0.5845174988251294,-0.7173611306462766,1.4917947234908016,1.611907273103321,-2.4640638532773624
2,0.605975689084005,0.4851381446504893,-5.642800590318635,1.4318569613274716,3.7860095376346314,-2.832491439800883
2,-1.120436209652321,2.087761190642781,-4.451899956738252,2.110551979689793,2.3156236028673574,-3.9924729569498703
2,0.46948190493382314,-1.602360819249701,-2.522623292007061,-2.5719993420084584,-0.0946494443606613,2.933018665535621
2,-2.3409835917117876,2.377914784648894,6.727441170492383,5.996816998390631,-0.7831683701882365,-5.925185535293825
2,-0.6071254802012935,1.754752088570046,2.0931488415147217,1.0197404739839515,-0.7295116483689636,-1.4776862712836465
2,1.404468486783523,-4.827028716598076,-8.436097256307239,-2.375107246188506,4.004654224517626,0.809966896545858
2,-0.301237339617764,-0.14330532337054538,-0.05372255784520622,1.9252153076399214,1.3661257507640665,-2.6291006720756402
2,-0.22042982647119885,-4.076010010027806,-5.554769052031908,1.2982921813566826,4.0759578441449165,-3.396259066010976
2,-0.6669775738244903,-1.5866183243261802,-6.93871681856466,2.5911180755000496,4.206967708627452,-4.869036616802895
2,-0.8362107152670273,6.982044606204275,18.37485016710592,2.3093206000275672,-7.133511834855031,1.331670085993319
2,0.5738681296820378,-2.4482767054139787,1.5731568418919992,-0.32908476058879466,-0.2599982584416287,0.9110242409478239
2,1.1682913993406847,-3.286127767515831,-3.178362014824409,-1.9201636628374497,2.1664925188305317,0.2710938880186208
2,1.7330784710602019,-6.885048318140828,-16.515457867335456,-2.837215467325801,7.3620477672899565,-0.3014390863961291
2,0.3423290118168553,-2.5211624186720534,-3.5932189226508124,-0.671074679399415,1.6958030751612119,-0.044616421749627766
2,1.1962418161474742,-3.3661946757675265,-8.94771741782061,-0.5823410196906094,5.12642832375404,-1.4259845057480076
2,-0.36215745328962823,0.3411734657514151,0.05908435445107403,0.9935823074837739,0.25891220526196934,-1.5442408014326032
2,1.4461725273476624,-4.271975537389637,-7.160774795925328,-1.4656632716626363,4.883990892906386,0.4499876315982806
2,0.8096558787707689,-3.5978306498878996,-6.96883078985489,-0.2767825883932117,4.351579359211081,-1.3268204088804705
2,0.09775971423465002,6.428434943768899,13.503027260098717,2.446988073207423,-5.605928041142089,2.1212361815248744
2,-0.9818008544936722,6.114909712861188,12.627022833531196,0.8720467067981631,-6.171285921253531,1.2122594828291249
2,-0.9932236194025981,9.749123057658679,16.48058115010436,3.621310122363974,-6.8093827567281355,-1.2117246024952624
2,-0.5718888360057144,-2.4819592758769398,-3.829095213885398,0.3303141556500372,1.9069834643895858,-1.936908660138348
2,-0.32396952202946316,3.275216388876492,3.8918603907205807,2.0101758350169803,-1.6794744114082185,-0.7618054217208208
2,-0.016056125849834443,-5.072483852200371,-12.113521960651404,0.7579697405992202,6.7468552882895905,-2.7530970189243207
2,0.7070936725154956,-0.5635047316026263,-0.5663384694703392,-2.184903684789909,-0.653247621353195,4.495658353119585
2,-0.6412417516764343,-2.340933332210418,-7.67951862941815,0.9670683886154365,3.818418354454416,-4.225747862774813
2,0.30697038357129847,-4.095795721243146,-8.399781085170721,0.8164136704150367,5.3049262425649655,-3.810038446465146
2,-1.9274160995503282,0.07927522520263086,-5.589253197145033,3.0556222837156066,2.515723701368838,-5.4535790022297475
2,-1.4793499277680147,5.523413832185765,5.223189576212607,4.333675997726093,-1.4059846899636879,-3.939121350712936
2,1.6245863545628476,-8.144665907494122,-19.77547945585475,-3.2413910393899434,8.876105146953748,-0.7905300605107928
2,-1.0590926766600581,4.24332173636393,8.396136731569596,1.4438334061695692,-5.131046176978678,0.16966287493476706
2,0.21881895834565748,4.0804695013280154,9.327875494647563,-0.3111397766088964,-5.30927182868853,3.0531543657665035
2,-0.37238334422014996,0.7163265512627076,11.367352902192373,-0.6712071724670274,-5.798158013117604,2.8766986315019856
2,-0.4605493466842562,-0.3346290200869687,-4.465302996940215,2.351887165541182,3.0981035661660807,-3.954278623194378
2,1.5988535995267454,-3.132351528059516,-9.656327141471511,-3.6566780725199903,3.709078657707203,2.7778406089166285
2,-0.3168114597061659,3.996953912141633,12.493147007914319,-2.2925064874455674,-8.283264345974706,5.502539957858364
2,0.8653015539254106,-6.19178359767306,-12.387081178710723,-2.226692158378674,5.431627937127486,0.21798416864315598
2,0.4163639460809072,-1.529800011504469,-4.923274410371545,-1.9817665413545866,1.427475314061159,1.876116428299394
2,-0.7503953861818715,3.3994259997036047,5.115618669168336,1.5783036511225261,-2.509706312521142,-0.7060350796852526
2,-1.4992890535282406,3.337678603202272,3.3257300337895632,3.0841968990559794,-2.0617803214180928,-4.25168157959511
2,-1.7149643045136707,10.168359548819401,20.0154957333207,3.7244600837064086,-9.242979983485462,-1.7677432962016535
2,-0.535835987140413,12.287977791800111,20.325684511046507,-0.08061645343818945,-11.196371654160387,5.93068244275095
2,-2.899545934418224,4.204356146798246,11.220664712155529,4.478398664007568,-4.938319182721142,-4.006540152611758
2,0.16771772441417968,1.5889196002126886,0.6122144321406199,-1.1994573031987605,-1.9375077704100567,1.6424865462643046
2,3.0731802002397424,-11.23875307270652,-13.443428664575539,-6.106999699053745,5.731073296092527,4.986398409812879
2,0.20174161116058226,-2.1329536417678017,-5.275154655464886,0.18498362931356463,2.6617126600030327,-0.950513050154109
2,4.845882566177132,-8.623827050945986,-14.12330518004904,-9.007129821514688,5.406613661076815,9.40552264913119
2,-0.653014777647088,3.2487143348981897,-0.9285323578120345,1.0929791638027333,-0.4018390063431735,-0.8832381699498679
2,0.22492729662767968,-2.3035112775158892,0.44173215452154924,-2.189238864612237,-1.9905461560538809,3.9019810080799493
2,1.5014292818877872,-5.993385719240307,-2.871741677402592,-3.4992506794069644,0.9591671665624758,4.201538508067621
2,0.13166245466751547,-0.5129812795209684,-1.000099442083006,0.9349438524629071,1.4565168160954205,-1.1167320795425082
2,-0.7381202695411465,-1.5422603462584614,7.379895107193845,0.754257240037488,-3.4289093183421113,0.5006632685667008
2,-1.2825472828408684,2.508532637741733,2.421883148254641,1.4286843262893385,-2.3438975259625416,-0.8371238047696654
2,0.5053787387753635,-3.77327795149258,-4.898293862572067,0.1552323525217938,3.7206378783264835,-1.5074817998155632
2,0.4152912985687583,-1.8251834016534583,-0.37956398759557697,-2.0951520460018065,-0.6811135834932411,2.2184259803432846
2,0.6800970517627023,-3.4301316968210522,-3.4780478425381323,-3.9660992585251233,-1.7704914458313703,5.056982492083474
2,-1.4539619373584118,2.9977963159382988,-1.6603410381697652,3.798521920935352,1.7779590603509867,-5.766733531708165
2,0.17698912668888267,-3.891612482762097,-10.606696226721958,1.7541126167604455,7.265702567747437,-4.317936132165213
2,1.0083501641037256,-0.8015050859978003,-3.6285387545889636,-2.408322150781233,0.9368849799842427,2.2588916280522873
2,-0.08150816622969159,-0.00825448424222123,-1.5144129981647716,0.6113664217918883,1.7041142264577498,-1.9033095234413357
2,0.6421521775965054,0.33024824934216757,2.5399000896127126,-2.6901770545821573,-2.1105132735486576,3.8085644912833443
2,-0.4881657411349516,-1.9991657294922192,1.9938229400432068,2.696736768623582,1.4676049428031388,-4.439129613793322
2,-1.5071433488717683,2.4434587885051777,8.186434997314139,3.498666741281736,-1.94547269102587,-4.185036959554229
2,-1.0755285842563869,2.281175150366283,6.588235121127109,1.118213687498726,-3.734460700615188,0.7575163026024783
2,-1.0513193552842033,8.188362384790215,6.319363018489369,2.785898106998589,-2.703992503206727,-2.448788200544087
2,-0.9246799050059067,-2.7505028014350734,-3.502482720719501,0.6933477953114413,1.8431111274995016,-1.2242609752753009
2,-1.0328389410584538,3.77902864293433,4.804342306337905,0.9503460287781438,-2.074550814308638,-0.7218644212482315
2,1.117983283737915,2.157327729928863,2.2683296649573843,-1.4660791142525498,-1.1291140394058519,2.208635945832694
2,1.0467330330075288,-1.7831343004567586,-5.530455649255519,-1.595386421943238,1.9457508118802513,1.3950173816828335
2,1.3868943033208934,-3.9490449539396777,-2.037986853760952,-3.172948444092329,0.4253948628737428,3.8072218983801527
2,0.2799900048137768,3.387518634390675,5.862688787496616,-1.808321115402523,-4.425189448767421,3.016007218340305
2,-1.3647488025935472,2.155142090513569,0.7722641040303534,0.8961548104130075,-2.308233404732218,-0.630703715951732
2,0.9866807307841354,-3.444610603020292,-3.8047713851301848,-1.71505390476695,1.4681355719196079,2.0406804919740313
2,-0.6464883055250971,5.33517517303658,5.841732193157668,1.990338421003433,-2.0259662556197013,-1.4732157451158434
2,0.907251215955228,1.8320972503097606,-5.524989548550127,-2.1773630753439446,1.269843459673506,1.9906189210977685
2,1.0123199422600253,-0.5727476527604864,-7.759674847713388,-1.9706708132858315,2.09757704895949,1.3061688832826026
2,0.11457260506563886,-1.0159532615815308,-6.970139059268376,-0.04615236069773792,3.1747273121846753,-1.0472137942434543
2,-0.49644655070038735,0.3911797347713004,-3.43284598578996,3.115734184165455,2.6356083545700955,-3.7371693836564885
2,-0.20787497281623232,0.9064338439863113,3.4149998472864422,1.1846621405680926,-1.0143814515556238,-1.7116932947768067
2,-1.9842836096184089,3.121968302638085,-0.44689603708749215,4.160103866195984,1.2938767375918634,-6.179940489731833
2,-2.1227835850218693,3.877467300146893,6.245726546246173,4.873578511711141,-1.2661805683372471,-4.827413031058273
2,-1.5644593899020294,5.943888203782355,0.28373309797438706,2.3496819494849563,-0.9625595657018824,-2.8289131846898243
2,-2.246730879806497,3.3798985289329817,14.390880364072078,4.618114497902387,-5.712615872660305,-2.545672631868702
2,-1.7346990905551625,4.055240640654802,1.0173349685178603,3.2291464933580523,-0.5824801916216276,-2.9408275760858675
2,2.0025813763579263,-6.013838368312631,-4.678678135884113,-4.320519407783015,1.6128220260668202,4.266701026768954
2,0.07943040781488808,-0.26141061938951343,1.5144060920317535,-1.9936528214221707,-1.7263894066616823,3.045925924699062
2,1.2749094714039888,-8.67138411502663,-14.241729512623625,-2.880732489789285,6.258772186389264,0.5896516628773544
2,-0.2009262155550032,-0.09297410288086895,0.754752598608872,0.3032944620279072,-0.4843263648962148,-0.06717721390780722
2,2.326006284067384,-1.6573031448195308,-4.796181451551985,-5.062195368932717,1.6006147946521843,5.39914515935508
2,0.2967954775477112,-3.8887433698006237,-8.424626743986545,0.6903297367788401,4.1524157027514095,-2.072154518159281
2,-0.6319790485683665,0.05846087213317694,-0.3770120565812334,1.6953234042299496,1.5041676850613372,-2.584166654805122
2,-0.3942713017921318,-1.218342677948839,-3.0634676389937603,-0.4223022608249659,-0.03333065122262929,0.7701844147735634
2,0.7223163042443542,-5.849273298793271,-10.48330770246336,0.555186686614931,6.621441118437672,-3.739923903107163
2,-1.715466980329439,3.6005352005291904,8.311904408885905,2.4059308074939474,-3.9342319125563834,-1.4642562525228737
2,-0.390539771488436,4.1010284026607815,8.405275752871033,1.6584041332915047,-3.673296696836217,-0.8767365243952954
2,1.4288849634290226,-4.194188474549041,-8.39869257100874,-0.2051912326878461,5.184963413708522,-1.576755110262119
2,0.19492612068715492,-1.6963585168894881,-3.1689361897617716,2.4953090623775873,3.7552261749723477,-4.32625233690736
2,-0.7253457041305464,3.7107195399120334,11.538330874322215,-0.8630494871046243,-6.187932053202794,4.2896577268660545
2,0.38727938546967855,-2.8471180631595843,-0.7490152238939716,-0.29200179323118003,0.3206188749356099,-0.3679880793721201
2,-3.2010353352666265,5.957662068746302,15.346563589072284,3.8512015871379344,-7.6717477171231305,-1.6140456717807177
2,0.23829427504369433,2.8945530402783,4.315795897427763,-1.5797251434092232,-2.771965567056964,2.475001829020352
2,-0.9659750378915524,5.751199280461257,11.483238620457296,1.2821146816955697,-5.0756647661307515,0.40996822967680213
2,1.7700167160758884,-2.8471644811947043,-1.5766298138136725,-2.194957086620711,0.6650039930390128,2.532754140134281
2,-1.151007458174251,2.91012194853812,5.838589949788484,1.0723417379528284,-3.2302666165949705,0.009513078967353102
2,-0.6706698727426822,1.570491930818544,-1.9179390934617688,2.1420073513081688,1.608331447409795,-3.3240267525177214
2,-0.5686780212630697,-3.4205255339381964,3.9979563191546585,2.078264179084766,-0.8078652884363627,-1.2259715430139815
2,0.47272588382897845,1.6853830198731525,1.7432089352560776,-1.2231203867544136,-1.2581417200259206,1.5044911692468124
2,0.9235660742164145,-3.2564666408379077,-2.3899096027068283,-1.697871730764829,1.069685261277045,1.1786058592990423
2,-0.47924574541726994,0.5003260843965445,2.7880017591908874,1.4027337109112668,-0.994744384738247,-0.6115611932841516
2,1.6233670537974354,-2.4347527355648677,1.5402020324966674,-1.7940676534479532,-0.5941016793456788,1.7721766562102674
2,0.29518746045566013,-0.9777152697189544,-1.1794141117577397,-0.5065859597048725,1.3679488610397945,-0.04981181648764436
2,0.7466242520576387,-7.298467342850359,-4.098787824993628,-3.284256410749218,-0.10433613545069018,3.567353313801045
2,0.6808535201246473,-3.1399800618913614,-8.57986140556997,0.4446710196510276,5.337019440995121,-1.9195172884131242
2,0.27187762328033865,1.795763637472104,-4.890088133929941,-2.386330716444615,0.5277495168148703,1.739091833457896
2,0.21275656273911406,-0.6000057596918861,-2.1706750556548577,-1.234951522369211,0.06144707667027785,2.0761592196981846
2,-0.09639015839565396,-1.767269360163195,-4.041428248114048,3.304524800824445,4.269847669413854,-5.222624467108433
2,1.1511313733014783,-3.1115133350766224,-6.005419171368873,-3.4054021038153497,1.7911392826318902,3.0995110932364662
2,0.1973907710531901,0.030601539725131372,-2.3980781198901946,-0.16313826187304778,1.2046739257458567,-1.1401468647718451
2,0.6336665846807966,-2.4003205948829653,-7.176559495722605,-0.8002113500476988,3.337061255330019,-0.2648677618922573
2,-0.9282208843225265,5.080159638842248,3.6986095521107623,3.0508934012887052,-0.049060894961403166,-3.4873432250931793
2,-0.31708633070276776,-3.993356421205821,-0.5051542219968238,1.0262835253434608,1.1182574066186641,-1.1124490371968123
2,0.84766587267195,-3.491234912211104,-3.596358610470731,-3.2928883482919544,0.07305410301713734,3.283318660969101
2,-0.15822408811161243,-0.5740666082055905,-0.1779163553253808,-0.9692369779934075,-1.5182430148031818,1.3704609009921942
2,1.3115104147877341,-5.743178744315117,-13.015306320269067,-1.2659578041600135,6.970176987969966,-1.195352157901658
2,1.592490043225305,-4.25941738276535,-10.846878788417898,-2.5523166464902323,4.540358811306775,0.029931016745749196
2,0.42582605166774967,-2.679208941178019,-2.6884460693925645,-0.2655194108328261,1.0230622026087954,-0.667295406751277
2,1.1043281478637872,-4.6415054700459715,-8.061185850204572,-1.7129520718722064,2.685527881616821,0.938428260740204
2,-0.11783753856041723,-0.158588501325239,4.531437819174551,1.6395477504082878,-1.6552666869199824,-0.9663898880500563
2,0.6271029419517452,1.042326098431103,6.094138944349304,-3.3049456365726138,-5.038199311406217,6.063763151635384
2,0.3299452505726652,-2.1368748155950725,-5.000456015411321,1.0560349848895374,3.1533945707022637,-1.739231084558698
2,-0.40934970279020805,-2.7454838074899377,-5.823888149056775,2.972169641228762,5.110882051091248,-5.07049150645756
2,-1.1021150177611712,-2.173871748698488,-3.4029859556066406,2.8448610079983023,2.717508250551385,-5.605152228549739
2,-1.9293812572849212,1.4822777587481497,4.05834314218354,3.01956209581295,-1.3996703329003093,-2.204564247263264
2,-0.8942864041042332,1.7900590161852383,-0.48252610205364077,1.3968222873143459,0.7976301587578745,-2.7515119551283553
2,0.7313350757025994,-4.188468380356421,-3.115144927081202,-2.8769084635661195,0.22905611438126441,3.522257978712658
2,0.8195733384828219,-0.5788562424047888,2.318747344887256,-2.8833083481232014,-2.704242357396288,4.312160265152572
2,1.3438315413542552,-1.42899500330009,0.18551699608559347,-1.765803446160824,-0.12014434417511546,2.0656025067073487
2,0.6435844985584216,-0.30287029503917795,0.7081647378746769,-0.5993942679440346,0.0051908866189554065,1.785838612001066
2,0.22062757334134975,-4.086596792038286,-0.4762612581183993,-1.1157277054677721,-0.31348334128578836,0.8345017327110295
2,-1.303588759154665,8.607800299047799,12.536205518340163,3.5009870022382397,-4.639305450339926,-2.0095753825168026
2,0.054754560615346365,-3.1882079718322225,1.4298080551531065,0.6592912879915074,0.6790768259980898,-1.5476404773456953
2,0.020070714586816474,0.5986325855349329,0.4859937944386463,0.2724234223696479,-0.8321563934492717,-0.37606610141606417
2,0.8635366875359836,-1.74703064179246,0.475833945987024,-2.4255392093094756,-0.11399700479593819,2.547922528723048
2,-0.7793551000083004,-3.1940832193466364,5.260370738768135,0.47227362156706515,-2.996452714483024,0.48749221550359784
2,0.1868807613000995,1.9464953631243729,0.5935133514715933,-0.04882547539569383,-0.5711571757592444,0.01753606993114911
2,0.559392740405986,-6.059665155924117,-5.484902579523943,-0.5517225438506157,3.7986612096746084,-0.9984545129261142
2,0.8586748138411543,3.4690952668295862,0.041379083870499295,-0.11087892966050328,0.3356394336019085,0.6537780391879007
2,-0.1167353918091148,-5.319852331478374,-8.175613857069067,1.6510789985342282,5.692620541294896,-3.2494069490837045
2,0.4975836308646018,-4.6686621879996295,-2.8467779151365415,0.19393882293139722,2.754750332589546,-1.7150373308291256
2,0.8392385525627497,1.2500476124872821,-4.457496932742914,-1.0019067499605132,2.4739871542898344,1.0515416649693687
2,0.6700090586537449,-0.27606328117991746,-1.0733010058172687,0.4552143828103414,1.9700511007384023,-1.1176219274982522
2,0.05843632791699571,0.355613895214979,4.191203043225513,-1.9589714560075033,-2.8300230161375266,3.1627889296711986
2,0.273703529151321,-1.1767680151796123,-6.308024483331384,-1.8387476269394518,2.009132963886508,0.6711670807166518
2,1.085433217576857,1.134139276966881,-1.134030395744386,-0.7926796576260455,0.9513364699560497,0.2622638894613689
2,0.2991095197982521,1.2919793906767079,-5.75761422518884,-1.99906228306632,1.3453200894351351,1.8938454897145287
2,-0.9624948136586651,2.158454522911048,5.751811867621132,2.2308675689836948,-2.243120466263586,-1.9242021287460345
2,-0.07869973160927252,-0.054775771743067164,-0.03760750194242427,0.22603490126601822,-0.3269510301967253,-0.43145599673265195
2,-1.8405239285701178,2.5312813638877105,6.041582850880476,5.176572553830735,-0.40713613036818025,-6.1393239917448135
2,-1.1454785389097448,5.240524768201772,11.44010679102258,0.6163563116403394,-6.6782905387460225,1.7288732930004942
2,1.2998906223205715,1.910561406998994,-6.061436914019786,-1.5186668846778695,2.6651556921891166,1.1465095764269093
2,-0.5844017786934134,1.945253686992944,9.827088514088846,-0.800281688323284,-6.036288182338184,3.938498176621922
2,-2.928521413655076,5.004296533673869,7.150892013136217,3.5160090232062657,-4.0523779138115374,-3.877315933591143
2,-0.9607099988774634,5.017153999584831,0.7685790796177957,1.658696318311095,-1.2694940726268586,-1.5375252664530505
2,-0.37841813580281125,0.7795684440038781,1.193293568415486,-0.10311640409164056,-1.2644651278934609,-0.056235844557318684
2,0.3585647821622291,1.51008166139002,4.866551007082291,-1.593162531744481,-3.2946596308898664,4.092807368142981
2,0.6776633561101588,0.5697682871651165,-1.2075582307922645,-2.43899453280019,-0.8396815180390479,2.9096859330678435
2,-0.26217983008088247,3.044358022986144,-0.9075229924892648,0.07314589549680306,-0.33708471044456334,-0.19445981995481185
2,-0.6058519785081012,8.823929254742545,5.895759795039079,-0.4113266954353312,-4.865125477406702,2.402004609265764
2,-1.5071732876179276,5.37634507442433,10.196069128446748,3.028904412902327,-4.528716420344701,-1.4095238417366485
2,1.9737580353460789,-2.6554649506003285,-4.6878071602769635,-2.954115391374416,1.4761043670418637,4.15544541306689
2,2.218358275852123,-9.710373473589598,-10.818977274551376,-3.3057595599750327,5.298228683969231,1.8614398038471367
2,1.0131216105417578,-3.5354350621946438,-12.936622601211685,-1.0570347809885614,5.779915128590774,-1.114259677422955
2,-1.7810119914291613,6.608934244494715,11.064889759950558,3.7723103216541167,-5.294400226249302,-2.598375083569199
2,-1.7398761347480962,-0.4663735282305445,5.82831009878496,3.441680185652744,-1.699758023871545,-3.688181608049401
2,-1.1521598027379965,0.7368361186441713,4.073774029544598,1.9872971896966847,-2.782304472613241,-1.8067137607414152
2,0.5894325902357627,-0.8384567462561224,-0.36656451004046225,-0.5724585130327897,-0.16554978831796333,1.811510280944002
2,0.20967504915089358,-4.331640651251644,5.830208086426737,-0.4016850961073305,-2.403982285733731,0.9892089174450958
2,0.6970950461086522,-6.0470785851006115,-0.9022173157370224,-0.43815361139344866,2.325710679639166,-0.20403451960159372
2,-0.09447584582204607,-0.848743272075361,-2.1750731005421993,0.5884080537407532,1.2658640571068898,-1.2539454591787145
2,-0.5482006469709007,-3.7795933024700927,-10.247950860591043,2.439983576316894,7.107840003434051,-6.108587922853937
2,-1.0729484542894347,-0.13056949995628414,-5.2039907730940635,2.7132495927001457,4.286463520926763,-5.346179512347585
2,0.44664890481696196,1.5103327148372603,7.160270551049476,-1.440055266163441,-4.297687189003257,3.3606106055590534
2,1.5603634807592852,-3.989862706348813,-8.331604228531774,-3.605856786374419,2.5562188192905126,3.9487614343038566
2,-2.1160103183264276,3.4260570172260767,10.824876450878593,3.013743198179455,-4.642366667650048,-2.0025970130337374
2,-0.210096847052071,3.985598094514243,3.9121036896178802,1.9700421844834972,-0.936973672207105,-1.2605189658267393
2,-1.431528324702727,5.779166305142815,8.555286153663818,0.5116597473364033,-5.534940771530131,1.3976313831372875
2,-0.38897857940826513,0.5423666473080784,2.7790598438288665,0.7049103600139603,0.028777045878909502,-1.5047105164978418
2,-0.0026910154016928506,-3.601246929623326,-0.889354961406115,-0.18480739922581813,0.49836245248736855,1.38687118850185
2,-0.021873138139941697,-2.9140761399061277,4.155861699824379,-0.24445684405939686,-1.3919002110870147,0.8878616990454632
2,1.7452395198166375,-0.44686278558098474,-6.41799684490974,-2.5559635813816626,2.9464730606120804,2.078524911139676
2,1.5923545996200705,-2.613807864069196,-5.299046419026997,-3.450788236767984,2.1798037581841125,3.1788711812645873
2,0.4077975607175319,-6.567410714629253,-8.682980546453145,-1.0814495831800004,3.517729037083354,-0.09206810736586311
