,0,1,2,3,4
1,-2.2814070653991343,6.276288080720736,4.917113347151258,-10.651263614398117,8.22257672403346
1,0.049710423794234626,-1.3590486555512478,-0.9207018458341312,4.687517670061931,-2.838445678263724
1,-1.0992278379856302,-0.10624097927332568,0.33406810647562046,-0.5178789146191213,1.3814778139327815
1,1.3400512574972914,-3.8440749687372815,-5.144139519544241,-1.5754792780777929,-0.8531610619951948
1,1.2020138738808333,-3.3454819550003925,-2.09059861992079,11.67086029320025,-7.175488306317188
1,-2.1837196952242675,1.7827157901224013,3.8141486554184443,5.8269699881295915,-2.4438082662114153
1,0.9056309645466531,0.6278564214795912,-0.28992621457424383,4.921603836104368,-2.246385300303044
1,1.6812730705482188,-2.852262518725627,-1.6005343129025469,8.78459207228339,-5.095242953425045
1,-1.356051117851399,-0.7822482761331159,2.5902655873908205,8.624306791953739,-4.563437447427247
1,-3.132267608078441,5.993562108873473,6.658938307399627,-9.550009849176394,8.85474700661222
1,-0.3674876337392452,-0.4229465825765388,0.6060941229121316,1.4087720777772736,-0.6598477414009518
1,3.1702980521740995,-8.485186048649744,-9.712513620299843,4.313356337538041,-8.72645768230984
1,-0.4429100900577786,0.7293596066515383,0.7110326341320996,-1.4033220480058333,1.121502998399344
1,-0.7997320666106553,3.0682647087484853,2.1275271916289666,-2.937680423549799,4.349404932185195
1,0.09562110054366671,-5.3028708466068455,-3.537624834950692,4.849574255460573,-5.715093707321902
1,2.187682209306409,-4.943204131251967,-6.442571165777996,0.19928351858017168,-3.9396913481891924
1,1.899932199192233,-2.1209080051104174,-2.816021044321388,2.1079598719014423,-3.329511976802378
1,-1.0066036195722612,1.6130229234396425,2.143421641121269,-0.3062302179935189,0.8861761160356532
1,-0.09618422387158122,1.345101523479774,-0.011461685854902256,-4.997441986098923,4.333620459759339
1,-0.13504883856223734,1.481181290805327,-0.8376919945336435,-8.86117202298114,2.841094025571504
1,-0.5639121009900937,1.0913554473007163,0.6754156596088874,-1.45068643241364,-0.09095774750601725
1,-2.86436747648971,4.967968943816447,4.104606894860905,-8.217454342979455,8.01068517629699
1,-3.1575141799272366,4.6760112362008535,4.632226196853693,-11.117267953117723,8.80695504762094
1,1.712375711160774,-1.3669751076901786,-2.9530166674664966,-1.7121643724893243,1.1873731230204032
1,0.18748114885699763,-0.37635147692275145,-1.3705864404388528,0.39639290207214184,-2.1824211560261157
1,-0.20309456925201427,0.9743756573558172,1.8473412027321259,5.816640652269365,-3.1277091590185253
1,1.1214208359342024,-5.8120638203891595,-4.800815290648165,4.675371395835193,-5.365665435028339
1,-0.29859481063116305,1.6741153862752973,0.9700210919827785,-6.008467682120469,4.2323909866417555
1,0.3877992677184937,1.0708666322086948,-0.6014277164841646,-3.3886274170283657,2.749756656247577
1,2.9134742337724626,-8.718543414819301,-5.248170827623525,16.94880158232364,-11.842152472342377
1,3.081604225664141,-4.686755734085104,-6.48739412144156,1.0275557381774871,-3.649213906176627
1,2.776028123849302,-6.927332858323094,-5.401745856459572,11.533436156839144,-7.763197599589807
1,0.6187011889034604,-2.694453783993139,-1.1359728757864047,5.789148758184079,-5.044171842239956
1,-1.6936315285877659,5.693868693402963,4.486053535449161,-7.258530229893111,6.238601672997134
1,2.981662603186992,-1.619299229628442,-4.22285935721069,2.0202237407285373,-1.6122367137578644
1,-0.976240396768308,-1.6864712578487526,-0.8935210645242675,-4.990923288030084,-1.5137443838452014
1,-0.18006452880637897,-1.2345414652417914,0.9493185135092177,7.459853027359246,-3.3633737076845254
1,1.2075141076668654,-2.4087460356570736,-3.1234658306163077,-4.106519577417113,0.3077687036138754
1,0.4917148856714079,-1.1318457617500517,-2.131382367438078,0.7825968200122104,0.28873338145513583
1,-0.7822229659648108,1.5265059350772918,4.6225315234870035,6.50208753804259,-3.282067503152101
1,0.0026698008029760606,-0.49519192023329495,-1.4182161796778963,-4.783603568471031,1.1420896179763076
1,-0.5808906350455914,-1.1921919027266599,-0.17183416137500504,1.3492459395615914,-2.750238932374555
1,0.19087648157125964,0.08614364948974661,-0.05126525614249223,1.5142870179833257,-1.6312957112273305
1,0.03035013992444966,2.627503293431695,1.4908917114952576,-2.144123683024423,2.6541728242329414
1,2.112791031238649,-4.952844960646717,-4.834572847500814,4.9859668138068685,-5.599895848352392
1,-0.5616103564345629,-0.18358760269189103,1.3011634672921815,3.64328602680207,-2.4697999129736057
1,-0.3039953616026194,0.10006283543606725,1.6943959608632593,1.4987442586273068,-0.2041010181762142
1,-0.8925875179053046,-1.2287417435614234,-0.5437783395076796,-2.796979189954835,-0.37750848438614876
1,4.059099260352479,-8.200998357734978,-7.369238939072106,15.726628258118435,-11.116208201797138
1,-0.9449567374414174,1.3520933664009305,-0.36806541471290444,-2.9919088147290087,2.076080778060274
2,-0.5670583926480497,0.42817493657057326,2.7432390170048033,4.065604587431629,-1.5644628597936614
2,0.026871662051262596,1.2219027964693518,0.23212050696889563,-2.4673192545144382,0.43674893444168356
2,-0.5429529541013699,1.6238795566320845,0.6246747394657068,-1.7059012098287456,-2.984207458296702
2,0.8148450758766251,-6.136548258452221,-3.375240954596792,-7.870213302054662,12.292029488107005
2,-0.046664617405921316,-2.42419942051216,-2.007382890933288,-4.765386152999244,5.51560046505405
2,2.5746689985738516,-0.9539362669255835,-2.3290840950242515,-0.677031062800997,0.3262752963625818
2,-2.611779085203964,6.2233044128736745,6.039930399822966,10.558631843014908,-13.666936207660187
2,-0.08891982807546028,-0.10891207781533696,-0.0663541660280772,-5.874484168572054,1.4808436917091912
2,0.52735810526172,2.267003663431195,-0.46379903179842047,-3.310854283021115,-1.4370535722862863
2,1.6766558109489553,2.127593147971482,-3.5746602988211715,-6.39817665537667,0.12381503137710065
2,-1.3019416588597261,6.133565237818127,4.131037141960506,5.150974639549989,-11.824316865866559
2,-1.42453749128428,0.45316302503938344,2.261026081078202,1.0142603301853963,0.07874544923347253
2,-0.7190838148577069,3.389871689866346,3.180748678658653,2.4222592420594826,-4.371172350334887
2,-0.8594034985367214,-1.6117629309914179,1.367583185263448,2.0510705571805774,1.5007519394921662
2,0.7951705634241775,-3.938037827691023,-2.9317255824511053,-1.7678819734228721,4.869975233526413
2,0.9773651025360892,-6.013350417909029,-2.6823576745324256,-3.1339332944982847,9.93693996241472
2,1.4635328491005533,-0.7614328441312992,-1.7194018328859937,1.130743289640574,2.3824749548401423
2,-0.38372783626393236,5.395824459439408,1.8393008857636186,8.593826501454258,-11.599969617127078
2,1.243905261064232,-0.8080087212559405,-2.0663972071622028,-2.63659476244126,2.3444137441857555
2,0.8469930296270257,-0.04670071073289961,-0.7377756809156842,1.3199005613796007,-2.9422189315547804
2,1.2692278900999738,-1.455663375501664,-2.4031929463879784,-3.9389055757193736,3.1954309741769156
2,-0.6785331409204145,0.7067304478251311,1.1368025171546035,2.5301217828000455,-1.8331440976121136
2,-0.3546728815789755,1.0270939122849678,1.2805306386122515,6.332962360573768,-5.125659790859379
2,-0.5842705609824459,0.6648609095259285,1.2772868113654132,1.616461858810879,-1.3866923659891373
2,0.41779325227396624,2.9770585562626932,0.5406565677014294,2.2484778122866613,-5.436986141521476
2,-1.3728995437762577,1.9960606181487563,4.841863536138176,7.850356484116718,-5.656762389565106
2,0.40666871167663554,1.3336864239251196,0.6403792903016886,1.9812554630143493,-2.3107716367517734
2,-0.060354879832947655,-1.8372110719254395,1.2003082433078265,4.275807768920626,1.3691761355024907
2,-0.35046930551646427,2.6408206601207715,1.5158652372226662,5.80582923766722,-5.058735595844552
2,-0.28440475580529534,2.36525479381538,1.5218031457747416,1.9050396591078715,-3.8929127436105477
2,-0.38979053940235997,-3.754822537033969,-2.242243021120036,-10.783684769139914,10.543572925557605
2,0.6513259883674695,-2.4710129184361853,-0.13102453146197668,0.5818935532746942,3.4311011876372306
2,-1.9456260337920552,6.373377677185855,4.324808505317668,6.567287571624941,-11.735951075020058
2,-2.0044646742045993,1.696458844566958,5.001030350333472,12.331648266652602,-7.866333425550448
2,-0.8386745980059866,0.8239040112253856,1.7000566093688791,0.8622886480563399,-1.267151952847282
2,1.8105677624272192,-4.573993667207847,-3.4107772126233247,-5.3863830332657505,8.649611348131652
2,-0.897597378193158,1.7174594720492646,0.7875111985895702,0.07574126788296859,-1.5828060994557067
2,-1.136667712655083,3.1599906162319535,2.7610070087983902,6.111112754012747,-6.788428202708924
2,1.37162249884417,-4.926841450801825,-2.1200630076588287,-0.48596746533725893,6.765040788333651
2,1.5682563499302855,0.9326696830505234,-0.9831851445873423,1.2658210841849347,-2.075926440065431
2,2.2461778731968507,-6.150660859786771,-4.093751565266904,-4.17148153062628,9.296276933701172
2,-1.1419610223208299,-0.651885602437654,2.3162795803498932,4.402945764463899,0.13879903374736702
2,-2.0280073463087893,1.1120418230636342,3.0338212805409634,1.7157672658575716,-0.047931749291636766
2,2.0575913427405528,-9.888893037745696,-6.719965798460778,-11.992303065435408,18.97273481242195
2,1.763532129342465,-3.1655416232104323,-3.4184901595609607,-4.011438532157659,4.724563581552588
2,-1.9950737677643415,-0.0054747859389207565,1.7455918862335693,2.6134568052617757,0.63186617155706
2,0.6141233367876394,-4.845713097583941,-1.388838745657239,-0.33764351242062685,6.028160033275674
2,-0.3015419013496073,0.7363770735922279,-0.05588057197515096,-1.9426013099972694,0.22102927055245875
2,-0.29443323354104833,3.397876519342887,3.6445473142298854,11.376843854504834,-11.598533969736739
2,-0.410776449803365,3.745510573778592,1.284993586948579,3.501679527868981,-6.975176366089821
