,0,1,2,3,4,5,6,7,8,9,10,11,12,13,14,15,16,17
1,-1.9830067727728742,-2.7565233234686093,-0.73139840797591,-0.8262392788015839,-1.6935679880858119,1.3227892787779734,-0.5679239161831441,9.263894331872104,-3.3406516171405185,-10.756830228719561,-1.3752158701175192,-0.2062032950074394,1.1271556033172117,-2.91306785187967,-6.947902696973332,0.4210542269538128,0.39711340635516224,2.561519521179779
1,2.7533791921936794,0.07459251807990348,-1.6350817011535548,-0.05108312757510058,-1.7588764979749374,1.349356234754867,1.4929980281404847,1.985752383451005,-2.0476377144014646,-5.086064577043562,-1.6788691501625628,1.0981650381235506,0.15796782087699268,0.6722766375077271,-1.1251068550334604,-1.6970158397206228,5.035195850533901,-1.23560467280591
1,3.248311534025152,-1.1762511997969454,0.15985529079877883,-1.8998054272336637,-1.336125742813442,-2.642649716615344,-2.2097908427095514,1.1087031577318829,-1.6975681719410518,-2.9603085309697494,-0.31185851452416574,-0.14244035339249891,1.5631990840191379,-1.501743919196304,-1.0497131767803942,1.004635764027901,-0.9727340302186368,-1.810412236841992
1,-1.5030607744209992,0.7994785351076338,2.389866325384952,0.024125072415436415,0.557045791455309,-1.986000800885834,0.5351347870290676,3.267976623690133,0.894181059640961,-1.3851030351940365,-0.5102851072742874,1.2614374583349826,0.9816686804508886,1.066200260273805,-1.9810525918255468,-0.6167328410514211,2.9993591161276276,0.5061547919789875
1,-1.2728176808578264,0.4129924188546231,0.3527116456036064,0.4070150784080029,2.090521173588774,0.7250392656064129,0.035645003785323294,-4.595649800133432,3.378760565453256,3.8754239012735994,-1.0427948754207892,-0.3989648844308606,0.11623077576897994,0.9835700336591042,1.4280720931218376,-0.6486774545065426,-3.112967091924672,0.5957263733865313
1,0.2435583428625317,-1.6632768598887877,0.8246825544645895,2.625455401504581,2.4479861317378324,-1.6571473896784013,3.5980408505906505,-4.677863455007709,4.071206943627619,6.907519353935359,1.0664244613957055,1.531924180767464,1.7348842371039659,-1.9947217908078978,4.1394462882942245,0.5766739413683871,-8.41145757145869,0.07138283231739571
1,-0.7521388606126178,1.9874062785760152,0.9909384284292659,-0.7061463730758493,0.1305465500692203,2.2903772032456864,-2.353433025915044,-6.126359134031889,-0.656109238915395,1.2014351090576012,0.6497752321751626,-1.4396828535192685,-2.524388410408997,1.9929448126012623,4.044049822339816,-1.4459077644505378,2.0181294665431446,0.032131189173144614
1,1.3725468950611048,-1.1563593895204922,-1.1625547772990943,1.4033579702545331,1.4693898252924704,5.859050341405526,-0.8544784226748164,-3.716168527455584,2.5564670496318973,6.436761799537418,1.3293656638400693,0.8164000559661466,0.598409504036187,-3.1915576395961502,2.739076738809417,-0.5699165300838995,-7.910083803523864,0.1886610684781398
1,1.229689387089941,0.2408196832625629,0.41246988948984686,0.3868263900138972,-0.6337488910485602,-3.0182655250540775,-3.3234353370593843,-0.05464843910628731,-1.2060620584539476,-2.572315719076382,2.051241552061486,-2.1328999804652162,0.7153191313864652,0.8133364758636231,0.19842276159651315,0.8573991080602873,1.825645380643696,-0.2714704032352928
1,0.20493647844794188,-1.3808332515972088,0.43910762620179195,0.08585888504645346,0.07567764385162074,3.4843825084999196,2.7401768988679533,-0.9332800349109114,0.36196465069701145,-1.0424477644523855,0.5338051734553246,0.9869251880385153,-0.8995414199885763,-3.938151135747836,0.15754157335369545,2.6220968987260074,-5.546356205972888,1.0718138865563496
1,-2.2924333508909807,1.4512593873070585,-1.6601361671195438,0.7613344058687777,-2.060512808089523,1.791261320196652,1.381765575502475,6.630539771826969,-1.5169494751939334,-1.7189562040684279,1.8440077459748045,1.9065427073841652,-0.7771857049745587,1.019690057278609,-4.340397100533252,0.6564363978276734,3.1706268792866945,1.627352156480855
1,-0.23900815566011419,0.21114222335125404,2.260078723726288,0.023584426071266547,-0.08305232403102986,0.12406749685709659,-1.4237188815649695,-0.2437523607673067,-0.33824299813908204,-1.9338842997807149,0.3539344769361764,-0.08552700370261282,0.04765604710312837,0.7895029667080876,-1.5171704963951917,-0.3644217200917036,2.461670427236535,0.29456232251296327
1,3.681528068407512,-0.38761216955939015,-1.2929312079392679,2.0456066588426434,1.7148565298530807,1.8319923067661423,0.4794791940394541,-9.141604044689899,2.966801595275754,4.273231590612741,-1.0664435025515853,-0.22318732077978395,-1.7820051945296018,-0.7323502121335294,6.096533134077438,1.1330799812609396,-3.982868252741094,-2.8435375667866505
1,3.429796644212459,-1.80228968648127,0.6580005727859287,0.3099212844589849,3.0076080918093107,1.1195904137703734,-0.9188343209632915,-8.800178510555536,5.8541518750476875,9.190665194997258,-0.6582854011844418,0.3456669468492359,1.6730756693096922,-3.3178668059842815,5.098983572248263,0.07195210240655303,-13.41622863810698,-2.5975392539844324
1,2.1111914561090894,0.34885982172777563,0.37842897754089694,-2.1024312312852844,-1.482116697871764,0.11690323735987948,-0.853197744863564,-0.044367536818735405,-2.368700140604785,-6.830021616169315,-2.7601666619643743,-0.1315924687455931,-0.13248765201519802,-0.054097253317498206,0.30123756339824176,-1.0029760625237074,4.7624225663219555,-1.236679798533555
1,-0.26890449001917877,-1.0020048421385797,0.3392039101163516,-1.0765476043006421,1.7067278679393758,3.4888398503068143,-2.026998261413165,-6.01295380511532,2.3279697930346788,2.6925839356961934,3.303054094043822,-0.9995018608458515,-1.6413276276164965,-1.49836437728763,2.065524291373559,0.39466157921925027,-4.499818481727133,2.067232840292039
1,-0.8734308623684379,1.6079854129717015,2.382794992355037,-1.8504328179063594,-1.7727047145430583,-2.7156529933409317,-0.7263384046564997,1.933377596951477,-1.7939041822955473,-3.169409889662872,-1.8412290489414964,1.7561774626903812,-0.8309900447292636,3.8355618221563175,-1.3710123379801233,-1.8921511187913518,8.720611354739242,-0.5761169643100463
1,-0.9485823938382298,-0.9315533195209272,2.760833950772382,1.0963104643530666,0.8745790157948217,-2.92377731270768,0.22908287375778397,-1.7851069044913348,-0.4508180032209954,0.34384684042416247,0.5668558576149648,1.0225962506084194,0.6990591202534349,1.138687355407654,0.9725683118524298,-0.6562925811500717,0.8114726804537923,-0.16755568883412292
1,3.258797090281649,-0.9555207445638041,0.10021834211608385,-1.8537088812185014,0.9006128970146082,-0.8487806543829792,-0.6671600644461116,-0.9422571986788215,2.0954159129453944,3.373588644028538,0.10449907534464697,0.36786219625439875,1.1175393685564716,-0.6377120505600081,1.9272887438337005,1.6881922022288376,-4.021852399945177,-0.7444332864710987
1,-3.0324411797831083,-1.9982225102394235,-0.19420831240586314,-1.530179482470237,-0.6088146611377206,-0.6275875550957057,7.655858127643902,8.400015455828264,-0.5216364733954801,-1.7374123809760789,0.33499797480032756,3.4625150295414877,2.21905223168508,-1.8372880326580014,-5.503520631082501,-0.8062146145854462,-1.7923660887401418,2.1036775300061907
1,3.027975764139544,1.1584221053404713,-0.6197938341883527,-1.6161507043629082,0.23492491115324313,-4.930994946944665,-0.43163942850192727,1.108746500771031,0.09190772947263792,1.299532094116436,-1.3249472595801128,-1.1863302783665353,1.4235937687390017,1.7049989274375552,-0.2509690131456531,-0.3576836682987159,2.803298786405001,-0.2901160396501265
1,0.7726398784918174,0.7032713761368589,1.685384085064462,-0.606590931186638,-0.45574752961381265,-2.513863527845009,-0.7597786866793359,-0.23769061420309598,0.8340579471587078,2.5224212258911796,0.26502091621467994,-0.76976981350523,1.098630467175533,-0.4861988617971093,0.5898440445066802,1.0237718588599203,-2.0271693235621893,-1.119561123910379
1,1.539477830432224,-0.13741212105483383,-1.9694006889501985,-0.49596630641151107,1.5492190831265427,4.078220329549716,-2.125120049506274,-9.275653759725156,2.049320765218864,5.3747155469491235,-3.161016064976956,-1.7900778884161237,-0.41390349927723386,-1.838884790519654,6.613521706034661,-1.3238163671134198,-5.071412742613922,-1.1519345042862223
1,-0.5190390221331826,0.855342259483743,0.3425860392835209,0.9323877626779882,1.3900199750557916,4.3627616702939305,-1.21223612921578,-7.845540821007238,2.343787235920762,2.81983998934436,2.0943848583655993,0.29730862224813237,-4.151819709799624,1.1689198019876605,5.694817525864656,-0.11605251129655857,-0.6361209160856858,0.01179178765101934
1,0.4530502697004938,-2.514971532164192,-1.9102188929745747,-1.3843671868121084,2.5103207195165917,3.134630642232094,4.27714776412888,1.6663768084714727,2.292204200941465,5.071446032388049,1.5914752441836442,3.2700566243935096,2.727736984370427,-3.5945407540183156,-1.1130440220104942,0.31597802054966406,-9.84771915508374,0.5535102301355844
1,7.549676291495191,-0.5827955484707861,0.23497047647236333,0.24353865044333264,0.27071166096200583,4.234911899892587,-7.158289810712117,-6.135353569141145,1.076383170435679,2.3577600023831886,-0.02966394719568121,-3.1570756845975896,-0.21802559169238464,-1.0432287971611316,5.5365411171946946,-0.3342449860094501,-1.5687009060793569,-3.269930161307512
1,-6.095690112327677,2.5232043646387563,-1.357944854473325,3.036659412770049,0.0777914903475558,-5.104730800847993,2.594511231962746,3.688754366349864,1.7390414455328784,6.689502201534549,-1.3374417086659087,0.3816463504159472,0.9760174110210718,3.100517077301512,-2.6015322204445726,-0.030965972369366296,1.4382519725927851,2.8453632329038436
1,-0.37468247682967126,1.5219259674940364,-3.356316611311219,-0.2676219322113003,-2.869927281380367,-2.626910957931517,-0.7540739282347858,6.223020715411569,-5.138732485693628,-10.627834667583405,1.1757974764702166,-0.27873934270639067,-0.03343981585007777,2.6628546322864457,-5.709588894684912,-1.706244032834937,12.160448669212947,-0.048166961146354534
1,1.6555949035655237,1.7191493535425475,-0.9780637797473686,-0.006051905247141045,2.8033592268528507,-5.232181188467766,0.948049857001971,-4.248608278352329,2.7448362985783294,3.820609243024647,-1.596273200207887,0.29007018398101664,1.6739637795936124,2.225422047636752,3.321009325654853,-1.0143669204247687,-0.1641202519858529,-1.1554746456894924
1,1.3414336751551925,1.4651733120901431,1.6167669815018872,-2.2450725931176407,0.8277584348175802,-7.342339188777627,1.5481697789381765,-5.3334779000038175,2.8545798276157583,3.526414470074037,-2.0516993048145915,1.255022745071532,0.5142889002538152,2.9203231879570706,0.727221211673588,1.6016916379787383,1.0202659660191724,-1.0052649500705386
1,-0.4487891268522278,-0.7325817712571356,0.16565635200948137,1.5376061518241997,0.36997655342164504,-1.921271302120215,1.623204863919345,1.7551191168362834,2.5688904905401677,6.34107841893097,-0.26527537396604944,0.9950628403298815,0.8409371899986888,-0.4789612366233257,-0.7185364036705505,0.3647000538904761,-5.743634881611241,0.871503718493617
1,5.228133603290784,1.4645186285041543,-0.2545866767243225,-1.6279814617997448,-0.12638888664419023,4.95760526479452,-2.5349093973891943,-6.150368533495426,-1.058986804929101,-4.109291940683228,0.4869311341654086,-2.12798607542503,-2.43032655820193,-0.8935885301021245,5.183903219550221,1.0945248277248725,1.5222274471806498,-2.2249412863285674
1,-1.4161516672196766,0.849108088688511,1.0241023613023745,-1.7405238649995298,0.1811579513347048,-2.724282830536067,0.16500029278569814,0.6407861022614537,0.25328072597474643,2.4807997806627657,1.5689309223206356,0.49049443262846815,-0.15337589997749707,2.397999577845469,-0.3538077798028095,-0.9942418701904061,1.9495992601025618,0.21798954188462236
1,3.1529946265717226,0.5482266460726127,0.7585886118937255,-1.0322962524655401,0.8216648714363832,-2.0773971388783483,-1.3066839358344144,-1.6497602679648933,3.236874156270408,7.372247609483321,0.04385001440200165,-1.39358251444252,-0.08875846491690695,0.2594037993654922,1.6222427890220905,1.4058372466734206,-3.5193093526563812,-1.1732146803400094
1,-0.7478068919147712,-1.4499051799095808,-1.2162805751133137,1.8318115241061754,-2.664638022202505,3.3111372352584847,0.15528939887192802,9.28990817258474,-3.2242419876983672,-5.253624001427343,-1.6655968828778582,0.7388927622022422,1.933468023986663,-2.719629306560903,-6.203555593301763,-2.347164201428571,-0.10485375713066457,0.5033962469081883
1,1.5957615207808393,-1.734224062757486,1.7985197437897957,0.06992944543540046,-1.6949148641630132,-0.27872217750073625,-2.3325519536439105,6.66145939505593,-2.6328152445557804,-4.521536681265194,-3.6978129988519095,-1.3771319217125428,1.0821260377931718,-1.1129456172971748,-4.271020872596383,-0.23838895004141694,0.6934058628806377,-0.5563763841069659
1,0.14580544338446355,-1.8862986917388835,0.8926818879897557,-1.2198555360004035,0.33938779076055653,-1.5414413790536705,2.1601539894961546,3.114261823481463,0.11436684143552261,-0.5230254564657694,0.14656361828077993,-0.40100431133095654,0.8403764988313058,-0.9794117790508723,-1.2357031259263833,0.6812265604394019,-1.3238151436617083,0.029803985347904738
1,4.484596735893027,1.6073908270167336,0.6398099749057422,1.1774904924116483,0.8913052828732116,-1.6922645372224376,0.49178812869009425,-1.5960564711463914,-0.32357340765022385,6.628894696747298,1.267171071325824,-0.20973322474758352,0.37300880789679636,0.4893991183204354,2.5485414625267735,1.3285085690478018,-1.919046592954631,-3.1679303351127586
1,-1.7576306424053345,-0.5294958145971937,-2.263585405881452,-1.0403129007777943,1.0092339772636203,-1.8383442088776585,-0.7920440704759691,0.881825015014646,-1.2597498132179827,-2.2293205218994725,1.1260377518918545,-0.939255988369202,0.4057015582902731,1.2804597959411634,-2.2983557553988847,-0.8450396098906756,2.146091470841992,0.5237498146657174
1,-0.5364454299640924,-0.9409024659546742,1.0052280791919421,2.1138059758943712,0.48311391512815904,6.0438977406865675,-0.9122010088417396,-6.907876573854337,-1.557464004448526,-5.2151054746946155,3.1412501345199053,-0.708960124867353,-2.352081520452061,-2.0007637693578495,5.058426705463203,-0.8398318529387332,-0.08224562762514345,-0.9160469156404091
1,-0.32676680999926727,-0.013306788270400828,1.2688085845443535,1.6229579433168457,-0.5430235021456964,-1.83026582326064,-1.65818912856963,-0.2778889080894336,-4.9229659426331605,-10.892265602462043,-0.2820481788760725,-0.7684780987410305,1.0906472756740249,-0.2301997026441288,-1.029305957140136,-0.3519053130571738,7.407133233102497,0.35495593444221285
1,3.5025479855742607,0.184253883388085,-1.138416058960256,-0.392889624608072,0.9942911858267355,-4.4438643420124,-1.5331721026053535,-1.8995269423722976,1.855643913951936,2.7663375824470546,1.4472403625874797,-1.9709537358587867,1.8098299419548918,1.4041743858743445,0.5725403601308292,0.4306271713339376,1.072012896368889,-0.6257315803534906
1,3.944266223320335,-1.6175573583670926,-0.3160414064780079,2.385523031900753,-3.3227759720979004,1.6594933615922676,-1.8463162361893057,4.058519296737343,-1.2476939093123325,-1.3441562122927286,-0.8787270574869889,0.4133121390310029,0.18102734127390488,-3.448079924283707,-3.5709196102304315,1.6391877217104287,-3.3414444783140698,-2.2165040051140044
1,-0.3800707599551173,2.991898827605325,0.47267277333127333,0.6915572208819452,-0.3530389040022054,-4.225378169828283,-0.8246165672756823,0.5845992379036312,-2.8329985816167484,-8.271567354912609,-0.4125297343616045,-0.9826891056092989,0.2513304999324057,4.137158020759855,-1.6909065822719322,-1.9698982236962457,9.64867861085104,0.34327051979655926
1,-1.3615195934802375,-0.8994190785040297,1.4383451658978215,-1.3978385591339715,0.9116826400218334,0.5278310226398057,-2.806646736575318,6.53831978030321,3.0378778956139727,4.997287361118647,-1.5274185611748092,-1.335546542887112,1.8150983673735945,-3.2390837296364987,-3.7583677393796573,1.4433736287974128,-8.978578309211818,1.3557837237193575
1,2.1885613096030796,-1.3998462383345407,-2.644863596641597,-0.011468275575259434,0.87320980086293,5.477542276656926,-0.3325519637264827,-9.992918185459539,3.43438031626987,3.1944146480270312,-1.3860633222099088,-1.633615938825199,-0.2579527669926623,-3.041812078019449,6.954376018707967,-0.508725826662626,-5.917406439570102,-2.254816135295488
1,0.5960496842607294,2.3899874910737737,0.28677075268541014,-0.7137800403104092,-0.6806598112370349,-3.753004743082038,2.285333370821001,-0.9895849435641342,-1.4787993532250825,-1.4572075050733453,0.3646187629052309,0.23973781646698214,-0.7454803672780758,2.984314743038251,0.2708313519769596,0.3592755800311715,6.521010211776917,0.2735274132975334
1,-3.958519028453701,-0.8877140573386142,-1.3961205056497916,0.34069815485889493,0.4526460060174407,-1.1391919861755366,-1.2849037815084698,0.15228361649889421,-2.348085344796073,-5.287237569846821,0.9220553418240107,-0.18024253184840308,1.3950581748603987,-1.2647527344001812,-1.7721092837458066,-0.5693654629506457,2.452024770480056,2.2158583314829188
1,2.96878063920225,0.11202499076638651,-0.40723847575168676,-1.595665455508986,0.365868607155558,2.6194245218472503,3.309810495584028,-8.121243099071005,0.717959167148428,0.896786779237225,-1.3133763229543396,1.7965001728590606,-2.609408489469479,0.42716818381470867,5.2164201852394845,-0.7363429159058041,0.23713930409319023,-0.8745833985252197
1,-2.230203625725,-3.996143554545072,2.7786990493641466,0.06082215575523472,-0.5216065853976882,9.724086226471204,-3.530200300516751,4.0342364349687,-1.4160846752890779,-6.456166147548321,-0.2773349504487211,-1.3874839156730212,1.0723396965235912,-7.666743094462259,-1.1790472825348375,-0.4514012002584312,-7.541267524702699,0.06776239299411846
2,0.3088535027296528,-0.33412620797305725,-0.4886389933685137,-0.4318665358089865,2.249489701108765,4.628180000027424,0.6395882925131773,-12.21463054570245,2.7870905218265016,0.8115718356802505,-0.8445373128774382,-0.3397760457000494,-2.0456353150309248,2.724500141974338,8.32466497125177,-1.6472016241096672,-2.347433294043407,0.15404660824298297
2,5.228506939468632,0.24239991600010657,-0.37056827331201814,0.23673715847192636,1.191339496869105,1.8884593885074064,0.5565270471395761,-3.3460947564465244,1.0383727874027489,9.949145403171947,-2.3176300423022935,2.857577925420791,0.4204670574183947,-1.391492079662271,2.0555535631198407,-2.239982535243463,-4.143080505282676,-1.130467950641504
2,2.233717121180941,0.11338001678245715,1.4175909916187823,2.7648030989112247,-1.582225645038803,0.2439668076702679,-0.7298617937585361,8.628586967059398,-1.8820490687911693,-7.512425092882335,0.643764544385608,-0.9901662046318795,-0.5294130155547915,0.25845453924828893,-5.266926159551406,0.3073508217521305,3.379914147870416,0.5601672149849208
2,-0.2259855108709834,-0.8773975453159377,-0.3229260707691642,0.9610180488329281,-0.47007031035154795,-4.032824428260668,-0.7354387253774305,3.1371257831938624,0.015990873354149723,-3.820350968548678,-1.5573169455015892,0.15092245085927514,0.6776801587613719,1.56289518977793,-1.6593131958040803,0.25120451647373854,0.8914400282781054,-0.6839829316559479
2,-1.0945375845169896,-1.2281128630384375,-0.5096425824420583,-1.9049956560113275,-1.3660831930256652,1.9728928398893444,-0.07380861722652905,-1.7544485811591979,-3.109630233877727,0.041053141198443444,-1.868078883682417,-0.5172834841222861,0.6044857574601885,-4.762579221193328,0.5039394908282715,1.09758621880039,0.25490545639704687,-0.9372175242296161
2,-1.5856162454779006,1.023406734517103,0.7131507485949904,-2.144763100089967,-1.122397478799028,-2.081649233349841,2.0989402485752904,10.510473301771645,-1.6131715066583945,-0.20611295261276535,-0.894607093357979,0.6241757144669968,2.258797945370108,1.4423581748712795,-7.184703109269629,-0.17657776329452116,1.6237922059876042,-0.05053790439842104
2,-1.980433474304392,0.03161747799820885,-2.676207995298917,-0.11134470824190645,-0.3481479856176301,-3.863376004633914,0.5132251092624228,1.6216457157313509,-2.076110165510421,-7.1395584165497485,3.586486205777829,-0.428589899632079,1.4301752969840833,-0.07109103728398136,-1.5283075660916068,0.4317301916151272,5.076229835310763,-0.6555672534891724
2,-3.1785027552212397,-0.02928401109183709,-2.436499674724575,1.9182365217694561,1.0929008326970708,2.6224549298242237,-0.33555240245175255,5.844333434330904,-0.8270804776633172,-0.9543251078356203,-1.8367994204810365,0.4899253351997327,-0.4624375631326709,-0.46918910081955334,-2.1464921805693318,-0.3859358455376021,-0.4581181154140838,2.1874873119137255
2,3.5359747198718785,2.1982799434299922,-2.661648818268221,1.0701094848347252,-0.6308460497500091,-3.3208576773757583,2.4872546096128514,-4.145754035700511,-1.0204760011389635,0.03682016387078141,-2.7389303534190637,0.9646454948886639,-1.1214876801960212,3.679283455399119,1.3290419320250575,0.41769006786545193,2.1648960859511903,-0.41718176240648913
2,0.8730058272769917,1.103453180755701,-0.0941635418053985,-2.81057498758717,-3.3325732117314897,-9.106772099224953,-2.092430636272716,6.480822512012891,-5.350899573714091,-14.912681444283907,-1.2021945331139336,-1.264600126168399,0.7235624294959689,3.554041017815509,-5.6950548270989785,1.3148430323184244,11.321967097463228,0.5500535049606032
2,-1.2830335582658527,-0.9444458971800791,1.8674801104452936,-0.8306350148452667,-0.18868116324963413,0.2960701654637592,-0.6744223298385471,2.74384251642833,0.21689262155237476,-0.41519273287741376,0.8723995150197369,2.0894513042884366,0.20173845293293,0.5232266081493332,-1.766835071273822,-2.409575354474975,-0.0014997099092893956,0.07617380025440129
2,0.16580025923491343,-0.6225855984402819,-0.30186318689690217,-1.0863427589979477,1.0419414884668385,9.50822143600086,2.0894938189244283,-9.422729928677741,-0.1983495685884107,0.15216509193577282,-0.3640820553836531,1.5459979331789793,-2.261818625379043,-1.346636749961736,5.832733002175058,-1.759155069176265,0.22968419498578246,-1.7790931951020692
2,3.5293789207610886,-1.0930568679704746,-0.7326118455918491,1.1727501654690833,0.8326348677618136,2.0906184881153664,-1.7135494634816972,-8.417113687046113,1.2888633507184395,2.3289132634452443,-1.2504409503959808,0.5862997352853735,-0.7236749808763264,-1.5351348501332223,4.7470970452318015,1.9155352243891397,-2.0675382817666574,-2.153223180620616
2,1.709568539070951,-0.6282939895196931,-1.1020416314405654,-0.9131779233995694,0.7993789162821228,2.0230048893116455,1.4506328988854953,-5.434040537985696,1.5401899161353525,6.006878628533951,-2.189734704762566,-0.2605322458967549,-0.44754872786102545,-1.8415848200522358,6.107759905616585,0.270836223866018,-4.5000152013465575,-1.3094520045770686
2,1.1795206578347672,0.5569777174209986,-1.126482361466806,0.6666433482909334,0.9971187188620337,-2.098756226605171,-0.13700189864712833,2.558239745285661,4.7697071682365095,4.533326577098648,0.5161244624500919,-0.34355464513419604,1.549409167599004,0.896725729580064,-0.769146506720657,0.7268567667865077,-3.6216029659125963,-0.378789246923355
2,-2.5226302606526185,3.5855715125508376,1.126622359553906,-1.6787010408054868,0.2948503523353126,-4.475025546868219,-0.5216023631043276,-1.6069797300704167,-1.1313488300030137,-3.0908561021759535,1.3622371864161147,1.6010869386388753,-0.06212371069776757,5.067321402245334,-0.7292798610353778,-0.036281678402631606,4.429233291557904,1.311875934329794
2,0.9975024950964733,-1.120756233404234,-0.9362304163595994,-1.4282421337670241,1.23630913906675,2.3543974645078087,0.0698948784910719,-10.404862227125355,2.3441023760320556,7.561661747779559,-2.114237651557353,1.8365481515364792,-1.9941331953469823,-2.474058877428302,6.27519264540131,-0.005603715090518217,-5.820032146643567,-0.1783853705122665
2,-0.5593761780311428,-1.3599525648418878,0.7466712783112451,-0.47970089921386816,1.3746675732003093,-0.42485484330243495,1.5647400847022719,-5.920810310248256,1.297501163088141,0.9584118318649459,-0.2387564217463538,-1.0055748606572432,-0.8599420572498422,-1.658401927691961,6.13908263094227,1.4188386216486744,-0.34728763965740683,-1.4104451302893017
2,-1.8373171816936384,-0.9400196386670816,-0.29630015912886853,0.41292117064202266,-1.3147528434138578,1.7142018895868334,0.10632988141732373,7.238715066103238,-1.682399885437821,-2.199362187510127,-1.4776674320420555,-0.21289068472548314,0.8286707529134453,-1.388017145858048,-5.809778230146158,0.020378637585675402,-0.040945536665927325,1.4272943247059402
2,-5.2941507328538595,-2.6156404972116416,0.876518721611433,1.0068072611682062,2.292111510969198,1.4553088116915185,0.755437726804119,10.726918605906867,1.4254705397064502,6.282726940213472,0.7681823295119832,1.0825429590101239,2.9002978318422135,-2.6720838817364525,-7.915321138437063,-1.1849666105754173,-6.474247006779465,4.909294474030901
2,-0.7218835059225153,-0.3535748351577134,-0.27244820412205195,0.3017769034679201,1.9327914369544095,3.1194589341622803,-1.0287971697206058,-9.422510314178723,4.0377468121599,9.320622227916731,-1.7680039466834319,-2.3752792652474017,-2.131412104085427,-0.6167256004482724,5.284931485725316,-0.5504587853055389,-6.006619084101903,-0.3149561871559656
2,2.0066625702126455,0.10675965958201789,0.7371230700761688,0.9782193945832256,2.5165486766243617,1.734334921553038,-1.222456031395601,-9.499383087806278,2.943574893023484,6.6334571366623205,-0.9491655957948286,-2.093120754220265,-0.5621482042408508,-0.3884140363419464,6.796042806740198,-3.252595215087574,-4.10395353275592,-1.5232904824892772
2,-3.2840041309280927,-1.794691180356118,0.37452393197502415,1.2589917896426228,-0.7050714128129045,1.9608995062179004,-0.6099248822394324,2.440449421277276,0.8000103898850714,1.4494994638716319,-0.40348979894143394,-0.8621616489849993,-0.527024603080502,-2.3520717795686816,-1.7423472799825739,-0.4828507417265686,-3.257457657637574,3.081930433222635
2,0.11453873577886219,-0.9184069503634996,-0.4071716832001248,-1.6138591004317433,-0.017516397986308756,3.459254813231395,0.44268958420100135,0.7882192740911699,-0.7870539592927671,-2.6558162106372625,3.531512660784633,0.17064162962203897,-0.04016596802544811,0.015407740497423487,-1.0611677822712937,-1.3099883939688373,1.4153972109165511,0.14899022768954098
2,1.750010762600898,-3.071758404772537,-1.4251202264258087,1.5387898777577098,1.682233587601295,-1.4822392126918622,3.5923690485847137,-2.306067724596071,3.3424077976884377,6.371979390623227,0.2040415616070709,0.7048168070637555,0.09885891638173849,-2.9168578810366332,0.2662656881162395,0.22795090370559093,-7.4365832305901485,0.10882205210606527
2,-3.407023310893722,1.6486881698106655,-1.0375274149585638,0.9904429672225131,-1.7842097075163446,2.351525363929017,1.5765769315206601,8.41393598540945,-1.6598010051478818,-4.153638798636303,-0.39725885897006114,0.9602295835930744,0.25288144750545016,1.9675354659202822,-4.678494189761424,-1.0987131146869917,2.7497631013866624,1.0095186955028501
2,-1.568157343578561,0.9374776662320508,1.656771721726569,1.9429436718955881,-0.5836233317812141,-7.901893315977136,0.39471239237737754,5.50093604276842,1.7981049615395541,-2.8218644318550377,-0.2508064580301434,-1.564743206655967,1.8475197971152366,2.5857182034112087,-3.7003362646412805,3.193694240439297,0.6269088179707181,1.0545682522942637
2,3.8968237448024414,-0.9022285048704185,0.30815767189442356,-1.6524556884251,0.5131081359597929,-3.5560993072078784,-1.599902173481083,-0.35696581352260937,-0.8605507935895781,-4.446993445415416,-0.9873758905395054,0.16877392004902483,2.9067478744917623,0.7899595469978893,-0.6365968161045592,0.02609494895392466,1.1573054969386982,-1.9631638335089818
2,-2.1867046639986913,-0.41019813571036756,-2.7143141825767145,0.5716413204740212,0.6556826688301612,3.374294837922205,3.2296209986934445,-3.2035359441424496,-0.6815220871065567,-3.1299155594317574,-0.1357982582643157,4.681567844134025,-2.1284694117846183,0.6558634304304,1.766539080130543,0.10852008041146252,1.9280026822383738,0.6342132835875172
2,1.4375980084618898,-2.33937194869737,2.102673890295138,-0.2592317252891704,-0.9331874105677075,-1.8058514539772756,-0.8968317682166524,-0.2891759272154593,-0.8318560891062204,0.315618843787181,0.4596542092459277,-2.1691212231664134,0.6960401127979978,-2.391597089827344,0.3732017623603623,2.3526866210176873,-0.6132677245373105,-0.5338730598679484
2,-2.553476895131443,-0.8876564014800352,0.07955330041268345,0.7420470454556186,-1.5164418624653146,-0.48280463062832724,0.44206053089135733,6.209215548438311,-1.840096608983832,-1.0963131525515202,0.018421648474575687,0.15924094879691636,0.220268274775141,-1.6014586119862348,-4.375093294791126,3.0174296752865084,1.37343948444072,2.1554693312260182
2,-5.902829932297315,-0.19355304124291578,-0.5430798243216345,-0.5079798600968961,2.1668669012092345,0.6555459790431363,0.4685038508743357,-4.184072122418732,4.120502342138153,7.993572846689087,-1.0417155879398605,1.3145587908007244,-1.0902796331337248,0.3674623073182916,3.651584124246325,-0.6615599668378049,-5.114707731280578,2.8113081743432984
2,-1.8602938376596665,1.4797436922149203,1.2270116157677424,0.6732560519230315,0.2885624385962504,-4.264064742859667,3.4772573126327693,3.098503808715116,1.5584408791866637,5.294256075908561,-0.6513911500407328,1.2376213880363984,1.588018930998818,0.24901574963822865,-3.2731669156928676,-0.34353780298221903,-3.406777557654399,-0.12151982721889443
2,-0.45659330291641914,-0.6070986041516501,0.5492566472666436,1.1919280027044992,-0.11218607995428043,-1.9302857484168432,-1.021389111636407,0.32560700862206154,1.916173882358637,5.606662438283754,-1.1896038022094848,-2.355002740820034,0.36306567260899925,-0.5061280811717918,-1.6728410392346194,2.5382822070574615,-3.6984319820742773,-0.2735790479698626
2,1.3098698192097085,2.805074364676542,1.3486042112247372,-0.4270170304615665,-0.3794879141328753,-7.630790111314914,-0.7942556577961648,4.232480464216895,2.604948672889159,-2.103977947836551,0.04225367957686979,-1.2176687917636329,0.8211789257925297,5.02139103637128,-2.7109902143909763,1.9992918710958862,2.7582344134937107,-0.413219645932389
2,-3.7599031155333504,2.134562517092417,2.662064912375505,-0.5772969194786992,-0.9696878644124709,-1.6320639455191057,1.1608072518705033,7.974139463406184,-1.799748780040736,-7.402686093712105,0.5417748773240472,0.5787333947836306,1.3041302313726026,3.5617675502348347,-4.783768603527465,-2.06661592035973,5.239450345248007,1.454327375677426
2,2.1396764253024307,-0.6631027603786549,-0.25312133174580753,-1.4922624478016677,0.8160267226356135,-6.614578610662613,-1.2056678312812625,7.971577253471446,1.709450598479385,6.1472975285916185,3.0711748156522938,-1.0348878784959894,2.8215904620588144,-0.7141016551871192,-4.009017541300513,1.4936719190205303,-3.8756561719016425,0.2351924401926992
2,-3.1833498191515437,-1.4627550419469375,-1.7183932862904443,-1.525227339221849,0.7631523549018889,5.537800333293732,-2.0743856116265706,-2.4148345271318963,0.41146589254534105,-0.9896487875467037,1.2210899644575577,-2.6810815524716958,-0.9628732346235679,-3.69669508893634,0.7995130207950368,-0.10979312753252106,-0.454235728640171,1.4064401513798457
2,4.123928377481028,-0.9740171209222098,1.8969628708427144,0.592072754888113,-0.6245321622049065,5.43824254603487,-0.3999796782267502,-6.773518301377226,-1.5658147573936119,-1.2458561737710987,-0.1994748248039688,-2.547310304119082,-2.5376654040258306,-1.981722310334421,4.365215402060062,0.8753177312183413,-0.3965162039521498,-2.548656264500742
2,-1.0119484751196373,0.32154396563516263,-3.5271041268353094,-0.2972271454800292,-1.936512919834472,3.003495656400927,1.303487487861393,0.7492694472890443,-3.6993764480911877,-4.461438141111707,1.7784314555069145,0.42252456213425116,-0.7165250475810644,-0.8177527715758703,-2.2849729181535907,-2.129150709733552,3.6944762659667396,1.2577847760072438
2,-2.720387124572593,0.41293566851749064,0.8154416447856706,3.6525269330116528,2.8689405502714593,-3.1784576787584413,0.23053631465630373,0.7223442599617662,3.5762808046364434,7.35472333816584,1.6488563215356753,-0.10807875865646524,2.221753381602343,-1.0966278112864105,-1.6528168242285382,0.0647795904638874,-5.22847157848153,1.783434227586615
2,-0.3248330503512248,1.0819672957796234,-1.117287295622472,0.5414918039640189,-1.9241243679122768,-6.1794893033583875,-0.4472804221763807,9.531971140533779,-3.031966914010522,-9.694621448159237,-0.6530122216402191,-1.2468311505102705,2.592900491542513,1.987973957988901,-6.485773982715616,0.1658294608079284,7.782481104228249,0.7350840849988701
2,-1.0785560699985426,-0.6197865726856083,-1.9445035607165113,0.1290825062648174,-2.098872761183273,-5.918575908374335,-1.496010398660351,3.235223751272082,-4.3494808940704495,-8.819511272719556,-0.9297884334614224,-2.4434188869490185,-0.9170693397617837,1.4529270099585752,-1.8281938056014955,2.5232207923082837,6.69003511996279,0.050925447786098726
2,-0.8793140167339248,1.1427285971350798,-2.3382093603543437,-0.6972700587269033,0.5398764980830439,-0.2341483840598494,-0.34491446387638697,-1.1535922707350548,1.6026312436539818,-2.353560582727373,-0.9688000400219421,1.0923797227573366,0.40528189064867315,2.767088857087788,0.6136043279743929,1.0329562489358373,2.0255446752503414,-0.14499536546737388
2,2.784850215933551,0.3270154158103812,-0.642372925805721,-2.1807238291652995,2.198832483869092,1.4457492384043313,0.8317315550887492,-4.893199949634862,5.122520719362164,13.802402398031619,-1.4729235077264338,1.6604569528636535,-0.7885503573183752,-0.07713754548560225,4.957688961204504,0.5077514176416681,-9.546498651116636,-0.0374860561138225
2,0.11514930913483229,0.026694452095466736,-3.3300060258329016,-1.0844084581152487,2.0220578845964043,5.677340585424513,1.0212453127493346,-5.329336575418259,4.1732646313554635,1.9627025880321551,1.394762956656785,-1.4287786679815075,-1.5989809430336028,2.1756694532495198,2.8019508955556685,-2.2840763525125776,-2.1155516222488857,0.44381386592382877
2,-4.141408353809887,-0.05948988929626479,-0.8032868057767621,-0.908971472353145,-2.0731598200892862,-1.2822114771312136,-0.5016370426476293,11.087530337864205,-5.008885055994202,-9.740726766909548,0.2467051630589152,-0.2221531563037503,2.1626502946578574,0.4045493740793528,-8.095124212244485,-1.5516874259528697,7.739542005129004,1.3949775612619928
2,1.7689142032356246,-2.6909962738659536,-1.921471790283412,0.7697691016353249,-0.13555177981762254,10.445348906098886,1.511275026582678,1.9145291369812534,-2.9224785631810835,-2.9009768996993945,-0.8974131748430029,-0.4171841179840687,-1.6270406322631739,-3.4185755084704366,-0.08406881035795952,-1.6399949375060014,1.6556263603178178,1.8005027923139707
2,0.7855630257442998,-0.21506722107670287,-0.2813300483752353,2.799211834763757,0.5876338265642977,-0.6405412702496728,-0.23871675121942731,-0.2695478637684655,2.4047688561410765,3.742817048352863,3.3434937781039284,0.9290649032321027,0.5596421281393109,-0.2881385928338255,-1.043002236607908,1.0563313898431794,-2.7656273500824886,0.02896864303306876
2,-1.0640591696850268,-0.2351181077795395,-0.5931079933527644,0.4408408905949209,-0.43755336614709156,-0.21230706527964935,-3.4323406811954422,7.452194326262176,2.762032975504008,5.102779763489342,0.8206629211440798,-1.3342171614731575,1.4880215521890638,-1.1796207354191226,-3.9830076037080855,0.8425982421977903,-4.397701153360028,-0.06961507611690032
