,0,1,2,3,4,5
1,-3.0745718347256408,0.8775421096317351,-0.31928689432221113,-2.7202250760684668,2.065140697206935,1.844235498854621
1,-1.7518754255612752,0.9757129458423827,0.14245581379923627,-0.3231536236045508,1.2372174949262575,1.2921507755313224
1,-3.0229603186496985,2.149263000845723,0.061647125211946804,-3.46081446130819,4.0495500005932294,2.6979491789263252
1,-0.5511699478419138,-0.9388569018866316,0.5016369691278726,2.4161683786045587,-0.27420707936344346,-0.5003822966312993
1,0.5511749989388942,-0.5186257401201564,0.07340253976799133,0.781210202452518,-1.0204649583375642,-0.38273540501695724
1,2.5019103344077496,-0.8649407441275505,-1.9810800719147408,1.2630545268912199,-3.7717730271340284,-1.8930767778941782
1,2.6312450799642724,-0.5136003002774122,-1.1134031252129588,2.2789322108203396,-3.4745512212824012,-2.026468783927884
1,0.4716089597511932,-1.0310533406995381,-0.5794049506443892,2.0960938894873453,-0.8558201000292878,-0.308139057335907
1,3.7381060439527314,-2.217694248423744,-1.4064851814072838,4.721233502805095,-4.947001601093625,-3.4985467289570797
1,1.9785433381511428,-1.1424801482799696,-0.704624967512554,2.655062047528466,-0.5054835790789566,-1.2885414877476262
1,0.23266504044000763,0.9130472337495795,-0.5198312715969369,0.6335115399145949,-2.3896571694830984,0.24745163051031172
1,1.8823095868317883,-1.0797599446407042,0.6832072175584544,1.8971586005109606,-2.948186616990001,-1.3920627080301742
1,-0.599302814890972,0.0388148949221574,-0.8741894009754199,-0.4884245147145567,-1.2396730245415744,0.48399194743087454
1,-2.0469390981715314,0.835382981736763,0.4828143364169441,-3.0593794837962873,2.7714733258039335,1.7495320276074753
1,1.1649497436402525,-0.5592732164127854,1.4131962211616178,1.177265615781278,3.016313854946868,-1.1866492497967625
1,0.5446918186721568,-1.0300303116625782,1.6092775277791163,0.7495490970515188,0.006326986035446493,-1.0111795498640401
1,3.332039644550936,-2.0607201945882077,-0.3257489536880743,2.792977289001908,-4.829918281925627,-2.471595437575164
1,1.1516388036690017,0.4485268987633645,0.7225119802715457,-1.0735504730629621,2.339114908405384,0.4020913752112373
1,2.7555365810730845,-0.5041713025616573,0.10878362207288964,3.3825767220084066,-2.1312232760630185,-2.3474761840362377
1,-0.3031375573613096,-0.877396995506774,-0.6827077002986099,-0.36543998450579906,-2.378292152406224,0.034216050776956275
1,1.2375299865005247,-0.18860416280851638,-0.07422034602586677,0.794713906784333,-2.176475111281823,-0.9006762414987106
1,1.1710533646608907,-0.47195832930962955,-0.309941053634154,1.2017610900491784,-0.4063418610833894,-0.6684890609128177
1,-2.8310346825779837,1.0245909960987274,1.1497863359048222,-1.0176169108318935,3.601489646449371,1.57702950597147
1,-0.6897386777018183,0.14787791532686692,1.239239683906569,-0.4175054365707578,1.6801005453105804,0.585549238266002
1,-0.627008115096088,0.44707622878225256,-0.6703065537496823,-1.1132913655156325,0.7454046103572067,0.8313318854365368
1,-0.9537827833578139,0.48836622524658946,0.19187207346147764,1.8267806986427866,-0.9762317956484285,0.3612267387796436
1,1.001762974321312,0.7730513480635439,-0.21114986884096137,1.3082044249185907,1.071728285733075,-0.5210885781466774
1,0.6482145759511897,-1.0860376232393918,-0.21577812855650355,1.7407909108095714,-1.1870711150913231,-1.0592621055658822
1,0.10029001372948473,0.5153582570260224,0.8376843633417704,-1.3730631395687778,0.7266642297791015,0.37741350018376996
1,-3.1550721176148793,1.0438947524555322,1.040375243231388,-2.766269447739304,4.1467869993685635,2.2995602817992467
1,-0.928993607440699,0.7364716283974665,1.0500524723127729,-1.8370975393408817,3.456452945154304,0.3262731251555048
1,1.7509902293911437,-1.1459396644236628,0.6847671286847384,2.7725973217518805,-0.1795540828685994,-1.503829230203687
1,1.419619151527032,-0.7510501859620908,0.7007784965106164,4.4852179311870835,-1.6345322373448783,-1.137299624826611
1,2.9179293292073205,-1.6473662004969367,-0.5147566474881974,4.484064696245599,-6.388896842016985,-2.2791853959886255
1,4.1625317626282605,-2.497536901677044,-0.12020502297913943,5.317503340667383,-5.553436788567678,-3.950460105338565
1,0.3909223719188176,0.8322789243524766,0.7818355539462679,2.438830998541409,2.396891880649586,-0.41017673104171914
1,1.860545987338324,-0.9311036822518807,1.3815260320470955,0.9095293733999915,-1.3325124416739915,-1.4034507345561003
1,0.09344092202693216,-1.1201455299849883,1.3388915169624143,1.6387075272135547,4.546958280550219,-0.3636304729073478
1,-0.2496646544667253,0.27076133360396915,-0.9835059736056116,-0.7350339626101857,-1.588601842965244,0.6014883705949208
1,1.5349508619869687,0.02370645054049323,0.2910960158735313,3.5582206988513296,0.03234138251001277,-1.2409967883583166
1,-2.359904756822936,0.5910036950352823,-1.455124367778073,-5.277402944112329,-0.6519866604756839,2.194586311497544
1,-4.000562074825357,1.968573924603677,-1.6819180166617356,-3.526836994908041,2.003393005230042,3.047651514007689
1,2.718337444168654,0.05935709333742911,-0.8938942957613967,2.695156128419682,-4.055408482260232,-1.827400253204977
1,-1.9050302644921226,0.3253799756953081,-0.7539323209955366,-1.6277606541107263,-1.1196502903739416,0.957577736973479
1,2.1360411946176985,-1.4189981958947842,-1.5415861073391115,0.47477540422029085,-4.054825801600244,-1.5860368667642175
1,1.5992051528499376,-0.5506914543208004,0.9471872302690181,2.9467195010562315,-0.29076330225337954,-1.9772355204583358
1,0.5731253331076251,0.6439480634426793,0.3986887746472534,-0.06822321556453836,2.369670857050041,-0.12449618345649613
1,1.016408598332434,-1.1411107923115522,0.8679298720462099,4.620984447779694,-2.332749426528623,-1.50473246466266
1,-1.3513447754953154,1.6648165981003265,0.18590968140296538,-2.0527934100833085,3.0789386165637986,1.5009157380992437
1,0.5906368426717066,-0.38090256048877585,-0.9883815406158473,0.3554040469065218,-0.7454102584334378,0.22194747702111164
1,-1.7605663489432377,0.8961897098468355,-0.7523287430278404,-4.081763152191199,3.7332245718133117,2.017596291209507
1,-1.380506600923383,0.1165223976973854,0.521064936782638,-0.742706836459877,0.26176757640384873,0.9548517555962589
1,-3.5077309028705037,0.37297170491462794,-0.13096185810714187,-3.0405983156610534,-0.08604411614128055,2.2509078827090514
1,2.2008837280915827,-1.9851235421047182,-1.7774351570143498,2.7950950506288526,-4.022578232425924,-2.0159995774331154
1,-3.1365464953059785,1.560051711365983,-0.28947828643965295,-4.389622629510752,3.689686449852119,2.8660547030757684
1,2.325442366163705,-1.1572120052522432,-0.8512382104757358,4.107968973357205,-5.487217986869711,-2.142095356366405
1,2.3227771066823726,-0.3247986414822313,1.9460501146280351,2.3414245978902968,-0.013362091673790304,-1.8009618560941076
1,4.203296789635276,-2.1516849748162525,0.48931273922218105,6.653778191585959,-5.079532996406875,-4.143584151534232
1,0.5442942889273144,-1.3857959821733896,0.7030187680927132,3.200315301783782,0.532316844147863,-0.7817814201277593
1,-1.8260223698628373,0.8389872628862916,-0.3217757284126949,-2.347338911348833,2.527692828051041,0.765040815977753
1,2.774502159648707,-1.3918624456006325,1.241301253593127,2.6178510641077466,-2.7656286580520764,-1.852861453067025
1,1.9609172686775944,-0.40568270145496527,-1.349611729132705,0.4380262577538527,-5.773681266486709,-1.5042804993838859
1,2.7250800073174357,-0.7829229948804259,0.41226943627227236,0.894690732477709,-1.5933923891117343,-0.9280799239388524
1,-1.8835897341358598,0.879091464930282,0.19533522962096284,-3.838948861603021,1.5463397347094971,1.6018127734828345
1,1.0777157236732084,0.40594923277904177,1.107702644399135,0.9041681768100809,-0.19467044864781824,-0.5663245596344119
1,-0.2960990054536245,-0.1656550362211578,0.6188579145036247,-1.2578072721732794,-1.9786699752323949,0.20371983098684887
1,1.0646665918095315,-0.7339215024403628,0.041624773869506235,3.263147082577695,-2.877269161838539,-1.0956148776007084
1,-2.0074267976139466,0.9916337791309046,3.5063329461786332,-3.537991303879323,7.9431390387400915,1.8382437365392175
1,-0.9633198241425811,-0.11576054374306474,1.0935526138202458,-1.614298099301206,5.953388548543583,1.2676831876026915
1,1.0021119798502482,0.38614528959252786,-1.054981162210613,0.5342514218642206,-1.1442179165359323,-0.4226102541550577
1,2.2021785994927163,-0.9293244459681358,0.7465196994619795,2.9866913121446355,-0.02356078535060922,-1.9532755079662467
1,3.8404706226789944,0.6214729768472662,-0.6855729436184825,4.2939899054206405,-1.881435684987297,-2.036088673477298
1,-0.9651682545686963,-0.005396917846923838,-0.4464787051871754,0.308332232640743,-0.7075157668306121,0.5271834319148653
1,0.9470254032017713,-0.901215671390708,2.5061776150155954,2.6901677591608326,2.6439098043917526,-0.5408149104199588
1,-3.3257563119577243,0.7074990461656901,-0.6238094148429951,-4.804777894750794,3.156635183947108,2.5550297829529125
1,0.7332993096226248,-0.28615598045888135,-0.02237485336843289,0.25415262561368446,2.0019412513399164,0.3477563717165681
1,3.6162099929656697,-1.477968633982767,-1.2314417759524903,4.425855555043679,-5.5784921629049355,-2.1286239790312242
1,-0.718984941078908,0.7483388176774443,3.0259056430706193,-1.431810466213352,5.2715164104659875,0.7959781611211976
1,-2.3887037732086336,1.5005944092088916,-0.6301959588040067,-1.824940011559512,1.0381929467259596,1.227874334269579
1,0.9710066763139809,-0.8967647647928121,-0.30088487012079645,2.8362754755148583,-4.529047938602812,-1.8648388414400523
1,-0.6382590653501976,0.34663290906921945,0.5964813391018424,1.853781791769493,-1.112168797443188,-0.2067898433767279
1,-1.1992144020072302,0.21429409009630576,-0.25036789817477423,-1.417721214297117,-0.5394559892958327,0.47867853197530374
1,-4.430104110461976,1.8076062848778875,0.12622980136891798,-4.515797045598112,6.804923813715521,3.240195867547035
1,-0.21812187454129306,0.7374745580866533,-0.40264571215021966,-1.2183375250478317,0.10000567597547669,0.895445317914582
1,0.8926787655429467,-0.4748798154420918,0.044964360561755484,1.0065054100902913,-1.0406898443961032,-0.4912687524265256
1,-0.3067229837470149,-0.9287867184694916,-0.3898805417819454,-0.25718844616462133,-2.4517488766935616,0.26044665545862195
1,-4.822750960260788,3.1203251359039945,-0.8465895371643022,-5.672671318095696,1.5645399105221596,3.8825281073595717
1,0.9882538357391463,-0.19281375001274664,1.389014647764749,3.0630899904387716,-0.2981399614037452,-0.6875303939981134
1,0.4733680838464214,-0.5944547857824155,0.883229463118264,0.22982652180204147,2.4611936332398057,-0.10725546950640046
1,0.16632249022514084,0.9316362476644184,-2.101476905549403,-2.841748476964594,-2.040289881100872,0.09428753589270306
1,-5.496241437882689,1.793807774459122,-1.4571709785264582,-3.1896187487663648,3.11689405704446,3.3185256083945545
1,0.37694421131469746,0.07149059665203761,-0.5569124178824905,-1.5703547142104366,-3.233928739610293,-0.3898514240673481
1,0.6941256993421581,-0.5736238227286894,0.5282107413609924,-3.6101649742015476,1.8593314334698383,0.9901502243895002
1,0.04275100562847245,-0.7241621535240285,-0.8067081371316799,-0.17267139531397827,-0.4235696108736442,-0.9703935772712255
1,0.45487395416175386,-0.37143912282727337,1.1069262857911737,0.20641557574421518,1.8640238269445086,-0.9209708683249447
1,-0.3217682913669194,-0.23444833659977643,0.2429959472397929,-2.37263447705384,0.5824186863001748,0.45942447110617735
1,-1.1327252494053681,0.7486010526004786,0.5665135931184968,-1.729944948383383,2.618073147989453,1.311490187857466
1,-0.7705597971163195,0.4085997831326731,1.4840828908349588,-2.782060381788953,2.813445868836134,1.107448115597882
1,2.264583428954295,-1.4222926672226157,-0.48554701265702427,3.3482704490460877,-4.555289368075102,-2.0415018453397487
1,2.3078052673898073,-1.233875154124613,-0.09786020060367913,2.7807191278964623,-3.023518659302671,-1.6863654152281158
1,1.5813655899159587,-0.363090939066757,1.6865309193241655,0.6376768857483331,1.4725416591570677,-1.0152516993689131
1,-1.7829518397585045,0.7346146059551686,-0.244575901546272,-4.238610738577639,2.607142307012368,1.627954157343682
1,0.1002064048875282,-0.5879567932838278,0.06213590254747093,1.4118278202286834,0.4953004991059332,0.20074617844713993
1,-0.017894602389910665,0.07911548863887494,0.4978356908101281,-0.14535072646116937,0.9889637563605258,-0.06312961198967862
1,-2.3760685555767345,1.5832279418358342,-0.08033064105466681,-1.1498085029307528,3.685326634674179,2.1974234578443377
1,-0.09378130378785526,0.11798200051287835,-0.5242293817457844,-0.8607957005541407,-0.016518730171644805,-0.16676778612738546
1,-0.859085727030364,-0.7199382497000686,0.49790661044959195,-0.5516187901759946,-0.7383395565943877,-0.41299144274768607
1,2.668321307034582,-0.5676541964816556,0.5283141457101821,2.954984937928292,-1.913258573190045,-1.6076074944604113
1,2.1087192324456465,-1.516650771177194,0.21800693006120914,2.202694615537194,0.2912799533728635,-1.156629628713283
1,-0.9954571542354537,-0.2107040535184022,-0.9775535090152321,-1.0027595541942276,-0.10681677511777107,0.7775337242707618
1,-3.3381144409273102,1.5244604312488867,0.3202632529498664,-4.131080685935008,5.115785012136779,2.152959443915216
1,2.5850916894768683,-1.2788527150877844,0.005015192796566589,2.1274860440649683,-2.314901145564865,-2.0982845227709683
1,0.8904934356585853,-1.163896035995484,1.280691275856256,0.31633181537059174,-1.0602016658547009,-1.2402898062172665
1,1.5759646878004812,-0.7277627252003648,-0.26880196402986434,2.2657833230007305,-2.4659649014258203,-1.793246002837703
1,0.19859600024933574,-0.7814717208154918,-0.7461369293737815,-0.0039227446323722645,-0.5520402641611826,-0.11866900893590078
1,-0.4593063304388273,0.2078801864846113,0.8460548950027665,-2.755527883570664,4.2481255545416,0.6112333536152567
1,2.0828834841092823,-1.5728527164227095,-1.1472667308160445,2.2566092659214423,-4.0440151666705235,-1.6118729602607287
1,0.3197271495319366,0.3350369306153427,-1.180536744939836,-0.01993563851748322,-4.471290018128222,-0.11174155157129817
1,3.167971978428636,-0.7450409889142127,0.7845021558986018,1.26533251413164,-0.2349954452369638,-1.1760998195891563
1,-2.799957443792904,0.20834576297250207,-0.5027728995070629,-3.268839596684895,2.510952975412501,1.8142395393019708
1,-0.30942393716030625,-0.4501831949274708,-1.0518470536545554,-2.039013728365206,-1.1274837628838208,0.27028642055727325
1,-0.3132225887600473,-0.06021183426354064,1.0730330404717454,0.9359786937732513,1.3953584465456614,0.8716033684135093
1,1.7349643716708774,-0.14361906727553705,-0.9167641373670778,1.5711136390903866,-2.455854806691447,-0.9495613338870426
1,3.335033720905654,-1.105541342293631,0.26431674543196526,2.53189001591002,-3.1261838463543197,-2.266973024475645
1,-0.4427568340570902,1.2042237920416872,1.5456899033982638,-2.371089265941762,2.2133847436803387,1.0717716221070375
1,2.303062646190646,0.3004654167269461,0.18903512973718967,1.9835121796426165,-0.9305415412612841,-1.6380494225527886
1,-0.18654370925440583,0.2508183390156877,-1.2679339873623852,1.7263283871230712,-2.4378659270910177,-0.1661061445071185
1,-1.115842107727497,0.7917933267262345,-1.7321778158071772,-0.05603077702509573,-0.11010460402651386,1.044752891633243
1,-0.09818005290017531,0.7507991405382837,-1.4222830197222154,-0.8957957379444628,-1.2785920579653542,0.2741998115460817
1,-0.17792588038429097,-0.4214356117849481,-1.7932522250976426,2.628375105513403,-3.225230484656947,-0.6311387593866293
1,0.4906599048499193,-0.4864786482704409,1.0388298130936606,0.643757219724249,0.4727603099957941,-0.22740786191307813
1,-1.7936098728157017,0.11403599045143947,0.3985921379907704,-1.777681204353473,2.630428131321456,1.2832411814038962
1,1.042792108168418,-0.5469884279363881,0.09376944660435776,0.5650030748689658,-1.5878916069714664,-0.7657004364610127
1,-0.6095006505508485,-0.3773799394542755,-1.8018335068048388,2.0277153730026662,-3.142296791469848,0.23322366515981585
1,-0.5485161702352357,0.19272667230914287,0.14908986802915467,-3.1457291065885618,0.7522948749090783,1.052326283918875
1,-3.3007254099168315,2.4544252071808175,-0.3926557225448638,-5.835597599914691,2.940145673087242,2.893599924954922
1,-1.0056829716647597,-0.10782421287029928,-0.5571063826683519,-1.5831084035173895,-2.719211523812725,-0.08130283245927228
1,1.4956440499373962,-1.107479279208862,0.4040533271326921,0.8450623440568809,-3.278887684828622,-1.803533420603328
1,-2.8529066580451383,1.31896874581916,-0.6552312578974875,0.032944301115643435,2.220443154174504,1.3347921557302143
1,0.30800999465108314,-0.24227181847977552,-0.8674183263636084,1.0945993613091134,-3.2357026161816838,0.0557210227921337
1,-2.234210501048408,0.28265874282386627,0.37815446817303167,-1.2281687807403516,1.8019373655331496,1.0142114690631585
1,-0.4661363718113954,1.2405207534265739,-0.5075268588644178,-0.8743527744728664,-3.0416124506544198,-0.1988977668403566
1,-1.9736752514486158,1.4278956716444933,0.8217556942269597,-0.5555139093417365,5.185853938436204,1.2217001455763647
1,-0.6754114504241135,0.042106193179055826,1.6674257969839001,-0.40943430193229385,1.455995442578484,0.4532754795797983
1,0.2938212322880688,0.38154538701448293,-1.1414914504806675,-0.7078898417480483,-1.0211597218176574,0.2688960698005172
1,-0.41402841393278067,0.20809452363331998,-0.42715199336238185,-0.9380843818724567,0.9163711593355042,0.1431968291625581
1,-1.397987414462624,-0.86808377357513,-0.3282931277562135,-3.106433777734846,-1.3387947974641747,0.2359397938588973
1,-0.6303108206631126,-0.44094154574233363,-0.5198945393761559,-2.847824455149961,0.21255037411576264,0.4426042971700211
1,-0.6031005870944679,0.28853096347450924,-0.2989056197750753,-2.5057897499918838,-0.015488328656503198,0.8657062626852883
1,0.7255535634831255,-1.3597909159022252,0.668664872370917,0.14834487718441747,-1.0883396551587523,-1.1436502382161167
1,-0.4703475715970935,0.561606200931999,0.007256861227485173,-1.1806333370569773,-0.7451291200145883,0.8847879281598433
1,2.4413603281147433,-0.8146056058023435,1.201633864009021,2.148893354914063,-1.6307130498729157,-0.7958956289241312
1,-4.337492278742383,0.8895677132927741,-0.9931095831329501,-5.634315200755889,2.8171344722924507,3.701731686113761
1,-1.6117951035256448,0.12022836177600313,-1.1783097163056697,-0.2249118575773978,-0.08770343717417955,1.4098781369150668
1,0.3158619605383238,-0.9255235888780692,-0.044834394991939835,1.0955535046251887,-3.4616742532962808,-0.9364267498047005
1,-0.7851437168253941,1.0218769956434641,-0.9508796231483302,-0.08460489295370999,-0.6497828772483037,1.0575298350822129
1,-1.3379339619817823,-0.6063624789263315,-0.9311766821589283,-0.9736227558063633,0.6895315670379996,0.8139663757587442
1,-2.575365613686808,2.1313823478918414,-0.17492220421079802,-3.614460927253292,2.9249197757985734,2.9118287960662013
1,1.041221562484065,-0.3016502596253008,0.4728603080302337,2.6364278293302323,-3.1062645978957755,-0.9029894649039076
1,0.627852803880895,-0.6888928521389164,1.994556420807564,1.168089274188978,1.4155310001153614,-0.7699047372445087
1,0.09451885309697144,0.24924077460316688,0.0757632725396652,-2.532549020232583,-0.8238261746545646,-0.27601725305071023
1,1.3009291692677802,-1.5544661536507443,0.09453922547293792,2.7869878342687535,-2.753090810823292,-1.4333264390045533
1,1.2335290118495024,-0.6201306911926443,-0.7255625267090332,-0.8121472137972672,-2.9260273856196455,-0.4657547924816398
1,-0.3384961323849405,-0.6944224583903623,-0.4348212197581539,0.17677655203831807,0.5902958025922361,0.3999818420857242
1,-0.16125565580451692,-0.4386665833072182,0.9310402743824526,-1.2334661001808387,1.6077660955764044,0.6705474812178001
1,-2.0890373340346886,0.1712555801252167,0.07520217835833304,-2.739568204368979,3.545988971690873,1.1813134136927808
1,0.42204204948155666,0.579869056116835,-0.05522132963600854,0.5899872615682581,-0.9051820144665839,-0.6497444908888248
1,-2.641497907015904,1.047060017419081,-0.24317839913841274,-3.885752865772536,2.753386568244902,2.11059277228944
1,0.6461422788093649,-0.8724430492144772,0.34607039039050197,-0.5682495187867839,1.2109316673668158,-0.5330908945926824
1,0.6850271553594439,-0.46000096917241995,0.13312436525996074,2.9386768018840983,-0.8827203119651763,-1.3354434097683874
1,-1.2324637915864403,0.4257232480308029,0.33172212426550496,0.08394943062319633,0.04249423385317397,0.38222020550912184
1,0.5917359926571223,-1.543661258012464,0.7818193956547246,1.329252807352454,-0.2362104168815528,-1.352212677682111
1,-2.6791712914597587,0.2003385399242633,-1.0753487933182002,0.05671434088146695,-0.13533770572573472,1.4584033151848812
1,0.9607628607707616,-0.7161660643422513,0.16508008862432555,-0.11795551298146298,-0.3414198925407424,-0.7829924255937067
1,0.30803177672937787,-0.22371243564428275,-0.8671770170155252,0.9745365364953148,-0.8399538367929371,-0.29222889142661
1,-0.2370422006664998,-0.07797076614962159,-1.8751040031565924,-1.09312231640545,-2.1848811709997933,0.12562695468805987
1,2.7193995952030336,-0.08989540665720219,1.1987164802545824,-0.9197716004674658,-1.6514140748390438,-1.815497605012082
1,2.073857690123773,-1.7137986570906079,1.28959463533603,2.6591238683970837,-0.5052144072805664,-2.0549322735872577
1,1.632780029687039,0.07094592446469375,-0.6004463773057228,3.9359774482137007,-2.7981996955592576,-0.5157203246777926
1,0.12553280005721248,-0.32609340929296077,-0.18910867020179126,-0.7603263772262131,-0.4865462284090693,-0.05353053233092953
1,-2.2729013595157426,1.951039877660629,-1.574212684900762,-0.7321817528821727,-0.33379526382035823,1.437124381453985
1,-0.7915263200785916,0.08712842673745196,-1.3553565033985144,-0.6283104110271139,-1.932391120924772,0.35940830844871524
1,-3.1198698072204585,2.5455017973093086,0.5988705356272277,-3.209450212884418,5.193657941800594,2.4969470220528076
1,1.04197758656131,-0.045992758487126945,0.01682798372238349,1.8477686360476355,-2.788178773658389,-1.6581109540165249
1,1.1993644214643897,-1.0341491680707515,-1.520023769310258,1.842078290687064,-3.5580428994968387,-1.4783820837023216
1,0.31556284336550894,-0.8485004143036864,-1.6778021483343333,0.16835525837904985,-3.412339064763338,-0.6252242662422894
1,-0.45323553177433085,-0.7133104479750371,-1.333502744999666,1.5105937119487327,-5.181215338171655,-0.6029818718496377
1,-0.39966067616289935,-0.6176348049258039,-0.45146316797030717,0.7425156986474121,-3.1941838051819973,-0.574054184816871
1,1.2086732117501786,-0.34085607540372664,-0.4748526254265627,0.8881299939632917,-3.4797296877706225,-1.0687443049524779
1,-5.163465782022408,2.1307452755306158,-0.5603515372923545,-2.638693545207097,3.1599800314125495,3.532181437020967
1,-3.3792307026324346,1.5252420500409147,-0.7667199147853454,-4.632902380927608,3.0585556536788583,2.999334599492207
1,5.813123302953833,-2.0843400734200497,-1.457223186222782,5.044761545616735,-7.0837176383043134,-4.194664830894134
1,1.2413909375949643,-0.6305347403389299,-0.3688273491045501,0.27532091500979433,1.0592063696429266,-1.1193637828845875
1,-0.014759327036373938,0.8160986139732805,1.1899939497539127,-0.20738669853577643,0.3149496713942289,0.10738713319493134
1,3.990174596634043,-1.2048846103688695,-1.3598475226242994,6.162329188490085,-4.713182026841391,-3.003596200059089
1,-0.3488724270998627,0.6961513675807834,-1.1958972362438662,-2.391252963228705,0.8016873310754279,0.8640033019701029
1,1.1655012202105328,-0.0401863167958665,-0.0957545473399452,-1.4004587284402006,-1.2763046827617541,-0.07445775029931201
1,-3.235082123904112,0.5789651359744454,-0.7970337518774003,-3.9844107420360495,2.64500584151679,2.649361618961719
1,2.4083006216075042,-0.781652268518549,0.28945062694537094,2.480176146154812,-3.7657758675782556,-1.5804872434023336
1,-2.2524606517440064,0.6434261173625292,0.7234290377857799,-2.37114541232175,4.074562794892803,1.6895967006132104
1,-2.8569865914925874,1.3090396347200748,1.60898883047416,-1.8044971629135418,4.655577803344382,1.5680087213344975
1,-1.4185820068200123,0.9738616535510786,0.008850245951069207,0.23088020410339066,1.6747340762351506,1.004587827027129
1,0.5871306721240526,-0.8540170813347879,0.9957954260636492,1.2925433952487617,0.9375468923313814,-1.0997096383183877
1,-0.3697044774117979,0.8496378302958868,0.4214815607702461,0.611382274592082,1.9069676169241228,0.2025479985357259
1,0.1831970415579136,-0.05958476837805652,-2.2595503543493294,-1.0750409352231056,-4.112286375948554,0.4484839828909524
1,-0.9961435807935402,0.6320817868744419,-0.5457141915124347,-3.1735530524554623,2.357777932154816,0.813679145543064
1,-1.4766640854290953,0.44208598615938277,0.38973568741463094,-4.2212625070272045,3.554765485231855,1.5922999323461202
1,-2.731544074933985,1.5336907118183953,0.1767219615264416,-1.9226454408089715,3.376351223064657,1.8094081400813573
1,-1.711960898908747,-0.04699639489782584,-1.7134255699493817,-1.45722593284116,0.5405352394886759,0.7529019825315852
1,-0.9300925204393206,0.2242612997709157,-0.17623047370048134,-0.2325206934716972,-1.1947644354002926,0.36826058166652326
1,-0.7098241760002522,-0.07121296944629697,-0.3102490839892849,-0.8126216762845836,-0.5616492888916416,0.7998662454295797
1,-0.43875098153406417,-0.3760678809011456,0.19018937095307853,-2.566218180168293,3.8312684889894366,1.525407153548523
1,2.3083777138447847,-0.506632289554664,1.4309242113531593,4.598113472761085,1.4337128609871368,-2.36275602618817
1,-2.2759614090225453,1.407983955130394,0.5917024500941005,-2.2925128635563974,2.623675301936612,3.0074052842336956
1,-2.7425983406322434,0.5983798575204621,1.3550459914635071,-4.542271465387657,3.519376464598406,1.825244851571358
1,-2.8850579563381267,1.3607669457820826,-1.303177094134673,-4.082191817581329,0.8966521736326002,2.002121716292013
1,3.6543535010118937,-2.442718627237554,0.3159597397316627,5.323662204714174,-4.359119753445313,-3.277005835591117
1,-0.7744563430935577,-0.6897703297214984,-0.7887688619225245,0.5923036806393562,-1.5561078113258997,0.2889371905859577
1,-0.9868593073957812,-0.4015362852558463,-1.8294396415898349,-1.460987690381903,-2.9157305961044635,0.39055511378046365
1,-2.0410108565390743,0.9692830742569134,-2.318359515518844,-3.073506727103992,3.666132127556382,0.9978837681207724
1,0.9098476186217767,0.4582782394370471,0.3129210513496333,1.0109103475387806,1.3334271884005104,-0.3096349164560271
1,2.1193865645450507,-1.406513925271432,0.32634728928547324,4.930860076355548,-3.113721266243367,-2.1945513669316576
1,1.4277849327999839,-1.3544685620681747,-0.20164879871798666,-0.4532675754763169,-1.7998900927713704,-1.0960792461628257
1,2.052627522931111,-0.8718491957598119,0.26247770033506385,4.066603238465757,-1.1232037152373184,-1.907201331017479
1,-0.3065717947904443,-0.4605572227774332,0.41280787502802824,-0.10498025052439558,-0.0815955705190097,0.016823594816267357
1,-0.5149412694563141,0.05746912248838967,1.3473316676143945,-2.2383013443633595,4.46760139425494,0.6589893529107242
1,-3.630849777351738,2.097994142852234,0.2559802271029756,-4.406321820906365,6.353124799571958,3.7853565105585436
1,-0.7373732868556171,0.7804456157833982,1.2513424369712929,-1.0592896763131492,3.6552643261195956,0.5585287335689784
1,0.3578576077192439,-0.4915154248968267,0.9139492281138989,0.4728318348415369,0.9163318553514805,0.18295035641978308
1,-0.2970430862485633,-0.007129227544892203,-0.19678443867596007,1.9368768483529402,-0.30205438190490536,-0.6662457364858935
1,1.5532782693171816,-0.731349838140087,-0.10078319443092718,0.40939283205076066,-2.926841527523036,-1.3724886694170917
1,-2.269169726653026,1.5735698210470557,-0.00910656051801937,-1.7073345568279552,3.634231186030998,1.3149025930615266
1,0.2641183323275924,-0.7509782567432312,-0.43734556674213865,-0.011807947258081118,-1.4776560831091319,-0.10607745139254954
1,2.076708598156945,-0.8770738634818261,-0.948427122821038,2.4249077069321676,-3.975217070486816,-1.2817052918906755
1,2.4734740419977017,-2.1120983987653767,0.9600384684785686,1.777592582757434,-0.040836938591734664,-2.0851925213078837
1,-0.202418087974235,-0.11639015339726555,-0.21189644349239903,1.869640123069735,-2.386012569262963,-0.2442730589714027
1,-0.9802415394537858,0.27409447767708167,-0.25393349767803514,-0.7183042031550915,1.232147704622272,0.8256503176383654
1,2.6317584334593933,-0.7773824912269418,-1.0215998124988797,3.60047816419565,-2.5654470744524764,-2.141523791042657
1,-0.06199904943198263,0.15505604864565695,-0.5571914328528904,0.46161460807515226,0.770798841470938,-0.26895360151627046
1,-0.6939194254740607,0.0402910009483359,-2.088934794047834,0.2970781873788301,-2.870615890268637,-0.28049566983672847
1,-1.4686383386007837,0.2920932613964056,0.268968584414876,-0.7797461862919475,1.0124279260011957,0.8409963303680095
1,-3.712298706301006,1.1811582341434068,0.603867801993918,-6.130883067162569,5.242138676795807,3.5207180862311382
1,3.1524844334108044,-0.8669010826262384,2.6645095614841416,5.728449844487669,2.5109898756709534,-2.3520096565963655
1,-0.8924377586097094,0.10671926147272776,-0.13255028473223643,0.09551636568892054,-1.7420294033650012,0.31369622296145
1,-1.7650381246808857,1.3245409170456686,1.0477998424545365,-2.360171105053376,5.339303728221777,1.4897292916948488
1,-3.536291936333698,1.5318155212900537,0.6318625628092347,-4.07307884287219,4.781093297341704,2.5997477098226978
1,2.606903811431923,-0.8223346028719336,-1.2098573427878563,2.3792835156120153,-4.722287725432314,-2.0964994515828366
1,0.15624881681640646,1.3438452259774645,-1.4990069640665282,-0.823343934967548,-1.9454136189294358,0.4355068625852631
1,2.1003577241829845,-0.7850552332073422,-0.5511979315445853,3.9734252758431854,-1.9373406927773276,-2.1256057144271647
1,-1.744181056942687,-0.38960229098960103,0.11639158960094648,-1.0198072538573877,0.10027686421952098,0.9498731002230968
2,3.9694761527194964,1.038516777906331,0.018554348621396544,1.2693697050550101,-2.4642045780176907,-2.0663521699606617
2,1.904822637077597,0.3977240383980763,0.692471861565511,3.0390109497942004,0.31822577350522985,-1.3691117156608075
2,-6.483259225489522,-1.8845846108516606,-0.8812302060664273,-8.523711038537868,5.739430493725391,5.999350888883075
2,-3.9406411924929365,-1.6545841166565658,-1.331585752478564,-5.399791211940715,2.147909888384673,3.5703810948222934
2,2.339928846101338,0.21021982315002113,0.24644179457328236,2.5932855466639073,-0.46886513227759075,-1.3838273778769612
2,-0.06935050130199462,0.42589226427333327,-0.6190828086015124,0.7921057420489337,-0.5664560461445697,-0.5522594114730268
2,-0.18268581712788273,0.576189124283382,-1.9217445352620315,-0.3183203658883783,-2.1034137502426313,-0.10414629315238554
2,0.010642969047289529,-0.12708150896460862,1.5252897845095446,0.10622317113412602,-0.07482023969132154,-0.04885756329943643
2,0.11516883066904937,0.0921754751459962,0.9025384611564414,-0.385314862067716,0.8804350673768572,-0.2183686605573772
2,5.402108982874134,2.894365173678153,-0.27475011480675554,5.073815406970001,-7.118140342862593,-4.630008474694407
2,1.6350325778116757,-0.1362751304456531,0.8123299810807095,0.1187676791493002,1.0524930601301585,-0.8710156267614377
2,-0.791261846428883,-0.06717829013212828,0.37832253982995584,0.0820747847351612,1.1153252857974352,0.46159870606878267
2,2.4796587061950097,1.6660518806916853,0.9913340031258041,2.087757855235953,-0.24349172502835142,-1.440810193505223
2,0.7721461348648867,-0.42050500699932447,-0.28596855619376943,0.701453117689021,0.2077568941781187,-0.12978597986286405
2,3.834228097038123,0.7946455458872334,0.22729350530324785,3.7727531328015442,-4.613278480645381,-2.2931865673600584
2,-2.7701265339977192,-1.3648237178171738,-0.28318368228530977,-0.7451212532809682,3.7870028549196277,1.433361985591056
2,-4.933547107323086,-1.7592684053100476,-0.6761585475203249,-5.744689352436974,5.389677862400238,4.041673985034373
2,1.636178680020654,0.48394567797234084,1.11011263346441,0.1699679668872706,-0.31627869560541383,-0.9000312207267098
2,4.304405138446201,0.8933803658318059,-0.6619377006018868,6.018647741083442,-3.8992990401722794,-3.064969169040292
2,0.5432729750474691,0.36917878802838044,0.8148308495388218,-0.6739383564083882,1.223420986362477,-0.7051271306992528
2,2.4393578913634983,0.5191067784255115,-1.1467773904844518,3.393210756676072,-4.469796277948095,-1.9898159210595148
2,-2.09304883372395,-1.0627338030723257,0.004083417139499664,-2.141874018326427,2.1196175984346644,1.549211102522526
2,-0.6447006803792883,-0.09574068700208015,-0.10488925433574597,-0.5696642624623456,-1.2686086316141387,0.6303187101859564
2,-0.7331286490528455,-0.8490082463678805,-0.12448022073803808,-0.4197807890578872,1.8530665398536939,0.2849346432239177
2,-6.940137822413025,-2.8854960501672875,-0.05939077706999975,-6.532260547855738,5.227440093079087,5.394550004928512
2,-2.9433356690754677,-0.6294000824047761,-0.16890974706570117,-3.0864221554599465,2.3721051733132135,1.494001504248243
2,1.263409863847,-0.1942944925532102,0.3277015189912437,0.7716741685285489,-2.7362084484333864,-1.2375122879133706
2,-5.909807361053293,-2.3356932073838728,0.611927268952763,-3.1390460442529418,7.401500072306439,4.341622530541161
2,2.331758742899889,1.4429194614401781,0.8325597659119673,3.212846121551683,-2.0048057070594,-2.299576319636235
2,6.303625269188955,2.428541649322369,-0.5926318171960449,8.19157484678967,-10.675836399696065,-5.3294594938512985
2,0.7865604756648356,0.47554129478697826,-0.6309509696988252,1.3368085523706328,1.509197608865192,-0.06593802728871861
2,-1.433130044723512,-0.3645837304515186,0.5346667908804279,-0.45503711024194077,4.3264503686337985,0.9747304186223806
2,0.1604504841229792,0.05910287783232142,0.6781361483227395,-1.3569785626351814,0.8951607222503869,-0.01424742586822346
2,1.3176852349028596,0.5561014536593294,-1.0747859818023566,4.016586684795533,-2.1384825856594514,-1.6887645233000086
2,-0.1556443812639802,-0.4456213262942992,-2.0649288856363146,-1.9766296747414438,1.3078813565836118,0.9971689003046024
2,-1.771735138399718,0.36055268208455565,-1.2712313880676913,-0.7410741192464081,-2.4461123017597917,0.5669242860166428
2,1.8660628844768212,0.8125735602487724,0.06348057214432415,0.2890884383502724,-3.5363325274393995,-1.1955356713393395
2,2.075745577320446,1.1925434647734252,0.5773278209303994,1.4448500411501857,-0.9983542992860862,-1.4934788014586093
2,8.26985341164955,3.872634675335073,-1.43040899610029,10.937753831912477,-9.275239802505974,-6.312529647870586
2,5.805147601159618,2.4963378745304743,0.2774157446777379,5.959345783142236,-9.013850663633477,-4.683966379247137
2,1.4873625332339677,1.3281717667068411,0.811251176436168,1.9494409678939084,-0.29186967307827144,-1.4949824653775947
2,-3.929670959089654,-1.8676749504718595,0.23513390335270096,-3.44661920189837,4.802426189367708,3.429794464567771
2,-6.948741956087447,-1.7069393305264478,-0.2594192288712078,-7.5807362207911515,7.556227686958011,5.341486099511034
2,2.650911846244615,0.5203758538337047,-0.32940376406960536,3.2778582933923808,-5.592378982733876,-2.313399159128357
2,-3.4854220417625355,-0.7866544546967239,-0.7610676159478345,-4.581420340741204,3.0412803478229407,2.9624700818896423
2,-1.6201805821636972,-1.4451876795035647,-1.2463947774302047,0.44718823986842654,-3.545506994223319,1.3056928491763804
2,-1.336027124025914,-0.5915128873162501,-0.46329974234236243,-2.8830516852718087,0.3907655036345773,1.1381648844453802
2,8.317681059855357,3.0769919186586194,1.2736522898847604,8.763796772235546,-7.386747835557625,-7.294186296120961
2,-10.177449012526122,-2.952865744466762,0.07375599400014916,-11.594866157774458,10.569202766597723,7.3208806829437405
2,-5.137823702190165,-1.891897725955588,0.12082866854300223,-5.744906026119614,4.159311432917093,4.098518783626964
2,1.1510211674575097,0.5830291103411177,1.7110435457442803,1.5655169257871013,1.1202291198559053,-1.0576609243753166
2,1.9494680798636772,0.9710377427572235,1.1777414374209119,1.5099664795465915,1.1560112547999057,-1.3410157621572532
2,-1.6648962770244944,-0.5609919615718133,1.1283696992845407,-2.148129171288364,2.056211587086972,1.2477851689376016
2,1.785284712496466,-0.3007665692738549,-0.919697368750525,1.3619142463851703,-3.060054641602833,-1.3166524866220177
2,-1.9127119909082118,-0.9215128229609904,-0.4324833414731762,-2.137457763810731,1.1238404799824249,1.88115464166561
2,-3.357642504313838,-1.1022994620349085,-1.6084360944320424,-5.276707807206055,2.096731031173125,3.049187711649305
2,-3.3239864876369443,-0.0317289101637319,-0.5565457111901232,-2.5316314095961983,3.416818565746669,1.8005700887012623
2,4.186140020388875,1.2190581857017613,-0.31098636667999624,4.2390488263495865,-5.455955436066895,-3.4231408993166923
2,1.5092214424122388,0.3773056126745084,0.698152635997525,2.8890515659277005,-2.479225434177614,-1.9451547592222704
2,5.197113239204303,1.5244890615815576,0.7824815863120604,5.5685576922570466,-3.537761683894912,-3.307855948273996
2,-0.8689432763954353,-0.12301303417379972,-0.5038171801114083,-0.7609941436269718,2.2301871820278163,0.44116724462964674
2,3.130146616992764,0.07545418143161203,1.513786632492098,3.9598040046763603,2.2973195440351577,-1.1107999481020778
2,-3.481363207354218,-2.086251488574523,-0.7547554340230166,-6.614337050636255,2.190371823667009,3.285630889511816
2,-2.724440115909259,-0.3561760530143785,-1.3833090641803636,-4.5487564766727075,1.1394760062731746,2.342663853026843
2,-6.153573453787588,-1.8943179462536173,-0.05932640446875406,-6.590499533813944,8.765022683806457,5.285424409652686
2,-3.270343774671244,-0.3878278143701044,0.13564858427878124,-2.3943834197711724,4.138793157298192,2.500422975735004
2,-3.4564248088195133,-1.8888765258086675,-0.18908164160082036,-5.3329339847471156,3.6405258193949903,2.9194248392029847
2,-1.126027075392062,-0.5842081228859672,0.6055251133293155,-1.5344184941853718,1.968410481865527,0.856055181896437
2,7.611190310106201,3.484186606380211,-0.47856643006236255,11.801849407078576,-9.687686775381906,-7.23294412865082
2,-0.726558009341807,-0.2919603953561014,-1.5182077462341141,-2.5416842614018753,-3.387004913030107,0.4750736978583671
2,1.4044842323193834,1.309640853124863,-0.04325183667977454,1.4229656663787635,-2.801082622098844,-1.40797240204204
2,2.030061672551686,0.18362536840809948,1.0271629386454502,-0.22517435851575793,-1.662636660699468,-0.491775700188326
2,4.597520874127338,2.183659926441868,-0.3261859742852497,3.8585984917215836,-4.991009479256397,-3.1033104512664167
2,-3.968421379733188,-1.285686307250044,1.4155441896546055,-3.3934471657308682,5.473876191518315,3.420253916310909
2,-1.9127933239503925,-1.1945730619147465,0.3171462362726233,-1.4869687787865844,2.6496992954479412,1.5936800712385173
2,0.5152168994637685,-0.14167465435087867,-1.4187785557018349,0.15496352589979162,-1.425568917670188,-0.6844179566052258
2,-1.116973643370309,-0.3422457534121181,-1.7654965009418566,-2.308876291019308,-1.7230368037136947,1.0811759486306172
2,2.8408104728339727,2.1283614552698173,0.5140214304153877,4.436796732012212,-3.8720609556549324,-2.653934625250378
2,-4.523771670904256,-0.8248442181975462,0.06499024220109816,-5.728106186727878,4.907509864165478,3.994948539833315
2,4.216032528341953,1.971559880456252,0.5035437333600091,5.578373924817822,-5.188336128002943,-3.275224189496038
2,1.3082912549895311,0.018424746782036844,-0.17126856931506915,2.0509706859911616,-1.8316960905073174,-0.37227579613622946
2,-0.02775548488610864,-0.6561667026322507,-0.6725276916337706,-2.3820926745391167,2.690618580853046,0.9866727413415429
2,0.30533788468620776,-0.5314496982420222,-1.4931820871621535,1.268905851093852,-2.625903872681399,-0.15313710021105947
2,-5.3757550913103085,-2.7858760015272037,-0.8147036781861314,-4.935446807960904,3.22837295257921,4.416895766235113
2,-2.0132773923073386,-1.8143719086614125,1.547043473574508,-2.2579485809729407,1.7005735175520236,1.2862413826677481
2,-0.9448453553330054,-0.4280673483994427,0.13635537796261163,-0.8978074809366245,1.2976343085922561,0.849818818106954
2,2.340782809427099,1.2531372936616085,-0.3501279923249129,3.9062023045839696,-3.060757998957234,-2.4634956157102774
2,2.851494459993192,1.7615142213702224,0.6295667334155552,1.907859196059385,-0.6483772464417624,-2.1825651914359514
2,-2.156405167263297,-1.2938567853260612,0.5800713759236839,-2.0031820593913054,4.168554180243674,2.0701965534515607
2,0.0038439694193309892,0.9417357307200522,0.8706279654302405,2.305701130054542,-0.007599904034615624,-1.223402904929458
2,3.3428367888558856,1.308597153185519,-0.4369655205953412,2.62577142771042,-4.0629410567995805,-2.381740486709938
2,-1.9001554435201427,-0.9305141329207569,-0.8351266174880547,-2.134499999927772,0.655838518900064,1.5121566086778349
2,-2.25971710860049,-1.0725012699831804,-0.6345270374996521,-1.1809028716480685,2.560300497110751,2.0194303900767014
2,-3.9391510771374634,-1.3001371206293932,-0.32077549220939866,-4.786404640917647,2.384910810498444,3.039312013076803
2,0.9389845200055513,0.8937223623038983,-0.7166567368894874,0.2861514374676971,-4.1408030451174715,-0.9970981951520483
2,-1.4706324736627037,-0.9088426832578713,-0.14072266300828756,-2.1374952768654842,-0.20565622942582604,0.6771911136153927
2,-3.52893265753051,-2.050519120058826,1.1513042857664653,-3.5941738519089115,8.096827440083686,3.173503030599899
2,-0.6968053831887911,0.36432942275288205,-0.4311991990901349,0.1408484409093856,0.6542278133740338,-0.47788639899677465
2,-2.565802508067318,-0.40635108920991936,-0.34729511283261955,-1.1904380896977753,1.6812727983567006,1.8790972779921227
2,-2.8738384670223844,-0.6053636522588624,-1.2207674046621015,-4.457518510250641,0.35177977548707406,2.5328934113906088
2,6.637344665963492,2.9973035626468807,-0.5249141725101572,8.175591714038069,-7.324635294426143,-5.990271972657387
2,-3.0870382571459487,-0.6697989926189362,-0.182215609734448,-2.741643727516572,1.0554844385254345,2.2016378405093833
2,1.6170044454873314,-0.3617016463687985,0.09924997711603493,4.356301894352881,-1.4105865688029167,-1.7208934236706455
2,-5.904801654278949,-2.34397994803844,1.4733378958070986,-7.50947914415068,8.724609825998497,5.006202694236007
2,-2.3732284714649263,-1.068061563676217,0.8879574856991371,1.7372098368646802,2.823656926013026,0.570113610473196
2,-0.824109297848787,-0.42265500406500084,-2.1808248139942847,-2.8225004077954576,-4.201794451610377,0.48921504518737036
2,-3.222487599083225,-2.3851974930149433,-0.27253247265607744,-5.6372284749908035,5.722700976290725,3.723346920137309
2,-5.860634783714206,-2.4100940721127375,1.0266033308871023,-6.416706219717198,7.535624165264312,4.541074916029573
2,-3.508767376771075,-1.2830363590965923,-0.8087328252436137,-6.13827230524555,3.237168709065985,3.445078338754302
2,-0.48074482472781,-0.7294019094932559,0.26337107740286275,-0.8173185494420593,0.33780457060018937,1.1139567187299928
2,0.4950690642150918,0.4835580867107114,0.21636500432725744,2.3635599765190682,-1.8449129332838041,-0.9080350489664697
2,-1.2843727663490068,-0.519123785127903,-0.12090084404329565,2.6528911899771352,1.4788636404037838,0.33046280067593103
2,0.797559768255849,-0.262020238023933,-0.6374448437486608,0.8594051605210838,0.339002875959734,-0.16706718114749358
2,0.7406541612580444,0.42109483126336134,0.2374187680649518,-0.8410988605358544,-1.9861459600332965,-0.49312926069597485
2,-4.80547630134489,-1.3627930429029445,1.0231010830481784,-4.24843387602571,5.535431277685428,3.2340022028713555
2,-2.6964621684431123,-2.065103092906747,0.7154209128309587,-3.3923334023887053,5.409162778284453,3.026238958383855
2,2.637504700294643,0.802522548835739,-0.22589244943203862,3.02588528633226,-1.1294912687243903,-2.4344875817225042
2,0.9016611147123919,0.1302956836460267,-1.1412637670973829,1.0419726956948414,-3.032401598248833,-0.5042878571276446
2,0.3852528655749816,0.09252552333464378,-1.0489406432510449,1.811433714558442,-2.2823957097858005,-0.7825376771749933
2,-1.796379533971757,-1.095928411319963,-0.5142433342641534,-3.4198194398494217,0.24119298241400175,1.472456618983053
2,1.8859892743349704,1.2428751100838356,-1.1269043597357347,-1.0325365626809988,-3.966291915847242,-1.1901893918449389
2,-0.5237765615313535,-0.2710392284621804,-1.0371665036273854,-2.089748869461068,-1.056925140485888,1.176353511175282
2,2.3854186061480407,1.1395401217341452,-0.45416495697949283,4.062685550887349,-3.1658136266699066,-2.0861834637464254
2,-2.560469587301028,-0.9865125299063333,-1.9444896149506556,-2.653008502129538,3.0744639371926445,1.8405472095780846
2,1.936479462759982,1.608342484041704,-0.9670221423447788,3.2598832339149184,-2.6544119361278065,-1.511191608400495
2,-2.26732844378044,-0.7583521067828564,0.7276420690578487,-3.006515884588918,4.983342823360462,1.999468410505418
2,-3.32225474151102,-0.9941134044275193,0.1432691584529806,-3.493798079741631,2.999223543709048,2.883731382994554
2,2.175385597878817,-0.490013847025453,0.11353930683879526,3.0410614131265095,-1.8782279430176707,-1.3578017509486118
2,-3.424053311221857,-1.5590582023199826,-0.4448559968146824,-4.4057765135735325,3.1693088370425486,2.35345608376104
2,-2.665637733773408,-0.5724826735771894,0.6394473210848488,-2.6017452341678933,2.58612726350531,1.9375952649209014
2,-2.1258333637336553,-1.5711287594702803,0.20560762240306257,-2.722611852584143,1.5596333888636043,1.8829508066277347
2,1.0802918155461203,-0.06104894359216488,-0.7815044918864178,0.8657950269030368,1.028351305241677,-0.48920072980435436
2,0.378653346368772,-0.24493627111388078,-0.8871762146828558,1.0705629301919894,-1.803337360599357,0.1705458600344918
2,1.506396813182239,0.9382179453317535,-0.34585033683021166,1.8228704421575421,-4.211685892086966,-1.7294909978355646
2,2.5248630729208714,0.4202580029320022,-1.268471626985272,3.105403696149769,-2.593478348245925,-1.8555704966259372
2,3.291610720664671,1.3600033877587479,-0.6407715270263986,2.3682165379482787,-3.3103450344389347,-2.0209613006838767
2,3.443213000016361,0.7967654724191784,-0.840871529014584,3.564623269628685,-4.504384282062294,-2.6012035814395094
2,8.540230710454042,2.8319270102191267,-0.3118638041736543,8.80927513099576,-8.479288712455475,-5.994358390811307
2,1.9818318851973589,1.1744485161672231,-0.3551590005533697,2.8876185542430797,-1.6083636181716066,-1.5345682543519632
2,-1.0919639756470763,-0.6570950312156869,-0.3323069974494018,-2.1281797977335586,-2.10071432682138,1.0874469352981968
2,2.2571957988092,0.4517326547876764,0.8066315696218117,3.2052089366716436,-1.4588473337640646,-2.1615520632470666
2,-5.322480866923561,-0.8981348579784035,0.8881690732215232,-4.722865018430461,6.149946473989211,3.516138656856481
2,2.2246427464905736,0.8115168751004377,-0.1660006061243823,3.067820929955777,-4.125676975308885,-1.7104904444683062
2,-3.8987325070653642,-0.8949045822414874,1.5514080495839495,-5.093888845134771,7.9115743201865785,3.2663869496797506
2,-3.514016348766342,-1.7493468855459493,-1.521828015837908,-3.6460452340890144,2.275715837940666,3.362159867435612
2,1.0744582842138835,1.100207538298255,-1.8830283156743708,-0.6732861753812411,-4.109402708646518,-0.505541743408806
2,2.3065439444528693,0.8787886769181409,-0.09717671394882282,5.2699710129565025,-2.4895311287056283,-2.4919136837638973
2,-0.054516586082016094,0.3389464606292699,1.7130682987472452,1.382417306051409,2.857109891339904,-0.0010059769591362622
2,1.3871915926818288,0.5666534341646072,-1.3357958431575,0.01265956324810229,-3.8386168504220324,-0.8901084814171576
2,-1.4844005311015918,-0.15075083608129916,-0.06379573098693914,-0.4820802011972437,0.2338203076640624,0.5105987184988601
2,7.997857313568677,3.4787866750572114,-0.4025349192005032,9.72208741135446,-9.53854206230087,-6.943233617374979
2,1.3910512558948536,0.17520360025214635,0.2878803270139541,0.12369504246665597,-3.0063354755584375,-1.3319281123827469
2,-3.0663726940163185,-2.0747067141340665,0.7198927898764366,-3.2594975164430506,5.625323318164568,2.7442210765651263
2,0.5316498403065423,0.33140742245212634,-2.0395933409408182,-0.7119503970018828,-2.0853049606659724,-0.506681505594736
2,6.533718033131105,2.409936484120216,0.5510569357275092,5.437696052027197,-7.065407207324048,-4.75569206858437
2,4.858037708529423,2.0060644958909326,-1.1575222745316769,8.263114857165398,-6.801240872404189,-4.778489547801636
2,-3.126351806902095,-0.7378479590950962,-2.0693393714728203,-2.0350730208716072,-0.5068441126410931,2.1411873816105627
2,-3.738709056708778,-1.0694532186356218,-0.20031263564148497,-3.412941634853238,4.167357668746789,2.8349837398657396
2,-3.9776422324775655,-1.8630986579933995,-0.289989845548458,-2.5832279296604557,1.6557496042775,2.8026929733004886
2,-2.3213382645482334,-0.98632106972018,-0.6875688185136284,-1.660743698038383,3.0723964381104834,1.4591301981796294
2,-1.094918457484103,-0.17411541685882584,0.35644823575335605,1.445689049604722,2.3893587668231437,1.2838696709204307
2,2.8304562214122577,0.303977061370028,0.5737738476475229,1.9814802792304593,-2.7339269777526565,-1.3547697758076396
2,4.207626701316264,0.869720477411011,0.2013877510546865,4.214794691827972,-3.1886473692753547,-3.2030156094124336
2,5.946821593861277,2.5444361306992147,1.1446985285431617,5.185184471177153,-2.5028711281017495,-4.222152968085545
2,-0.18951126422315137,-0.2072512171971458,0.1197123626020617,2.015287148934987,-0.5370875784218543,0.3140170116041094
2,-3.6129045215884226,-1.007654092399843,-0.5572038590612853,-1.6271389336803728,2.622017530668756,2.655653262651627
2,-4.274019524635264,-1.805742867276238,-0.11376226420922972,-4.959266975640332,3.520046932552954,3.015248046167496
2,0.1887169121588,0.9755334194919419,-0.8316280116200958,0.9055269564486023,-2.50159111590497,0.05624789588377266
2,-1.0653165430858604,-0.3406116790175899,-0.28044310280720774,-1.7191031963970322,0.20351112307992303,-0.12703086380545192
2,-2.0959993112004276,-0.8849662671893941,-0.26665255140222316,-1.5379660575751304,0.7243372925219367,1.8475428322156113
2,-3.55676830152855,-1.6436603437032593,-0.9474070918746845,-4.380165086229238,1.1372261057731872,2.8832196833800756
2,2.917546398623566,1.3507505805291207,1.0349348142182395,2.6453208521427274,-4.523374474407759,-2.8269308774191426
2,0.9520998681951545,-0.13905419842388617,-0.013157459337285904,2.2581736064865217,-0.20050562561954102,-1.5401876066619873
2,0.5964953282907157,0.8148147210943284,-1.201973987346564,1.5597805469152546,1.1528672968504519,0.07131832113761216
2,4.925834971697618,2.8051046867728435,0.7181958925028874,5.141975329124259,-4.015332759885393,-4.01918429160586
2,-3.4178472279653054,-1.2399347451746827,-1.0164100332017227,-3.904153878753905,3.2075517758147014,2.9857360802377837
2,2.818035307631966,0.009861043863123753,-0.5315558625304004,3.6461203052607982,-4.91150990786268,-2.7925457106343075
2,0.344163630610985,-0.47474961043763236,-0.6467335980700374,0.2623937789832776,-3.2357712916488457,-0.45451640999288057
2,-3.3807419787665767,-1.1697118845348002,0.9727904895533459,-3.933469536211952,4.818319180884109,2.737340000851086
2,-2.7043767184601544,-0.8450323981551129,-1.468545738270985,-1.3338179773576846,1.3347365249197785,1.0457016204938108
2,-4.198312169343044,-2.0035851726654688,0.47261788055846704,-4.946725492281021,5.706877987557474,3.5514251746103236
2,-2.798010575561249,-1.4134756838335234,0.9875386267838001,-0.9267793286711362,2.4855714438454584,2.1043540653057318
2,-2.5561070270087005,0.10977893123847306,-0.22901931659466968,-2.940168413448679,3.1805851041487863,1.8572314290938394
2,-4.184594268771166,-2.020470156031044,-0.7587180086842117,-5.911865575342567,5.3437501966027225,3.763045551641008
2,3.3884308076878553,1.4093881631997167,0.49909458747662544,5.100239677608592,-5.715558997537277,-2.960721906967679
2,-4.478892403236,-2.03813092311961,-1.070864719112237,-5.9235572806059,0.19704198395732497,3.875889409644929
2,-0.1285181742666515,-0.5949931105569348,-1.2856568391306207,-0.7180949513665401,-1.9964607954293823,1.0412887036340224
2,-3.934757616522251,-1.2351789530418533,-1.2897479308626332,-3.4163273917103774,2.0025131387583333,2.435484817801632
2,-0.24841076529873402,-0.4441636533236993,-1.010223130629243,0.010220781591124935,-0.18522315599832614,0.4720818283511333
2,-1.216462344700581,-0.2889711106357089,0.7492053958998165,-1.5429315694399428,3.1400968173465755,0.9088296725004771
2,-3.818588181743512,-1.6108656444702247,1.7864930800184153,-5.55626870208489,6.715442869880322,3.018972501798475
2,3.7052921594260226,2.595071155830899,-1.204172670128802,4.901212101546523,-7.20579702560261,-3.4284823969159475
2,10.861757931951393,3.750393202712436,-0.7698393911463439,13.506681570513251,-11.027591282867522,-8.705799725194066
2,2.351324658221775,0.9522596964261747,0.6033732903476506,3.659214154102982,-2.914018291207009,-1.8404085719453283
2,2.3142797911457578,0.9719484472141086,1.2202283362650233,4.488420154944024,-2.395293823182149,-2.0705733879869737
2,3.8030424211301406,0.31282516362583795,0.17273201734191168,3.632195776201898,-2.2438861121165514,-2.0615041235885503
2,2.851604387355531,1.683888617492087,1.08458858043047,3.048022010256298,1.1456471624844466,-1.7265309266293585
2,-1.4651544470475033,-0.3072732101459196,-0.4776677299603501,-1.7543607013714664,4.610320119724705,1.18660493216528
2,1.4628907361620402,0.9716820061434799,0.404328812056315,3.3163314393066368,-0.5548448060851228,-0.9827306791928696
2,2.1036196950865036,1.0237669621612955,-0.8011940045012484,4.150593611696857,-2.9290506748647767,-2.3613490602732052
2,2.6031233148941793,0.7594657927087863,-0.5047610712144267,1.488177940187434,-3.5076181115340637,-1.7050718239824165
2,-0.49274867245728116,-0.7394594920528949,-0.8143399761263543,-0.29957272518032774,-0.07329001632992596,0.9859850169777353
2,-0.5355987894003513,0.8945566499171864,0.4613506135703604,-0.8748936865517102,0.5361447785715635,-0.2893920460718846
2,3.3565014186193287,1.0912747719420093,-0.46006286864407353,5.259574147256419,-2.21055355217554,-2.5647534603076245
2,7.330672189992195,2.111868029123309,-0.7461261826792019,8.71445037685843,-9.489569000502836,-6.031142519469382
2,-7.978826054438942,-3.5886451543628652,-0.3386786893346655,-10.093474748554854,9.30476818005263,7.199954673244214
2,-2.201596048015036,-0.8339744929281495,-1.5338801161844813,-1.1990412352540152,1.7981199619670003,2.237693349644927
2,1.2863520485100621,0.21662454370028195,0.34833714822955386,0.98888869481604,-1.5084847992988162,-0.3561650611369523
2,2.5301395996845586,0.6866192434016305,-1.3178130145592637,2.930994549843064,-4.072499864011473,-2.0035550664512685
2,-2.4223213750019283,-1.2819779661783322,-0.9964841136177959,-2.771911068710283,0.897820350480224,2.7224129010291787
2,2.0048375312277256,1.1564471226950244,2.654480660671614,2.253299823926333,2.8463531507452546,-2.109335777965118
2,1.752994665889852,0.2925489511406338,-1.2385615844584172,2.07946188533787,-6.165708403091528,-1.7321930558450782
2,-0.6908372353200275,-0.5463290011683938,-0.6940753508485608,-1.91180175251704,0.9576121080687081,1.0791942096136677
2,-11.388581884340864,-4.30315398914025,-0.6265055119723506,-10.768652444166328,10.202404814996695,9.320474078137707
2,-0.07084136810228406,0.15180379092261434,0.05205814070549623,-1.2146918488842098,2.062134970851583,-0.11990367498008625
2,5.495893569967568,1.8561414160147436,-0.41784406232456345,6.5355355086535,-4.631029935677913,-3.801375550822191
2,-0.2127432821526597,0.8436242886178154,1.467059613969083,-0.5210079312594125,1.0740652161741795,0.07521867660981424
2,-1.8481701078965351,-0.6814409658483178,-0.8175080437205566,-1.2401853392844968,1.9626355326736864,1.4158259336615764
2,-2.36412645701665,-1.6569182292144422,-0.9716291320090326,-2.7241815753147662,4.587048589576016,2.816705460338038
2,-4.330650786078394,-1.2357499259167173,1.5445748418599299,-3.4220441626218365,6.903136552915944,2.8814576404406806
2,-4.725362872699264,-1.74072778973403,-0.25727124803512047,-4.848786029571329,2.291418114200409,3.7375681742613085
2,5.67736846129052,1.7846724499044384,-0.33663648355936104,3.223907893006754,-3.5274793501692177,-3.1298168459519773
2,0.2330865922543993,0.10221934134981732,0.40472389197149616,-0.01659936489065051,-0.18495581717087567,0.11954450366560773
2,-2.1363129009869906,-1.738954967632648,-0.011951746252338242,-3.1570551917895924,3.003679399251797,2.2390317961127524
2,-0.6827380551992078,-1.0317484232471166,0.0045789523028746115,0.6167498676448837,1.5330429442114093,0.529382273042788
2,0.7644987776180402,0.12681869877389057,0.2682351235419302,-0.31534813408301937,0.8984653889718913,-0.4710084638627461
2,-4.660653960006169,-1.7263515778922964,-0.051090731013705176,-4.383370820641883,5.209291487325029,4.306295954488666
2,1.8241434173142668,1.4152644206428004,-0.1457065297205359,3.637123831812518,-3.0435523602273213,-1.6886963422155132
2,-2.1350193289180486,-0.6788987097226664,0.518013768438995,-1.7344296676080995,0.9256607452587002,1.4836639628984454
2,-4.0300472978669095,-1.2409261476244589,0.885123698296171,-4.890610807626784,6.37652796297987,3.742886457231334
2,3.7342441941216493,2.3862196642880615,0.9268813536277547,4.600842727303086,-3.9803630041795373,-3.310165644041942
2,-1.486428541033595,-0.2835826328576627,-1.5966443866400737,-0.3125634007134117,-0.30123333613111775,0.44723903822784367
2,5.211824067584487,2.0077541769187586,-0.19328490001864457,5.585901421959876,-5.666589244305585,-4.3773446592147
2,4.389553824405798,1.4991386508180127,-0.9038936422796431,4.633354690415407,-5.4019920865470565,-3.144656367146657
2,-1.481922114194339,-0.6508372158803067,-0.6847742058755059,-2.1668758886505586,0.2257076146150036,1.0781467867756065
2,-3.4529206025043218,-1.1275001882042242,-1.1841893272266912,-4.1140498367121365,2.4104454006053535,2.8179560946314055
2,-6.506313741005414,-2.512943989509295,-1.043202823046556,-7.889724587407604,6.540059621352579,5.584749702586095
2,0.6285766727027637,-0.38519440913397457,1.0544832257941286,-1.212639024631553,-0.04043055116308955,0.16714325405926642
2,4.942446024955606,1.8612399994169286,0.4488697688407811,7.394014663705155,-6.455849980664295,-3.800405891949137
2,0.39708468816550185,1.421878693229615,0.20061135581374032,0.6018407361205118,-1.7564735836824192,-1.0040908686167214
2,2.198214109719836,0.6461566341422398,1.9527040721819453,2.5414760189635173,-0.21885820710858422,-1.7723238948637063
2,-0.8861971954777664,-0.43473978325466595,-0.20770491429974922,-2.048969609338891,2.260208729213639,0.5854406225429332
2,4.890151471823303,1.4383877276757113,-0.7645811114628723,6.175502431196486,-6.603748401811227,-4.206019801851143
2,6.733363443221611,1.6714576708375468,0.8926258830591067,6.766751289844595,-2.9765164892249687,-5.3647735262802465
2,-1.9550048793175918,-0.4930078842141181,0.9376226830919845,-2.70413037080337,1.8360740937789444,0.719134720299478
2,0.2587307435698581,-0.6536376272953587,0.3606032824594069,1.757757425686786,1.4087689530003897,0.12455632944334052
2,-6.661446279039565,-2.8193513891946065,-0.7965588838283797,-5.3984456653566255,5.700729837864967,5.299650000415441
2,-2.815984197695693,-0.7051911065440392,1.2079034729165312,-2.4215654997257476,2.537164467746368,1.8220310786807614
2,-5.041638838485897,-1.6936558108826822,0.08461748386041282,-5.688867577116761,3.098637587605509,3.4402002283020834
2,0.892702695717201,0.6153651881638577,-0.16494858065103143,1.597969896090167,-2.0088520821111326,-0.7623333158335633
