,0,1,2,3,4
1,1.4296825117932932,1.8382404084752557,0.8076910332147229,-0.39349980455846006,-1.398396828321579
1,3.22289937510092,4.209990333542753,1.600801363158178,-4.060661101421222,-1.9224675779176812
1,-1.2672404775347748,-0.12164313373330915,0.007997843072547806,0.49571074726526937,-1.5044621746100333
1,3.393953956961753,4.2723069323893315,1.1050912286685204,-2.1681459323705927,-3.0577783864344594
1,-1.5487866202234815,-0.19843206982695377,-2.177478688251035,-2.4098372863646884,2.6923355578377617
1,-1.9016170518628663,-3.4667109557185274,-2.287118428838994,1.4141991741607174,2.2705229684434274
1,-3.5087226792084816,-6.888868729634691,-0.9047721910412421,6.309415401002687,1.6624871678560174
1,-1.4584748114374164,-3.8614470086638013,-0.6284750330136997,2.343576511658219,1.1439575154585409
1,-5.117027460016615,-5.852434303696308,-1.3795397483977456,5.509478879788984,3.236117231040953
1,2.637748268531145,4.885480741768432,-0.7328032286159827,-6.769338473083257,-1.1554488995241516
1,2.2403258480064814,3.7807330034893396,1.2994719149445007,-4.22709598616491,-3.2162764965835025
1,4.863963350392897,3.9959336229426725,2.061430212647105,-2.3529620486611473,-5.258748323205741
1,6.548880426962039,7.221685284622936,2.549245696358143,-4.710356714041659,-4.254010966188017
1,-1.1421557747352924,0.5339299414784295,-0.40308416835782146,-1.167648700173154,-0.5947499131828333
1,2.3904730678791353,1.3145481045658922,0.9615964153522139,1.110677075599322,-0.22315670488157058
1,2.8917494835005018,5.203934585064672,0.6010271325020415,-4.0071940089581295,-0.7345338371576998
1,-1.6598726084276365,-3.2949929737277355,-1.1174739169642085,3.391345395792422,1.0961843070769017
1,-2.38636449512536,-2.520615377359326,-2.0295184487113427,2.16878298994366,1.2529739799821427
1,-0.7243111250307488,-1.3174641145458015,1.070240810595245,4.761755160931439,0.17683371880624302
1,2.275337230881154,1.6420293466069282,-0.011519794915446302,-2.3920318609576596,-0.38288861907279925
1,-2.005485544327486,-0.6429157140552485,-2.9718243525800565,-2.0869651207842312,3.263875910675593
1,-2.061389966938335,-1.658869627479961,1.260441690233063,-0.023705422803558168,0.5031073791550285
1,-5.212000892212789,-7.549664959217455,-1.1785660907778654,6.642481222558411,1.50623145663119
1,0.941323215352124,1.94387349567202,1.6560958233882328,-0.8076365267574327,-0.5363877974265521
1,-4.517066235040716,-6.141828856362071,-2.875139338694091,4.031350676683879,3.9963413112771757
1,1.4234579584051774,3.0355778876998745,0.31233789184804484,-0.41806069828891196,-1.369072313596541
1,-0.23515427553304197,0.39652989752322365,0.8896903457845364,-1.3365487513920644,0.6220363565374192
1,-5.235523068771286,-5.3072653304630135,-1.5457154481484237,4.742484376171133,3.6924827856018436
1,-1.3975551919730989,-3.8580241827114428,0.4032908112839888,6.325222214311813,2.006146878277958
1,-2.2991661589941335,-3.282168803322282,0.5625521937914915,4.221303109390549,0.8249231368752965
1,-3.5971297510999882,-4.55414392142397,-0.39255435439537956,4.018786847835273,2.096529512268208
1,0.9441184120984575,-0.661905918662011,1.0317685115948396,3.4314294499378217,-1.4163077538139581
1,0.12698517781058538,-2.372565319407138,-0.2416650687899854,1.1190120658136742,0.8151142005188838
1,-5.391856308896221,-7.80149004008519,-2.48024000012593,4.479817981356834,3.7883055070648175
1,-2.598483452429083,-3.644677829411553,-0.7773378323936329,3.623904697049531,1.6909882269772902
1,-3.7613656080249314,-6.797761899894322,-1.6789182692621958,6.183577304404064,2.1644524973538513
1,-0.41201772054626634,0.3382326375944802,-0.15765311961552872,-0.692004713753914,-0.27700419824584943
1,-7.355819746783543,-7.964097274805805,-1.6950021748553517,8.063978924646772,5.276749397218246
1,-1.6896553571686268,-2.9933811317249286,0.759279373803356,3.108706501555588,-0.47126358592974343
1,-1.1673743034793387,-2.107747602941128,1.6727172684348686,2.777518321628484,-0.21104717971653308
1,0.5313321573946262,-0.15194604736251457,0.23343713127055477,2.0503440447755743,-0.15728461963201953
1,4.313742952714826,6.488693385401597,1.2305040237264748,-3.6061973499397957,-3.4019114531290926
1,4.690790698011208,4.211893416824073,1.7758470138569602,-1.6118274317643289,-4.0610578558076025
1,5.945917864841102,7.764232562716457,2.7732657100462244,-4.132078007225852,-4.37899810996232
1,1.5432568838837781,1.8719709398047029,-0.8713787115916143,-3.3251914150132342,-1.4061979720112332
1,3.853435041862848,6.048810448452374,1.6455869459757786,-6.57124555170009,-3.40649242021467
1,4.425650621716533,3.7647298272897194,1.609261291719285,-3.4898610726765966,-2.446971767736394
1,0.49178708357760936,0.37809315451765846,-0.6128428645104377,-1.771775660650657,0.05836426596925215
1,-1.5025859237192003,-2.128935774267389,0.7077116921527113,1.3324069663208085,0.37783279731612485
1,0.5603625603098202,1.9510483834276209,0.9590805208074235,-1.7183117209639989,0.5313051510291298
1,3.9760956251646586,4.407365714833684,0.7685493699926563,-4.2794074428349,-3.3537308684398957
1,1.1789861883482176,2.022601174786249,0.19573031040602526,-1.5893715522648602,-0.9414720095787031
1,2.0709019411726994,1.5341939379441658,3.156485697282052,0.7661002754659663,-3.559319399616002
1,3.4154138661178175,3.2781378593368915,1.8317373081823494,-0.5838649399686763,-2.2370827838808824
1,-0.7477260731325344,0.15382448516065933,-0.861820227425562,-3.2301854022600835,1.2344707244087794
1,2.944715338860129,3.465682918172253,0.42287236197491757,-1.8684596976951797,-0.7189594626194493
1,-1.5919546275916443,-1.765064807109014,-0.9029877477839451,1.4132902597703048,1.8022589239369515
1,-3.7451696634208576,-5.127425550564399,-0.24913532950313433,5.744490142634301,2.7436725502776182
1,1.1745382558361086,2.7737631233563467,1.2307285909702126,-1.147047888159222,-1.909075583546585
1,0.392111090996772,0.35292376841415096,-1.6719575144987826,-1.6960350141411413,0.3638566156572345
1,2.9948437378375248,3.468013774877127,0.4833507024843194,-3.233702398637509,-2.139286023808476
1,3.7217186082461224,5.557562285368149,2.0047687778102863,-6.46940945830068,-4.844618411665081
1,3.653423359535968,6.556926631392176,-0.5858138797848393,-7.68873075156474,-0.4196663274682963
1,3.7827867716636083,3.862631236584857,1.1482949393767723,-2.3756550925452773,-2.4587925442556426
1,0.5626698181750263,-1.5016033902718893,1.0376460604061468,1.4272496811266187,-0.3073374883237676
1,-2.784035017583298,-1.5633053681671991,-0.17901846269018662,0.5500878662704457,1.9904538870859438
1,-3.0255303657736583,-5.051939833223853,1.0411060584993388,6.194809152125043,2.3201198867098354
1,-1.7274924032756944,-3.719839222999873,0.3499298506702495,3.603710780736918,1.5211807489207712
1,-1.5955160982892669,-1.5131999466454664,-1.42215546510316,0.5402081183033974,2.7972790486475603
1,-3.069682537753633,-3.7584481511238024,-0.7384210720851488,3.4509536486779644,1.9553173704285707
1,-4.274447620946799,-4.062282126510315,-2.2246548415918133,2.2810665982702667,3.2218858305357614
1,0.36889236751380616,1.4839143719177361,-0.4884286385708539,-4.153063313397405,-0.46205390781167677
1,2.446973417298595,3.464419020802544,0.6854217044656563,-1.0211289178525622,-1.6625805385094594
1,-1.7199570634799572,-2.1900747899478317,0.34557037695751525,3.9182370355852094,0.6837382587351682
1,-1.5652727082390794,-0.24723618227637267,-1.510421669468081,-1.9507355014377334,2.3310246539637487
1,3.186466870728389,3.2029234115080145,0.957015849828101,-1.3532870298787312,-1.7922556925742537
1,-3.3273231134128984,-3.545794036282143,-1.4835184290118426,0.9362101074571425,0.9601508890482129
1,1.4033378761808037,2.607619272208768,0.5215371412094433,-0.7820023997891123,-0.44504686001876687
1,2.5708972133033763,4.026153921853438,0.7195912897670219,-3.5498850242094324,-1.3659065014955896
1,3.465992349671606,4.932068717971456,0.41188400514210743,-5.916183789372045,-2.2398751189159247
1,-2.2748043922564456,-3.8521765316271837,-0.22390599820675058,4.621129633458452,0.29480033239109027
1,2.204801622099496,1.5878509308492619,1.0666676365704637,-1.9922222514510215,-0.6864121133017453
1,-4.78697922865167,-4.640808009409135,-1.2453236665414504,3.1891618465567513,2.4712114868286994
1,-1.879122593710131,-3.168330814451032,-0.1982338569270044,4.949629974471424,0.6001752397600808
1,-3.8256411665274945,-4.457035411138035,-2.3284966206142506,3.0618612733874024,2.9966823671690013
1,-1.5183443626211635,-1.6721319166550341,-1.3883943484775676,-0.7899308532873102,2.2923368052567934
1,-2.81371990613512,-2.5815287060432515,-1.0367709179402642,2.567771951107823,2.119899957502357
1,-0.200566723157164,-1.3369527994691601,0.31063633526829304,0.6389679269101788,0.46198986205932097
1,-1.8039825429486127,-1.3190556512816491,0.22261935491961965,-0.4344692855316402,0.8398976155055398
1,6.221477162994558,8.694622241082358,0.1286003204514261,-11.708828809920158,-3.7813490941664165
1,-2.371620317120764,-1.265347566190495,0.49229426721999586,1.7859662297592789,0.8392919943198229
1,1.9734202122138227,1.1428191450666096,1.8009684895097302,1.060828670326421,-2.180128063177946
1,0.30157736483636094,1.0945321705768747,-0.4911916018485562,-2.9857947634204307,-0.3243099427006794
1,2.284534915136899,2.7248973787603776,0.5146385227269745,-3.812254252228217,-1.8206369377039109
1,0.7627470774180218,0.3772110631900182,0.8948130624774735,-1.422806984885962,-1.3330217303025929
1,1.2487548581560717,2.8260076480298455,0.12014512181972149,-4.714190084147662,-0.6631934582588909
1,-0.01574184570033721,-0.8991013497239518,0.6136322601741802,-0.1033694199259135,1.0900255203881435
1,-1.0720698446394468,1.4037236269530922,-1.2537146355300626,-4.258669391636144,1.389580463562519
1,-1.3546959873791402,-3.2804633780425982,1.556158552381117,6.562836918958243,1.7291439324088116
1,1.711034567279117,2.501449854933445,-0.9765503657701401,-4.844528269565193,-0.8038408422314
1,0.2771870430111415,-0.3016364814390816,0.3579804311877328,-0.0026713083255004016,-0.2821922752663504
1,-4.4563910935507565,-5.58979129669481,-0.8525064642805006,6.31129177865628,0.9988701828068917
1,0.27707865359385514,0.8323477126155997,-0.4337884244434031,-0.6767542300172704,-0.18335892174737656
1,-2.6949818746383487,-0.4887028530446553,0.3244671249802099,1.2300302752046386,1.3375052432464782
1,-0.4320628373114332,-2.6913698893575715,1.053207388081092,3.4430540301225787,0.9244607792871342
1,0.15849747351711116,-1.5345743142570067,-0.775253397118151,0.3479828351559017,-0.013098580795957881
1,-1.0217139992650317,-3.1590222081089703,-0.08316144771409684,3.4658236595780227,0.8932925489439758
1,3.8333969634421443,3.9951450442075185,1.6753768740870496,-3.031243218265312,-2.4073061706482237
1,-2.5205292697283954,-1.8791884814078081,-1.4600401780285248,-1.19804263529035,0.3565160080911584
1,-5.15169665063908,-4.43474407384497,-1.416721192372817,1.9591082314147346,2.9017326678333495
1,-4.13338454112673,-2.523758945054942,-1.8804812740985846,0.25132589805712163,2.9002326672291505
1,-3.854220572419756,-3.735053465675714,-1.5551477426848035,2.574660530838599,3.1701220719170142
1,-3.3415125481802286,-3.690618159027486,-0.21932040633190908,4.091978565852518,1.3583245378220818
1,-0.0979867805069568,0.6541027448455715,-0.7825006316665802,-2.498153150908396,-0.2427018904937569
1,-1.3268065484228488,-0.7837754972106884,-0.13130832573814855,1.510782810639322,-0.7721962625428689
1,0.0789854766337646,3.4501108243900793,-0.5742893293617278,-4.1958916680497635,-0.7988473624702729
1,3.2870781734833137,4.387369111884693,2.0152268862605567,-2.2357545402596517,-2.2092100297704325
1,-2.128886662817629,-3.0565826274587162,-1.3294768700486983,2.268473692897806,2.1172299393963367
1,-3.761714394786974,-4.4789186595696355,-1.1853860662417621,2.2211805719024915,2.2078506392520865
1,1.2932700518292237,2.9734983536652964,-0.4614316578877773,-3.199518579894029,-0.22763258258903413
1,-2.3645653538648697,-2.9363944871682355,-0.12634792723167743,3.1520317877278425,1.0744081816781017
1,0.20050286783031118,0.5808589292212658,0.6437873540997443,-0.775564029478757,0.4155916497450609
1,-1.3880128403321543,-1.7605923778233838,-0.3178209674396756,-0.3409429294940673,0.5340639690066562
1,3.305305414899965,4.839442657037607,1.432816599381491,-5.617541015264454,-2.6758488468873605
1,3.9756671966855253,5.036227406704014,2.5792412067049457,-4.456118168492066,-3.8081688851735738
1,-0.9309495066798525,-2.0889925457733396,-0.6601366910625152,1.7254253267471087,2.8945764020136644
1,-0.08297344117411493,1.8025603773840928,-0.06852480302297899,-2.5984227500802266,0.7415508252085222
1,0.0750910568470155,-1.3342004886911012,-0.6633781258481442,1.9890160188710189,1.1922282404302895
1,0.6062542804468251,2.284492356209424,0.34581777448018847,1.84976858758364,-1.2013159634033213
1,-1.9391860080708456,-2.212795209145894,-1.0819288467823593,1.3178462349161781,0.2785641728143009
1,-2.1399514624290386,-2.6177320504967616,-0.08023780235089212,3.9349423599238675,0.35831444377646166
1,-3.2034562646124862,-5.260756234295156,-2.2208954580263875,2.497169766013382,3.072890350778812
1,0.5644455917597635,-1.2153201136345524,-0.11771652932241791,2.2106721403299265,0.297444895351619
1,2.4212618070336647,1.0057744613436397,0.6642433088267226,2.127063488734011,-1.8713609726944498
1,-2.2221167801209942,-3.095407930972933,0.35034620503880487,3.672119006541765,0.01492083129955455
1,-0.5450172036910887,-1.5055900790568966,0.6824115224150868,-0.34460467091770536,-0.8135142557366728
1,1.631870446370768,1.1300781961717055,0.21092447560869831,-2.404698036238401,-0.2883975356188876
1,0.804108591544963,-0.07775056272292652,-2.246313441840546,-2.0141774513192487,0.7376210251231494
1,-5.460093342139487,-6.757169718664099,-2.867124460200102,5.477109307410058,4.70085862988323
1,3.526708049184497,5.428146264053198,0.7073990526234797,-5.224841694187565,-2.2273900127025024
1,0.1723889366006786,0.49810035567190336,-0.3400478953614427,-0.9255938412265625,-0.9650067908797386
1,-1.349884676088954,-1.8711059045598935,-1.8037794465405308,0.017208428144640797,0.8606816152757698
1,-1.4158447383457107,-2.1784073639055483,0.11873742063068182,-0.11434491963626092,1.1515262359886256
1,-0.154869836375215,-0.7046634423903455,-0.3782809782365315,0.1643825391682985,0.5064638314835697
1,-2.0778151871399473,-5.499394455839328,-1.1232735107352407,4.044335482388013,1.1305464174418427
1,-3.660584159556436,-3.2860442100986624,-0.11683693820661972,4.221299339964359,0.9468338774873564
1,-0.6459040408441761,1.2122947161901285,0.67479242840873,0.760422825076309,-0.45464842641537834
1,-5.987040697412167,-7.936221152229986,-1.1482293350335095,5.554940900246648,2.5743754864195094
1,1.7083095353437594,2.6661864023329542,1.4476974737627155,-1.109154294080656,-0.7158503329708025
1,2.0874689052436146,2.901489474733172,0.9082885444662759,-2.811108906510732,-0.2527279424229078
1,1.7239144672988937,2.792605360911326,-1.162680641722233,-4.851828613782043,-0.30056443456089627
1,1.7400856638136253,3.8744160039352087,1.4199540227918304,-1.7454957452694837,-1.5468253998851693
1,5.30806216380533,6.022708596062256,1.5392371379032568,-5.9019251684411715,-4.137334367849002
1,-2.1321904943892998,-3.339465936984941,-0.20151362081436258,3.316034086968849,0.38267440288292215
1,-1.145446429508767,-1.276974940304436,-0.11794832929617444,3.638646709932108,1.3799961880907012
1,-4.2065200407226415,-5.377104732492267,-0.813865669741104,5.540187790334378,3.7874223897030492
1,0.12643474018933495,1.5084413386453492,-1.2608358406659252,-3.273647600143691,0.213224338426222
1,0.576919652907871,1.469124117179667,1.220396034489075,-0.7433855812652407,-1.2520576335831288
1,-0.26407465391999824,0.8693037710469494,0.9714159534579782,-0.13548368228221774,-1.07613238492245
1,-1.1687079356398469,-0.3127629830894592,-1.4433850467879201,-2.1370264066023847,0.7952289752855559
1,0.6085999187248762,1.8954078322260466,0.41798165854736424,-1.3330530903892819,-0.6131832575278003
1,2.1075458896596855,3.356959412383051,0.0414689707960712,-1.328776943181015,-0.9598592729347952
1,1.3303555822926612,1.8166780108654919,-0.35981469519332504,-4.782675914989473,0.2762961856942216
1,2.0448149866376166,0.19445625594014979,-0.2469790842975835,0.9332236685810008,-1.2260501629379612
1,7.2335364068903525,9.907768096648736,1.5612108879338555,-10.244906974008858,-3.2477192435564666
1,-0.031018076931362715,-0.6880213003108361,0.20713012101461403,1.5433499547138758,-0.9992067879594116
1,5.414167834874771,6.931688399436457,1.3965287521116923,-5.673159516479238,-3.145542063255051
1,4.099406580724652,6.182977341035852,1.5991165550243231,-4.795546052733347,-2.612212708078684
1,-3.021666292728072,-3.359950460325252,-1.692548561052799,2.873833736532944,2.809171461115057
1,-5.006151205631767,-5.8502160703289885,-2.133752629375469,3.9505642304813837,2.989887622993051
1,2.951511475274578,2.878867684313169,1.460885469826401,-1.250174186032827,-1.5280999145896668
1,2.7283445297447453,4.891515041757519,1.0639848384129034,-6.351534196231006,-1.8065056352251814
1,3.5506707106330246,5.551737518899811,0.7852181917539416,-4.916588484551644,-2.8937260188792666
1,0.6953535471485967,0.7250322351001821,-1.0195640790679827,-4.245220652385405,1.1246287060554732
1,0.6597120629808144,1.8094196525856985,-0.37782651246410015,-2.1538140652136106,-1.4493456576707873
1,5.0017919379189335,6.414407434419043,1.4541958509973671,-3.880870602828449,-4.047787076676816
1,0.34161999994667375,1.1003858109811058,0.9654806450434859,1.7853701880542259,-0.5345614149399496
1,-0.7819363723766919,-2.9832162370808932,0.9846841245513132,2.0221357634025865,-1.3720818983649625
1,0.3124776430473788,0.48156608225290454,0.580855095833146,2.3425751626357187,-0.1604623218939585
1,-1.2755996985342108,-3.121670801205502,-0.536997182636015,4.091914057260517,2.978738061658439
1,2.5570332282836756,5.2235882524304245,1.0945361974897363,-2.5735385510681557,-2.6921418471644047
1,3.418467916658448,2.5525981995681755,-0.0456775883513173,-5.606974009082797,-1.1738556049357394
1,-0.03236453690421426,-0.35191377986841305,0.7690262714092224,1.2078334049788089,0.01409981253194853
1,3.922740062924103,5.032676276491059,0.4897976272847603,-5.821137868582894,-1.3627348416640772
1,-3.9231657153693265,-5.5169472350257704,-1.2329019958428618,4.365006313307313,2.711017379462997
1,6.57557894903023,9.591752483792021,1.6250932010171295,-10.246480058124698,-3.4480872450115507
1,-4.296923263750722,-4.775190103947359,-2.3451900796734124,4.558929964273904,3.47972106204604
1,-3.1545528932808558,-3.6186334312468205,-2.2019080770275705,0.4203090191502263,2.862953217113776
1,-1.4889902798614487,-2.783512376464251,-0.7733845407979967,1.1348761603646902,0.770777702422504
1,-0.49563939331985946,0.3441502038111888,0.42548209696988654,0.5156955145635184,-0.6015889406286062
1,-1.494246629260417,-1.9117377974539886,-0.09925171513679115,0.9847448301601519,0.505901661992376
1,3.004232666150487,3.53028613192604,0.7737700484550013,-4.250899264580395,-2.3582803777821146
1,-0.06922337217727041,0.35520134937374565,-1.5357391425595481,-3.8609055244855273,0.054818690383555066
1,-0.7857382494644811,-2.4602309068666988,-1.2235377102214602,0.4757222609642679,2.4650658445285734
1,0.32789615175937037,0.73587934116134,-0.06895117253525444,-0.27200630933428405,-0.11342948314923001
1,-0.40407750557569855,-1.8407982233813796,-1.4184874746330296,-0.9872249977999104,1.7818355234151144
1,-6.144178903884087,-6.815821690973354,-2.4789871056526764,5.825399868166833,5.108777537037464
1,2.261752298886331,2.057907534642555,1.2597198514357235,-1.853555569219441,-1.1457231976921534
1,4.541864535944584,6.809507152959322,2.110181596086322,-7.341331569733973,-3.7627524001469017
1,1.692614464816832,-2.016870660538116,-0.7623527516651285,1.797189388726011,-0.756477829406602
1,-0.5657573246861365,-0.7884809983218926,1.6848305425331573,1.8062692281486128,0.6300813081874779
1,0.9824021613014922,1.343909534119918,-0.002287353644475243,0.1681702872294849,-1.0139246349476614
1,-1.1221784053008201,-1.816508071923867,-0.13989488520082577,1.535897803128885,0.1903475351642393
1,-6.582384484679867,-9.747883825736352,-3.179829540245375,9.338785829081896,6.137439299600666
1,4.143114694077918,3.0649969668417896,0.4950847792118137,-0.8765341658234019,-1.6433189668982255
1,-2.7716954924069084,-3.8993263298576792,-0.4635767057851867,4.294369520311341,0.9103117534710707
1,2.4986325446705915,2.759166969610181,0.3781385950846306,-1.4192754342792275,-0.6718530086837375
1,-3.130051314238234,-2.8299500197610286,-2.04056873491479,2.0765047833777213,2.4694563454497493
1,1.1240641832619356,-0.07656817786181051,0.7800824838130707,-1.0912814553851062,-2.7185042855843733
1,-2.418063473664763,-2.119652675683534,-0.9681539682722264,0.8221127519666354,2.1292081607142057
1,4.7051053604987,5.211940834673568,1.188333921291922,-2.852303609448741,-3.7124187875644936
1,4.1329601192201295,6.348978866216107,0.8602226694888946,-6.02035449244802,-3.468577959148624
1,-0.6664739845125671,-1.1205821281192068,0.07037191191649911,-0.2936003626525071,0.33472747078162235
1,4.49394877272173,4.65331035739388,0.7431253775132873,-5.516258363613352,-2.145157016388609
1,-4.374063311445134,-4.594877197850938,-1.0308275774082067,5.345313087660112,2.3039347318803345
1,1.822882529681974,0.7481573951511447,-0.29808721655933407,-0.9797043960491038,-0.8991174127124855
1,5.752345873148742,6.272675856720018,1.3423750219205728,-3.3431962260976946,-2.9957385150058258
1,-2.5139499925179383,-4.0375282816781075,-1.2824152796182071,3.1004314507897703,1.577252856498578
1,-0.8824690320491758,-0.3782425980466383,0.37846622435602656,2.3041980560827873,-0.36934693709323174
1,6.2160858085547295,9.022828884282083,1.5604196055772457,-6.794408947107151,-3.0864806615517715
1,0.23851067652108898,0.46599723756818034,-0.38543824590831716,0.1548204400269862,-0.5727883703611967
1,2.8671562265005726,3.3820981507581043,0.9646579203963412,0.1782508750184125,-3.0369464604188043
1,2.278993337159603,3.7106379425317972,0.33472018116384555,-3.126304748164973,-1.5428543883479613
1,0.4866684402098107,0.3015816404041045,0.4912940096380834,0.13476082739516032,-0.5980584022603228
1,1.5757353626914175,1.4138437021667873,0.7646970307629279,-0.7019693729093631,-0.8624636950539935
1,2.9502018680862645,4.076009217335,1.3467840015369896,-2.9644829390594727,-3.0533555300799025
1,-1.8882878437358013,-4.3972616386431485,0.1402342220221779,3.821048089274434,0.6666952386490205
1,3.6650080481297196,4.819292469245652,0.9722386341123929,-4.466101926138215,-2.7870340645656873
1,2.8581051342424995,2.6847437994753864,0.9066847523261122,-2.8271038207486954,-1.753731167389822
1,-5.297332973194792,-4.928894727312709,-1.1329579233007914,4.7560835224478435,4.813744810449483
1,4.416644149756214,6.72071298980501,0.3645508597399108,-6.800424578690292,-2.4081742587433683
1,7.547218287890568,8.460106914002962,1.8735569709891586,-8.67460019472586,-5.350599374914351
1,-0.2473355817940891,1.3917307326023047,0.3528544461785042,-1.8749510111645473,-0.5484717259471258
1,-0.7795777175521703,-3.499682831510555,-0.4054825205623181,4.471131800749785,0.11506323330444894
1,-1.044482961966378,-1.2458551861322968,-0.5548622142358713,1.8946630061994927,1.017670719776273
1,-0.7763234654373056,-1.794816963979025,0.7917072255200929,3.3677860787727236,0.07917143282040107
1,0.04192110958009944,-0.5216118655847177,0.5654789222279979,2.326204419998686,0.5147606653899081
1,-4.94033599151747,-6.769835245879965,-1.4551046487967938,6.773766808507212,3.146687282978062
1,3.6887962179608325,2.1498804173586996,1.8880696310921627,0.9959130341314328,-4.10951378941526
1,-1.7045635619156392,-1.2552343981554774,-0.7934655972690775,0.5215327819705706,1.2968674027817255
1,-1.2299456116221403,1.0105129321173691,0.2421719200971022,-3.1338529731187674,0.24168299473161226
1,-1.7535989470699174,-3.8727947219059917,1.1261506652533808,6.206846166166385,0.9736663059957484
1,2.1696722305783003,3.6689805283400827,1.6259531543107024,-2.7743128722434,-2.222782045956701
1,5.195497967269644,5.444978657899326,1.0017819785766546,-5.4761984142602875,-2.4607445646772637
1,-3.9288375358537113,-3.192706391124784,-2.2601211835631503,0.9909315124487815,1.9085372584185492
1,0.055069972717001814,-0.9664119687134923,0.5356975832652039,0.9382808633845183,0.8571320357907366
1,-3.4874331197928354,-4.208857074186614,-2.176451873547372,2.7035515204626415,2.455863763777946
1,0.45506603619208674,-1.4332440026160187e-05,-0.4015327786858628,-1.6780515194322572,-0.04588576166698148
1,-2.72151783086384,-3.1964559429121606,-0.9979839067604154,2.341669521860628,0.43764907866612324
1,-0.8583196530909655,-1.342863881756223,-0.023906091067784616,0.6957470484608259,-0.26500820564039795
1,-2.2896387214820155,-5.025454612703477,-0.5603771400725466,4.634292596743234,1.162031123451238
1,-5.3723787637280305,-6.785858148685161,-2.2774812644501004,6.015655658557393,3.5054617460678883
1,3.2721460713332053,4.394186987498411,-0.23545231618191328,-6.546538750383872,-2.1844456933687977
1,0.9915434624939428,1.7201354791303463,-1.5145315324120252,-4.347566481951177,0.42372083470352373
1,-3.471035416576315,-2.4730724506842447,-1.721997136187804,-0.5381946031193472,3.217323606987588
1,0.5525331601144216,-0.2613772418488651,0.4027560844328883,1.6522895863159481,-1.8285464400265434
1,2.0575199649517146,3.6563818301313016,1.05226937726566,-1.8936487868372003,-0.36798051726024894
1,-0.4373825608080695,-2.234790746135374,-0.023920471691564915,2.1803888741648416,0.240606137786855
1,3.191272654130638,2.436549199721426,0.8845534675219494,-1.4830443699174556,-2.9296368310820995
1,2.7001368304770805,5.060822629161428,2.5310507153089192,-2.75467804672764,-2.549051172919436
1,-2.8064100223386337,-3.123282199932336,0.6849585130602251,4.150606379278658,2.813135865549859
1,5.473152133739179,3.1120770550848387,0.7001086854443542,-0.8664586324215762,-2.9382672811507167
1,3.1434679962526793,3.403225170779542,0.227241372468721,-1.9853100036746754,-1.6033753105761899
1,-3.1106138113332418,-7.827882729619929,-2.3056271735285163,9.25571136886681,3.6903393287954174
1,1.7485690354099943,1.2195801686019316,0.4464482796110006,-0.7324850434514032,-1.4315884393089302
1,-1.7557591664618237,-2.620534940685072,-0.25208705118027774,0.6789943212786477,1.3854128902290466
1,2.6000911610843653,1.5343687720761854,0.05441218043244003,0.5055480150100535,-0.5651591111138167
1,-4.208830692703643,-6.0297769307628135,-0.8046371437472705,4.112541653100466,2.8522525842142277
1,-0.6535052549860502,-0.9155387349603927,-0.7528678403794014,1.155506401056654,0.17410580884125426
1,-0.44421755892517106,1.3943964137663873,0.5478401148914691,-0.9395640257334236,-2.3449889747138912
1,-1.249238735123857,-0.025109872811139175,0.29561360625665123,-0.5940610454184921,0.8141261295259422
1,-4.298444301440999,-3.406532670731444,-3.17260643895011,-0.5512934429909869,4.709960209406221
1,4.1907374240139506,4.212552952981757,1.6030152741925423,-3.985373840937111,-2.404866539008932
1,1.3866564123886855,2.3098427620811255,-0.18871825025485528,-2.4789929742104655,0.09267809593593213
1,-3.8489858329058646,-5.675189803912638,-1.300338848081317,5.583556886233552,2.479606019210566
1,6.413713019138748,10.130052396355083,1.212362124670529,-8.705253554151621,-3.641019950462469
1,-0.29916270171714604,-1.120648710169958,-0.24380474999423835,1.6692542112060185,1.1096176486076348
1,2.1037823171851775,0.8850248342420427,-0.2769613661083225,-2.8835877836136503,-0.7921959204851027
1,-0.7978474944972109,-1.1546372982375517,-0.1590164138647922,0.9545898041102764,0.6493945721371535
1,-6.33906294120062,-9.401389226138322,-0.652526867093644,8.890973414215255,2.961754030174324
1,-0.18631090080191756,-0.9207317882568101,0.9125845128903705,0.6526390912640905,-0.3868370161149773
1,0.1599735373600927,-0.559717367435115,0.5922246957305889,2.4398324128046935,0.1291056721501005
1,-1.7682202290269127,-2.5973764293805397,-1.1214387888899424,0.3488017233971116,1.4397694202433717
1,-2.379876098339471,-1.0310407278570848,-0.1634892481456482,1.256513130653865,0.9806496810945644
1,3.194840818554802,3.8137790481742218,1.7043008603246343,-0.7149127173312504,-1.910813278989431
1,0.9147574660964033,-1.6714918935049954,0.700522183525273,2.5499675163648567,-0.43280638806911514
1,0.8547757132658135,0.6493207052022294,0.8942089047209596,-0.1261528326325218,-0.5692289400311055
1,-0.21782949023816753,-1.4242293849092977,0.42908611227430027,0.11276507171173207,-0.8708773386901479
1,-2.3001943521774417,-3.5013345852692903,-1.8366024434414536,3.1607302110151645,1.6436742842470382
1,1.1721745805795656,2.7737073835627255,1.6807361294694925,-1.5169321229980188,-1.709346378918052
1,1.186306540320985,-0.20581270193827622,-1.0670349549065337,-2.8056632129475187,-0.19897516867485915
1,0.021779419417091717,2.650648795914836,-0.43717842750812563,-6.563460685643915,1.0023888450174272
1,2.240394488202506,4.191505746416151,1.7540909923009407,-3.132029619157674,-1.1087603226298604
1,-0.9587126307423561,-1.8580171638477638,0.7263560531888333,4.996792674501474,-0.6095170794782054
1,-1.7718665632705861,-1.7016687934262285,-0.18653822552442273,1.2866455330443598,0.41179650026764303
1,5.01840767755044,7.4178782348964845,1.616692096812748,-6.581339862343405,-3.440923859897161
1,0.5769282457744669,-0.12459393389915498,-0.22034561047987322,-0.3788933855316727,0.8801444006909085
1,-1.890559170371926,-3.6100615983380613,-0.32901101430725954,2.9387238049816498,1.65153174363893
1,1.731144866606583,2.3538530752672173,-0.17358044354937655,-1.5505524525006025,-0.23682355427081536
1,4.339652165530661,4.46100174804527,0.6895005102913653,-3.6426303357228793,-2.2911295640224276
2,-10.537245424056827,-12.261594863574405,2.8563990743140426,10.232124846695326,9.05428047618737
2,-1.5609178556513386,-2.3605642777532605,3.5751547683322316,3.095530822994527,3.163291079668424
2,-7.253538288408864,-9.934056315884886,1.1230601830420361,8.89361316641034,6.338233964427942
2,1.139967119604075,1.8981515103240465,0.9120420834517019,2.4633089740182563,-0.18067368299681075
2,5.083780030684409,6.540469153134309,-2.81659453027698,-7.710418726585858,-5.645654360664076
2,0.4338058570276714,2.5357064054605285,-1.842682604635201,-3.0169714483733325,-1.1517345760548574
2,3.9903288784812476,4.479919810435406,0.15559538123596392,-2.682988942080377,-3.9492349079878046
2,0.1695790346459053,1.1290454277692765,0.18590858202693947,-2.04576964977966,-0.42673164666495145
2,0.11242290293794663,0.5025457292152082,-1.0373468336108989,3.22410951209401,2.4707210171402463
2,-1.8227839798776198,-2.832021031236012,-0.19989880737241172,1.0077443959286894,1.7819352788890181
2,-1.1065770764542688,-6.0213716601967775,-3.4559798703382363,9.858974104944233,-1.7236553230501603
2,-1.0854299037166482,-0.4756303683459302,-1.6165546452374144,-0.07438396613108472,-1.4957855427343758
2,-10.653823373860963,-10.401664699961346,3.4072609169034127,10.719701817625367,5.811574679765703
2,6.748688904226449,5.668173018683266,0.656566455026619,-4.598446809853095,-3.2775952220367754
2,9.060491617981905,11.355252647883875,-1.9555669456138212,-10.70751820979838,-6.624985587981019
2,-13.33415021098222,-16.732577915170737,5.214338735415805,17.050361965329024,8.109426614066047
2,-8.547461216035767,-11.391424968753991,7.2452775955702675,5.48656818719384,9.26431629118669
2,-2.7898415177258125,-4.864234462785307,-2.990390497357666,8.366581154562372,0.8076839810626613
2,-2.752626780707452,-1.6921383464976403,-0.3468049768348594,5.297810900932045,1.137501342421762
2,3.7156085792906484,2.5032074774975386,-3.1309968669097565,-6.790587824430341,-1.321976031186804
2,-4.026851596568833,-2.843557473560533,1.5103696762345316,1.130482710582439,1.444399792631562
2,2.006696916882262,3.266612495213663,0.8759105623971416,0.34096763121975165,2.1275812800509084
2,-3.8933341652125475,-4.8987083640543725,-1.3276439393614365,6.416648674435095,-0.3364490761514454
2,1.2715125272973071,0.3122716284220505,-0.15144511686929496,1.5461838168367756,-2.0447244631251658
2,-8.046486971828106,-9.651672873805444,0.45249864333747464,13.401314474965702,3.619780363401277
2,11.540862712285653,12.473291268334451,-4.718477560149057,-7.003235487886967,-9.042491284668534
2,0.037639972497517604,2.2959995203422414,-1.4285443758360308,-0.6733334531588292,0.12091880369523211
2,-2.057538976681496,-1.3095588058477479,2.6496046834875666,-3.1826457697304176,1.955454022804552
2,-6.022592147647269,-8.743465142801808,2.6678149245068687,10.140144485041976,2.7513232039752173
2,5.629615850559865,7.67614601700627,-0.2650353576195703,-8.724866611333777,-3.1416325534742833
2,2.2285435602542827,3.1139025751187077,-2.55700979637759,-1.7841962262549043,-0.2967472902358229
2,2.4321960851778996,2.2710335356837126,-3.1871606069181686,-1.734784977429158,-0.8420111575256344
2,0.6416041968929201,-0.7869020267471617,1.3892275204335947,-1.4751247898228503,-1.7143844659337741
2,6.344343255422605,7.462186692336727,-2.1473176168068435,-5.945400549955743,-4.839112036082855
2,-3.3529988110892406,-5.624597765549309,2.1042356861340954,2.1101179212092815,2.3042299436359133
2,-3.1784449494105615,-4.469073236153533,1.0509689253537866,5.546139351058794,1.0355334050842082
2,-4.699980159225206,-5.191319600588809,0.8978006897487436,6.74310372639344,5.749520353235291
2,-6.68910288886274,-7.713119904422823,-0.011787174808881976,7.206750453999955,3.0677806450434866
2,-1.8357845581190837,-2.450869578060268,0.007982517747585818,0.9802356028966038,0.7588455713115602
2,3.887056576591057,5.136525950511692,-3.416419072923496,-1.2810300664324035,-3.7538342785388656
2,-11.565857351871301,-15.249429834791796,3.803964661032244,18.08303638503477,7.022299390093217
2,-0.49590607708471945,0.8469741923880998,0.3457134574197692,-1.297484312509118,1.3602766691097044
2,9.477345505736679,10.52387500125205,-2.4744673121815914,-9.21667428849792,-4.800632055087422
2,-2.610707171620443,-1.6022484384347875,4.138408615371546,1.3026629247365875,2.548336346234501
2,3.065796248184244,2.15304997516439,-0.12209479074582048,-3.63573722904479,0.4050842012478493
2,-2.3466401203336757,-0.5738080062197428,3.6940274839820986,-0.021427947276085074,1.5648509751262054
2,-2.548025008697574,-0.9919511748520866,1.2870748854540601,-2.160446080110726,-0.026449785664169362
2,-9.75810253135407,-12.25427036445295,4.231437277111006,11.61756231680544,7.0704221167746235
2,3.3778407681564646,4.712867396041471,-1.651329791121649,-8.091576323233989,-1.7055582821942983
2,3.8577433292718366,2.693982301208065,0.2017132966561189,-5.883092657528211,0.7259099557250468
2,-1.3655505623450774,-2.0982896369133637,-0.6678237406137707,4.2746375041850735,2.5321658841606958
2,-4.2321039917594,-5.496358916981318,0.8305622844780292,2.4791211283885985,2.412857331331951
2,-1.9909231306823783,-1.365316561384398,-3.597558847457525,6.25337333187031,-0.44241706503831085
2,-4.820723814203303,-5.7218981286064725,0.2049471053189754,7.556027298141595,3.407330810891557
2,-7.442252092253915,-8.76232944436811,-0.32330468079935804,10.842858022204611,3.6327255054957592
2,3.568072378096383,3.1537537101302178,-4.15993955347808,1.8715755110660695,-2.7675693936102044
2,-1.0544757910567526,1.4239627750267199,-0.16948617356293805,-6.870779954570559,-0.45971143156507244
2,0.6845270615238552,1.0503049199309553,0.5060052066210102,-4.653674033058014,0.9955742005288545
2,2.446994958734701,5.4836261962158686,0.43231439768206353,-7.234528121732751,-2.784526245827917
2,6.302549942234262,7.997149580210002,-2.4496619538275617,-9.321695850073237,-4.615590732262527
2,-2.672619612384699,-2.5017409826287342,3.0453949061561616,3.0849668373425545,1.3566765870591415
2,-8.083732548275918,-8.801595456228592,-0.787019901692134,10.832958861314399,6.4822969914779085
2,-0.03622088052046492,0.5272112333490273,0.43066514766999253,-0.5497436514680794,1.2132527616218387
2,6.16249496944274,8.684666538983992,-1.5011234493733834,-6.763594019326223,-2.189775943662784
2,-0.6979391746405351,-1.8398435765696228,-0.3135806631890618,2.6825698848978474,-0.9761688487185389
2,0.1981793460429344,-1.4347965171865498,0.4447236930002575,-1.9261929237174558,0.3764419610509593
2,2.0970090692330503,2.4581166224660698,1.589428889596543,-2.660645659862039,-2.6865834082708715
2,-0.2642232955706214,0.7556084339173718,3.2149387248423102,-1.5611135074445732,0.9992795816744796
2,4.467357727036856,7.201797039738826,-0.23154181450080003,-5.1746474083809195,-1.1973528379912428
2,-1.4571731883735173,-3.325894874478156,-1.3892965824981285,2.6815262442287757,-1.9585005228998693
2,2.882691789784799,4.341631037615956,1.064442868082409,-3.698242200278732,-1.5154575755524766
2,-2.4425561635943196,-1.481915183059878,0.525432854024332,-0.21148841043072375,2.605271166525797
2,1.3170654167004785,2.6288226266114174,0.16152734645510158,-2.806271690508939,-2.8784975142990676
2,-10.772963178793136,-12.249771427827147,1.9695799046909712,15.307461136303143,8.778199780764313
2,-2.265358199187632,-5.54225446146945,-1.5533358429330295,6.295850250232946,2.168867336668732
2,-2.4700535413816027,-3.0881611045207844,-1.4448951412460829,2.0373710427411793,4.972805560503187
2,-2.6790548803480574,-2.733565228712888,-1.7457340596291928,4.382411515397003,1.2939422387584674
2,-3.6163528195307304,-5.260708930354462,2.43645973372047,10.847157430636859,2.2328409615913616
2,1.870473760118463,1.5773865494124766,-1.5732479969147184,-2.209885674839238,-0.7677711170346814
2,-2.0004582169928136,-4.493346148401522,2.4920634847946337,4.834228896724614,1.1038403710515672
2,-1.6563851397268552,-3.5701964782829116,-1.3453979856825777,2.3358144036113053,0.8281865356733887
2,-5.280420210179571,-4.868557329068398,1.0301357670347464,1.8238080939700776,6.037347285985348
2,3.8770421431411632,6.770166657489753,1.1124041574171655,-4.865838531342352,-2.732278769226606
2,4.24015053178579,5.726923275779761,-0.8343624810787071,-6.940704463089083,-2.613178869329512
2,1.3978378514278087,2.3082369467308372,2.3526875692888853,-5.986226432557125,-0.9371542743025835
2,3.440425445252535,5.946468327325132,0.36470318662036183,-9.415718716673354,-1.5036720551873985
2,-4.150193815352829,-3.0655893890052734,1.66275672153554,2.9674163260163904,1.501543357722903
2,4.325892916461967,4.711008851224747,-1.4182864419912098,-10.287587396623069,-0.7199274073133737
2,-5.120795431684226,-7.154802680660369,3.855506372179282,2.6522179816414844,1.305735652486328
2,9.89791901739551,12.87503781340177,0.07748630947243468,-12.233769924259137,-6.391841834543312
2,6.573960964467944,6.783596600169993,2.2160863638307653,-8.857624229663159,-5.076212080328101
2,-7.652620797864165,-9.720208754387828,3.5501450057698243,10.884459011337233,4.872558343339502
2,-2.3734372622586317,-0.27903868021144884,-3.6193651834827936,0.1722075384422828,-1.6199887704742653
2,6.613834873216057,5.809750152772417,-1.0549347023706084,-6.541398527567285,-2.7931548163075006
2,-6.685962317438018,-6.499592558727789,0.4775393094340361,9.394212426304637,3.964897593821519
2,-5.4959619388668965,-7.579705974449674,3.9259341283277185,6.181161055868885,5.02448363338319
2,-4.780953883909068,-6.527229920425426,1.168349354680111,7.533005675730287,2.2467204413885837
2,0.866035457293459,0.938553324580172,0.6701262538198216,-3.639846661879779,-0.7626161760654304
2,-5.303751712166293,-6.076291651505811,4.094904868173409,7.572980535469066,6.343411419691481
2,2.011091270843525,3.0945548836373327,-1.2390523018781743,-3.424579652967462,-2.104365179220615
2,4.321741426983227,5.627337384744744,-1.2662754587962795,-2.596947957269148,-2.0887410210109607
2,3.904860619748021,6.143010467223955,-4.395206027043852,-3.046487176743072,-2.217616965677178
2,7.943353844726887,8.578371396776836,-6.019392530658185,-9.52807910900912,-4.985442193254232
2,6.946770121150172,5.408244818516872,-1.012158060881995,-4.563853713527876,-3.6532298677627817
2,-1.5069982971798834,-1.0616992044176732,3.2846433731655287,-5.150369591189487,2.0139276760289566
2,-3.6472745980321504,-5.4473182918954475,1.7219992461358908,4.657913814449221,2.0786170285088303
2,1.3511543738246474,3.5061382907834906,0.20402899023592377,1.0059997611309326,-1.742202222483674
2,-0.8870025732992453,0.10571224186386546,-0.20684194241323722,0.8108954600466941,-0.6423789863713941
2,1.368206605505527,1.5392353890542303,-2.4147981089353387,-1.8620355883602757,0.5489813198889595
2,4.27286713099992,5.93570058387494,1.1090601116944117,-7.797450834631954,-0.5679312001086966
2,-1.3455289825744337,-1.0956395756108022,-0.16486148150139346,4.214615151501119,2.181502325747108
2,8.546355317403286,10.975392808135128,-0.18899537929958954,-11.252559230536246,-5.566191291321045
2,-7.07100172380689,-8.34776871971451,3.2574142292749246,10.75551927610953,4.439535503261441
2,0.798378187312203,-0.6861365332796373,-3.0587811217601666,4.615132875353916,-2.7609508030517103
2,6.168085175054482,7.259532834923572,-2.8487528911638216,-7.462645987083153,-3.513777420629863
2,-0.3127125732200766,-2.240238429001052,-2.8737956075781397,1.7001205131166255,1.0490361139480013
2,3.8574480806751206,7.281153366775888,-1.7587184167393752,-5.119913517273584,-4.077317511402712
2,5.300276789460242,4.477287165648502,-1.5760173126895842,-5.797758132406768,-4.383186237218385
2,-1.9182361619115662,-2.701233729518757,1.457572700765197,1.1042508980782704,0.2354975575044052
2,-1.1430739801097147,-3.02209659194667,-0.8644695928545937,2.231145712639648,-0.001563561904273092
2,3.0443778801588484,5.747683434938604,0.1838113141799429,-5.038315861425214,-2.152955898430998
2,4.528513326637343,4.127537430786472,-0.06868693821725146,-0.9597536295477301,-3.0350218483092055
2,0.31622349480326173,1.4817747830311863,0.7045454867418973,-3.971121842042216,-0.5012763478317277
2,2.5986031286354434,3.4831554766691375,-0.2959197414466586,-3.643468289849177,-3.3990509865636622
2,2.40730389294069,2.883989921612013,-2.2534183031488246,-0.45964181028559287,-1.760435947140782
2,-1.6982248901045518,-4.456087549056917,2.261606914706502,2.552652219787136,1.3382149394275333
2,-2.9754018587098785,-3.818198904769568,0.5314129918931622,6.864801573655431,1.622904555685335
2,7.800734465628707,9.301564369248837,-1.2330192846544503,-6.3345475793135675,-4.450600677453361
2,2.747637910711547,4.873072214253353,-0.6471851991596025,-2.5354135813388936,-1.0739210019800085
2,5.807754994826375,6.29727259473205,-0.13003478629135035,-6.461018032831563,-1.665529709317775
2,-0.34659628649784907,0.6403270684006932,0.3564780176322172,0.06293571959743313,0.25219853078368715
2,-7.237770418020833,-6.828900248326018,2.5221924867396055,7.648633722324247,3.064449039551217
2,-6.2224571866493354,-9.222454487835915,3.062894346329157,8.159067780545271,5.232181423314449
2,-2.100721916210723,-1.7418461660290896,0.9926365655052405,1.6412057322908769,1.0114307194032877
2,0.9772981707687607,2.4866915758603825,-1.473018869868683,-0.6003501526237559,0.26938691897493156
2,1.590521225162977,1.1352312968449345,-2.8829466678003826,-0.7197373133016003,-0.3020750424683636
2,1.2721312547191652,1.1391845200799067,1.0712862979806927,-2.5051935151128153,-2.5022361040422365
2,0.09184198407803479,-0.6074755546504819,0.19751207111129473,-1.080377709962562,0.9403430228541164
2,5.287063712644276,5.967635879728032,1.6444290207315968,-5.258770637701514,-3.527497207739209
2,6.121558466566414,8.003027226719759,-3.9721498800089616,-8.260006296323766,-6.255021558861114
2,4.076641545257201,4.445080587459095,2.830363843496615,-9.938036483180198,-2.692784935160617
2,5.551325636389723,6.030388222550945,-1.5233566993609966,-6.018509908861226,-1.3597341028243828
2,-2.5752229691960795,-3.381900874949933,2.7278036926453813,4.776947391145002,0.5283755850126225
2,4.004618577038617,4.136678077630657,-2.5356283174262098,-6.101544633728996,-1.3441749643424865
2,11.247024920098609,15.02947608910232,-5.22388204755844,-14.223329152759186,-6.6032995758635575
2,-4.149386619396105,-5.503313827447076,2.0886057081607343,2.16282665426115,0.8001658472677502
2,-2.083346215930636,-3.307590165555338,2.0530114100782253,3.1005861187773704,-0.6799219536275859
2,2.0870572917057815,3.5369984315598777,-1.559828393081279,-3.5507496398160003,-1.305870233538194
2,0.12094880456368678,-1.0728941101211706,0.26399562410855226,2.575936075319131,0.45506127719289796
2,-2.5349165629330934,-4.231491484394774,-0.3424941643129675,5.629979249732484,0.2672064884366978
2,4.729964998734154,4.805418270030848,-4.362185493359092,-1.2636737367959308,-4.047390107049532
2,-2.9430238424230097,-4.4579923960538546,3.837374509207208,-0.12709297009741477,2.2078667350910877
2,-3.7845153051364298,-5.522997692119216,-0.15388306737027718,6.536848933686695,3.2787084977924446
2,-7.244662444439472,-7.852258790966497,3.0316259822508185,7.900105605103713,6.132808525658612
2,-8.806507597198717,-10.43460413448655,2.8371162570349266,9.632727374715602,5.643742525465903
2,0.2847680750131889,-1.3912454760043456,-1.2776177359210963,2.442993499578156,2.4652148712378383
2,1.9234259896899486,2.4864835746919183,-3.7664062202857176,-0.07619823305431528,-3.4350946133223097
2,-1.8889139756099462,-0.6867836934021155,1.0963160791617617,0.38145205452362124,1.4940628741573303
2,5.015507168930126,4.550765482548438,-0.06482263597679885,-8.324642656315772,-5.402912647394058
2,-1.903438754251522,-0.4363744579417897,1.5970346985072326,-0.2103503955716624,3.3012894185432464
2,-7.919471700048199,-8.281804017880042,2.866202876987711,8.856080816935224,4.120113744714929
2,0.7442804526576389,0.48844320195016183,-1.6395423733094068,0.36131953950677564,-2.041552358034654
2,-7.145100225147433,-6.498905569836171,1.147354908054485,5.799752010475107,4.91704703478407
2,-5.03491256855572,-4.8621375621503695,0.9650154291140998,4.439732362478093,3.4785195771098087
2,3.0401902241798675,4.588392725576187,-3.427480688412845,-0.4322705044300462,-2.0600065654475017
2,9.477526383570208,9.858682847075423,-0.1287712022492996,-6.555081478700028,-4.491721036595117
2,-0.07907052479999876,-1.9279310726159948,-2.3951441888230844,3.553800561133791,0.17887993792640478
2,1.5035319273142993,2.539643178705346,-2.716773782860616,-1.2402682882603377,-3.0395250786464096
2,-6.627744658505315,-7.06785300235207,0.22232376080342853,1.443434524438245,3.5364759687686824
2,-7.764851461073746,-8.59338608828942,2.9773376273742453,4.227494313952847,7.27793746606946
2,0.6942591176979562,0.4488560406430526,0.6398440623444255,-0.7843835790863866,-1.378972640609002
2,-3.9108839037453644,-5.453432198051765,-1.0941608444275552,6.423488924354417,1.6690877552807095
2,0.6981729759281161,-0.07498501383578149,-1.6640722740335658,0.6373810294553999,-0.3051636882459333
2,1.1877079709834064,3.8594834498485513,0.16498382117218635,-4.742037002637989,-0.613649684572956
2,2.8339516942595386,5.191463770536759,0.8179316228890474,-3.4176701943165835,-0.4655983004264367
2,9.503914727031448,11.322260832645902,-3.9158183945392646,-10.521770345841235,-5.466864621234985
2,0.27667153984641846,1.4269705019345946,-2.693476020772316,3.4703919570759894,-0.04727112938673625
2,1.4479454310210949,2.1741182807280803,0.10688168512499574,1.0869196242031334,-1.742320263905832
2,3.9557553520857187,4.38709479259256,-3.758264284118027,-2.3444161359423323,-1.7890320658952208
2,-5.007489517650207,-7.831028398859688,3.2400063385446742,5.251965573626914,0.48153923879976857
2,-2.3583089329823324,-3.1331683590659183,4.800913351681733,2.1335100520462533,2.507551360609713
2,-1.5061608765807677,-0.8473352688472533,2.526877247177609,-0.047765008704557514,1.7072663950501505
2,-5.685599035255709,-5.385733268315924,-0.4985058204275977,2.5259759281616385,1.4472887861689951
2,-2.0382283401771866,-2.192284400721286,1.609659014395607,1.7480798534278439,2.1886949583978446
2,-0.6859762741845004,-0.014404033372015262,-2.268695275199243,-0.8031255482306228,3.6725211920604046
2,3.2663601565915075,3.2738297552349387,-3.3297036331373895,-0.8497886041667471,-3.8436521878229843
2,2.6922167236118106,3.1975954407728553,-1.6239811127415202,-2.749099690005808,0.5660415757496668
2,0.5208595407498449,2.974213900204064,-0.4575538326544996,0.12889860427204597,1.4366072807138641
2,-0.9137607632502489,-1.6847235520116224,-2.7863341709194818,4.778046893939141,-1.345495500320318
2,4.599879786288404,4.337194257419905,-1.5618055081778535,-3.704057573247241,-3.4937464704376535
2,3.160312079469975,2.671237661434413,-2.0690132148129767,-1.7542379862389137,-2.119817420884036
2,2.1692024237967495,0.49796608105460544,-3.24560611326255,4.63636092510076,-2.629396352999742
2,-2.893295459528176,-3.447323625977829,1.4485411323265436,1.5762771622942735,4.530165756729029
2,-14.162912766990173,-16.898738766383744,-0.29676293996422154,17.323877793226703,8.266431407864465
2,5.498567699626525,6.895430467313675,0.2807198133649494,-10.356648678032164,-2.3424289293673684
2,-3.9001733915933126,-5.819376460244597,3.3233770790853043,2.3925338070484874,4.225911738710799
2,-4.369697642713039,-6.6780482889755275,-0.25690782372167553,5.8608666576233315,4.768298255977751
2,0.343261414927552,1.942025831672278,-1.5902581307356067,1.0581248061400004,2.616637401098433
2,-2.2097489700219013,-2.7301432096483533,-3.570837523656002,1.9166671769531056,0.7001116831863965
2,-8.574328708977367,-10.336477633306258,2.3841203092047403,11.827735231401908,5.230498106203746
2,-5.646294075150957,-5.308013688676852,0.6538195151252528,7.704546932337078,3.7433518855197647
2,-2.3964146237901987,-3.627925056809971,-0.11045990923852125,2.463730493582703,1.5886607155569432
2,-4.228011363660192,-4.955842279107377,-1.7436353372591715,7.980801587630929,1.1353498839513696
2,1.3995197613252528,-0.26976934539253516,0.22266744573084768,2.504329932793095,-4.005062519584387
2,1.9127811331365645,1.6419445192636826,1.6762160299061675,-6.997120312732943,-1.2775236973576067
2,1.3463822828768366,1.7523981580292007,0.18549768480706036,-5.774754177648858,-1.4080117133457792
2,8.305371354282068,10.934767340846903,-2.6327802232146427,-10.138684493598301,-4.082083576663549
2,2.106947955991166,4.714740844742279,1.1821758598521344,-4.876833939914117,-0.38938315908320453
2,-10.064215672957623,-10.257928895986757,4.0009027345185615,9.927987729457119,5.1251753472166035
2,-4.346814314502186,-5.216541715724597,2.048721868008717,5.173547699757144,2.7682011573243637
2,7.195532557778765,7.380381228571001,1.6523812390468686,-12.863438069294787,-3.1884219089996697
2,3.268606524367555,3.4506970379991757,-4.3791076051595414,-3.6479649336543924,-2.054487981989074
2,9.164309349038696,12.89317238474926,-1.667906606434631,-13.857087679663064,-6.696519241273708
2,2.6396846613811675,2.0692176953810857,-1.6670427903024319,-2.6831844479546145,-4.544357299823444
2,9.471712972814059,11.0407939568217,-3.675591499581951,-7.54220947183803,-3.564576853633477
2,0.8052211725736357,0.9015233577199674,-1.8668532221875374,0.6934688799259395,-1.315417583508092
2,1.0055414722301805,-0.5929858505398871,0.8745852943361956,-0.16601525186276925,0.28904090510295977
2,5.481411553338056,5.878198779819858,-3.125838925738703,-4.023265720081484,-6.6704787603419025
2,-1.6638516855131158,-1.473090109427406,-1.8566349517364764,-1.4167128889612737,2.4026119557279215
2,6.729812392668682,6.555497707159311,-3.308664443471563,-2.3736300545555324,-4.716030423988455
2,-7.008461807602359,-6.066246376306501,2.4945947097678394,4.055995664011556,7.275125241524127
2,0.12734913145688492,-0.5525080475202512,-0.7065780418170762,-1.6823051732032526,-1.8799282332640541
2,-2.9421564382489276,-4.005183442692754,0.978680955788382,0.4466060160778544,1.3561735894024511
2,-2.8032900544926944,-4.298792023920659,0.5258346565804235,7.41599027823236,1.7390855900423416
2,0.7055117904778287,-0.7025738468554183,1.8763137865808563,1.7743882575022158,-0.8071507716186894
2,-0.6306348626046221,0.1499365519393516,-2.5098510781445666,1.4450936357695245,1.0186894093222998
2,-1.985675266605711,-4.39569401659032,5.57358124009124,3.5075742383813058,4.272600452603135
2,7.891245157459895,7.4220940483521085,-2.3197673980705678,-9.862504101427199,-5.026492316785118
2,1.0803216899125516,1.9408920879168163,-2.1680359034309626,-3.819067236934606,-0.19017896061424724
2,-5.633740827610538,-4.705982010620322,0.5791774446550122,4.287949009014182,2.503196799891548
2,2.8438034150055302,5.8347726299718,-0.24015781482437848,-6.42059382040487,-1.4061347840147778
2,-1.4535115707930362,-1.0467467026928714,1.8667397522940745,1.5266032105166245,0.04123889306832301
2,1.2493722360624728,1.8529348372717538,1.1072518600700774,-1.638448537082593,1.3943130641178982
2,2.8766847890349374,3.0225807658922212,0.08390948663052822,-7.442471307046261,-1.0458316665730911
2,2.5147874638409218,4.691269628707117,0.8590193639652295,-8.30159843826355,-1.6694557667157275
2,0.47442433286607866,-0.7527993991085871,-2.058905711100881,4.939502464402167,-0.6137246565846189
2,2.254445513181982,2.373819181566081,-0.8779230790839584,-1.750234649805049,-0.7184217686010425
2,3.149236041381279,3.82941776462482,0.3401006268589115,-2.334965921816305,-0.6488052564292032
2,-5.98116260243122,-7.594622807239975,3.5260534143924547,8.555140011035974,2.76229118100956
2,-0.42212387347701874,0.3882529539669964,-0.6771588750775024,1.4415044112645534,0.34998785355202333
2,4.665392715063179,5.057501176819759,-2.2746245955489592,-4.974192579795972,-2.561217033113927
2,2.077572235932572,2.9449552182670486,0.45607329373921207,-3.6880499962116375,-1.0683775253827863
2,1.486895428109905,1.6344538605791248,1.854694470586403,-3.5943081658389247,0.9882903752988715
2,-2.559976280117913,-3.6930822562506336,-0.9085142797230151,2.1689023722261984,1.4722324945795255
2,-2.964684849515711,-3.503473076527921,-0.7136981786192588,9.17301690246162,2.13046716010895
2,0.005840154321613195,1.4402991878906266,1.8364727801133853,-4.197595057933574,2.6981103798347186
2,3.458279312466085,2.8810486220645015,-1.7272833235398644,-3.10057641518316,-3.802549184596871
2,-1.6642054718026138,-0.5599416355399583,4.285989784473427,-0.9202464262192961,1.1579602779031992
2,-3.5302244298910592,-3.237604302021976,-0.7317063357598322,5.858994807722452,2.574826793366387
2,1.166617899900288,1.129176169814961,-0.5077468908976662,-1.0757715038342146,-1.4532090736774987
2,6.459234315195724,8.66123083263789,-0.8567347476045696,-8.507896232388154,-2.8349564075220774
2,-2.4442419096376224,-3.5270093699267564,3.8773856222628766,0.10562598886569004,2.280398112089626
2,2.309037715692741,2.551660627312536,-0.39489581711732646,-0.6598603667847162,-0.2220110199484945
2,-5.758788310509843,-7.532855321858406,-0.35336692382365853,10.534898470097986,1.5785285178377584
2,-6.06080871438745,-8.075937149629116,1.423451689034297,9.771553891861355,6.3995904985219445
2,-1.5853548046748056,-0.8848916714634152,0.6671500757564635,1.7235947292408835,2.7614425621225176
2,-0.46747524387340744,-0.4453638813080033,1.878526797228756,-1.8764369402909948,0.6693416955216143
2,-8.604641074286821,-8.585749988179101,2.548446838412989,12.101456968729373,6.153376539950659
2,6.1286204262054484,7.550681062592396,-1.015914341849093,-4.666293603309635,-2.296238265918514
2,-0.6216343218063068,0.3296078155003947,0.2460277738475746,2.3969274441039725,-0.2550461795238681
2,-2.955122951972644,-3.6281082890222223,1.9328320249078186,1.4424734548080271,2.300584310819124
2,6.301723357457986,8.651384244911501,-1.7349409756436591,-4.205684545468803,-4.390055763066345
2,0.5711181704652195,1.9169410278156138,0.2978292814786147,-5.666834456605027,1.4879246109951476
2,-2.2857810112277113,-2.974477723150877,1.9897466858503852,2.1433055343005387,1.3118100795822973
2,-8.69189117861794,-12.269123695358411,0.054027257359985294,16.510272201015358,5.66604262114599
2,1.2277055310835,0.7302572751659774,-2.4781344929310585,-0.929649638956536,-0.6262017061510251
2,15.387219511731066,19.360367402127427,-5.112397110061383,-18.51671169735106,-13.445585081929636
2,-7.5837138381186815,-9.402971610547844,4.9412487631631405,5.934612244569097,5.434352724489572
2,5.297516440359977,4.952970188593322,-1.782208952547602,-5.463205025358436,-3.0353823454622106
2,-6.555494430380194,-8.236699716353472,0.169433984772371,8.885260869151958,2.593604208336333
2,-1.8481223320501656,-1.2538100297151011,3.0418664821588046,-2.517730454762207,1.3211571332782424
2,-3.169107377357995,-1.4506493006777257,-2.9655206694208385,5.777738467308827,0.6367100255657246
2,-5.49161420748344,-6.6933645869545115,-0.7885590270201114,8.542648876250855,1.776828584067764
2,-3.1901661446188605,-2.08933631105277,2.7144277677583246,3.3484378520873794,0.8910018510093407
2,0.16132466299045362,-0.6870256401767362,5.067898603576481,0.12866883595492445,0.08674068852336235
2,-0.22259187396163138,1.1184137662270457,2.5015616309817843,-7.355993358106415,-0.051545926116046414
2,-3.3697429418985942,-5.0185751624434625,-1.0831400602324328,4.413324382928349,1.4662890104899489
2,-8.690463022455551,-8.569276974775653,-0.6533034661512148,9.506658148298596,6.025757353579515
2,2.955130375280142,2.9469710275477157,1.5192479629462048,-2.30268493709004,-1.8492923662859149
2,5.992362799922239,7.986876054725012,-1.3820725010550508,-10.48805827959973,-4.1857215178993075
2,0.9464545086173985,3.6559683919833925,-0.004429153284005546,-5.136064356067354,-2.0007200858071825
2,-1.1018439548902177,-1.1103101349218283,0.2956571357961725,2.9332333859157576,-0.18265093986836808
2,6.587691472316933,8.55088633683671,-4.644748393258354,-1.78149934083988,-7.452889708309442
2,1.3222972634922416,0.24740567564377003,1.30885675772413,-4.65194459497343,-1.9807494792710891
2,-0.6421714963450093,0.13494045823279244,0.39842839043065015,-1.5235887656354419,-0.5627402129939841
2,-3.0965177614435495,-4.695321795633076,0.24221431084212816,7.627821893968135,0.33778976102188396
2,3.0688031490899914,2.731053943219163,-4.231924027924511,2.7990245965482954,-2.957336188069788
2,-2.1204172721973644,-2.298786786706588,0.2219287260837687,3.612587735684605,0.22744207143221173
2,-5.9141932694764545,-8.879456805850147,0.184029054645419,8.713122006964692,3.161408023163564
2,-4.9413421549268675,-7.777645485887319,3.982116624718041,2.1751158656319376,2.657505891243023
2,12.050936536347303,13.853801756878527,-3.5437923493936525,-14.094640188342868,-6.421015731839467
2,3.6139784743488446,4.489162291771956,-2.406856998364949,-3.7083290817210672,-0.48955991866771675
2,-1.8679563466723363,-1.35959192139449,-2.1136826472670336,1.8064773370359455,-1.3211650242027058
2,0.897190918998519,-0.18701043441934578,-0.688807522352934,0.07985204325555467,-0.4291172287993671
2,3.6806171370752656,3.8744053718236873,-2.6035515453437297,-1.2768183824173651,-2.5825957406821782
2,-4.326254147383253,-5.081039564393027,-1.1340711708295943,9.139907031290974,0.7258503459204391
2,-11.850289440368817,-13.104262836693259,-0.08955274328157393,12.607961713045658,9.128083726985546
2,1.8503355244059507,2.474658567432214,1.0842581693291804,-2.7820522896585613,-0.42719006302250473
2,3.11718228956166,3.0169125028466905,-0.7017691088373947,-4.974772256472939,-3.4858587566546086
2,2.9269748436058602,3.9579503876912177,-0.4411087013773477,-0.49257009151345876,-2.3217184097693644
2,-3.537799447749704,-3.5115641669142508,2.3663010852642383,2.342454741134381,2.037050977495635
2,6.967066783979009,9.240559161247557,-1.9905896760582085,-7.699414653324221,-5.337221848432122
2,7.347435637189599,8.75452848277196,-5.134765670809493,-6.425713375476875,-7.7141107325029115
2,4.489130796701547,6.109497227991404,-1.6552526844396451,-8.557958121509662,-1.8394803982435637
2,2.3339321778825277,3.9192357545472145,-2.5546783272613975,-3.0004756503347343,-3.369853899642681
2,-4.293339118645345,-5.653213570154433,0.8939772707701514,5.0114081967743385,1.6000794144797952
2,-4.405330910460364,-4.772448247451333,1.7990605152208115,1.2851231534997123,6.151797572685095
2,4.49417157667765,5.086268480211402,0.9833411189016582,-5.748198451266443,-1.262437262812361
2,0.5430385343300888,1.0112306874789807,-2.1711732710731324,-1.7610644472998067,0.8861598471848392
2,0.9747618389224915,1.5453657656357398,0.7575795595234822,-0.3508871660862152,-0.9916482693872157
2,-4.100524798143027,-5.988080099604869,-0.7322425484076043,8.182425921156396,3.345747725540965
2,-5.047832407611851,-6.6876008322726515,-1.211887165171083,7.809931280495258,3.608425947644414
2,2.3118476449869205,3.1637026875828314,1.2669111839590705,-5.657408256820022,-1.4178841915687554
2,4.664675244957949,6.681592223344397,-3.7524942846941327,-2.5973910406979166,-1.7297317156724727
2,-4.288203290073922,-3.4231482882838296,-2.695629620792904,5.2177940696237535,0.4345920838866343
2,-5.232137667452923,-7.073435234207698,3.028932486443085,3.621225453134692,4.799043799553283
2,0.6171827782031204,0.8652315427106889,-1.8832052182948016,-1.6470448219458829,-2.3986834212467527
2,-0.04365166283063501,-0.5997987819414452,1.0546609843088266,0.7790836609724544,0.15808839771025646
2,5.588594478722996,8.306545782511163,0.649467063230108,-13.193966374141253,-1.479617921053411
2,-1.631352221233741,-0.8589834101320091,3.4665473749122575,3.5523096480028977,1.0235461248951643
2,1.786716073168722,2.0076821740178783,-2.0848339187186027,-3.04971199754312,-2.0238023440084576
2,-4.441416681644771,-7.703517250832093,3.982631170649384,7.780708438534622,3.5253307015086377
2,1.9812430015750029,-0.0922135998321656,-2.909615547784126,-0.7955420889256108,-3.160833474826529
2,1.4281724893299275,1.4561883146499524,0.6636296551571692,-4.449640604930114,-3.0195757722886287
2,-6.5310107575457526,-7.140000083905117,2.370618954964202,4.729928346899587,7.351353294034275
2,-0.7399163963165262,-0.7641588535507555,-1.3326659605699969,1.4778197408964369,0.8776252517337046
2,-3.9575038498733845,-6.470449787772967,1.9544288493272703,5.747481886049329,5.519512118046945
2,5.447691861492701,6.672198512213771,-3.392118366482662,-4.577084057216424,-3.0181176878996303
2,8.724159231719481,9.646262956247718,-1.9198688628257272,-12.656784044241476,-5.2058723092439125
2,8.687375146729526,12.616889061247125,-3.521201135248726,-14.248923227260887,-2.4689778613653384
2,-7.2177487211497935,-6.813901269049306,1.578385220674393,0.582408805259675,4.058368954833853
2,-3.2255129973583827,-5.1440768003090405,-0.3935506499468402,6.211004008257114,0.8410222747469861
2,5.644949457982441,5.908023235525161,1.9580565529893061,-4.215471382942906,-1.627783702062683
2,12.736580270817722,15.665616208037076,-4.145041897868773,-16.596693744278728,-7.533655554737168
2,-5.187816148834885,-6.785041825197355,3.0863962327553183,6.239610391429807,5.280511760910343
2,6.141637520227289,4.012052181786119,-2.372856777615886,-0.8051050640188855,-3.9509107575804747
2,0.9763285550639667,3.518206928127597,-1.8603699601877823,0.4085750452632536,-0.023954266214335718
2,-4.418973880088929,-8.152311914977732,3.198110241216951,6.2163312012745395,3.211210384165255
2,2.2105279217789655,4.632561171447173,-1.2450543773285507,-4.162049231421466,-2.028877127963681
2,-4.0239691010436065,-3.5201346423847832,3.015813075012506,1.6902787153035277,3.292383996676448
2,0.1260837354750426,-1.3311200951638287,1.8580788437170033,-0.025289365932934543,0.358749123953823
2,-2.6139098384911152,-2.834357505478314,5.835767600438104,-0.8206189750682668,1.6356725008212256
2,1.703886890815995,1.666408318259622,-1.8515940224987548,2.950153568405098,-2.2392785710533225
2,-7.536208319375352,-9.847126933590989,2.1737652005309127,9.376763325377805,3.6048560068482183
2,-7.975703736356962,-9.884238518784464,1.6241338918516128,8.52385596279555,4.501348968385428
2,2.3185438916079733,4.925962600187197,2.7390235148564277,-5.4558527204292515,-0.1935347245517874
2,-1.2800419367361084,-0.9841880413786368,3.1642647296352613,-2.698116488701196,1.7069396448539447
2,7.661747628915903,8.180337097844138,-0.9494162562723186,-5.413847952044179,-4.112590210339665
2,-2.572182419568947,-2.6313729130226595,-3.0794963988551514,4.088796356123562,-0.16658718961627755
2,4.852956568735211,7.80351530966134,-2.0239961523962515,-7.51576748658966,-2.750352973418133
2,0.4836127211771426,2.063765246562622,1.183598573973253,-4.619514797173739,-2.4920043619212464
2,-3.7494904350724707,-2.3575145119995016,-2.69545785420088,-1.7155675263722232,-0.9044769838601232
2,-3.4331785241251245,-3.2457631998226293,2.389428885692312,4.640023094059531,1.5909600312006318
2,1.9446046439902727,2.2965062372911014,-2.449933396795363,-3.958182633321151,-0.7699368253425073
2,-3.1946878528520606,-2.530154272869587,-0.4253958237243461,1.888887121542403,1.5324758348356473
2,6.168941295795922,6.440164010960461,-3.614660644020872,-8.389649377539346,-4.289656447684349
2,1.281416910097071,0.9848602347323522,-3.444499453311229,2.357927611772899,-0.6744594083864744
2,2.743183285305258,2.8826851986989768,-3.100256620082578,-3.37045381929797,-2.8753414558435963
2,-0.02070909645446886,0.9330475649417757,1.7881016618249947,-5.349986162115813,2.725872990434389
2,-5.208800333947904,-4.394686180803472,-0.747117220947912,6.854207213860005,3.485977169063487
2,-2.3118617256664566,-4.41040501439647,3.334548941197866,4.75839990295634,1.8940164471879641
2,-0.15716247174331688,0.6685391610471296,0.5722740583955804,0.6334614732152888,-0.1584356868640224
2,2.9114728530672274,5.359200824232394,-0.5145223137623409,-2.4323762448930495,-4.635135208838168
2,1.7046885600029928,2.687173210824347,-1.6814381598762116,-2.8944654559217247,-1.126344964573422
2,-1.968001109298474,-4.335334718756761,1.256607882369653,6.28866860883356,0.21076676282133075
2,-3.9987202731968,-7.873487327849526,3.8859308018640344,6.6571521296782645,3.0188550374732452
2,7.005959794002905,7.944192234542243,1.4938693987963505,-10.986724812784496,-3.6769319586098224
2,3.244178100048453,4.395112123303235,2.551372017795746,-8.243556757816268,-1.546481813887217
2,1.8551851616035997,2.219430040155014,1.6152189627345968,-4.9690997370909855,-3.3244012226106197
2,-0.5722082754840333,0.4086431291132375,3.1194199160180403,-0.9968996808192682,-0.6357105171518633
2,-7.008724282815753,-8.288057147332758,2.32519428169474,8.775545397651559,3.1865760556248377
2,-1.6634036484433041,-2.339459864154526,0.21802750863381803,3.332242403550385,-1.2630928122885305
2,-4.132256736100105,-3.5986265074113986,-0.19200621848513336,5.22376177271502,3.4894032013857506
2,3.180140143740328,2.1588299575717307,3.0299187913280083,-2.217312471128373,-2.1498686125230564
2,1.095058789403603,1.1846009891280047,-1.8820952528858037,-0.9774936151715201,-2.2137934975368676
2,1.8326334983069705,3.7857768027052847,2.3696365725025763,-8.090450003618407,-0.7482946702851841
2,-6.935467372346931,-7.507077343147485,1.4357788720013267,9.867970291027731,5.6265226580239975
2,-1.366102312464552,-3.1150752623624656,-0.2531143160665218,4.426104154317071,0.747323020859983
2,0.9696105672615561,1.39855381259726,3.6508762072621823,-5.428837851289444,1.817357459743657
2,-2.1892967117184963,-0.3614019999209538,-2.837026057529942,-0.6058851051135627,-0.5641260055678736
2,4.393676520747229,5.971828439117638,-0.9213731405230874,-5.888742036781413,-2.369276916326829
2,-3.854049681797153,-5.308411924623477,1.9212139284945318,4.562212012081109,1.8770492873645277
2,-1.9903647314521369,-1.9798243719919468,0.9451358189339244,4.051079625968796,3.494155640709608
2,-1.3224312184519744,-1.5331505344137355,2.311288548131737,-1.904886638971734,0.7029893402551792
2,1.2190326950674544,1.8672447664547933,2.684542062085062,-3.193676717617551,1.3508297851320656
2,5.009051063151007,7.102935480348886,0.8341995572340648,-6.438319956060095,-1.6815895216925287
2,2.6669176237132044,1.4436610264244245,-2.4096599020481504,-1.2632633651986127,-1.30069290809172
2,-7.186811262680572,-6.452919406172041,1.057892285252852,10.315123262047688,4.336836354043123
2,-3.0854769854234774,-5.212803834120711,2.6428750086050723,3.5824979478420986,2.7631717561769493
2,-3.5590041524581806,-2.838282064016294,-0.39633949623660686,1.8686209323343181,2.4004765567443043
2,-6.133443279524896,-6.966492598511328,0.5120319589574476,7.961770728105482,5.904151816139693
2,1.8853913366984774,3.777551858007496,0.31177261519154315,-1.2514836879309283,-2.030701581459149
2,-5.859210920050062,-5.365256002921587,-0.770737445966216,6.428261527142603,3.252008146308914
2,-2.641360821419117,-3.0074193952601647,-2.476496191428938,2.0749378023684897,1.388856467239798
2,1.217931424830899,0.9864710673243444,0.8191117379538378,-1.7876788447719603,0.28079333167096004
2,-1.6041405074623407,-1.6935181503600298,0.13535839337255665,2.658818306664199,0.38101131434950797
2,-4.5136013594990585,-4.636023757482079,1.2838665071439361,8.282289084312135,1.7167364923387016
2,-0.07054137310169997,0.28277744766915147,-2.218079108918281,1.5997136250898931,-0.47146679199266234
2,7.018509628456519,6.491543361683246,-0.5646837318439937,-7.421290634018091,-3.443540964481486
2,-2.3876885981814135,-2.017735235014782,0.11660407740159219,2.2190603522197856,1.1135162915464782
2,2.992543939886426,2.990455364213619,0.4539161356351639,-1.3622360833281764,-2.7401950589223607
2,9.569251502299938,10.158910788996343,-4.824019777986985,-5.610431983820363,-6.6482002394334385
2,5.3912145195000525,6.232716382086036,0.9432902017710648,-7.786212667604546,-3.6185917437265283
2,4.355417253531624,5.024284907346027,-2.268879841343626,-4.166811365318404,-3.115189991173052
2,0.5450544343227778,2.1109195091659587,3.515777682430695,-5.656944909278456,-0.28951229064714074
2,-0.00561212627820884,0.6556152939603592,0.7960656160526419,0.854482092507135,-1.5327240553034707
2,1.470267902161638,1.0236279486124287,1.4201993407362463,-6.301963258017971,-0.5969272401007863
2,-9.035603256926269,-10.082932354527474,-0.5354845502596877,13.778394742783066,5.801400043674336
2,-5.436513730137895,-5.421315782642745,2.7012389578145384,6.246688378455251,2.8694315254256932
2,-1.5503435124941758,-1.4325075464196717,0.1945830430813065,-3.138091140188985,-1.6410919705973475
2,-0.09561258990524041,-0.46836098059482717,0.461350085319472,-0.5559683886907513,1.76498692219972
2,-0.043401621020297876,0.061682322518910954,0.3566255813732559,1.5899295662854946,-0.8794524819147593
2,-2.7529942448853073,-3.4960143210960277,-0.7329160832303496,4.693661545576381,0.5703844565419869
2,6.004605828759171,8.967944740188452,-6.848382920928768,-5.906224436559095,-7.263016373903527
2,-4.252935963946217,-2.474921626489654,-2.742419309123842,2.1487416141620064,1.3291340758103778
2,9.112852858825738,11.38257025377471,-4.759335682033953,-11.100332260019831,-6.676069311472251
2,1.6208592861641986,2.090810600035026,1.8201074735858123,-4.2749107089230165,2.2693295983870914
2,0.15715178192186718,0.47367492823073953,-0.13900921184625328,-0.6789875988116953,3.063285980987153
2,-5.038818978317536,-4.060777438882652,0.3609938210230473,5.124082165424378,2.622256100103084
2,-3.277991479518218,-3.135923637611069,-0.61354794093906,7.336022308990113,2.527536758196429
2,2.4264437883864356,2.663869626460935,0.5852216937424498,-2.4395146790768685,-0.5321923651587732
2,1.1811098524714525,2.4190080899435227,-0.4025752700780348,-2.78343049545941,1.0627030891531466
2,-5.751788434487272,-6.448128790966384,3.5529622187929153,5.991206610698983,5.7142413464107635
2,-1.1498695037522924,1.71742520266213,-1.192867390335757,-2.020946084576834,-1.5687410031369258
2,-3.187142843631794,-4.455996531454269,4.5452758214557125,1.4190172847350169,4.390016681087437
2,-5.593025000240157,-6.624030691063264,4.724376406313182,6.741753999584495,4.17912709563838
2,-6.8282462755961015,-9.95576808612357,-0.28728369695558575,13.795609260412029,8.16713766198461
2,0.4417772315107772,-0.18275838184144014,-0.3402160503688878,-0.3266365853242845,-1.1734760549022576
2,-3.6299868855838926,-5.184584810112807,-1.4871254501555964,4.728142217890914,3.931574601820164
2,1.5113002849949493,2.8185864712162747,-1.7514149819106892,-4.818572192691228,-3.3289363109155157
2,3.2463804410007397,3.6990656479747424,-2.912874822336618,-1.2399516206381604,-1.1232582627322312
2,-0.4645173636589408,0.866296981436611,2.2574937296903697,-3.2226479344706607,1.4125251485816384
2,-3.9466063970774354,-4.265390907699737,4.010057272689246,1.6374773309417052,4.002563837293554
2,-1.6291278719771614,-0.5520462366964635,0.661623508754583,5.165267105977605,-0.1784622463277134
2,-1.351967031517358,-3.6615882950737193,1.3579496743116064,4.906063977535874,0.03732911296585184
2,-4.820595244607041,-6.564204318850864,0.8042628912424522,7.357827392799478,1.6047973099690107
2,-1.3826520749862072,-1.129212370994505,-2.1804705062353484,0.9232030394068961,-0.8267121143813341
2,5.071922384003545,6.811324618224946,-1.0988330103932702,-4.265320823729078,-2.7155320257793734
2,5.357055852605879,7.176883555219398,-2.2163764402373203,-4.464911520325288,-2.1704691100019535
2,5.415775112742505,6.903293851297496,-0.24138175072950266,-6.197883159979705,-3.877864274184667
2,2.2772526695289232,-0.3679152139565177,-2.02172819414908,2.1597922645833556,-3.542770133250871
2,-2.5102956133050984,-1.6098126316203496,-0.028196458106057233,0.48422730396794494,0.8904742702330909
2,0.13834338611052488,0.46224276972954687,0.25993044657016867,0.7664518131501846,-0.9324613018920945
2,-1.10455163729096,2.1980020836613123,0.38523723319515285,-6.806022992661041,1.681286815199985
2,0.5732304736507553,1.463412440597208,-3.0147415556508608,1.8635910427462974,0.40606175658213817
2,5.492602423015916,7.0678662488481905,-0.7631361803883564,-7.3241596511869,-4.225190282395895
2,3.4436543018763714,1.8961863357076227,-0.17427273578185995,-0.7551736336640525,-1.0818745156226595
2,2.378496926483968,1.3698522425410733,-2.1755042622108083,-3.1552999446789185,-4.598791395848328
2,3.7699077769673814,5.14585073235163,-2.162696273537445,-9.821704245209927,-1.0473693701758984
2,1.65569277969839,3.084530126483205,-1.2307466853274318,1.1370743402431178,-1.305147229833966
2,0.20799788227102245,2.7883149459611585,4.431226080167266,-3.0848443572001365,1.8767239725783718
2,-0.4612504456713105,-1.4706561573474204,2.3084224440733165,0.3348511591245328,0.10884170052154316
2,4.3532638285591725,6.868465825434051,-2.9663994890028875,-5.592838123096719,-1.6134600011385625
2,0.5295604832538774,-0.9713731793095295,-0.24260880632309603,-1.4748522080214639,-1.0886324898119828
2,-1.3256842434502412,-3.8718153529459913,-1.5797287348002265,2.5643644411725126,-0.09223585253793173
2,-6.1318348753478515,-5.473378931396457,2.8070115209825994,2.0750609531333515,1.2125939346048513
2,-1.807643539325293,-2.587498093212952,0.3053022728388491,7.805633945812672,0.8774980455348643
2,-0.32699595558110117,0.02701822312866379,-1.33441144796812,-2.4926847727235937,-1.0471051962865838
2,-4.010793965014796,-5.257163700522247,5.354702607008627,0.5221950301755236,3.2655087712568074
2,2.2736085168400817,-0.26193648201946373,-1.5210474558454532,2.2961628335369273,-2.3759822562080775
2,2.7120637382874766,1.925570807861406,-5.010505888323257,1.3468964814453375,-1.5981313523248666
2,-0.0030212971714998205,0.44412653060498514,-4.403877105354678,-1.303652557967879,-2.956072400233202
2,4.105738942546904,5.297021701135696,1.512461513801029,-6.431562808215678,-3.9619982195905172
2,5.720596896928436,6.642312671682278,0.9786234282665728,-9.34983365545206,-3.911749679529338
2,7.685902730876928,10.689749078992735,-0.5322551250591109,-11.862444799457005,-4.516003507978658
2,3.917864645255707,4.818952749352902,1.8667739794915927,-2.243870554999182,-0.33046866181454254
2,5.289039290111202,6.9472524159682,-4.2797843786796035,-5.678281232587835,-4.475456501642439
2,7.312867256253649,8.72437227103694,-2.673937053795194,-7.809481934869248,-5.225755006600879
2,-0.5162823462046982,-1.468250124535939,-2.7661415279745944,-1.284684260345919,-3.164864990817129
2,0.46371459917349844,-0.46250959350688925,-1.4903021498221436,1.823414227634212,0.1261443111807268
2,-2.304253796308762,0.6930502884002739,1.0515699233572968,-3.5805282817884097,1.531822908820957
2,-0.6361821859173103,-1.0927209892694167,3.001195641045595,-1.4152460963531046,0.6946718873098219
2,-3.8490922385052193,-2.514302404804636,3.4175489972225965,2.6831052059414278,2.4630494680076804
2,1.0732514746346613,3.74748626255228,-2.790152274578183,-5.019949915351138,-2.381313930020811
2,0.7042201462419743,-0.45486626151764636,-0.9698945861116554,-0.7650386971664194,-0.7455072596688854
2,-3.813180087811716,-3.270479640939137,2.187040499574288,-3.764078101538145,3.7513820699282854
2,-2.159269163179935,-2.6061942626416634,-2.074302139643524,1.8743249462754972,0.004150565475894996
2,3.8560253247795284,5.847800890507018,-0.11184944179265169,-8.040372307478796,-0.8461566975705787
2,-2.0035343238956917,-2.148512984370424,2.5320690390664695,-0.32524247773193976,0.08992445069441626
2,3.5523546466832747,3.542445184176324,-2.251793667033964,1.6578571650211602,-0.715267214141264
2,7.134208024235901,8.735147062636209,-2.771941066385059,-7.526170290632237,-3.86042091439399
2,-4.243015003936149,-4.514529182073862,-0.24452606039428615,3.9742857634214435,2.2968111239662936
2,1.6099825471567015,2.0622792705586153,0.9593733321197889,-4.022653425080601,0.20153444505514329
2,-2.4088699151180704,-3.0575539830778125,-0.22247327182713175,-1.5091570076188094,-0.43508986187255194
2,-3.3306855465563636,-3.20426575664058,3.2138159918705282,-1.3535406570475899,1.5242718256253676
2,0.4662016048892626,1.6559301700253168,-1.0554004727953639,-0.6416860524559893,0.3299105971842096
2,-9.10362437544817,-11.545238396836407,1.8332410806894341,11.38936814043225,3.4023012781794297
2,-1.770268975302796,-0.9296966975116439,0.7907973812091192,-1.129617920956692,0.6023771545226794
2,-0.700053669993065,-1.480846985431196,1.8551614245829482,-2.722934145745345,2.1623546095595145
2,8.414648548565651,10.940095949394216,-3.7058014718710157,-9.093723022270249,-5.487333941537044
2,-0.26044275086643376,0.5738974284986285,-1.8583298517469273,-0.03452474091023072,-0.3078894781662492
2,-1.9785525227653578,-1.6043602803717956,-1.1441022035390307,1.6656158641438823,0.633524755327082
2,2.020267031236001,4.656759477044429,1.3190208930725025,-7.130871792188931,1.3156410374834495
2,-1.4115784640617113,-1.877819771181797,-0.6376287921374626,3.536486493892538,-0.8179626641325203
2,-3.094949649903028,-1.3858016474677313,2.5548535108416726,-1.1187149565582255,0.8215454759909641
2,-6.380213627277367,-7.889231770065282,-1.0814116445479574,13.102365175901383,1.8700426431847759
2,2.2043662818661405,2.7842820844498326,0.4769763226098924,-0.2683300107407898,-0.29854978484075734
2,3.0659380784999803,2.8206204776603307,-2.2750321275815812,-0.4887754116914303,-2.1737537861664666
2,-5.050458940994461,-8.43305447360721,2.608483760382872,7.366107761384108,4.203847627684898
2,-1.3555869483026513,-1.0204757328818495,-0.7275293923163408,-0.8193621532249714,2.457578777580856
