,0,1,2,3,4,5,6,7,8,9,10,11,12,13,14
1,0.7159743826088076,-2.1967242515671197,-0.6374849119786916,0.08774790108740475,3.046707999996869,1.818512603690766,-3.7815530863431706,-0.8114729626951555,2.1591879402729353,2.7636124690155555,-1.628486546097806,0.2898885000841125,0.4695490318513609,6.509289110144329,-0.014182507560629304
1,-0.4669717891200713,2.7069956832604425,-1.6549817783406109,-3.4088527807160203,-1.359278172008467,-0.8854079598334682,6.5741446819730704,5.236441896149508,-3.2844136032100324,0.6277161819965805,2.0636463906012836,-0.7901103936099917,-2.0520124640947945,-12.423644140681445,0.5585932277423065
1,-5.345020958474767,-0.86606404600661,-0.5197318040258215,-0.7827275656474482,1.015344527971812,0.08852229004550864,-0.34780782277055367,3.3779323040215834,0.767060012863887,0.6215316015009243,-0.5065384294402985,1.571206305168782,0.3854624812233358,2.0295801372270503,-1.1800614619973686
1,-9.958380415244857,-2.6047427667537106,-6.187262770988444,1.0289029079438066,2.3718121743265996,-0.7082877676366053,9.544144662049199,12.099889906845387,-5.745744489885924,-0.16761545991052462,-0.924244294510665,1.6738887652171137,-2.750223099117574,-12.842645313423315,-0.9687386064295616
1,0.2061596876704158,4.03907065639691,-0.538450377173907,2.087650820073357,-2.8738840037960047,2.0044377219319363,3.9314667358932187,-4.037353245821246,-2.504371980021192,-0.7692480401053723,1.7054122465061354,-0.14182921592548456,-0.7532947790581359,-4.712602498060497,-1.2403195461444592
1,0.846435391492927,-0.07171708842228372,-1.1611671505050425,-1.1852702520386156,-1.8452071529495033,0.6811617810382309,2.0858531166436336,2.074006336897997,-1.9796278277901502,0.3901630542482505,-1.008090159554411,0.34931055025525676,-0.6262382830786652,-1.7892507645092413,0.8920195628109403
1,-9.960466317634529,-0.27852201384160064,-0.9207207477293637,1.3614507762007437,-0.4609347064612586,0.615580019157661,2.9154135478440426,7.132494574276449,-2.0944625448971532,2.402767443364637,0.8117219668030962,2.2042014094683187,-0.775586329352946,-0.9271313885212852,-3.106108167080066
1,17.72343518171277,5.7029389032142275,-0.752950583495088,0.5362663959401224,4.5405117190338045,1.3001897831006937,-5.13060953889219,-18.26386052275593,2.1224306916553126,-1.0664102108891584,-0.22673413829258438,-1.5537294087067255,2.3244411656877073,6.746482907032132,4.1865514497160525
1,-0.29313374134101894,-0.8282723631814074,-0.40983077657808364,-1.7657878515271013,-0.34256973159739934,1.1724443701662095,-1.6598071390634976,0.045356775021063424,-0.39006838402358335,-0.24160991941140886,-0.11370354822834985,-0.024364466904788,0.3311027867548858,2.4074354082850236,0.11287819372051622
1,-0.9692123234791477,1.033959160104152,0.7369267203116819,0.27407875670903703,-3.6418864847541417,0.3643249777746234,1.6229192800295693,0.30462701992381047,-1.8634592432830983,-0.5216614841726742,1.104927879249101,-0.07477934664920247,-0.9309680914492243,-2.3747563487053904,-1.318882800230675
1,11.476932304815103,7.419042345574489,0.541021991655951,-3.194736165870851,0.6362736051800805,0.3809224884986622,0.15234108628029625,-10.76419487906524,0.8537586665558468,-1.1787346404010401,1.9106734011768787,-0.7096984804163708,-0.21338882709555324,-1.2426142219141258,2.4564927138374464
1,22.521906386722733,5.714938718501485,0.9998255204801856,-0.7628470743610094,-4.858477898190188,-0.7505893599082839,0.7363211781157148,-23.058942356734324,-0.5559046478872918,0.5304586504003864,-1.4948589318824679,-3.1326133203582103,1.0248604190914166,-4.929978644046815,7.230395598132437
1,3.1016057538864414,1.68116857372415,0.9846630914282674,-0.20296323484332707,0.5956426591199184,0.14914769527817742,-2.4005262839280723,-2.316483676329085,1.37243093178335,0.46070061120291933,0.4691063120123124,0.8604183473998931,0.7694914095915744,4.782608227137653,0.7458512413350067
1,12.937740238420364,3.7803418525832675,0.53652247957633,-0.6538262860440259,-0.6332135710411978,0.3688965460533742,-1.0362391189466038,-11.346785483486661,0.467356124447695,1.8321871170372104,-1.2703895751385743,-1.201526007478099,-0.0549083705753256,-0.48759684184117613,4.4821379848589045
1,2.932873831087526,0.16820376922671668,5.570311825837372,0.22852748179425042,-4.58774230170178,-0.4282614423843187,-5.0944293257014115,-3.728248893917431,4.127325113601169,-0.0019136175607239278,-0.5100013955817261,1.0078489171472218,2.8762410040692576,11.176279522298858,-0.1303463724900567
1,-5.337398624842351,-1.942357366523666,-0.7628964047092237,1.8158355980238496,1.4300052746988203,0.08048432015894225,1.9666053220126591,4.814966924475938,-0.5667427552702191,2.564061913830613,-0.5490144435553491,0.3240033723358749,-0.8189617012984377,-3.4865457626462817,-2.1989303473175497
1,5.879408788052933,2.868635434409962,-1.3543162435303833,0.43589093784255567,0.07164880658829632,0.7656666642326964,2.164391993864781,-6.620183397662967,-0.7734804261018517,-1.3389274203590122,-0.13167681498757133,-1.3457870783913193,-0.976022701632326,-5.442039242664201,2.1438204844704782
1,8.801318512706485,3.2264793188001235,1.430844733256516,-1.886500850034632,1.041140954466327,-0.7136323225716271,-1.8369144561754598,-6.009268443749321,0.8220877219349642,-0.7958166357580297,0.0474515206602573,-1.096933549364062,0.9592233254829868,1.7294810343967908,1.7128255004968085
1,-7.203938932395593,-0.8084860296597516,3.058160729795937,-2.1965977177208273,0.3488562146510636,-0.3058748534102662,-5.2170528201134925,10.06603772821538,2.5790770456199614,-2.5300909622373178,1.5201128231468157,2.273863652262017,1.7522600387364864,11.275558562653112,-1.690245072337108
1,0.35205269863646654,-1.975646872106152,-6.054933194028443,0.14354763243318147,1.7044491068550214,-0.8228019568810362,8.941339869136586,0.1360531229670778,-5.416036271167598,0.9269502509323191,-2.7186945471037847,0.07901695496270375,-1.12548546156402,-13.398814761892964,0.3993961681113059
1,-0.6089825326613133,0.38892091578152477,3.0398173444109897,0.6701614498474789,-3.111333209022071,0.19229127175190494,-2.755829167008368,1.5546449017131263,2.2656495254542257,-2.0378398579415977,1.6477341031682586,-0.0058551397900298615,0.7791991216639886,5.353017519309768,-1.085920934383596
1,-1.8499354701319384,-4.672811073529665,3.4641629263860185,-0.2028573998588116,-0.7881860767726662,-0.9221553594031853,-1.3653417941219552,3.548944440027445,1.535748173061849,-0.5956073386872014,-3.399281186952861,0.5878154866719941,0.047542476579713513,3.0829268654550246,0.13306260151592103
1,12.219473456999133,3.685891034784618,0.6112143939636423,0.3526629028906746,-0.9754558898496124,-0.2346816888334751,1.0029270041762894,-12.716872493476123,-0.5139337803840797,0.28047665216271234,-0.774008309797422,-1.0067069102499586,-0.028229792152155694,-1.875144930268815,3.925114596526155
1,-0.7967027633060698,-0.8744609983760777,2.4402946903981304,-0.35320931452415866,1.5480379772469286,-0.7852279360693305,-2.564920171232289,0.26088249068602803,2.2846196498210456,1.0102417824008025,-1.5198414726630844,0.6666024980833724,1.838080214137579,3.291472884840641,-1.7496117297633054
1,-4.71172684416455,-6.188241007341988,-4.156726007593517,-0.2365245808477172,3.127408807732497,-1.8701687270604423,2.488911532398367,4.661573563110638,-2.7720686436586104,0.21506211589446328,-4.1588407482509036,-0.22956219921040774,-1.1785723869260776,-4.647721051607248,-0.07240715516623028
1,8.44785568775348,7.199129424978794,-1.1775450664739848,0.5005411792660056,1.1425385214072163,-0.18858990778008344,1.6047945948767837,-10.659417997217865,-1.2861663278554423,0.5599213434264085,3.171120407952842,-1.4933929204314103,-1.2129126086241844,-3.983517907690669,3.2058007808189237
1,1.6033750798646464,1.2735607680587848,1.0513651500490095,-0.01706351999532456,0.7588824639605745,-1.1379089161550764,-3.2851143180475617,-1.611910444460086,2.525717644961983,-0.4498521752468056,1.1828046253886397,-0.2395308747922061,0.9960921449482534,5.607318502497056,-1.1773548833635052
1,8.100657138034709,5.87933148192499,-3.711649313175783,-0.12243652861555449,2.2397870931642885,1.6793986563432173,5.463080156513618,-7.8306170330691245,-3.5446937478356375,-1.1885254303555246,0.6603922886264018,-1.18437072285718,-2.3447899052322114,-10.738426034844172,1.798911279310898
1,-1.2965020665837579,-1.0343981765732029,-3.185322608404508,1.764260081310705,-0.08648278546046391,1.6402011912704473,3.5536630556121387,-0.17313014080493855,-2.6802777645106306,0.4186698012586386,-1.6294139984967038,1.225046443920857,-1.5916431096581332,-5.419032929917398,0.4423351291210091
1,-7.601196368881114,-0.0632467675353003,3.364291509209294,-0.5942784911596436,-1.6531435524015858,1.4971047745495076,-2.661345181137758,7.388067535083399,2.2696000038812034,0.7803432940417842,0.8898994017795666,2.2484031282765,0.8326576093010172,3.5824258548976107,-2.4058043718569286
1,2.7459031556099456,1.2594678847271992,1.875614278151185,-0.43255694586844784,-1.143180438191817,1.002018968357093,-2.229463041364728,-1.6343569751758595,1.5071339672520345,-1.0174268059048361,0.8985815326546298,-0.8139068747983951,-0.1391062811972541,-1.8148728756744987,0.8051922109590123
1,-2.6205870968718172,1.0946215379919977,2.0261310898692453,1.3874608283678658,-1.0482642340281902,2.6924864108896718,-2.0282655085636185,2.717249082201811,0.9783305507902207,0.6639860408951462,2.1965471005531794,0.18186113235751583,0.43811026434154154,1.1221915506115374,-1.9858698796423229
1,5.923839158256908,1.588178408570426,5.875557777236181,1.1926219591610294,-4.171553130742447,-0.10368537703589316,-5.977905435028374,-4.921092729705351,3.4362046807446407,-0.09284185539640936,0.9533259108324733,0.249203842144333,1.889947128513116,11.14968763153488,1.0409797152573512
1,25.444507959049922,8.98051734342947,-1.128949458934864,-1.6629290934558116,0.16187603996181316,-1.4894968910612194,5.4715422336545325,-22.209265754789357,-2.865422461473449,1.644721896283421,0.1473759284448161,-4.408130560433065,-0.5352736385764694,-13.616666399820962,5.570706994572607
1,10.193969022299468,1.096973240087897,2.7862681307214907,0.7667713613571411,-0.891076599276742,-1.6951883476726477,-2.7769975935164597,-12.457402390493671,1.6796428109175097,0.3689075933540915,-1.0687389768600375,-1.0061443299355268,1.6436418325739848,2.5762003774411104,3.225891142650079
1,-8.160258180812749,-4.112890583847227,-1.0464445705939283,-0.9833213445305325,-1.661379358872584,1.0575372179729141,3.0455284928825064,8.892803633925247,-1.1428741224980956,-1.1500268290878182,-0.34677532580698306,0.6748824153095294,-1.6812355645651191,-4.660087268530651,-1.4730652227652221
1,-5.013073865110862,-1.020348286275484,-1.3920357027585626,-0.5487063313332448,-3.8351616164995344,2.5007814941927036,5.166146801362842,6.441751690276507,-2.948408633065845,-0.8398033540444512,0.8574194606505828,-0.05772135336751172,-1.7085612853848717,-9.407222226842311,-0.5559614168278635
1,-8.604625750262521,-3.7290079521181485,-2.4618588396137624,2.5113379936151126,-0.4745513245972461,-2.8533929543833296,3.818223505559414,5.171375785234496,-2.969225413825045,-0.47011390711825146,-1.3444295551791943,1.5889097665749126,-1.3956200322996601,-3.627049395095461,0.08351266515791671
1,14.785088420645463,2.6086491901421685,2.4449063448496524,1.0283313699659917,-0.013437373844330821,-0.4360421827114839,-2.2303694819397117,-16.322852377096233,1.3026314301592639,-2.1110455803736303,-0.847368035880654,-2.812572393517949,0.61128921795498,-1.4973256782068252,4.599987893119182
1,-15.11217853695878,-4.567506455647463,3.220792049286804,1.1421942965295258,-4.125206976789081,0.14343052494788783,-4.099850489050355,14.392913196716652,0.9044586170387868,0.3642637151736144,0.8425851624810551,2.26141851127743,-0.8391953186414816,9.143362013911684,-3.6112278550798793
1,3.243199442945772,-1.015526104811401,0.10957919014700095,-0.4476745512912335,-0.42970858282349095,-1.5989083449730535,1.3092176665570718,-2.7102303930103577,0.19517598717586676,-1.3364537789859625,-1.7727130359199172,-0.029416119072044996,-0.6614345417227693,-4.518030277131545,2.122540249091047
1,8.227189457540463,1.1789249899761045,0.7418780514593918,1.703894724885744,-0.08191555396240376,1.4348036318627624,-0.716793233779498,-10.181046986287777,0.9084337793930277,-0.39866687489977076,-0.6171406140650666,-1.1679556584094277,1.6658989031676268,-0.33859583182502084,0.5463913961559927
1,-0.6914147716276368,0.7457942437042481,-1.1599177161612455,0.1409815925525329,-1.9812739162935076,-1.7136159740489507,2.2451122137817947,1.9668902255428993,-2.015615831065029,-0.7687637818074362,-0.8914596036738955,0.1948383369753372,-1.64025327729465,-5.374394605641206,0.2957457149298769
1,2.225636011653932,2.801753734772968,-1.6824496097102828,0.5184230833413532,-2.619379092127299,1.085496787716981,6.590523400972851,-4.0593816108631655,-4.61159846110656,1.8943860459804474,1.3955320935770523,-0.35255981923919083,-1.7485228510280435,-12.077809154428943,1.2069839727891394
1,-0.44152799794329184,-3.7490786637729823,-1.0582191886951582,0.6937990591742492,-0.38257210319025936,-1.3985875812715152,2.836955177772055,0.6418335392053253,-2.0641096169316158,0.42118728504271247,-1.664683787179296,-1.0057504862383415,-0.6633717745333805,-5.795617199899516,0.375550426297413
1,-6.065997206623811,-3.103358819466257,-0.40803413157682694,3.137440971826541,0.861513961451443,0.4376120615813809,-0.09031898827393751,3.9592283241421873,0.2145733750141453,0.480287799183294,-0.4971910327678364,1.3153899029727674,-0.6063077536527772,1.2636443824523296,-1.0893906877214525
1,3.2731417695779337,-1.7788400861956806,3.4905491381290124,1.2083975625613674,-2.1392518836725665,0.3873081486545731,-3.4269999668414934,-4.492941280559531,2.2976496304735314,-0.259736161981388,-1.4833138157846593,-0.5591420243605357,0.20383998805909195,4.582421480028332,2.4589829939237475
1,-7.380314869562815,-3.0205286940540907,1.4743985341857335,1.3377023419494027,-4.834005581581635,0.7494226051957271,1.9483687192848445,5.615596408242082,-0.48507569913937704,0.7082235430250546,-0.14340199308227883,1.1018625850440071,0.5420852896940825,1.7389968589915095,-3.619925805404939
1,-15.744992804848987,-5.949586213434787,-0.7212059140508538,2.3023303539406568,-2.6584045829567025,-0.9402556866914082,-0.0380666614437703,14.285263636317225,-2.0706884776840395,1.0424973856432675,-1.4331337305501506,2.4883491496989056,-1.7002594104205047,-0.23502335658725268,-3.0013560171523177
1,0.514175624040869,2.0955459713794133,-0.4363888146487044,1.7428621699368831,1.6527916447241382,-1.3441978288348158,-3.7851857855803925,-0.7566738794944394,1.2712608650259778,1.483618416016905,1.3662465491105718,-0.31593710428762434,-1.0073120967580036,4.729978648471171,0.5545900966452036
2,10.65341404508425,1.3278096202483312,5.08156661560435,2.043744597629079,-1.0374879959539398,-0.7912679601236521,-5.5711375276039234,-11.640272653459261,4.587540329084094,1.5897057621261625,0.8335992329042318,0.2091025519469908,2.6585221174663247,9.731570930050662,2.3824360382340197
2,1.5069368022745446,0.3049267640337301,-0.018575387503670604,-1.6402400900038923,-0.9880450666604406,0.738429530123777,2.097591427960907,1.4864024396490418,-0.48425437550504874,-0.6778632544112266,1.0295611858204965,0.6689131665208901,-0.7587229205024628,-4.102403194405499,1.3287784860252496
2,3.5468483750505144,-2.2363812805949355,0.4111744346856565,0.1318928423452479,-0.7547158165037683,0.5893320825389741,0.06387359504473801,-3.2497405704064146,-0.18348384091695744,0.8140936929104317,1.2463206606223896,-1.9661263598195189,0.5803326469678238,-2.247460780890007,1.1872430156957918
2,5.9938933403858705,3.4016767596319917,-0.5162961238792426,0.3725224052618542,-2.2459679624753717,1.0178361556542816,0.7509165010262719,-4.801297162614318,-0.8617674897208324,-1.4260778576966773,-2.2239024035602775,-1.1538174384066873,-1.0660476807989112,-5.296918856641291,2.3253366864219247
2,-5.812643151138919,-0.7513818355744774,1.6556165710347577,0.2540939672553075,-2.4948552186246657,-2.2108278344156402,-1.6374682727690348,5.725890625197405,1.5426083218411428,-1.082600344003757,-0.7296494390199003,1.6634396728935605,0.7289001816616124,3.8449228773704145,-0.9652630156511851
2,3.1224870313061994,4.465834178365528,-2.8478804907754154,-0.36489286246917674,0.7681358912826679,1.4140005161496219,3.9811249978597254,-4.565885522415382,-1.9890318983984303,0.01699453089790738,-2.170287885429901,0.1977314557914982,-0.048418232823169635,-4.801051436273433,0.8631708741624742
2,-18.890357218398655,-6.4598364638867185,-3.9318132191952553,-1.8510872502169138,3.3980491992936206,0.34697368536660605,2.845384251568025,22.989765012160255,-1.6364281277020483,-1.0295233239066244,-0.9050332857664466,2.682702900260566,0.038874641827044726,-3.043049839142771,-4.86821541049183
2,16.487041882380872,8.416128522732553,-0.2948130108663119,-0.02971481052212122,-0.582626416213851,1.3255138264555335,-0.6382970765683414,-16.50393814065559,0.7169368938318356,-3.0219584784988185,-1.1530086310638155,-2.1575810520641956,-0.9925177421068203,-1.0165421442686038,5.325829730031109
2,-3.2971422199345968,-0.9286841424462505,0.45694486643322774,-0.7497148854359807,0.1665610248659137,0.8449876344514635,0.6729408864328503,4.1165338671969876,-0.35123155734088923,0.6313308839356931,-0.9142667249402824,0.6110332751378033,0.5370075691587608,-0.27008324184464594,-1.3146756930134478
2,-1.2874243337102402,2.726279037434325,-3.778452344757911,0.41103765572846584,6.335702881234913,0.24668774996794743,1.8756549686165225,-0.23493657276347113,-2.1459340637581423,-0.7688609466819474,-1.5342661330728407,-0.003793723537978859,-2.139694620384988,-4.572761808548684,0.1367795485303981
2,0.12358840530624601,3.9412079653081484,-0.09330940945588581,1.0337367747518513,-1.0378356020978108,1.6168969736291283,-0.7124297478429695,-2.2549698086534313,-0.28117408317619685,-1.3577921558433776,-2.7010502197563553,0.13082618302874613,0.40083851198881,1.207739160881677,-2.2473358711481293
2,12.900858689250523,1.2796677032214172,1.5702430180658102,-0.714173161912113,-4.062543497152395,0.745106156791265,-2.0644029121592147,-13.098438231790947,1.1759219514383774,-0.5270554392088387,2.0266726313371537,-1.708735944571059,0.5454702089526309,1.8765359844882306,3.469205340413581
2,-9.798032999218925,-4.242914347976622,-0.27864114096841797,-2.0487780943088527,-1.0672237333524919,-0.44896759877097797,2.7973181139386902,13.432039030565644,-0.2947098432832375,0.47358646424024936,1.6983966413200373,1.1695704296915728,-0.1831618732780227,-4.844785673834568,-3.065560216386664
2,1.5092424166755076,2.4759779616612994,3.3749870749258806,0.38734765585534725,-1.3708645793539544,2.1814950074991,-2.0750592927138176,-2.204997060637713,2.047234148344028,-0.6099775917664191,-2.6125268511257587,-0.08876620691548963,2.1726907613172797,4.371236779075473,-0.2068271909655705
2,6.918139692633318,4.737821610826556,-2.0865821979799875,1.474744254409684,1.2277803179974673,0.050933780101391594,1.9178311158728616,-9.794071233167148,-1.385846465117054,-1.354894768607607,-2.0800651315686043,-1.4658388408671,-0.0218055312866757,-4.688095048626268,2.472891160461091
2,-7.244368921428536,1.6430760107816325,-2.7850460132557036,-1.2130550514757954,-1.836997843004711,-0.08135410109074967,6.490719978388024,8.93256629496389,-3.0590728194744203,-0.29146098470065934,-2.02477780644177,0.9984688160590205,-2.6525445137387766,-8.315117995805192,-2.2916892456319573
2,5.735565960811703,3.442473374713572,-3.7019573691639613,-0.9831054124992672,-0.0433076399011553,-0.7935232140446877,4.688601855511586,-4.6890805237888875,-4.546035109961219,-0.20094875297888168,-1.507545278681994,-1.1842851260850125,-1.2888225653816714,-7.806689014875783,2.445340183231552
2,-14.613050631739215,-4.037764491890278,-2.0299167063719503,0.33111945488864464,-1.6350750794950415,-1.1820605689327959,4.450830452159682,17.980594293347632,-3.01765477206549,1.2186891786483156,-0.8146116562652461,1.2110993340995566,-1.2067914076001767,-6.24387270798265,-3.66392077680773
2,-1.4832966984563416,-0.7886216253416851,-3.5459087128175892,-0.7427966633724532,0.1852192245178565,0.08268966533685741,3.845867325464252,1.4975355237177557,-2.758938807881008,0.693101481318603,1.6711591205845868,-0.6856905601791836,-2.3515520728140125,-6.963656196520978,-1.1035110984517347
2,4.250819134122135,1.8004268670737893,-3.6269217278762316,0.6979962199162741,-2.1627270895248696,-0.03296516941474598,4.5854935451851295,-2.5460148813043775,-3.942275239996915,-1.3415851325057335,1.1926498569669925,-0.7948550488893582,-1.6365520979635713,-7.792307128684752,1.8195972843327384
2,3.5460790852607054,-0.8362806912996377,1.90754198338406,-0.9397835912470751,-0.10676781784577657,-1.7925575606769222,-3.374241558292153,-2.3649176805961654,2.2921969258340034,0.6642414722299759,1.4292275171491433,-0.06969462194052269,0.5055016863097725,2.7035257377547617,2.2162203735883628
2,-6.914362271031085,0.7723383486623929,1.7892712964158295,0.9258060653443694,1.283237017219274,-0.5216068000335701,-2.5177336325647355,7.703948103737341,2.0331397560945836,-0.39445882956920914,-1.9730457171118072,1.8749153892406072,0.3834811232422716,5.034388832504073,-2.5955710305252357
2,-9.02102782252778,-1.7256594112380632,-5.986612277713535,0.7873012272053499,0.16311678565717266,-1.2752852862002841,9.272897559300509,9.104115698446385,-6.175128409040542,1.6070740527076826,-2.5304168850212285,-0.49170349237676136,-2.4005441059109622,-14.759017419313777,-1.2139852557279578
2,2.2996860903612415,3.0596542099793935,0.4946933089087154,1.797464445347104,0.23575435672886247,1.32298183549984,1.8563383127352293,-4.324064926169049,-0.2639528660794395,-0.49657293718035767,-2.1237985153297125,-0.48958696385410355,0.052039371793803725,-3.44145161361207,0.2788950921343007
2,-3.7139571703586136,-0.6257682479525488,-2.833193996420774,0.011700659851208377,1.8565420966761026,-0.36008468797314014,2.1125366208340814,3.3041016819721043,-1.6931518793524714,-1.111536554721876,-0.9969671194583783,-0.6253873775931809,-0.6059551566921912,-5.065498247570288,-0.7420779904281783
2,-7.329113546075777,2.402007370570431,-0.9382506931902376,-1.238678477326039,2.1589765496104474,-2.057733084486461,-0.5697220254725985,9.507481920381492,0.47744872199217675,0.3205156008483916,-4.821665851201598,0.41418363031575367,0.2374748478661049,1.7370448959280138,-2.5686466034756785
2,-3.401925993775161,-1.963711474129538,-0.811069110799662,-0.3880507821991519,1.3590744250716307,-0.05351459417951896,3.1481741252471056,4.778710952130426,0.09483022456053816,1.0933225267154705,0.5311340445341408,0.585569459796855,-1.3533676241974644,-6.653898837554016,-1.934764327137948
2,-0.09783034685641709,-1.653868528553714,2.394358301635448,-0.7354795636515675,-2.025016181263825,-1.8005338778928506,-2.615293010606652,1.771705548076805,1.749502754863876,-0.9644704142388872,1.3833334505250385,0.15572928056244248,0.6691575125998795,4.899482115162372,-1.1745269026947947
2,9.058846299972403,4.848728581871128,-2.7333918653807836,0.8079119800863975,-0.386824445053256,0.4694053993805956,5.816809140997154,-12.372905027747805,-2.8424882348317557,0.4796586338760663,0.19802137615750817,-1.4381855260026148,-2.814730329880314,-12.773845331727003,4.2144648694256155
2,-16.634557528142608,-5.484713535957369,0.6451194573337702,-1.035599704738967,0.37455978585825755,1.0075589302761225,-1.6107534706565616,16.78118268225519,0.9895399195364515,-2.1483497180646274,-0.4670864171847428,1.9226666337936842,0.23699382497318616,3.4432376365902124,-4.634394383730937
2,2.5954818974256493,-0.7568984843898202,2.480875044334993,0.4599446608855794,-1.0703040890692899,0.16506882713818297,-2.5341482974837635,-3.4511313265244152,2.3285968726679496,0.27155425343073464,0.6349485582475171,-1.195273043689307,-0.17315628475947925,2.6603174444492366,1.1466588978026564
2,20.180244361459927,4.798021251646105,1.5834257211079559,-0.006751338880528023,3.6534684412574356,1.7316507519572735,-5.130819756797868,-22.31163453708047,2.927087659856423,-0.28662032204016624,0.7166743592784104,-3.3762620607333678,2.218264055272755,5.2563088709966515,3.349535853792655
2,-0.6403761324517256,-3.497126789666736,0.014013039571021148,2.576454727200188,-0.5245169033005915,0.236789354956977,-1.0586043669430338,-0.7436985802560897,0.10062661251806992,0.15530270575162441,2.7885057891097857,-0.2051823183685628,-0.19743994859675817,3.7779848697052145,0.8122785148706894
2,-2.5630491074777084,0.11218749322233602,5.846826677048653,0.8718789310643776,-2.9257987507390273,-1.322400852643155,-7.221470136103809,2.937645199813401,5.435237897422768,2.532184473619837,-0.11675342050655456,2.1830868402216486,2.9915920383217443,16.064626900218155,-1.3630253157709182
2,15.85494283190582,6.4982701146842485,3.1899382424308524,-1.845206726775769,0.15769256658257297,0.5803950618082274,-4.878644395709114,-15.558938667833466,3.5916603093338373,-1.020981460308729,-0.25045838466032305,-2.0380196611119077,0.5376081886197588,5.636309463503062,3.356257633102411
2,12.115347212625263,4.152784064049547,4.698605764071817,-0.32571763626136413,0.6690967511536462,0.3835431959740023,-7.451198222613903,-11.535482350879343,5.411959125235828,0.05830958694041551,-0.5407652867586077,-1.2747898552513777,1.5340765022550518,11.60094521146516,2.9636720394719265
2,1.4715127205175826,0.7807134519141123,1.258581044066496,-0.3587411502746141,2.1933051226257976,-0.5239380148815226,-0.4269251240566086,0.1616172483549229,1.1660883605189558,0.2977596053856319,0.032466209573400164,-0.8521466967705661,-0.8722864208407507,-0.6667163679408168,0.332264554586977
2,6.115170839764021,3.536931903205171,2.7072314624648297,-0.4559123474915081,-2.6317268882488447,1.525888241052413,-0.9845068526728282,-5.586866784152668,0.3015621605725192,-1.2294169220483084,-2.060346902873518,-0.8754520661591898,1.6546661769247188,-1.071565267944793,-0.4390614727055634
2,-4.246415162637594,0.8132223734436688,0.8921833582430185,0.2285133475758624,-0.654671808776201,-0.3754526544534278,-1.5906207898391544,5.515824935730231,0.9958423824460685,2.9827816116769483,-1.357531733006631,0.3639471809345419,0.199366671233438,3.1055295096458364,-1.0557670206770917
2,3.8700672817046855,1.4025256347275752,-4.894379690654249,-1.6154207759627244,2.747639726401215,0.9118520060697838,4.493592977933268,-2.3644700048241707,-3.7878088551445415,0.006809540204368805,0.24906438077878873,-0.7222280207611681,-1.3840980431370276,-7.028754163740239,1.5756571707117277
2,1.1144335957478888,-0.40198257462636355,0.7819437661059536,1.4185196688935113,0.1690868426972054,2.507192985000838,-0.24709546084190473,-2.641953482911284,1.1904113341399607,-0.2484787474209215,-0.9323231505553161,-1.4751092284214806,1.105959066741045,-0.6596009659014257,-0.31582637070985775
2,4.412015092109432,0.6775740440741451,1.5068958952828957,2.1121316477706515,-3.926559109880574,0.4685504545038843,2.208190410734493,-6.980642343676125,-1.8588126443855597,-3.1191194387981795,1.3369462515369475,-1.503209307703022,-0.8160308939251091,-6.329937724519527,1.5307464322918176
2,10.121109247806292,3.3983147678568484,-2.720654186366773,1.930543836768113,1.356845439541744,-1.7949933751190157,1.5422069618017427,-13.488173562672081,-1.4120784083382922,-1.2847017239868126,1.0661060720984112,-0.5962256077011491,-0.5095572368300588,-0.6402339531681697,3.181453522441549
2,4.832685725691455,1.3426838641876453,0.6368025173457031,0.8450999867929849,-0.8917483419009081,-1.027629453575926,-0.551958279228341,-4.168912795236057,0.8965502417799432,-0.6740114366077039,-0.8619695366012213,-0.7126810889933626,1.5752834742734372,0.033646127176738566,0.10276093555547317
2,7.989165031892541,-0.3632468036893694,-5.388855829432926,0.3630407508370695,1.6945561131007745,-0.3171361380220806,6.314559608304214,-11.022940989905827,-4.9141907032298064,-0.10250543549201466,3.5029181347450025,-1.5997726483722958,-1.9343027528771197,-11.785950139283614,3.8593833545312983
2,1.1319653973390067,6.108876827693888,-4.482098502882995,0.2962248293169201,2.3435974954065375,-0.3635451793049887,6.519119570920807,0.08689147773232626,-3.240071139048633,1.028222819626906,-3.7516034173483725,0.5701334626278659,-1.5744740764960077,-7.224684355519077,0.8264807209457662
2,-4.982237925619897,-2.149988044611285,2.1276341370693213,-1.1203037983835191,2.084207745999769,-0.9107661789211068,-3.5169149987580717,3.3996599396400495,3.1087911846686316,-2.002232375615256,0.31092838341319606,1.2797535151734036,0.76374061641309,5.916749389218844,-1.6646461464366844
2,-6.169723939993624,-4.034158310338009,1.1001229436906097,0.8636082905588517,-5.632779082322734,1.5424412858460095,4.0484711605176855,5.5141948348437335,-1.9295873127440624,-0.5578732373962424,0.9896289624038267,-0.16793830214794195,-1.2494230430422169,-6.866836688109713,0.10705442541392549
2,10.172272102997075,6.297854686935968,-2.496029537691792,0.6838974039350295,2.7159228259410115,-0.5239072812707577,1.5060045948797895,-10.764145827138966,-1.1764750725573556,-2.135576100888577,-2.7325366989483,-2.1365327203412234,-0.6990622181727782,-3.4799687951166,1.6647921837572566
2,4.711455533623638,-2.720264723905,-0.27386443829410934,-0.3854724497862982,1.8044795365441357,-1.6031752909317407,-0.007636572603063142,-5.590302600228756,1.3931672414717295,0.07449541597531756,2.529319353569954,-0.7886482502116998,1.8616663975530678,-1.3505108304457818,1.1226755304385914
