,0,1,2,3,4,5,6,7,8,9,10,11,12,13
1,1.4033361230291679,2.964903988315939,0.872459077489699,-2.863526989467058,-2.170198918820943,-0.33244589955999737,1.3064637606480374,-1.4776567511566057,-0.44078639070348946,-1.5658253919538199,0.02057479512047844,-1.6021584149877712,1.8951790281553074,0.25447034559562764
1,1.3033725570534225,-0.8150732097691306,-1.605501871763008,-2.6390196340470085,0.6175602155877401,1.2715600720772182,-1.3075820931681736,0.007353326057051297,-3.12294179378831,1.4079418653056757,1.5127066327425367,0.868268074682048,-1.2248074785547627,-0.41596942296719963
1,-2.635183463968464,-3.172405806573428,-0.9972448468543951,1.2113377743412614,-3.6779532031930815,0.8073625566230755,-0.1335242055851051,0.9030106060448031,-0.6916361099743858,0.26702411203863724,0.6502455821579265,0.42957161796011517,-3.2775590585534013,-1.3426477998944228
1,-2.630747311279261,-1.5719995493466068,1.2467457330895146,3.174731179688231,0.7935320307714808,0.3913365175696932,0.14410684821441402,0.5862113697271305,1.0248280946076935,-0.29717531136497255,0.14785798776649903,-0.038945358456241946,-0.3868863225890927,0.6719860171014739
1,4.46631983662485,1.9042958643133057,-0.9941256748959727,-2.7470607600172916,-2.204847692479895,-0.29850284691346374,2.1075886970682003,0.12615085170022597,0.03791627991178926,-0.08358682998004553,-3.1110339497680983,-1.7528076734579718,0.17323612285816822,-2.279114244344703
1,0.3249880984208448,-1.46641049674844,-0.9505038277173493,-0.9794644059490164,2.153033056766092,-1.519686929742656,-0.05737732927026273,-1.3332145685985428,0.822470685884244,0.8111567583712486,0.3068801509004491,-0.856900575117739,0.4324140494156803,1.3489266881510178
1,-0.5604783297033032,-1.9242469064668646,-0.24707218383063895,-2.2161390612182585,-0.6535914487788488,0.3869801817439887,-0.970741534568567,-0.22085891040735767,-1.9884692400807358,-0.48073614468882414,0.698791027125077,-0.9587558098463286,-1.0405461192303067,-2.576645941559
1,0.7031409226931136,-0.26022141526641646,1.7374122581179328,1.8516703419090494,0.20141099194338946,1.9327008507888763,1.4105803436957816,1.4402136714917408,1.347091009896476,-0.6506322922424578,0.21349151546363873,-0.6419626374476102,-0.9374248017308782,1.3830203569766817
1,-0.5868122323239828,1.5171229562468387,0.9481718591743794,1.225234512752165,-1.7721521379859237,1.3709911259448764,-2.1272299886376826,-0.5226248862765135,0.8009052908832428,-1.4843287515770804,0.11901837211363137,0.38549265969387436,-0.3284218664830436,0.7253138229555873
1,-0.5401793361045407,-1.746980624651311,-0.9470884721120546,-0.008833549668903018,0.40224353895115156,-0.3188187363358077,-1.683527959137023,0.7529545995944544,-0.027469138870402896,-1.9055203514118222,-0.05712063089518093,-1.4568529898006304,-3.3342090351179867,-0.641956625019674
1,-1.7479865517481452,-2.3891734074605915,-0.1103655171524211,-1.2941561850297398,0.44158677256155354,-0.964644421756341,-2.0806304734225773,0.7254182013535302,0.1843443463262204,0.7081923880336678,0.9800389492409556,0.6055372335109838,1.7630381865769587,-0.43645757044229094
1,0.08024060856194073,-2.4023520176798345,0.1084131083921316,2.409345421076334,-1.2388522303434728,0.4869111768666745,0.5385998522447507,-0.3211907959416622,0.4246416004096512,-1.677540958011309,-2.4512765728451047,-0.9765565400360683,-4.4569829323451415,2.3853978056180734
1,-0.3579690331259949,0.05667170819794433,-1.6136058244228373,0.7998889541197395,0.561690286923701,0.3468743629788829,1.5274478869156298,-1.2407668261814007,-0.9254711878846816,0.8330325001502017,1.3033899934451305,1.077935587599125,0.01114741560243157,0.17104279950473208
1,0.4463678482062564,0.6294621082797517,-0.5606749275212224,-0.5843699397838298,-2.593911266079721,-1.535322677284553,-0.14448817575417816,-0.14609853020244634,-1.5081071607615106,1.2562182108256736,2.6285601945551567,2.3990225207269606,0.06942018654960841,-0.8244469970025752
1,0.5806129575957265,1.5610480620921865,-1.0436385458957154,-0.7962737619476884,-0.3474008444078693,-3.4979665095325396,0.1461445752522597,2.273796910954407,-2.550170228403399,0.9032884442180884,-0.8959410553527244,-0.7120335055508905,4.15079942266094,0.4101860293145529
1,0.8019699432330423,-0.39972833046638945,1.1526842477924981,0.21353974691050379,0.4371040909790691,2.3830464937796467,0.19587706459080165,1.0108287075681643,-0.5210486686772237,2.1474363175104325,-0.25751107060565154,-0.939136050338247,-0.7238062109890542,-1.7099511525210593
1,4.458653390810564,0.19156541523725917,0.9571191743753421,-1.1293907687138804,-0.10682832489088523,0.7480029525153368,0.19632435383148253,1.0499161297134945,0.2071622223932256,0.7886049931420747,-2.6714421080804414,1.2937579465231739,-1.2191114537813854,0.7931386041445394
1,-1.0714148043990626,-1.1687383914472917,1.747402293571063,2.1215552855506425,0.6084776940659026,1.4828783684906486,1.3661727985359833,-0.08517799967677815,1.0676476354455187,0.21986246656012648,-0.5773627423636315,0.25838573511797897,-0.4192528510652242,1.9224694935730997
1,0.6206039716919816,-1.1189628127560682,2.777265539248457,-1.1307269360402001,-1.46185082044358,1.250933655600158,-0.46047255857161984,-0.8976656393560885,-1.5103588079418973,0.9378223253212601,-0.3638494979739327,2.1087935192184095,-2.6859169666895117,-0.25061328574218056
1,-0.3855379370423873,0.37077168829254786,-1.8981827440692292,1.4322480555656996,0.34236748933169575,-1.182756848147909,-0.10886871578410233,1.5744670312272433,-2.133810505693953,0.0027268755797242887,-0.8216462176147257,0.4740696614845349,0.9269108142452698,-0.09805132778705489
1,-0.49161095922412024,1.2935410734825636,0.4232273448680942,-1.491955639787968,-0.3451487785886626,0.4557466026041848,-0.27082598653679857,-0.43204878145288966,-1.0780647193194308,1.1838659744938667,-0.02642984934753845,-1.7152915751574869,0.7257547949381725,1.0540773123966103
1,-0.32532593140561833,0.5957973191058404,-0.8112705735626959,0.18686402980811645,-0.7550518561838742,-0.9475167342115501,0.5965775648812666,0.32699713758176063,-0.7226435715910853,-1.3133853775400637,2.4721407887105102,0.5240293962773908,-1.8005781268255285,-1.0207900435081214
1,1.55315847935156,0.3295541059843392,-3.232078760969972,-2.0682662734763597,-0.7723961466270298,-1.9320964452679137,0.4545700991088421,-0.7963769329022374,-0.33302172944657854,2.694995613168172,-2.101502808221802,-0.247805509092408,5.0914533541815965,-1.3306642825533899
1,1.1755649266012533,1.5492735618467905,-0.33013978743874967,-2.7431985557029686,-1.074414945662997,2.018416148617149,-1.4282925684221177,-0.17480771686413354,0.45503894256799693,-0.912507714245124,-0.7672977597698016,0.6656264005795298,-1.365997405926657,0.19128426545789973
1,-2.657354689977149,0.12669125329012687,-3.268024218124243,3.334571465164984,-2.372634511262667,-2.787820642500975,0.6779697574822947,-2.298843046545889,0.5768346691692279,-0.3685240237343075,-0.15555963184797178,-0.25500229801772906,-1.93671072367789,-0.23759022993145298
1,-1.1517656524790774,-0.20398935306993585,1.080709697999256,0.049747191457267685,-1.0884271566297945,0.479392577451261,-0.38705674775661425,0.6012401908307172,-0.22405855209696898,-0.9780063687114177,0.18654668121784532,0.07071317641841433,-0.5786726391470244,-0.0729178421950895
1,-0.5017036986359789,-0.6310783474446365,0.2235968715247087,-0.5640354773615361,0.6135799287065757,-0.23229920867094908,1.6964171715680345,-0.42601779740033685,-0.9560693914025831,0.8896205388732341,0.8413988610188253,0.011642735194455026,-0.49358137525681856,0.5072228543599865
1,0.5461194366462976,1.1234111641892615,1.3662402537060816,-0.8673137798727396,0.5625374959791699,1.1061316881776484,0.3627403564784473,-0.7199425669812639,0.5790422933603292,-0.5176426594740653,0.6776558098470137,2.269010135737421,-0.3698084540493237,1.882995860976338
1,-0.17949591611249274,-0.19698148231148768,-0.45740219415471883,2.3355875976252536,-0.9166945545784251,-1.0593064940630554,2.722629043686073,-3.0154408368115,-0.7470847675824528,-1.9110215475428134,-0.47760099767120023,-1.6291728391000464,0.2150554051039168,0.20741849728323233
1,-0.08511369410335519,0.6366962967091004,-0.6623757312558384,1.86039053929367,-1.1862976914163732,-0.592805592300112,-2.8556460921086138,-0.5998630049231434,1.123213682225449,0.15419198501063083,0.0006981612172552834,-1.5325849543960741,-1.7554759524298085,0.011277115677603256
1,-0.19757216075088535,0.8369127046909164,1.5078152911877358,-1.3467606383902702,-0.4942626254134579,0.9127624077788384,1.563703317855036,-0.07785390237398422,-3.2331329262235515,-0.0975710539297439,-0.04430401458810384,-1.3659740333846966,0.21125581996750795,-0.7407203706677963
1,0.762750356843519,1.46525694071767,1.1733080539252745,-1.9963475617345365,-1.1604411005449173,1.144007387629967,1.3325157130321459,0.650958198095133,0.11658988697147034,0.5041174114844479,1.0461973461152183,2.2753627640141825,0.6307627582273647,-1.2258253334673062
1,-2.3122303448581563,-1.3902098470196238,-0.9862276901773066,2.4679677570357264,1.7117806316518742,-1.5227073997257212,-0.8327387776666337,-0.18068774150064668,0.7312609834920974,1.0729316877275084,-0.2550510445243831,-0.7128315028411528,-0.6446349397599556,1.1957898125008897
1,0.6310403039766994,-0.30439246079379895,-0.13742102379452872,1.0647806854534259,-1.6091120151209397,-0.8057368826161609,0.3855948559682217,0.49903477348347836,0.1562080025100609,0.8650259690329773,1.3468035990127842,1.3036091450568734,-0.4249939770103851,-0.9059798728340395
1,2.333995289432565,0.6987164721093391,-2.089029421758323,-3.166462806334275,0.2791840155321238,-1.965913044072182,-0.8665216296563956,0.01605956811497721,0.7243015177051169,-1.6165096819563953,-0.6845931376608434,0.3151072954912714,-1.9447175533843084,-1.9150378364300582
1,-2.1196882850942558,-0.5807812154816917,0.8410399166468594,-0.1341305127429475,-0.6080696793685096,-0.1950417126936722,-0.9211109830235688,-0.14949648297700507,0.31182072640560216,0.8479681673314226,0.6491664033879947,-0.26587724334256657,-0.2705036251793833,-0.06582419787559507
1,-0.5201609598690708,0.09090516424892726,-0.3575547074927989,-0.8677005814344148,3.11885996699905,-1.53064899942376,-0.3448045117470245,0.4790810759170052,0.7095182274487826,-0.0710981804393742,2.5620440630289076,0.08114135976453121,2.263761720198087,0.8278760952867678
1,-0.9221080749345189,-1.022368384868956,-3.4256214981653272,1.6210138289962537,-2.874449863035341,-0.48834940475727406,0.6163248708078832,-0.6925950531132835,-0.814176498061841,-1.4187456866662989,0.04261117941316321,1.0369414554121974,0.6525089410176887,-2.463289948512422
1,-1.1414509134567585,1.0064057486237954,-1.776095778172348,-0.1796212756061046,0.36421944172926884,-1.3562347003779438,0.350737002473992,0.3956733256210513,1.6273598590099452,-0.25012273291701226,0.5353389202461613,1.7060877528523721,0.02943165226978528,-0.003479551228291536
1,0.6517827778470142,0.17836461055658082,2.705907521469242,-0.5844548413668685,-0.7982337192798891,0.06283367564799443,0.5217842462358324,-1.4014183491899825,-1.0220266339384303,1.089742828060819,-1.9192985604645882,-2.679908748784632,-1.7531651472324603,1.6410008677104653
1,1.2368409623010785,0.8529299704302687,-1.6654237637151725,-2.4336512483218216,0.33335492776754944,-0.29202423272396916,-0.5611602640951016,-0.6916574128754662,1.5861276642605828,0.3594526025464222,0.6412651057633856,-0.28490423712672425,1.1111484068425708,-2.0719253294461875
1,-1.127009555057577,-0.24513600328937546,0.5042793262500398,0.34369741367334183,0.6931651949525426,2.3830923425495647,-1.2555180455490536,-1.6978544016278503,0.8483110527660115,-1.7501722313577632,-0.6233548681081488,0.15510050467665928,-0.4070098057378045,1.7345852007367684
1,-1.825426117448575,0.48922986450397593,0.8731404156829508,1.028656392893072,0.896222433232132,-0.2861723233420581,0.8037820060566375,-0.36089102338762097,-1.5903376025842426,1.4896864638730887,-0.238935500092587,-1.1220866579818893,-1.1264997665695275,-1.3262361458998586
1,-1.1700039574651095,-0.8954592959208871,-1.6727345865498329,0.5909841600872207,-3.1912434087885773,-0.03482475052657052,0.706055261641848,-0.3418214254057269,-1.528384572862166,-0.18069765639540175,1.2702101430862425,0.8382538688739365,-1.5592398835035353,-2.260114944481063
1,1.2909734328885119,0.14974209995386184,0.5580713869004194,0.5132879026600735,-0.18808608568752314,-1.1227699730247362,3.142150229006542,1.2911735519539849,0.8951971492172367,-0.5597207668986856,1.9507620209744487,-2.3022836257560573,1.1797265736464575,0.7559457697369201
1,0.057515712606339094,-2.704915491551545,1.382585920888305,-0.33902367092069546,1.5195521932911482,-2.262485390804328,1.11698709032044,0.12404449370063982,1.8852771790954939,1.1952871127973324,0.6500167726211594,0.6843244043790031,-0.5790025200361302,3.4522310961102423
1,0.1623273140139996,1.0356149649664186,-1.153450263665996,-1.0500775843311427,-1.2156392639991507,-0.2871494903441558,-0.09156687397179065,-1.3200458026669133,-0.6763956425003865,-0.2934159000512209,-2.0055106795846065,-0.6793563484360983,-2.460832641817886,1.7510417524218151
1,0.7778044522370895,-0.3962184333367279,-1.2349958855071996,-3.0368905728714126,-0.6200793298071944,0.5029315603954565,-0.32284594427483615,-2.22171832868708,-1.3226918808563504,0.4235658209349968,-1.1370399229151102,-1.6193038083658895,-2.554772591641227,0.9490487633267242
1,-0.9823677585688128,-0.8396743578409716,0.1367977797843124,1.197482601874442,0.7038489762964859,-0.3865310287701346,-0.511722452190712,0.7018990588412939,-0.7946265552556737,0.3599998986235632,-2.460961363805347,-0.3398540623934397,-1.7432273581077236,-0.31957221130860447
1,-0.9764250853499741,-0.19748460269483248,0.8390554224042274,1.624990141795734,-0.6676263682238985,-0.9170783514574605,-0.9426759464971264,0.4646047301382798,0.1725834344503543,0.5789438494662728,2.208973389948066,0.7212112092456393,2.542233950648043,-0.0034258205905441513
1,-1.19306206631198,-2.1708237688431735,-2.0718841146675726,0.796052050010453,-1.2841087691510578,-1.14734676159966,1.9912413483742837,1.1999757534059856,-2.7817878611759186,-0.27201771989123397,0.4677901030912728,0.26838492028757105,-0.4209614886732697,-1.1985519193715737
1,1.7055079953407886,0.3529590103351226,0.31991541316993366,0.1461161835711347,0.44335414241147725,0.6877686723427484,-0.6978701942250098,-0.32018723553750217,1.3164122329905301,0.8371038646592368,-0.10628980966496994,-0.9821875940489639,-0.18918743759513365,0.26623175094348134
1,0.6885094913801646,1.7322303854386187,0.47929839437924204,-1.764219883550993,1.0479288206551418,-0.13901190535152863,-0.036268202829569204,-0.04632272140966088,-0.992729347828914,-0.9618185888357098,-1.9457607059480257,0.4236995088014403,1.111472109091791,1.826311286692838
1,0.9244573963793888,-0.38320165575509046,1.4980706984294747,-1.5610745644567625,0.06084530043589644,0.11862901817955468,-1.519532117284871,-0.16959620318930757,0.37210386839007564,-2.2985478629202465,0.7399472220382464,2.064667611215055,-2.1380395603909528,1.1950439293854425
1,1.1851791821472868,0.9787975953858273,0.5004349496827691,0.18943193375823603,0.3452065349388995,-0.31232244990967856,0.1002284516843298,0.2849793166490167,1.4878286447816098,-0.8509165384959314,0.04167101579497424,2.1768669335587254,-2.1283736901697736,-1.5836740674825889
1,-0.4609308468568128,0.10292228097029776,-2.1803848570540763,3.889569347104152,-0.25249925786752847,-2.1241686509214284,1.8803643579607625,1.7443244484670535,0.7069581675288883,1.1040157427153472,-0.3123133016771265,0.5152534630242136,-0.7358851657334907,-0.4195255698031801
1,0.5812678460655748,-0.43817649177932877,-0.6872239289207829,-1.043654441784949,1.2654125355283772,-0.4405525239175295,1.6306704427862166,2.5894180013859205,-0.30746924678462484,0.32687377547340607,-1.2778648605680505,1.0468076498055328,-0.383186361127382,0.1621593677487553
1,-0.6597657564258841,-2.108309425993656,-0.7909566312988919,-0.3580193721093196,-2.29952402085082,-0.4176866982101898,-0.21526533590358324,-0.8736696156031003,1.539563356032356,0.8360845394328059,1.2015127894936801,-1.37237681218448,-0.6734588643761699,-2.3534735099340685
1,-1.6717841844375763,-0.5817122579529109,1.1044114570474985,1.9310934147785441,-0.9860319187885932,3.0267115245413656,0.2292881760277629,0.6598119078503704,-1.937488887102024,3.707850139927228,-0.10341052973767526,0.2329657989902181,-2.0779584058437317,0.8676001114934624
1,0.1615968794750076,2.450299884856638,0.10742537194010139,1.0365490108235915,-2.8081507546494016,0.9156879910064392,1.235651885437458,-0.9100376680471984,1.0410013417291286,-1.3460580600010137,-0.9466789106501928,0.8474585904567835,-0.2728025141656341,0.3616564650455854
1,1.668793202160488,-0.7213645831685735,-0.959997990460722,-0.36772069520526207,0.5109839281894738,-2.076230275734382,0.842345463611165,0.6113738393636903,0.9148710236120673,0.23451938420183255,-1.7197529653831856,0.8179256421473183,0.6346148293995129,0.7487633363911708
1,-2.1374237165820236,-0.7442826641886667,0.12491864094502224,0.6418447252488964,1.3146634774042645,0.7229717814658242,-0.2925043173618793,-0.5305424699350252,-1.9367264052513091,-0.20098243855872422,-0.10414142606212592,-0.8610427999448962,-0.5210920597100256,0.031491885238901396
1,-1.9832039115708298,-0.15974020127434263,-0.7506462686501727,2.7738350000942256,-0.846344308875404,-0.5833088118061568,-0.7434583094852972,0.13735286061070753,0.18845152994710618,-0.4760952656641516,0.10676998815145468,-0.3930322243891667,-0.959373682858456,-0.15627972452044347
1,0.05168944741760633,-0.5253628096785442,1.5177905178723776,0.44928030295719246,0.5396190026111669,1.7676411583203593,0.904199711380873,0.7534536411663061,-0.42850151526009855,-0.34167255994873397,-0.7901892030866843,0.7658492729257056,-1.265630588109987,0.5204218676130606
1,0.5710516245955416,-0.20291970861019545,-0.259357694949659,-0.2778315408439231,2.031437233371135,-0.7288359468601421,0.5924747621895766,1.0649615285542384,-0.7050875532462332,0.6568701959277282,-0.668477127033357,0.4003875352039343,0.8546766159476946,-0.18804357678308764
1,1.2375338567975815,-2.329435789202481,0.7399678549953045,0.09613936733833477,1.4481940850113286,1.500770509503142,1.9719148619402191,1.5277901660564757,-2.555130306096004,-0.5892541765933477,1.0892101538547343,1.4395124525316858,-0.6669146125339507,0.05410073106937929
1,1.1558527657581181,-0.6418859500914846,1.4892940175843368,-1.3841607208651112,-2.0470410152676095,0.6269240060507248,-1.4532989217594348,-1.747567426841341,-0.8215409377929138,-0.7620873906276739,-1.0697042732957898,2.788381824019762,-0.6201571175479529,-0.18842162168257162
1,0.5205951652598921,0.038779366278289804,-1.3991211477384946,0.14803755382358325,-2.61938338268588,-0.8781977249358136,0.5330852131154431,-0.9724419318449072,1.3455989707031517,-0.3709754923909646,-0.516862491445036,0.6474119983014794,2.419516362831376,-2.392959585664582
1,-0.7016469231374153,-0.5300830635855927,1.5648882846323586,-0.7937387208851187,0.08415875673683874,0.6445965876375311,-0.07061982585024469,1.560629612686001,0.5544604420714585,-0.701356203492001,-2.502696147460898,-1.3222155933054907,1.3853318663486478,1.6068563736110768
1,0.03635143940952715,-1.251032585783809,1.1990538637737058,-2.3512966251025134,2.783029566513829,-0.6610658770184579,-1.1312804909638026,1.826795881972213,-0.4555857821076964,1.2548423145109664,-1.9868917684450496,-0.18593370828243824,-0.5642240158587843,3.429975826119681
1,-0.3584450990289552,-0.5846979146987488,1.7302609429368676,-0.25154901636841415,-0.2571376119234624,2.50104156429413,1.5737060527625972,0.016020015151758,0.5553631156795028,-1.0819712694400978,-0.908041533539466,-1.121194644568861,-0.2949722621687013,-0.8629734052544235
1,0.7633592505917806,0.4387826690508734,1.0486420163074952,0.5435273703852588,0.550718460315582,-0.24754554161354622,0.040229089438894805,3.2254868286754657,-0.7108598789865573,0.39076588789889155,-0.3849092905223111,-2.765741187597311,-0.01036824135449202,-1.2096761746248414
1,2.0067618877763573,0.14678705834484196,1.6179166982334288,-1.7381696362109318,0.9270862511064331,0.41434337953851946,1.4074893789290113,-0.7426361094636901,1.9724351869854804,-1.6497625745232978,-1.6980077194516063,1.3092275679812915,-1.3381309648217494,0.3718967037722297
1,0.7814572941487163,-1.0174977300001373,-0.6331362602319228,0.204893900983066,0.12166140496305548,1.8710711843748442,2.0668339904975097,-1.2662291925387,0.07994324327228765,-1.6594581785901317,0.4952081031335389,-1.1644210791199174,-2.761150818110125,-1.214339320971792
1,-0.6741535303162532,-1.2031789885770194,1.8527195414678697,1.0695907780013783,1.5677347014544887,0.7642373636113161,-0.7278471965204588,-3.4394559712327952,-2.0484979469002127,-2.2510821274779005,-0.8566129158287621,-0.206774573067385,-0.9688889098765973,1.857540658564149
1,-0.3387907654384346,0.8582086628449431,2.379643360238678,0.06983908403089018,-1.4898570352783564,0.4091390544892265,-0.5813166646037199,0.7521558056456858,-0.7225834869559027,2.016568644456953,-0.28815015484234396,0.5411080498095796,0.3245465806069317,0.18502508509831234
1,-0.8847770406220986,0.1506125493781762,-0.4148332502154824,1.58204011602817,0.7121399393572603,-1.3886336758822109,-0.27587914405241193,-0.6977039044697979,-1.750012771180644,0.19968274163881403,0.11987849844764208,-1.6712595560373829,0.5729850118874765,-1.3444322393268395
1,-1.8264517967740805,-2.606150068345184,0.633447811862052,4.251265949320004,1.788370988237905,0.9942728143665777,-0.8943150484833073,0.5895525137210212,1.6374372429426234,0.770238841993514,2.5821923684321684,0.8329951667860233,-3.0766626078807864,1.9675455193730804
1,0.9766956087782032,2.087080197095357,-0.14072924493819242,-0.5069606625437009,-1.9585194712097775,0.010548457952837244,1.0444686267894072,-1.4203055608974164,-1.018659918200393,2.7973062454646405,0.6382968687095805,0.060962916234204335,3.866235405048801,0.5869291347133627
1,1.090223326183286,0.02095421973032238,-1.6320241552980579,-2.2246494426192465,0.859291883757772,-0.6422099739327352,1.5353880520696748,1.1901153207497845,1.5323768478099824,-1.948385381401049,0.2978379614444707,1.02255083608026,-0.3113739682056732,-0.00035600355107009984
1,-0.05901450388742919,1.483331239220912,-3.7442459619023425,-1.6048972714559744,-1.9091159892292886,-3.0304147465228564,0.24079438886363508,-0.3004552838220974,0.010452067494996735,1.0124132889138988,-1.424807178910441,-1.4468736181467872,1.4924080293926323,-0.9825322768333764
1,-0.6734498366186094,-1.8574689129415594,-1.395755712098246,1.5558062359218068,-0.17021646602194015,-1.3776728478733506,0.7236748676654103,0.45939051242659357,1.7749412980953898,-0.7841918531356287,0.8515654918437222,0.9975722448875178,0.5172371821470859,-0.6642772561294928
1,-1.7238434619270409,0.8772836171024052,-0.06264375062998861,1.247557910200129,0.8069849100637511,-1.6120360004167442,0.854149267399253,-1.0592244925687386,1.5317872541655357,0.5187688911675999,2.3525213821342046,1.67558601400337,2.930823847830393,0.11571092207896841
1,-1.2172176278898554,-2.273561009977748,-2.015071671623355,0.2646990634520457,1.1133574156139485,-0.2061532389289964,0.17719371787122967,-1.2848723416192391,-0.18154428329133693,0.9090347955098701,1.3592570901294958,1.1775555888121751,-0.9059475687206493,-1.3078381445511904
1,0.010263834089767039,0.06777238609773653,-0.3230227193259162,-1.8996436704235113,-0.28564034597182664,1.4323054153812227,-0.9165919105743944,-0.9790562407497582,1.7610125533441743,1.1750054344290852,0.5061649247696535,-1.1220113562319796,-1.1216094584760135,-0.06580006120330678
1,-1.1853959864906103,0.7004269285535271,0.6712272369108282,1.754824951878983,0.13831962146335225,0.15197838307863326,0.7477445109882224,2.8142167919284287,1.638168482857623,0.5544367265946097,2.0116234073530594,1.9580857079735863,0.19485587517183856,-0.02328183526293543
1,0.5191719183606035,1.5175668299368286,-0.5462167515903655,-2.431795553970079,-0.15393216186275707,0.14094107420640478,1.7200999997190343,-0.22665686811985214,-0.16560402870594496,1.3935027087428737,-2.019068149450868,-0.010643030782307928,-0.4982084192257837,-0.1311851291387417
1,-0.11351363098644054,0.43119355886799693,0.6084694097201401,2.532707220013865,0.37482105900889884,1.763816683536953,-1.5699444017388626,-0.7086540578311253,-0.2077072670104928,1.111885949658919,1.5576967862094,1.8851392375329052,-0.3941355340320015,-0.08402424002064057
1,1.2266695416570912,-0.12921538526298657,-0.8902006787620322,-0.5301134241662104,-0.7357209541771303,0.9431593538004615,-0.7478626246805147,1.3354298407851728,0.009576096060304804,0.5032175666763944,-0.10468376983899941,0.49298839515776666,-1.7696297421806284,-0.8255201365341862
1,0.7492659109214651,0.5280817534085269,-0.2536162470609217,1.2034902254494921,-0.606382328214717,0.1998201438084631,-1.1990129373305616,-0.16501671898956527,0.3493272913990139,1.2769545098311128,-0.8674920537350764,-1.0475248741577927,-0.18483866394949394,-1.0028291244545047
1,2.781614003497585,2.0260120120098337,0.7192382758879032,-3.21224851675155,0.5009161212292323,1.2034415692706373,0.8820133325779705,0.6829228948317557,-1.2896335209527507,-0.6940829836077694,0.42939732609551673,0.5127612626662444,-1.2778408624928512,2.1175693359578185
1,-1.9473209445813782,0.5479042301273961,0.5071980599036494,0.38434589287316184,0.15544512064270913,-0.7378903944950019,-0.09693931351233645,-0.13196504585939875,-0.20139310645224753,0.5236909575935281,0.27814991852774706,-0.31040779056589746,0.1515362996868014,2.535064999789398
1,2.0266162243360983,-0.7498874394776035,0.5844956144052038,-1.904234028981729,-2.0329873264114844,-0.052492420331496877,-0.32756918814195474,0.45302537171091467,0.4123960207485353,1.0238305317863472,-1.1283358976177216,0.5070157053283372,-0.7988308461121785,-0.4922816141771777
1,-2.2165043947957717,-0.7726567009686789,1.8956237563078495,1.570804799046064,2.246081702751431,0.3239361876106833,-1.3796657133962,-1.9031756615798052,2.20651335744337,0.4821232897713448,-0.30987312699460035,-1.4748614651213465,1.7608747093624246,1.1281667664104775
1,-0.17240291597742288,-0.9269038545649729,-0.4702056171570005,0.5557420277895181,-0.9747302986838997,-0.7648842655601883,1.4475126897171697,-2.8786533135712538,0.2552530363767034,0.7756592822432828,0.3007262654078223,-1.9102054981559535,0.32647587711231274,1.3200864058228945
1,0.000451772068937168,2.1958944271738727,-1.3580410187233523,-0.840685581595234,0.7684256109671004,-0.37908203563404747,-1.7638400350213124,0.7791938101202742,-2.265046513433647,0.5174760875942559,2.9224827690271273,1.394782474904797,1.8947632876651799,1.1198007735733273
1,-1.6965127668221596,0.20650209553985635,-0.10527755226031674,0.5302900161419737,1.625224688982334,1.9038249113485153,1.7580644772375214,0.021590133082823613,-1.5054419487484663,1.0993462996143624,-0.4741693167787946,1.0104591890567474,-1.7103925134429934,-1.884683539549395
1,0.7448259289160248,-1.1479073033779321,1.9608455471714663,-2.03113361109418,-0.9893238038538811,-0.0489473258293274,0.02346503724111869,-0.1812755486777426,-1.0816368050849197,-1.7156048799969197,-0.4485001535099874,-1.788721477396952,0.7746911351851391,1.260582748282211
1,-1.2979587196635896,-0.8186372806230181,0.7303615278601456,1.3146153213905096,4.570095630122116,1.6473341781557023,-2.371711001026572,1.7875174053489216,-1.9756817688964445,0.8278115015779733,0.7046127741879826,0.35718323754508957,1.6311943551268868,-0.09648677332757016
1,1.2006822668558104,0.3475510150643921,-2.5588399477380706,2.0860674091972515,-0.38832215726264885,0.48017686085614253,0.9178822296808541,0.93055355139878,0.27604499551724726,-0.4206100503541039,1.0117622508122472,1.756392478127519,-0.03297168034597653,-1.3373247198516371
2,-1.2851652515814886,-2.784153713745608,-1.0909371576186486,-0.8804175154319474,-4.057707170693869,-0.4408975715832431,-1.388715688974164,0.4278050025635996,1.7713311899289605,-1.6572087375348625,1.9426969754505234,-1.0131205869441322,-4.048377415839372,-1.4464269974087167
2,-0.3467101060889374,1.3704409664008266,-0.9009875179021694,-0.09586580487960658,1.613715065179375,0.9140177798266662,-1.932680514429345,0.6678054301232615,0.6017512260345097,0.9152118372530006,-0.48688606055600936,-0.32281350300784756,-2.869830943358141,0.06240233534033468
2,0.1736903843224302,-0.3729741498145452,-1.2083334114328919,-3.191624989841502,0.8209384350996528,0.9765414713009387,-0.10657192192114419,-2.2563199452460085,-0.3006368568480338,-0.5004871984653825,0.2909239120836271,-0.32968737157373373,-2.719725373753682,-0.42048099139532985
2,1.1018374945327034,1.5681014262085415,1.7148121805681902,-0.12763677165557333,0.7664807757822022,0.34888827705149195,0.748341575340349,-1.5725090867113574,-2.0280637886843773,1.7994790172659274,-0.08048999688556051,1.3090072126219865,0.7736648821218252,0.1130825805212648
2,0.5046489840130909,1.9002763515419245,1.0728395580303245,-0.11305903517093711,-1.746811793842671,2.4892781840200646,0.7233428046984453,-0.7331460537154487,1.885891809363116,0.4843377499463964,2.2169419774463575,1.2427407365450798,-0.14713426893907178,1.1615248242321676
2,-0.45664031132980687,-0.7295129906279884,-1.724167700538753,-1.6048059957047591,0.9764992335045947,-0.7388166892397977,-0.8734778194875024,-0.7448455460367973,-0.9880884957281668,-1.9484742982340073,0.15735726065829075,-2.4956211218408417,2.4773489171586016,0.30573718306177555
2,-0.16737901332434899,-1.3809231366154704,1.2441207706808026,0.46968888735013636,0.7854101419176077,0.7364686516516005,0.5982416002359778,0.48186233041452925,-1.538409470987547,0.16016036701070047,-0.5548286166761257,0.6257332634252432,-1.0126520078441907,0.06841945400392768
2,0.4412087854902362,1.2934782915398124,-0.9962957977439998,-0.39769640374108656,-0.31929708999924944,-0.3353551974807617,0.5257835490171854,0.5933125363395613,1.5953574090003726,1.1266906316114844,-1.7272965502392594,-2.870497901685855,-3.80331376349235,-0.4259276832897171
2,-0.6732948473693734,-1.2892841703695215,0.43448151664097817,-0.25010754327994816,1.433522422103065,-0.3715610183916596,1.5069867995312982,0.3088985497735998,-1.022532579070765,0.39146939669713904,2.5677267932880463,1.727143530960545,0.26845222501204713,0.7064435632002394
2,-0.5098901444080998,0.47334707926719277,-0.8884677514852136,0.14060663699067397,-1.4284684256992122,0.6225106248707126,0.5499929302533603,-1.2155184859371815,-0.7363930215170025,0.007973974103561859,1.9852423594103639,1.0073029795220743,-0.3897814693878857,-1.2947897589352535
2,-1.5654820798583386,-0.5954873999741176,-1.4961729287990808,2.8440073029708457,2.620238487522039,1.415047616075489,-1.1237394153411557,2.3485001545635455,-1.7254655328691315,0.6421896028046251,-2.8438605983048557,1.0329839331589168,-0.8985551094387447,-2.404932517643815
2,1.615617607762992,0.7555173468583325,1.1678361001216815,-2.5295396013333495,-0.11903133819844819,-0.07500061065652597,0.29011481335975847,-0.04749327603644487,-1.0947029427934634,0.21258430195970812,-1.2949189276696995,-1.405876223648389,-3.437275335188509,1.2462216262770622
2,-0.2043992780282717,-0.3647086049482498,-1.2868805153767056,0.01372368047990432,-1.5639512892174607,-2.412710638182958,1.2346360106854601,-0.24630715490130423,2.3091306717717766,0.18601616481734398,-1.0510997277514236,-2.768442973930007,0.32912223791736855,-2.5110024167691507
2,-0.9544592648548743,0.6703293579165291,2.9177398653136093,3.4234049679343825,-0.35790974927957,2.0669456414464427,-0.8547089258447265,0.07651139318570625,-1.8321025628295744,-1.2083966377197501,0.9906968940925874,0.40096601343523675,1.9141307908135223,-0.7962757049504713
2,-1.89526693164639,0.7658346903588158,-1.5214974423553318,-0.8713631769462191,-1.4538020528594924,-1.5813391292683197,-0.02371549940658354,-3.3106084971236758,-0.9441239435878811,-1.6247374025476025,-0.6964044537828638,-3.116806777743527,3.713933312737108,0.42335225904475543
2,0.4677525919275418,-0.036308929888299486,-2.4338536239226674,-1.5179050997252508,-0.21909844725303892,1.3397881782789975,-0.5652807397232289,-3.0657495994755024,1.2522070453616145,1.7571001994912363,-1.202114880127879,-3.592145187913271,-2.2438866525344365,-2.8259754604149725
2,-0.3245427164772938,0.7375513026623867,0.8742729397628848,-1.3729774453971335,-3.503274909595101,-0.4005759773573022,1.881795224617464,-1.443180900483303,-1.3324198965562586,0.19814789426038043,0.4036796975136726,-0.047212904708895866,3.5950048204464067,0.2705781181519088
2,0.8851969915581585,-0.15892382813296116,-0.48250981073609533,2.059480010548611,0.560347741426259,0.19753313385835797,-1.0038488176043203,1.132874265039996,1.244677375183287,0.8488420223699288,-1.593211096628978,0.21623833016147534,-1.2880719871979773,-2.4262096444919052
2,0.45557274470393416,-0.14228806579871112,-0.3921837287125067,-0.6660822195259928,1.5028504450696618,0.9899584950761329,-1.3236887307543923,0.30186298935495837,1.69465795308236,0.048651677560294426,-0.26971588290045617,0.07928530424275895,-2.021353220507359,-0.8626971261976295
2,-0.7042384392942841,-0.8019851756324384,-2.6433062757846613,-0.5127286254772158,-1.8976964454591827,-2.210979103998544,0.10454979036672561,1.6695899912969863,-0.7089615533919787,-0.12789206284186108,2.091559324865701,0.5440650266180561,-1.6908184601962735,-0.21136428112832556
2,-1.1873812550027685,2.0573934009825474,-0.4856935125619095,-0.4867602669822753,-0.238121961741154,0.012852061538289558,-0.6456106213532494,-0.46512395834878717,0.740090771683446,-2.213539999751701,-0.9239084974461707,-1.7387948264974555,5.029766139720274,0.7884067693472294
2,0.04938161427041527,0.1859937857265054,0.1419230617003978,-0.13045248363415102,-1.0134655928365233,-0.49752458495996954,-0.11685898886869757,1.3752827932345772,0.22248880308979718,-0.11067955928830797,-1.1716127201545912,-0.04083605000772327,4.678005841522419,0.314761756533409
2,1.364473454890809,1.3868645681168232,0.883071049411541,-2.073899910501538,0.6324535601995789,0.19950591002329518,1.5108570566298292,0.3045249277379692,-0.15423627132690187,0.7552269184603516,-0.040038062686529714,0.2729728257958933,-4.379176583601068,-1.017129027916542
2,0.592162899517589,2.1792757335642956,0.414552728013117,-1.2757660452148445,-3.1045179359319444,1.911992400376214,1.9145654188704855,-0.40146115540580124,-0.7363882992741733,-1.9934963756271495,0.30518816955336037,2.584833423015797,0.3661270296104692,-1.564638420963644
2,0.8414691179493924,0.666873717699369,-1.3528182575473089,-3.7540471095716246,-0.8196646110612567,1.1140974806639337,-0.6503677604758632,-0.6004984396760984,-2.5211900701481422,-0.13554855124858833,-0.555493038260103,-0.1486402405376337,-0.9000054665437721,0.558731629351515
2,-0.16758882301756253,0.3664857990047778,1.4012586225565886,0.42009209271718895,-1.6492564362435433,0.01737338889869703,0.49930335263580894,-0.6601836743731132,0.5809191677659937,1.0032977050556369,0.0026924487434179544,-2.0957512601504282,-1.404872211302408,1.0842604426165103
2,3.2109588982191712,2.306568944067699,-1.5823517622699617,-1.6083260697204769,0.09313356933135028,-0.5909973110836574,-1.081862424524819,0.573006937126703,-0.3551293802062799,-2.4094166458602,-0.8493867372896967,-1.0344568213132106,2.1755681026298364,-0.15379952459097662
2,0.6258269522967718,-1.7647691354073503,-0.3337860520722824,0.05467806614023828,2.822864317642321,-0.6765635648177636,-0.5197191654045114,0.73340136744088,-3.519864089088922,-1.0564171661583261,-1.1208610703119242,-0.8077810064715909,1.5435187821357201,1.4278816087923725
2,2.6391546545521614,1.3811567725013765,1.1374402819937657,-1.6646077259536634,-1.0346819639475737,1.081492426717277,3.6561201531280934,0.10016317341959333,0.059343207437667446,0.8917642204862701,1.5020720467032116,1.120464605400535,-0.31583953824897154,0.25761055500776425
2,0.0008999103991897238,-0.016458992335756137,1.5274123117966218,0.30032736256003323,-2.2731052678926678,0.44016638876630887,0.10022294258837602,-0.1916879541672569,-0.0630868488658122,-0.11764953842254632,0.6072347441533119,2.5722595790562894,-1.9136103022252977,0.32041121562194963
2,-0.20760906165460905,-1.0460659092731643,-0.2186823588989582,1.9610909482488599,-0.9826324208659877,-0.8651981729805944,1.1092963736133423,-1.192447566637842,-1.3301196272061178,0.4371548969074782,-0.29850527532796417,1.6649525055131134,1.6048938338948568,0.67088544058174
2,-0.30612085513604725,0.5463267853287184,-1.6029103743000672,-1.0793359474352373,-2.429995136816353,1.306409921635233,1.3535789969123746,-1.5802629982142915,1.9077979959656342,-1.2636631856279588,3.956610915927622,1.2500913751261478,-1.189424237171762,-0.7295421923492524
2,-0.7897167828937617,-0.21503775618424142,1.1118282827423682,1.5021953125567473,0.21462061105593488,0.29811325738188277,-0.3646622694950462,0.6536221124281386,0.6417901887714552,-0.04113437047005726,0.23220639590261308,0.33081097513215746,4.603419681366624,-0.37164813644813466
2,2.9751061493687696,3.7396200730433478,2.3666036677727225,-1.8088600171457554,-0.43212173080935873,0.5675502449298743,-1.5639552885093688,1.1174818079607398,0.544655645580595,0.5143789614782278,-0.48238822777273865,1.3636880318969258,3.9368855230087805,0.32405792151990764
2,0.25032552408298203,0.14059289669078553,-1.0972630326034067,0.2817161810977851,-1.3063597215534664,-0.025992970242566867,-1.2321986047238997,-1.1352288214725477,1.4986267712327288,0.12503721322789374,2.320590835730667,-0.08746136816001307,0.265937765880953,-0.8956196678191248
2,-0.3189298020924879,1.3962106691810965,-0.6489592482148967,-0.2662915617220153,-0.8913249974528936,-1.2881837211901475,0.24661970184411341,0.9684635235089063,0.720313605392627,-0.37717478009982597,-0.09581610763132431,-0.13831121401157387,-0.9788168429684904,-0.6651427867768722
2,0.798334204524345,-0.4469268084399515,1.273970995925432,1.0814210737665648,0.3391949904473557,1.1363094014173523,0.19116693136947563,1.3030749539591808,-0.8725104773748724,-0.3982883876972872,1.5535107106514239,0.4740163098171858,-0.8211743589275616,0.02687055226865892
2,-0.15700495058574732,-1.034526011619386,-1.2398573386374283,-1.128286739947661,1.120560666067404,0.49967064685393525,-0.11899276240241626,0.1695045019949223,1.911558192434591,-0.5901834881286856,-1.8565016397121827,-2.538776316946682,1.973873306639047,-0.6223101250384864
2,-1.7513404890693707,-1.910453001449848,1.5172886476377245,1.2752440915171008,-1.2405745200972444,0.4879862918317091,-0.3867390429019124,0.7601866190077219,1.185492527223152,-0.7184413773524424,-0.8219305131658813,-1.13504474979871,0.32460937493615877,0.19172564501038955
2,1.0305617411505266,0.04623853255491496,0.9840856476473869,-2.4904404787567547,1.500293439747266,-0.2514549876240531,-1.7210100189117747,1.1547494202274973,-3.1391260033747836,-0.164882585121323,-0.9726467875638936,-0.9218913622292825,0.23924525334339142,2.7143497555576372
2,-0.6698767786101144,-0.5176946583790555,0.7852571316808832,-0.03334617555838636,-2.4286400353004884,-0.0857370774093513,-1.002899832470267,0.08349450763749924,1.381465397333958,0.4516568456428467,1.7947626532773482,2.0090740607199384,0.7943464433391503,-0.30622060327835393
2,2.6731193395135566,0.9896922560708742,-2.7351907012594734,-0.18453446116177563,1.194650152700471,0.7177391365445925,1.8854002615385106,0.44834508363112857,-1.163893620026205,-1.1502077736460532,0.39052180883384047,0.9044973663401231,-0.5815784075144589,-1.9155800594321986
2,0.8530609967025614,0.8454307142465609,0.017444383673121518,-0.7440522090891472,-0.6506188593585455,-0.42294120109608974,2.035490264617797,-1.7114061727285599,0.33832406846149915,-1.3250702601319029,0.5294697320206718,-0.35759947624461286,2.894991074649638,-0.2254716625661407
2,-0.2641684818776114,-0.43693625053895047,0.20271063033982478,-0.8948849707635972,-1.092884402088063,-1.1427668416589276,0.5821053473241375,-0.36100300289160425,-0.33838749161072385,-3.092191236406393,-0.3833113907332747,-1.2433248647865205,3.765087053431612,2.987308448076315
2,2.3539654369267975,3.6439839810558152,-1.4110447063869462,-1.219785500943556,1.6312064774498258,0.9061108984579102,0.900828515075625,0.8836898441982598,-1.719132032027969,0.0729994171186509,-3.154291338252951,-0.39725859542663144,-2.476783515828304,0.010879251111248323
2,1.2604232175074648,1.5849023867306793,-1.5092162882401918,-0.03685501200521144,1.8445647691816924,-0.019670928730733128,2.231219446847709,1.2657022424484787,-2.3115118023103336,-0.19460348886764772,0.6363851764860995,-0.3914981154368451,0.37911630803779767,-0.9012452704410616
2,1.9192683134537807,2.9754784823845615,1.2331878480235452,-2.1951328588550734,-1.9610198077585348,1.8957255372533948,0.8882258186968168,-0.016325088291678724,-1.725974413773666,0.901860840741617,1.0309105794580131,0.33796784191195606,2.537102404214511,-0.47361327612612725
2,2.13265188637431,0.689458965963912,1.5816734094893732,-0.799780795468973,-1.0826895156077077,-0.6476500137523651,-0.9131295331721525,-0.523465033847842,-0.6285217713615915,0.49699193617265797,-0.31678634992559196,-1.5423916928960506,0.5021526798177841,2.585234400297904
2,0.014337631055657421,1.1226039195415614,-0.6542137049622846,1.7808184775677307,0.5200496078265802,1.2560614248986763,0.5744024358824035,0.9638730780701368,0.4783816215411568,-0.019196200853243653,-0.10592293970635282,-2.6761898264275326,-1.9649460710762319,1.884489639185066
2,0.753965706731145,2.4755699338232695,-0.3203544286208104,-0.5272025768374262,-2.526299038184796,2.1752666817297324,1.0618361970378989,-0.3246069248434735,1.3260506514292552,-0.813689331090704,-3.103092502151107,-2.4282988791864986,0.32824978703427266,-1.4029768759820263
2,1.9423366886219444,-1.232418585552123,-0.607555009006449,-1.941086693762952,1.6535495222405687,-0.24647284606951814,1.6962102598408462,-2.1189288702383426,0.42831297832291604,-0.4252901654521769,0.8762518539089994,0.03430718633378625,-1.5200125806589841,2.1143086417112738
2,0.5038856982837063,0.02366432609798721,-2.0928355776889815,0.643261083803821,0.9280662043332867,-1.683419441021306,-1.1192300613999142,0.07486272548339036,-2.054407572317504,-1.7343154366177118,0.2723173666194768,0.417262581239485,-0.054058793467900206,-2.676315264389413
2,1.0619010320753453,-1.5185728492992416,1.3047994058487986,-4.044398733952387,2.8768053553475297,-1.0815160836250384,1.5865492080950345,2.3267406111744053,0.8472129876028348,0.001350388332725618,0.3926536794988967,-0.6772779475016334,-2.409607130232865,-0.03937767883090193
2,-1.0350598599925096,-0.3580316938412056,-1.167494145777813,-0.379798290779782,-1.51585892963484,-0.06919946351432842,-0.7338967018648005,-0.46570717103472165,2.6111193350056605,0.7825412213137692,-1.5619177314425314,1.0199274155296796,-0.3577877719850948,0.1961754775768363
2,-1.018004428756767,0.6213586891974295,0.3030315813232198,1.1027552366020779,-0.31341923462207444,1.527275568616308,1.1756742173528927,0.6087709830811743,2.7058568364799855,2.193565029393503,0.5981538675930946,1.0572924466487656,-3.817954057139399,0.3762186156407292
2,-1.6509659440418885,-2.12103418853376,1.3242930796304464,3.0418214797815906,0.30506227039130684,-0.16872820136944838,-0.7927213780923325,1.6660378566224467,0.5967507730370526,0.030602412469127278,0.46782332361842055,-0.4903401430676674,3.6183528231178665,2.6501811496285494
2,-2.497757287070038,-0.811835836736784,-0.06334567572105955,1.9892743181883574,0.5724739575427954,-0.1343906703665183,-2.5606041112932263,-0.44666642286086455,0.7047003486127393,0.2810112353502824,1.5857509145243824,-0.39648765787084345,-1.1033427913590774,2.7376881755998697
2,-0.7239887764544792,-1.4629216878154838,1.4570245014098626,-2.0423515194915334,2.254793464515487,1.8142328576091271,-0.9322420389517927,-0.7020340528853083,-1.0793523811499723,-1.8503437479021372,-0.537000121314405,-1.6837457259183037,-0.38846188090850814,-2.096612175913627
2,-1.7897307383612504,-1.59093183137405,0.3741951480043402,1.8711190573710452,1.6445696284226217,0.8937060809723038,1.5149215906787248,-0.25790785285544887,0.4635367468018056,-1.362691342509786,1.6353393234371674,0.15016062264704666,-1.8806298352282373,1.4002507551436563
2,0.05659848866551375,-1.5505402043025103,1.818674628203762,-1.1958935032546882,0.6959526046931984,-0.034435871734020206,-1.7541845769804816,-0.4259859789621072,-1.1022751724732358,-0.08845392368012654,1.801126786424658,0.788149159945284,1.9367528961673806,2.0799788971868858
2,0.5836831746648509,0.9497741945288747,-1.9039299077675622,0.3829920032629956,-0.3208502133755908,-1.64003118668261,-1.5567566461489915,1.3413489665438543,-1.1524139270966478,0.5840218927539181,0.4360711381643667,-0.041775449442156505,0.5886580841917013,0.2123722506620249
2,-0.3565418603863567,0.28815323379139357,0.47158073529984035,-0.41210171330941003,-1.549626286348453,0.23560499207729896,-1.0056733381067435,-1.0231146773348798,-1.000144965680858,-0.19012072465548951,3.256432394319234,0.6813668244554445,-0.8024360074503466,-0.06568039942885102
2,-0.24713795809575242,-2.1661788019983037,-0.6147409368022565,2.8800141268838413,2.999463885564387,-0.15616879297072184,-2.229396326207798,1.0181620948584458,-0.4107374862828465,-0.7771421124012656,0.386412632215375,-0.7175166598635234,-3.417211247351639,-0.5159538600765377
2,2.875418210443287,0.9035793026276538,0.38497972802166647,-1.5041451284266913,2.5862164595686497,0.6693140418595589,-0.20391018576910733,0.7776688615761076,2.3676745807192803,0.2341185601086457,1.6465814040844207,1.7212595086115061,-0.9282461490401595,1.1157567232807086
2,-0.3261536194733631,0.27669322752317393,-0.1824664709149598,0.80990140160024,-0.08516510769430605,0.29049153497630137,-0.7649584258882325,0.012643197312279933,0.3202902093822115,0.8901222238520039,-0.7876273460338021,-2.786225366748896,-1.8484356342489698,-0.35885314242771466
2,0.2706046913563087,0.406814846848697,1.0479531045924204,-0.4618785592154396,-0.46052792214587673,-3.085155559974124,2.231202877032612,0.005021136319525087,-2.2775943689172786,0.2517780218827916,-1.478104528563458,-0.8274966126520881,4.085322930959791,0.3857510875685116
2,0.8941758411588329,0.4742035294808698,-1.4828173469898527,-1.6425154977641405,0.429891066792178,1.0613526520092227,-1.1313455928118654,-0.14085804471685562,1.1931092296262629,-1.0935234695937623,-0.7075581068765049,-1.949561346392705,1.9356917237146078,-0.8135469007929569
2,0.06661662052115822,-0.6456461469082886,-0.6408465519154308,0.559702717440974,1.2608840407345998,-0.2905356408546136,0.2742950272461013,2.791726584709514,2.423361755302797,0.6707198728124447,-0.606288984596775,0.46900278989001426,2.3052756217887835,1.0636789631396684
2,0.6371110420208593,0.657729205680564,-0.32813375141870194,2.1438864595933453,-0.6491855115651116,-0.42878500317991225,-1.0423128033038516,2.212000195684437,2.537833894240989,0.3919292628810522,-0.7156903840345687,0.06126719863333325,2.2820714165630513,-1.470810566933222
2,0.6421855171099499,1.3586149831981678,0.028264054987417974,-1.667567736057798,-1.1640180512159355,0.6555844801206124,-0.15052423689991737,-0.33782450589354956,1.3735518807005977,0.23638124344895375,-0.5832022180435156,-1.2624302586315161,0.8915700749312963,-0.30640889298266916
2,1.85813047275422,1.3345600643164577,-0.8026790922468838,-2.9096359040650506,1.6458477104075708,-0.3240023586595619,0.5756354724682823,-0.13381013048567417,0.1365224090428559,-1.461477558998984,-0.35708957597978996,2.734174243946136,1.6775266654490977,-0.1438649530223067
2,-1.5952395339999554,-0.4338023285142173,0.6791054107935945,0.36721851513532683,0.059273222049117995,1.0180076763957993,0.07732052343018077,0.2029439817905943,-0.521964233418469,0.07513187608329083,0.5396158539769885,-0.5008547579538958,0.014211061648469796,0.2600050360372156
2,-0.3967507787378396,0.8568865285955137,0.7067803014509091,0.3126609039734222,-0.8041593417613165,1.3363662910193344,-0.8819450353427821,1.457757193801998,0.4581918075203401,-0.29833888965726557,0.030764938213945377,0.15877572881801763,-1.1494603034841775,0.11853789625796751
2,1.7010867618257834,-0.5229394985469011,0.570493920563718,-0.9145730182805002,-1.6327126152159224,0.18047587849129193,-0.8832228225834797,0.7474338786527959,-0.2878081847802167,-0.9684613720086136,0.8791178610410018,1.5257456063476973,3.6943030865716096,-1.3934425013414455
2,-1.8822045089282509,-0.23085446747974986,-0.7483650525748108,0.5310659178612842,4.477952204260363,0.4074976007740453,1.9849151769328166,-0.04439432080827277,-0.23876519124169074,-0.20171008036559132,-0.14985689880573982,0.9056672159949664,0.3995832696201886,2.0028445782379167
2,-1.2493744389176844,0.3194046757560873,0.48468779892731,-0.6755889896724281,-1.9828634083559349,1.864029178458364,-0.10704697056852393,-2.8666818969349057,0.9053895936031754,-0.425920553384261,-1.6357715140506428,1.3099002752302933,-3.397743441200211,-1.0032195642340311
2,-1.1168229238144467,-2.2086566181729177,-0.45117174880367306,-0.9836940433015802,0.26543933431570876,-0.6332265175076843,1.245621264615689,1.501168447667848,-0.49604958071014293,2.132270162961921,0.6840126523529909,1.8664553585477743,-3.5652398964490315,-0.03459587233667982
2,1.061421477688871,2.3759886829422534,3.336664484502413,-0.659403239359103,1.7951972007701287,0.917804155250642,-0.7514662523846136,-0.20518482463399265,0.46226588435993604,-1.481113924416331,1.220978583558149,-0.5507500748708509,-5.32222759354904,1.1045673269059948
2,1.0738434369767496,-0.9920070442838077,1.2292887922344138,-1.406220620894844,1.76094216303318,1.210410663299342,1.58022993513825,0.8886682741900178,-0.7469134993887289,0.20941447163405852,-1.0242519962834808,-1.0049474279470418,-1.1653863944018448,1.6715405559558598
2,0.12265927425383955,-2.5514442319758484,1.8426933011198678,0.21460568264888893,2.013354732298717,2.539936109718333,0.5365372635174986,0.6237035926452766,-1.2514669222357069,-1.887569155526656,-0.4149916254702495,0.7754313202548043,0.18118706302510212,1.6783212232969726
2,-2.565597992420772,-0.6996656955900031,1.2590520146738262,-0.1699796975334122,1.2354793451282706,0.9371900493049006,3.7453397631354974,2.203821815952435,-0.6105353826756419,-0.10350163863399815,0.8001164491863137,0.6299803116131598,-0.8032458897786234,0.9373363914091277
2,0.45354601564673686,0.7399627558046975,0.11394180143158446,-0.9896403282782055,-0.6255232103233408,0.3447316500807327,-0.23915332953747595,0.06713183903097311,-0.6493697249628402,-0.4883524768805412,-1.4179609524025671,-0.8445583775939185,1.3940832446112652,-1.5973400942711138
2,1.6420691141465302,1.8534911626289698,0.19614080441927767,1.3750461958301796,-0.28311815054418776,0.9201636980755923,0.016543278159822032,0.7586457769211277,-1.4007391922742982,1.706203311537294,0.9475913167352545,1.693881353093142,0.3617709465606001,0.463453488993293
2,-1.2903315297276228,-1.2552283595178213,-1.6628946540108789,-0.990272217937941,-0.3201776240112844,-1.5229232232679148,-0.10813925367805101,0.16337152238567254,0.26866343298185547,-1.275900453590264,0.60761748586341,-1.282297914128667,1.0484872541833932,-0.9475860927236419
2,2.3653691385168125,1.0131678786087184,1.9501064485181017,-0.9142650929895748,1.5500621863379829,-0.2458972999397949,-0.3896893850235626,2.4256643445286774,0.43673076398284955,-0.12797100614115395,0.36178469349724257,0.6357004045389869,-0.8491994334426383,-1.3174810389911766
2,-0.29976201014810133,0.11505147522711279,-0.5195208120092525,1.7877810484379473,0.799395208791932,0.18996030382811832,1.2102755692738725,1.366327691107141,1.2984935231229993,0.7080258014123515,0.4445352591514623,-0.5163726711413206,-2.851435921404618,-1.311249742714915
2,-0.1740410904155536,1.687010311695868,0.1903865853037262,-0.37722918481549367,-0.9656946533444825,0.6193393648436037,-0.29173697739792176,0.5985278875181133,0.5052755668782012,-0.15994031977064335,-0.5073266602460881,-1.0201321690998348,1.739568392523004,0.27700785986632726
2,1.9952204121055443,-0.21968344050287614,-2.263575487100301,-1.0202741164140336,0.14694209629681082,-1.1128593037111862,0.06758017704977103,-0.052260838575943436,0.5048757830426978,-0.40806706453706043,1.4800940515529657,1.0291406797726899,-1.7324434523556658,-1.913250684279075
2,-2.250839442554088,0.25071976716146444,0.5934338892991019,1.9202220142606092,1.9960345914062234,0.018508160895434094,0.646559084055763,-0.9729726459870721,-0.8155196279119075,0.036056293540157776,3.567612742892291,-0.25863361118296035,2.2191082657653123,0.794219770810344
2,0.07785989638127733,-0.9936900638956679,-0.10462063938552722,-0.6458143689902719,0.3943918687910139,-0.3363812476630004,-2.557641533937979,0.32657693256510273,1.604263415071005,-3.1627658144901445,1.1468789998083209,0.895623243824946,-2.609860805559597,-0.5855678566691155
2,-0.6781173888407803,0.473744751658586,-0.04993132033133893,0.4822619487196585,-2.1390143967140895,-1.0224968080596057,-0.34655550140437086,-1.964194206584042,-0.15326552580281133,-0.87905475005975,1.8660251908549823,-0.18351511213991406,1.583569219424008,-1.036344961343399
2,0.2510813590903286,-0.4652059728600639,-1.780442428795139,-0.5025331918666329,-0.1023442832135,-1.4284174595270906,1.5394388258240248,-0.3670197729942131,1.5002813220108402,-0.0891696511829924,1.038752613980019,-0.3489354762612603,0.4466786027549209,-0.3657421809592983
2,0.22382383277262544,-0.5984387203012176,0.6868713042623076,-1.1620835036393615,-0.2900664851860891,-0.9936285388337,-1.5036960841714868,0.15862128833913505,-0.35066034288927417,0.10840881669897219,-1.4935537723687466,-1.4387599999544347,5.999467149964632,0.38366964964166395
2,-1.119857962435255,-1.0658592595649827,-0.4650052252221529,0.8993334370841911,-2.084031779692446,0.4285120535259194,0.4517141843405757,-1.8125019408185363,-0.30373805541950105,0.26648617156938204,0.07448799525704808,0.11506570768644338,-0.7722066709176245,-0.03141894769140552
2,0.15193396017283486,1.1690721029034363,0.7689465330928392,-0.9590654522600617,-2.0339414750429987,0.06491402978081279,2.525813097325986,-0.6730826288441374,-3.8053312415364062,-0.3105170129444517,0.29953057659132637,-0.4599687184867899,-0.10798052659038399,-0.7281368094370699
2,-1.960887601385374,-1.4579618076380378,0.5092177303053315,2.539413830962939,2.259644063960508,0.39744216037565167,-1.9711260875603063,1.284366230477896,0.46690476691189153,1.0692021704311765,1.6835788132985106,0.5687300120429396,-3.7351512424986377,-1.1506336739838858
2,0.2088055827317992,-0.544401674848635,0.33759982319865794,-0.43602050742602116,3.141722049422192,-2.022278732260879,1.017768296309231,1.6354280390716556,-0.07079865743362129,2.343030184555672,0.394382896056712,0.12788129782289176,-0.18570797095127276,0.4736099653497329
2,-1.7723045610403443,1.0723251298645995,-0.40020910030508333,-0.29703580442881544,0.7809155505683155,-1.467978520968802,-1.3119331849064388,0.436093674098441,-3.5618204856580884,-2.5923180877972802,0.5453263786656669,-0.543889823612514,-0.22156883111021455,0.8091699171188729
2,-1.3506432884464852,-2.492408805930826,1.417429408540875,0.8397671425279634,0.24402306787615038,1.6616549343024234,-0.218991797504935,-0.7910972254300718,1.5502511850706748,0.18813548023327684,0.11580638562251497,-0.08511504864124085,-0.34137920459631105,0.22739726701053875
2,-0.23425242071809638,-0.20843544278213166,-1.6389940213633971,0.6935998536230155,-0.6589304338472983,1.5368880539364216,1.8043126068578168,1.617687257555917,-1.673279070968971,0.29711682130923733,-0.018528686578151866,0.9155387713113217,1.7169203595855413,-2.203231008081516
