,0,1,2,3,4,5,6,7,8,9,10,11,12,13,14,15,16
1,0.3689807120800477,7.496482279257067,2.4246564107485566,-0.5066458931023344,-1.6551269361403274,1.7561586852768238,-3.187164148930619,-3.9370653300529606,-2.6406283360390326,0.38867011213325015,4.717269646749676,3.8127591556609275,1.419380951714758,8.291556126151036,1.2178043863140755,-0.3842033191162107,-0.07343801006973302
1,-0.013167770520506933,-3.8695327785689164,0.2624049866911236,0.7207523030780812,-0.2815364972837161,-1.3585955923115112,5.718583729751997,-0.5399794343570993,0.8235172565738569,1.356745002024405,-8.963654198598437,1.6143404178893053,-3.037919436565139,-12.859309200958156,-1.2868348334454112,-0.32615079063266,-1.7424619437653956
1,3.2420458208257155,5.728535849179386,0.8713081532485843,-0.9523300973250229,2.4147932090398356,0.10428493137460118,8.970454435163864,-11.18040065160412,-4.622710178024124,3.0911514702098093,-17.04340084991408,-7.285098560563299,0.6065967564359921,-13.765899144780903,-1.6662326682847761,1.431645404280963,1.0351241533438833
1,1.3745162266599147,-2.5468332932433095,-1.0918140278491708,-1.106307880592292,-1.067150299037463,-1.819926015113802,10.361591091298786,-5.176823665733188,-1.6567976324057245,2.4430915669795277,-18.734473773117873,0.42225562157664637,-1.0691975601039636,-17.054262465122918,-2.7864691789117,0.04279595260680071,-1.4616528541015468
1,4.776063761265871,6.650772538479625,-1.0288889754542005,-0.8795855397633231,0.49898282117441234,0.2291792964809751,-7.349559669075646,2.9193253159853594,-4.101728875070295,-5.20743930393158,18.20006612919446,-6.165979829737615,3.012908647093919,11.562200188091824,0.25499451080250124,2.007131785552176,-1.152108358313443
1,-0.7308862043938619,2.495512129979397,0.35012241308415554,0.7852881565905632,1.7683273357824436,0.4485204684701124,3.466311820891242,-2.8831493390893024,-0.29621227050609356,1.443606641233484,-4.428119425832857,0.04468153879292108,-0.699354861949705,-7.7955600072702484,-1.4711187755241732,1.3357274857527195,0.15642374868581468
1,1.9729004535935692,7.006596863342922,-1.2836922307741996,-1.0197156689538767,-2.0645827679181594,1.1556998695069864,-11.442663236791518,6.5366200049968,-3.50361751898725,-7.396386546808127,27.770998498588384,0.5430893504862292,7.818799648411526,27.153543605044703,1.0529301553524797,-0.1020935445854936,-1.1422647204440313
1,-0.8332328172642061,2.874587967013083,1.4424352889634136,0.08361617771626716,0.12662092559835159,-0.17000623211350177,-3.097793859360737,-6.327414824442381,-2.193715034380937,-0.5619157217193523,5.111882320641194,3.9782008077781357,3.083506430109867,10.356672426682328,1.1391578619918081,-0.8940467121805797,1.1613934066212703
1,-1.7927209886839999,-1.8174949307784452,1.0821255756230115,0.5750622783671825,-1.0583035544900699,0.6172282207960413,-5.596810982298516,4.4890493785613685,2.2633252837771707,-1.8519195395602512,10.778108950487692,5.893835775274983,0.2012800806490176,10.239844229927806,1.48811881704994,-0.48233820622877394,0.7116067981388203
1,-2.4275969992669917,-4.681697065170516,1.3026567006437302,2.7017588227060836,-0.3341789281872885,0.1900625866835614,11.800947345135276,-6.909378715277459,4.481464798573808,10.001779816641427,-32.18584156723311,5.185390997073195,-9.432267469877853,-30.938511106071438,-0.6778164889467082,-0.19791422205863904,0.4083688689235263
1,-6.934109645986092,-8.706323966794633,-0.695490346081637,0.9672727836548622,0.4743101439035639,0.47192942962072865,2.415658332990166,0.12416372511406287,7.184895107768519,5.0393493559671025,-9.3319534390006,8.093210973275156,-3.4035211190148673,-3.518092830343264,1.9938108985291612,-2.7007874808301437,0.9368690566524348
1,-0.429149708524403,0.6386939386629932,0.9235877725487758,-0.5013952797453854,2.4353155458361564,0.916944518351713,8.673720668837044,-6.560295950366033,0.3673722595092631,4.31877976802185,-17.08205213747712,-2.0232029000834952,-3.131477686468824,-15.997121946752848,-0.5733749309764193,-0.5451957133001945,-1.8995714841066407
1,-1.8742204883626596,-3.202298567671527,1.7811236974087195,-1.063269928209464,0.8059948981230041,-0.2840960008851448,14.954890678186608,-15.575555466477992,1.651205815157156,11.069553602671114,-37.409805037398414,0.7735927552827372,-7.835675462029225,-27.679796813805847,0.5056852878395597,-2.0094248746115384,-0.6151459031766277
1,2.714462371222109,3.986357988494142,1.4663103397999306,-0.6537540390636973,-0.5307471591327686,0.2361303337203983,9.73973526735701,-12.413126540341436,-3.949723554832467,4.0385907598807105,-19.107159003399875,-2.283096973973602,-0.7519759585809398,-16.27545123786528,-1.7831597318234778,0.025166187912480705,2.2461674200762713
1,2.689319623920095,0.9283583338725802,-2.5336797176163794,-0.22806827583463826,-0.3669644647200273,-1.668835392507173,-2.909210223501716,5.732264175174221,-1.5435795385757416,-5.289946094107597,12.644108264567585,-3.500062908189805,2.9559280791309774,6.611243233478925,-1.5537453350017714,0.6800770615171301,0.3892243497108998
1,1.1000177606359622,3.928922275759337,-2.8664109603680994,-0.6111093515662216,-4.961775629627352,2.0318595679360114,-14.743265312698883,5.330627737283284,-2.4329615472212907,-7.288779917385551,32.1521727128249,6.379436929302044,7.4855185194547955,31.645824081097377,1.6792868136260277,1.1046702818097667,-0.6637737035825692
1,0.6309148215341863,3.65694438769245,-0.07745348658045786,-0.0013456448729909506,2.382511577402515,0.487947795014934,-0.556591088574162,-3.181805521288101,-1.4717738195483885,-0.8745643162058439,2.005245648931789,-3.0438101176787713,1.0114286554272127,0.8854419672701674,-0.12413618278663634,1.140068065290349,0.2313087578531297
1,-3.1099426308495737,-5.8935771038998785,0.4733432156267678,0.842188239300887,-1.0566450268664698,0.6888270267632131,4.4467278989604795,-6.120853539059944,5.485621401367839,6.38124755060541,-15.95562015314804,5.977946722694399,-4.942134117307451,-9.618170030228512,1.6032570996273214,-1.9767850941168263,-0.2047338663294837
1,-1.4169068367154383,-1.4781237141981034,-0.7267309688818974,-0.4881700519793472,0.5611245102416352,0.32937118331514087,10.954135185152646,-8.868715072153494,1.7353345440534518,6.566733242298001,-24.882391213704498,1.998469309550934,-4.427089318090306,-22.224333193006697,-0.9229180793634862,-0.9705947421628862,-0.44464213717157913
1,0.39300876067652635,-2.249472167946273,-2.9225613533990744,0.8951254589030172,0.7602187420443124,-0.4033090110841652,-7.213296773300642,6.263863438412851,0.22157204893602597,-4.448536151808916,15.334628849722174,-2.1377613949866374,3.148425637781235,13.1118334220882,0.06747857418547376,0.6032031464023352,-2.089173858674419
1,4.467130363856587,9.346607141205013,-0.6359734636173104,0.32253375821162367,-2.600063775637725,-1.706998201640086,-8.870454047349075,-2.667988140620315,-9.22512105178607,-7.8473563936178135,23.1862799636102,-3.446253153255345,12.199705527991938,26.06205205292121,-1.3927999729987146,2.5340984957742125,-0.5464230295208501
1,-3.025477654657592,-5.706944665062626,3.966823592106939,1.6822998011645192,1.4375090804976483,1.5405290329762251,8.308062978202328,-4.775453930491031,5.985212651207944,9.394363721990032,-24.699427472679012,1.8609198490033296,-10.283470317059288,-22.07081317502415,0.9746042321121118,-0.5605853287703718,-2.39132970424275
1,4.633448398712901,8.1624949384029,0.24870044812973752,-0.47971708037322475,0.35600795266797575,-1.2566870215766544,5.789557993774456,-4.328198263562541,-7.237073870442116,-2.16163356810595,-5.812063494294525,-7.348752338302752,4.417881225866896,-6.973874668254791,-3.676806474588786,1.3889687633260859,0.4728732955290296
1,1.1151585022055868,5.484026642542486,0.6637791261731335,-0.510383244363323,0.7739485719848107,1.2580777505256966,-9.263399912474846,3.813226350271229,-2.9767093937638194,-4.820840507521855,20.435047991013843,-2.5343884301090625,5.426205099929012,21.25561379159561,1.3432358003911393,0.482469806329338,-0.58282618750829
1,0.4457702785312313,-0.5857050426403863,0.6591889791353018,1.2459361220541327,2.8870859938119016,-2.477031899984947,8.917334716791224,-5.492562433178192,-2.2452829613570957,2.248701149971575,-15.363821763441381,-6.750835730671658,0.3229125567645493,-16.598732858695534,-3.178805027130387,0.2726828861507098,0.45204575241259304
1,-4.396656512400345,-5.649817681527156,-1.8354536897920424,3.036796964276927,-0.9829617636901198,0.5568870986472864,-12.77418042686864,17.782849198479646,5.186995579482941,-5.276608657165585,27.18188831028176,8.765472600497631,2.4679215162177197,22.228908666814128,1.6409623264855733,0.14958613355305178,0.6519474609502985
1,-4.647168218464733,-8.029125315061428,-1.7939737400722595,0.9494367310502186,-1.409684228384288,0.19554966018627182,-0.2845306771308033,7.167805172125042,5.578011127597092,1.9473311792824493,-2.6146673687954993,10.29719470123159,-2.906727566470855,-0.3294207739107107,0.9904521994357792,-0.49949287576501183,-1.9397960834228587
1,2.96738469572065,3.380225035260273,-1.3713580691218914,-1.4389909744892,2.1143630927728205,-0.23579894360734585,5.083438538755943,-4.517693811716067,-3.026413302566691,0.07887936788290323,-7.894707918050196,-5.297218915080037,-0.1462092838862614,-7.794205289596475,-1.4411013136895763,0.6872922135983137,-2.2022682563556963
1,0.20169634963218375,-0.46795558707356044,1.0085252255423747,-1.5680484585619316,-0.3754593071814093,1.1576149933316016,6.11469601845834,-3.1102166152408697,1.3256766454442155,3.8384189736130816,-15.564237256812465,-0.4821014786523231,-3.9960924475368906,-11.095342326804507,0.689142516786639,-1.0360016218108206,-2.3593149585899096
1,4.832252971543946,8.321054764342733,0.9941625025648616,-2.552627064058323,1.4629015190111334,2.011519566518177,-10.529210004883488,2.6931739469005316,-4.94509432815081,-6.098289168141858,22.56837046831556,-7.512918839264628,5.201852048562046,20.703493567116706,1.6629683712905652,0.2868763221816216,0.42667127190109144
1,-0.8616997072548317,-0.8827865077391982,1.3285440290167607,1.4056558345955452,0.8317326302231094,1.6205001438144693,-17.63888207434737,14.931795914290607,2.986314824389212,-7.400018865747314,35.0316816764393,-0.6320216751365594,3.1537060768681244,32.14077722890739,3.1024335043234275,-0.09695743035314351,-2.069609070770256
1,-1.3067232172833365,-1.087782989505843,1.505301183756858,1.4259531993465235,-0.4919232899241325,0.4090089120048544,2.599185666273317,-6.356846399400888,1.6706664046127948,4.134452998402514,-10.298951882290641,2.5590105025384107,-3.2076178086805576,-4.127921423852885,-0.19687453058010235,1.7478769710777473,-0.9043321168061224
1,7.092663382324877,14.956846543240037,-0.19315440223767547,-3.1384293886517236,-0.4023753173619572,1.4255155029333075,-19.647952042831378,7.193086713339475,-9.348198842647845,-15.033249054766285,49.91026118985015,-11.744836190676251,13.510154530866293,47.46251221041409,2.9419451613296848,-0.39197549559201134,-0.43795137487821884
1,-1.0628341747963792,-2.1046539651823033,-0.8390588084449235,0.3949785825695891,-2.4145131161992244,0.30471841735126853,-2.6832355623153314,1.4802077974142602,1.7890755618266658,0.9556881797293946,4.14176232497045,3.171374654273293,-0.12606650566587108,4.7550528891761665,0.931852219603927,-0.569498762925139,-0.08081251661743008
1,-2.440528963776458,2.267732340784898,0.9487146409936945,-0.38148893438500764,-0.9001359010095821,1.2085499357093261,-6.21062040779063,-0.2882095621967511,1.673093555177924,-0.060632533628140924,10.505990696912791,6.219956901804475,-0.4127966988353617,13.55961506943135,2.629963374259614,-1.886707491825347,-0.5644191059423995
1,0.20242825880261078,2.9437579255464232,-0.24081096068253308,-1.0139610700818336,-2.4146082763706014,-0.5333773110874395,2.318474273614121,-5.486875108409065,-2.6298589324782915,0.6399160373914626,-6.160267357876746,3.15250939124981,1.7775162590350386,-0.6246029978815945,0.5376476228251448,-0.6697250185131604,-0.655730936371049
1,5.452772221487189,8.679859903564822,-0.03575912157078287,-1.1385141482943004,-1.110886631512689,-1.7966068230659111,-0.41358714491854237,-2.2410026292575913,-7.540752045651708,-5.920618195881879,7.620152059622671,-7.072529381882354,6.310016266450207,2.991876096449821,-3.0373436311586595,1.4079610899577226,3.742099501825221
1,-0.20986712131590957,-3.9442373631648757,0.41185612026884366,-1.2331449880075687,-0.4899223573556183,-0.607905956227561,6.5846844399232,-3.479605450565433,0.34788213428679776,1.783876825748439,-10.943555624760466,2.4158354599794962,-1.6090702650726292,-13.997128380245362,-1.3106502140084635,-2.0273794686006035,0.16414589443594926
1,2.324624923789418,7.065593774127052,-0.1730703045036386,-1.8650315253859648,2.1214829345483106,0.9140997939384845,-9.870976216954844,1.3370165845847994,-3.666141920249102,-4.879211343496662,18.99658205519692,-7.152857901751515,4.62166568865968,19.953745257550857,1.2989745663557788,0.2932556143546871,0.459618289808704
1,-0.20109069440038183,-2.1759333563773886,-0.637471286474973,0.12612791316078753,-0.3555910039486626,-1.145604219973772,11.180032886789634,-5.959698840117217,0.7532698829287429,4.247832663007864,-20.786724883362904,1.208912730499397,-3.5878987767733657,-22.80294596504962,-2.9947386939680394,-0.05455476984928386,-1.0990844386128313
1,1.8850817400631297,7.87602249419252,-2.811015769136006,0.22853253554597408,0.6630610765249959,1.1585278848802414,-22.443066869756564,13.61221902839095,-3.183077918005012,-13.472745906733392,50.009411474590244,-1.8042463863127236,11.601831741222883,47.577351838067905,2.0947630874617107,2.3603955193663273,2.6206625372149133
1,1.2034731842274078,-3.514404104963558,0.07182043298715164,-1.2590915436786534,1.2509838633873773,-1.7429886516449757,15.722822857323292,-4.7517713169764155,1.7687023258183276,5.390375275899228,-31.029677701606943,-2.7909408695996274,-7.484218704861998,-36.14413191584741,-3.6702148511014956,-1.4159553667591787,-1.7358122170167678
1,-1.1493675486253134,-6.453397780887708,-0.761991149006216,-0.26775117196886417,-0.9226573082394337,1.7225594271618545,-5.955934216760045,11.0073860948075,5.881519484314682,-0.8083951369986592,9.084441327654053,3.512444479892544,-3.996074943266835,5.289900865005689,2.3642368805512533,-1.3911426768800128,-0.8964375165527512
1,3.3539337129846607,6.706942649296919,0.6189064449877687,-1.2351479118764384,-1.6007405218638884,-0.8231495145471845,1.3165929704626518,-5.385688191819537,-5.013178115197018,-0.30866365368130244,-2.8721610944743845,-3.075119258573639,2.010158536143568,-0.23297976786874003,-1.2643653364482996,0.5089783377947568,-0.3146716749951575
1,1.9564703932486223,8.276787728401604,1.2848106446478382,-2.2471762988435344,0.2530383473001885,0.24945744736412698,-2.3028356250738398,-2.8121446220849857,-4.279917799182957,-1.5732099005039442,5.06115104286159,-4.425398836942182,3.145695344929255,10.371355979987783,2.225928527169918,-1.4085983598928684,1.0427561326919739
1,1.2684612053970497,1.1028446814495803,-0.36458058904256824,-0.9634052300797115,-0.6541303286939826,-1.2946274812060214,6.618075519094143,-5.384185671258391,-2.8544033246260794,0.3737245039240664,-8.853371741801432,-3.7243632810003104,1.7391636383829656,-4.873237794879888,-0.7026581234283975,1.9033537739272839,-0.2631139491357524
1,-3.380528181850419,-1.055720223066389,-0.8962043990006772,1.8265738106748532,0.47894417101609627,-0.18441929304648663,2.4310259923978874,-0.8463509138698186,0.5750946292047655,2.5127740578812756,-7.6851657269173765,4.085005791008041,1.3320029475267274,-0.5755279828734828,-0.4750704872433337,-0.6274523076832058,-1.5185818586748496
1,2.3702612684556312,1.7014091575235257,1.5741687249870846,-1.0260382772253247,-0.7305208083432163,-2.4999710230106893,21.812849297305732,-14.112066167836996,-3.1192290205038993,7.219149806437094,-40.26076386177573,-5.489840303422703,-4.859689333693094,-40.547157595020884,-4.166681836647138,-0.06281349822645264,-0.2538857431812038
1,0.602556019608126,3.2579598620668153,-0.3497318928424325,0.9297841106525198,-1.5164961016671106,0.040113263820549264,-1.8537711499287846,-0.01727652250535268,-2.352581670365574,-1.2422065886368785,4.302465375850125,3.196490532845051,3.231036086153796,6.8514708306072,-0.5819483872016762,1.5114482205410464,0.16258729286989732
1,-1.1217109810093224,-0.18256470777468337,2.024967611165438,1.1373949912440664,1.1893727986807785,1.4780231952139882,-8.784511360757666,0.28759894542798226,1.6148397674131478,-0.5520137845849983,14.534319394386085,1.4475947547338768,0.008399581231885639,16.080294118168883,2.122386862612182,-0.3451258262315924,-1.1487779246596261
1,-2.370927764789499,-6.288747327273927,-0.22385811535953243,1.0392901587758119,2.0409884250366375,1.0237980034935221,-10.6143769711646,9.992331251442678,5.717178839319311,-0.8042698425441649,14.999938495369967,1.9231219679891696,-2.868932546278622,13.551075402012154,3.061867049867216,-0.8611763269088094,0.0674154844992086
1,-0.06020170734496931,1.1296091877679164,-0.4681126867179046,-0.6267269625907373,-0.21407186538336903,0.3278765401531256,0.6400075261434357,0.5740842304326547,0.5432596763741352,0.8265130612783077,-4.236467945818396,0.5610288266700799,-1.6806382287089885,-3.892105478671882,-0.30814625155413683,-0.4461813143435008,1.1252603551256508
1,-3.471778798463418,-8.199842521778278,-0.5927095296762043,1.8171041452117078,0.3540721055344609,-0.33442298970936235,1.9031134676894403,0.8228373346841948,5.3655511530038025,4.560167625397666,-10.176043351709458,5.551394096440377,-4.579239267356551,-9.713277528357551,0.16554070011567634,-0.3735017587590488,0.8563864762735685
1,-3.248027915179948,-10.061288103123898,-0.043343389595296954,2.2550917642504276,1.1170087303535832,-2.7322158550467734,18.012062989102482,-6.810162896018393,5.1180843186874725,8.841510099361772,-38.38520885064775,1.0322750896607706,-8.473199537170117,-40.18249080268386,-2.062776699786386,0.7304744952394052,1.253005787424263
1,0.0068369185520550735,-2.614393536228009,-0.14589966187903505,1.009468409837158,-1.9490773138693538,0.4580271221056549,-3.619241971585674,4.770844396466317,1.2135360036234988,-2.686090640821065,8.27964502121308,2.132802685044928,-0.19604761907437263,2.8740617813890084,-0.5501117323017671,-1.1773993322818386,0.24796695123778592
1,-1.184224719881878,2.0758530516713916,0.40912847761362736,-0.5257643239867036,-0.27751056790533846,0.8687999753418274,2.1732143588966912,-5.032955971476861,0.41995108077113497,2.623329163233992,-6.883088303087043,1.3555201231361151,-1.1764901435800699,-3.8379757380260653,-0.048809104325391026,-0.9193128261269378,0.45807730024631776
1,0.7897608553498835,5.34513289475048,-0.3586042638444675,0.9487539098155742,-0.9972846669239137,1.0193270357725666,-8.718157638509028,3.931616985568991,-0.8579937650533248,-4.428846055991169,19.329412890542272,-2.3485893100821316,3.0348722861884814,14.214877163418489,-0.6494410888489386,1.5616780037347284,-1.3610718164203026
1,2.098845562074657,7.801463793894708,-1.8113339373104167,-0.5192438018453189,-0.22552549480613068,0.8254165054982716,-4.703087290929119,-0.17144208056538326,-2.6408110824363704,-2.0374829656298585,8.216668509913688,-3.9223441330619795,2.641920857015001,9.260959102778148,-0.11355380104105053,-0.051785068064068546,0.018173308790717237
1,-1.6916817269097026,-5.297602951665859,1.9925968693133183,0.8698273326194804,-3.0029985697638617,1.6425422902317326,4.147524750510545,-2.2889610361358805,6.0040452832393045,6.141030226435691,-16.008730376564998,7.166652544649084,-9.220914311627288,-17.033416694120007,0.6749443502779685,1.2053126823721965,2.240691121539538
1,-0.8531782904712294,-3.5796909367575394,0.442730013346955,0.10485837104753253,-1.410900896296208,-0.6669149860707609,3.2172406311011597,-3.4442708584383377,1.2661607389889669,1.6655403165531255,-5.511654807877309,4.144113484695283,-2.0863242957278016,-6.898270772643028,-0.9975150846374178,1.0235760472530726,0.7615498576977583
1,1.6875180056764827,0.9526196548623048,0.2893618817931798,-1.0039023614812683,1.8649422595654455,-1.7106549634454742,23.123214482207487,-19.189983066598487,-1.9077960786913715,9.844333053259083,-47.1624245291253,-6.167257285944816,-6.028567962811267,-46.00682083906972,-4.755523286399048,-0.2741783592732118,2.1224284924996533
1,-1.5258887826444931,-0.7793929897355073,-0.06319150368968934,1.9937525767651199,0.9529342719191873,1.1709464952317985,-2.761941200314623,2.788672807069994,2.370158287655969,0.40066039905702433,2.964396959182707,1.4515154725540318,-0.4505450416895598,2.204712746128091,0.36381229109993135,0.2470546122260378,0.1619393719363203
1,-0.373359463395355,3.8067905367131734,-1.363166834023582,-1.3773810953815373,0.5859721513885416,-0.10653994843669456,12.450430465424006,-9.826214876771392,-1.4206783170954889,6.55211018870549,-26.6432993527765,-1.0327709565084466,-2.836705238051113,-22.328574161680187,-1.2311279756107467,-2.172619416012078,1.0507107273583909
1,0.5668521018750602,-0.3731645842068664,-0.5881723830400314,0.43649030441401493,0.48103750920666927,-2.220556402336404,3.116841791011848,-1.0980147293221303,-1.4797003961715653,-0.9452173932825274,-2.4286357935420977,-2.129854310319996,1.7272655641003702,-5.44012713860726,-1.6304699642261729,0.8196184461079005,-0.9193331603648549
1,0.2783376112495944,-2.797364101147278,-1.1151219478605536,1.7614054408598954,2.28614178591534,-1.2451787992151904,-6.852677687836046,6.097871682611795,-1.1511782596608067,-5.641197269166521,17.189867100776834,-5.168696608725603,3.0111210074401393,10.79036987808458,-1.0520896377705578,1.282388302617064,-0.9493884907916119
1,4.5275805760057155,12.116391812978817,0.8110738429332838,-2.1525010391355694,-0.31458108668173934,0.9694246128597936,-16.264190303325627,7.378068600723877,-7.430048757351517,-11.172247277089607,39.40533974974133,-4.600124254667575,10.298654448055297,35.70665397128392,2.2117427121797846,0.12914610351329986,2.311326398023027
1,-2.8237123045062815,-7.723965478202697,0.26190893562919393,1.9547099753451767,0.7084427747750864,-3.4117402951451647,21.327546618234734,-12.563575853977934,1.358140247052837,9.668433618557488,-43.471349548729115,2.2669435985443336,-6.31246757212448,-42.70287488689619,-3.678375670064525,-0.2335934274993124,0.8347068997513294
1,0.6264715901974901,1.534443751353363,3.0670835011721795,0.004995459878501146,2.7443273417982543,-0.7334773210473455,12.651891014881876,-6.890480574510142,-1.9212154964980872,4.564825965660675,-23.792282043930285,-4.668722297782937,-3.7261869257437676,-22.903525257101876,-1.3653115732346057,1.007545866169912,0.022344764355747393
1,-0.9238806501790853,-2.4546956010614065,0.37944756781940747,0.699343294230747,0.9226081369961155,-1.1344242579393327,8.734473796324624,-4.007952760673276,0.7074492125762801,4.231198035460335,-17.06786324413716,0.6807753140287294,-3.377990770458944,-16.030414320772238,-0.9273381272873835,1.2631096819292111,1.1091034565817721
1,-2.3661010219143384,-9.822069220724739,-1.4260295364787587,0.3330868431804015,-0.3370219358798344,-1.5382528070562196,14.50478763570389,-6.43632243529132,3.8100613019747174,8.099969540828639,-32.5520889220414,3.7154445037543797,-8.48320056441075,-33.26717341584919,-2.317007077068311,-1.020106463823971,-1.0744829180980888
1,0.2956645847241098,1.3774103927596766,1.1929338273456198,0.8572521060255812,-1.2934119795550487,0.9160604154428592,-5.742615783868035,2.302993084783521,0.26491030001007754,-1.068962658580393,9.62508822121401,1.1951879799131593,1.6170306824355758,16.01113748766275,2.3771424915678145,1.3861144471015077,-2.731094969943896
1,0.7896124406152548,2.1838562738662133,-1.0302521855342843,-0.33278558767174343,2.0446708885338354,0.35454510763439473,-10.800883734109162,8.93821486670904,-0.868311201352392,-7.917402432977159,27.430697555689044,-4.292907997279498,4.3497735351479605,22.29503421256276,1.8199526846200518,0.8747366978183296,-0.42921184879545693
1,-1.234078952925983,-6.2652462225628955,-0.05581890032568022,1.4338570152784291,-0.08311673570389377,-2.5563600270846956,19.02106853980795,-8.774812853757787,2.496584547432139,9.752783921013231,-42.50673623321702,0.5226820531896662,-8.378381345939601,-40.382282051220066,-3.370332039952629,-1.2124889705280866,2.5740767838437866
1,2.7921533473298625,3.9555394227477296,0.4245092472646278,-0.3065510124842776,2.7513554367835233,3.024133300455153,-22.77665420590499,13.144213975087084,-1.5595193349431304,-10.102277853655853,46.6598995702064,-7.33124225804549,4.248912679712245,38.62008223751899,2.9034035783916723,0.5372299299280855,-0.8371538811865644
1,1.0114292149653303,-1.1843890229349674,-0.2783125498479479,-0.8144198720008627,0.2909888089398202,-0.5309429889024269,-5.007811440467518,3.9218845699914335,-0.23228501332761572,-3.3772982530738522,13.257204139146003,-0.3118204908833133,2.4434559898462282,11.315566946815688,1.3668136886753182,-0.827062856075907,1.149833686794813
1,-2.239128072497774,0.056499187672858504,0.6731348596164021,1.3679097026570473,-0.29522546667080873,1.009816839551631,2.974219151435668,-2.4341491701654308,1.907284260415813,3.5578762425956696,-7.9173878636727775,5.239763735260931,-1.1899951146606267,-5.7782329994726505,0.6189633533060164,-1.0886859734518084,2.3613811468176777
1,-1.8266776177105943,-4.993683921628311,0.6568475607115689,-0.02216319164407704,1.301813937049603,-0.3807694348910536,8.048324919698048,-7.257791117378336,1.7863073510551857,5.106310097221933,-17.954036921868667,0.2308031244084985,-4.298005360127782,-17.955271952068976,0.3660154730669717,-0.8984527889514035,0.8946637957043936
1,2.7615287657138996,6.90135247091703,-0.5786825329128465,-1.2933068970618413,0.74809488951605,1.5451521092997165,-11.56341065491943,6.252276732851355,-2.877264836459254,-7.708196114402499,25.95019204076199,-5.251435429197905,5.147807600641397,23.27098878466932,1.3628990464529287,1.0351545700448697,0.9166955599084143
1,0.43397368697802896,-4.035317085140993,-3.3186985361892716,-0.9889234248422093,-1.219422172411757,-1.0694426274059894,10.40179041850851,-2.0235356738101204,0.5257973501136307,1.4711223633703743,-16.701988308018073,2.200434078742312,-1.047051228873186,-17.67047302272301,-2.1511981082085443,-1.8832218447826599,-1.6544113379897394
1,0.9970273386001095,-0.12391769411976822,-1.030503747375622,-1.1963048766229278,-0.4784442937525231,-1.5301000712921862,6.6628053587628795,-6.899062211908055,-1.5677791679110404,3.192754187754838,-14.048787289263856,1.4056056244060746,-0.17414354035704305,-11.95219719413153,-1.0831634113801445,0.21097741210754598,0.0979334518941597
1,-1.6887316478193792,-3.43102353096874,-2.309440242042238,0.6816911159351098,3.7437524306196432,1.3637506912474375,-13.751212407499064,17.126732891671548,4.967096910405503,-6.294008831487847,26.876991879318954,-4.814377398665971,1.5023052625745907,23.39159040095613,3.449880719761201,-1.3146631597421714,0.22027611028880764
1,2.343258925023312,5.703497620769082,-0.9860896163805745,-0.6431766605590172,0.6637242105233533,-1.3036718891327548,-2.955966225085625,2.8716804921721897,-4.2983751591097095,-5.101348908128473,10.833103524116783,-4.293102894449602,5.541245710496765,10.350555155240862,-0.3067465441929063,2.3463590403013583,0.0124450976315434
1,4.8072512620460355,5.174662505759853,0.3894068153274322,-1.9714929946673156,-0.8616503408865133,0.33772301797926035,-3.3290055814492368,2.023128303578991,-3.082300402038329,-5.429183694405312,13.319730120703642,-4.996078974110007,1.39978727410761,8.928934471783155,0.622123915487258,0.2812639221596782,0.663851592439493
1,0.960276059867012,4.725144435646535,0.04878536136551191,-1.2541641769218,0.45604903061067364,0.7255620078647311,-2.839872557351433,2.2774081430407205,-0.18177684597164656,-2.1134264654704418,8.279594758315552,-3.572160555068149,0.4556691220041867,4.865388487569493,0.8574021576753207,-1.2281769629260284,-2.295377438644393
1,-0.8698237891761736,-2.714146551896361,-1.2263061544179397,0.3888378178212147,0.34664238739822384,0.11305406868017544,-6.656224896149506,8.046902326998762,1.1463975323986684,-3.6390588148883047,15.319718221236984,-0.2997812459828127,2.6342399078320606,15.516720572304058,1.1286523764951706,-0.627178112557392,-2.663427819067332
1,3.253796906852858,6.31726129304885,-1.5370636541647604,-0.2230676356084164,0.5865190566703696,-1.0329708941535796,-10.516561664973583,7.901434399886114,-5.487421772841438,-9.556487887136695,28.657022451449517,-7.728874657230786,8.378026246146293,22.464028141902688,-1.0615576800987159,1.3222831392636474,-0.31599409162841247
1,1.6529176860420294,8.854867520546302,-1.2963397910712453,-0.3627125569278394,-0.20124958797480524,2.1188643860765173,-23.68888341056465,16.600083278880916,-2.615334485025743,-12.809250885175915,51.51608614596632,-3.861128157102427,10.506512611865288,47.75106031577651,3.066258904770542,0.4674181743916314,-0.8842881539648939
1,-4.56031924065134,-4.020967531890306,1.3271849932179909,0.5659446039860284,-1.272821915447546,0.4032804140455376,11.841483641116556,-9.112591716628243,3.6721747038220935,8.641269094735001,-28.779741130658046,8.061597459651624,-5.078194256688482,-21.047063573138278,0.46732039449378654,-1.1728364831920604,1.1879257255347693
1,0.878108608167645,0.9408511705735424,0.5567320397533965,1.2676341373174342,0.5537197379464716,-1.2643285647345672,2.3529883221918877,-1.7024318616444585,-0.6464795062251886,0.7018927497411894,-4.228448913506024,-1.9744154916226173,-1.3112904024435963,-9.55159211322395,-2.377761692908689,2.1385482850263315,0.5796258370895505
1,-0.4673602804012295,0.7892291422062724,-0.9207153075174608,0.1025848255618865,0.0380623304782396,1.4377215145722413,-16.317337564008895,12.602912749776724,-0.1397728524605225,-8.36887698099894,36.39364571062955,0.6513088515262856,5.4696502541281635,33.272652899246,2.1686532897038884,0.46854092703979056,-0.40129150844779343
1,0.7658653455085995,0.681394242454998,1.6115217685147116,1.029350036075026,-0.5492872311095816,-1.5422353788403695,17.304748075378548,-15.453510200944196,-0.7852256218814774,8.880463386847142,-37.99596734702167,0.4868452630116058,-5.47809189845535,-32.256787823929194,-2.603411867734176,0.6378019141584022,-3.0488598965665843
1,-0.017081119506742362,-2.631200371036487,-2.4243047709976713,0.6588306940939564,1.1193336700191376,-0.9831157501365466,7.400611159179478,-2.3455794347838608,-0.2811456704690997,1.3933895113589854,-12.105421771646007,-2.994483436080002,0.3705769969933936,-11.274201350749182,-2.781453117094596,0.4815754481621995,1.6622975354893146
1,-0.3884696474531466,-1.0381632573944952,0.5397474641093151,-0.08838201565842921,-2.5674765180893555,-1.1842569157464842,2.3051207506897935,-0.20482895184653196,-0.8415415117425151,-0.4188728108599545,-1.651378721567613,3.6415535474542295,2.1300012275470976,0.5176223068190401,0.16685832784453786,1.4128442963439765,-0.20553973851816307
1,-1.059709422833277,1.5637314603824337,-0.5708620126744465,1.644419789836017,-1.2906554898892009,2.2092625137881927,-14.623859903671278,8.625279264400264,1.335932204135001,-4.518055105876788,29.115559900221726,3.517542100913747,3.4097643699978435,27.914849646263313,2.733025396626199,0.939891305886126,0.006292741858491509
1,0.408888690827877,4.508633969138644,-0.43777698263781284,-0.31570549966360184,0.4553662243024042,1.2505648279235448,-11.534181496945322,8.342799565916648,-0.4187853012685635,-5.98294857503792,25.807553801540674,-1.727321885760532,3.7394746623343393,22.767877221748492,2.670326188842884,0.7589575664077,-1.492523032594741
1,-2.3947218411776836,-5.7509156709201665,0.31526289686818104,1.8006926624887507,-1.225951425387128,-0.568049059940745,0.029905016580689846,3.878858597883638,3.256894156843905,0.8729552362710324,-1.0462700552237678,2.525750642872046,-1.6522851235650513,-2.019658548226905,0.10863889621939325,0.2470129743888748,0.3858995215871015
1,2.5345460453080717,8.455731103948496,-0.2651346427876773,0.08960025707889929,1.861011541046711,0.859104738177762,2.73071073247688,-7.074693091061526,-3.312351233297353,2.1014202455550657,-3.9231211711099383,-7.645971601127705,2.1469362162366035,-4.514322635685066,-0.8738838058178962,-0.3520419075147994,0.5776495533460007
1,1.029633611756598,-1.4699805245880722,2.666134988052344,2.8741766359347647,-0.34259496714148874,-1.9045215854093998,-0.8580575289237059,-2.153021952287124,-1.4165145621867121,-0.40067561908617494,0.9995970157125883,-1.6324473929170007,1.2125778811911236,-0.5454455541553722,-0.38938858002840315,1.383989088720077,-3.2294969822058985
1,0.16806106980192492,-2.118971239797061,0.10796962506295,-0.3897040377189494,-0.7626762315035184,-1.047008482638214,15.329677145361966,-9.662299848535238,0.14069322584976743,6.716308351216913,-29.184559639645876,0.48620522177720205,-5.0765959931433295,-30.8729211464174,-2.6155784759005374,-0.35407093110135657,1.0943739861725341
1,-1.2178156130043036,-6.3537412723283335,0.8730712039436951,-0.3352329871031751,-0.06430996410039469,0.3241392168535207,17.91938991585416,-12.018514743651293,3.419453631582312,10.849341052379932,-41.158402531200856,0.2561689953217164,-8.19973888045168,-36.73357249909228,-1.6637364566783421,-1.0608459524561566,-1.3140232873618554
1,-1.8384077950402922,-3.33164619591717,-1.3456783768526315,-0.43294643556287726,0.01844636689095895,0.6604319808539683,6.735310486897598,-3.538731891603486,3.148521153329493,5.103210612328847,-15.529829987919316,0.7490419760299906,-2.8814072835737568,-11.001946518527483,1.4075604412967282,-2.284114092895647,1.482578598256155
1,-2.472431554429761,-2.911767225153842,-1.545183912876459,0.9308399120222663,-0.6808760942596321,-0.8453656982672321,4.71388762787673,-3.0571277648057653,0.6545416270969625,2.5711111684133106,-11.517581389570445,2.874873517243485,0.2984196677180617,-7.47670127255166,-0.711763229791546,-1.2991436984536757,-1.392188808396475
1,-1.595944651921183,-3.1306417326007856,0.9050969217391284,-0.2456620084365438,0.8731370963486721,-2.010158133133689,35.003485691787304,-24.17960607724433,0.011878504654727626,16.353967274778636,-72.84172339791978,0.5523345343839196,-10.24918600918395,-66.40093606270692,-5.390991775047094,-1.0238818302049124,-2.795020787378361
1,-5.801407676376697,-9.538958138096518,-3.7842460675509986,2.6933865449035888,-1.7609345598371815,1.4527522143483933,-11.230002223169649,16.753569748085123,9.506522784804337,-2.6624276734064187,20.206333339461683,12.883982063720362,-2.5400112201316354,14.027284324493356,1.5494745010239084,0.1277780863473399,0.7067565568520552
1,-1.5759620901393967,-4.238919719848481,1.6492937865647435,1.4460021996296266,0.15949296722249326,0.2140127826130571,-7.642003523138094,5.040978099705247,2.344063711261709,-2.291739853506736,15.370189494456282,2.1723561522860146,-0.23654985710355203,12.276795818897387,2.6123757456862666,1.7885197062077323,-2.2109842433866755
1,5.6782709819040615,11.20592541537901,-0.48284999203510154,-2.2952703419988434,-0.7364548481179373,-1.0154692137706995,-4.358875959724488,-3.0200442922375763,-6.638087341714516,-5.451257169571755,14.065508363816184,-7.521021717441173,5.312833798885915,13.164903532010307,-0.5357970280295834,2.0625611107678816,0.3376366247533011
1,-5.827232985171787,-12.124453202364784,-0.008802698921350053,2.1177553103665367,-2.655912296623,-1.3134045456064247,7.778984263067631,0.06992727009749053,6.4133736197062845,5.779942026252792,-17.691189585922547,15.574438303116507,-5.608104660148478,-19.902354607544638,-1.2222122466691685,0.024924843068920777,1.770923732893694
1,1.3396523231913506,3.83615841767724,-2.058783108473885,-0.780392837195578,-1.5276107111878907,-0.8446959684018025,4.905796077484192,-2.3159759148600467,-2.845958624717948,-0.3312741071947595,-5.7198086390712195,1.5164403958505928,3.357995388053497,-4.0222028113256885,-1.508084731960324,1.0076352177174517,1.4274989477078976
1,1.3568379845221115,5.170084083098878,0.46143717229462194,-0.6697542011935004,0.4320456621121685,0.45377381931798694,-2.5192333376595006,3.6326794446072563,-2.6946579560608623,-2.849776286341013,7.326318895256391,-1.9986689790898513,3.9987135443107076,7.865591851296536,0.4461416093182537,-0.6178399546006654,-0.7063598348878224
1,-1.9944760432626452,-5.296589943295659,-1.026346777417782,-0.5262294059560979,1.285885880629081,0.06847223335855829,1.5619160300813915,0.9939373625192341,4.622281743788949,1.9229466793238148,-6.1508092056519,-0.4267685745891788,-4.1068163507176765,-6.418108333415861,1.9147345512235687,-0.5598025732459905,-2.0284607374338792
1,-1.4292113323513478,-0.8031489749839782,0.5362032087433837,1.2046846930928161,0.5837819851081156,-0.8448765641223669,11.117589215543642,-8.030453214598767,0.8974710318459207,6.007046388152584,-25.73575330544542,1.3729986463835069,-3.74657939505801,-21.14124545527581,-1.4753400667371817,-0.14699351457924273,-0.5004859253711448
1,4.937163627128095,5.879320063023782,0.6682450953233318,-2.3760288863295767,-0.5663766803604796,-0.8768854396238421,17.330953116378524,-15.246350450240294,-4.754635110280451,6.761852847501764,-33.62291400884785,-5.149113448172429,-3.6291175161878635,-31.389377659552068,-3.0514059085329417,1.1923772443045568,0.9801711820257286
1,1.1437459149819147,5.3364853699274635,-2.2804174856549793,0.046202988857897836,0.6642245754223247,-0.07151414470206234,-5.346179389233865,3.4307213280665105,-3.1573804724093884,-6.559474195833546,16.377541483192665,-0.976050602652371,5.413408503392846,11.564851365883836,-1.3047962406271834,2.2098122689774478,-2.1166001621827792
1,-1.2747710223697137,-4.182101553494716,-0.04175957018729126,0.43462497339431216,-0.08880309027019535,-0.0183144757803252,15.911314849511047,-11.529148995392054,1.5111263135224822,8.639434786586044,-34.00311875901084,4.562044843199266,-5.065015887391806,-32.945185697273665,-2.884725981378653,-1.137501934447212,-2.076971687306526
1,-2.916753939880985,-5.906090377222161,-0.3622505000458812,-1.2121000370881845,-0.5852124149279482,1.964046543825787,13.658938181832168,-9.84002875470818,5.892220768725569,10.597897381715766,-35.361355357198256,5.191191550385426,-10.857655142002953,-32.397819746749164,-0.8670924555962931,-3.0215732582930794,-2.1821647121442487
1,-1.6496916632381924,-5.355135640874521,0.2433709934340906,1.1437786483040944,1.7499166655913414,-0.9704475634698172,12.932228826599165,-5.92762763653726,2.7310331910440278,7.178585943636107,-29.214766602744586,-0.5825792736379245,-8.684603955974007,-29.642191056577012,-2.4756719453905394,1.0318280823176125,1.2981389338158706
1,-1.4477007287565302,-5.635355106009306,-0.41153733806486054,0.2891989162682905,-2.04492363992205,-1.6124823208523984,9.886630620963444,-3.8053407120739373,1.807157419552903,4.268593893247892,-21.19102455135597,3.31850776209726,-3.5713417560109257,-21.146586574073954,-0.8738752145657581,-0.9547497904976305,-0.4339041344780469
1,0.003358582628587393,0.744594640065456,0.653491476670297,-1.0831010072726515,1.775229095306289,-0.924547944647799,8.192599212890439,-7.985446618843727,-2.2759475170277232,3.0733480327254346,-14.925115979381875,-1.544291183147694,-0.187013437292607,-11.825772065310092,-0.61853808533724,-0.15043288194800394,-1.2406430774681818
1,-0.20836046840511765,-2.4300196158639835,1.5480422273638714,-0.5841440281968835,0.174540780791729,-0.10217968380449095,5.861166603215185,-4.481368192763777,0.9616040548296716,2.945432782762761,-13.513073668788486,1.008262859318772,-4.087361298386736,-14.560650193661521,-0.2875097837560084,-0.9916085750883099,-1.2353485853561206
1,-0.6657752176960875,-4.667223333331923,-0.9426053603530741,-0.23167441863972857,-0.9288910458113696,-1.6051289969572056,14.868352231809807,-8.126211433079485,1.203089206188606,6.220021268781875,-29.953111810927123,1.3394382609783972,-3.2477999017470167,-23.84786768500456,-0.762470734163424,0.25446879788123694,-1.248791260792488
1,-2.9400674096812374,-8.237526710172821,-1.02434620471366,3.8649162932400998,0.5269573179004132,-1.7071085554096634,1.6280584682824466,3.0392219869230437,3.1453579048418403,2.423626072865407,-7.746090531614068,3.9017352427883614,-2.2270318697866758,-6.533082331024275,-1.9778875407445082,-0.31593257411808534,1.6849678840057818
1,-0.8243486503929646,-0.6617522378224232,0.5676375581900794,-0.19298915626413243,0.8920801140408172,-0.43632880861822,5.279400547692379,-2.0894188151145188,0.49360979914139125,2.656011843298167,-9.308872156645172,-1.1800971709098171,-3.2634499099319814,-13.108733762818765,-0.351974861823324,-0.19956197702216813,1.2751342725557926
1,0.7233907371435263,-0.4212912992183322,0.16644507475601536,-0.3605416743197936,0.7574446623952317,-1.1867921212304209,15.139855163475007,-9.175887319474551,0.9194863542733391,6.73858831552474,-32.46263968170665,-0.7837440376297601,-5.911518560225419,-31.599439716273483,-2.779471238300988,-0.25660449742296054,-2.0602760933985342
1,0.5964330501941654,-0.9866322461621095,-1.7327311003123875,-0.5153303690147603,1.679022182245897,-1.4418784805379314,2.8023487080039264,1.288634509357063,-1.4211923058696818,-1.6808854412828724,-0.12409009903218071,-2.5677643912351655,1.8241758228099412,-7.192651214741074,-2.3964158049262094,-0.05328020189150795,-1.2501187206102933
1,-1.1865197156538279,-7.86794688477836,-0.8940566497330076,1.3708404797234475,0.002649196059808191,-0.9243738041688551,11.132039822841676,-4.088128382198353,3.880914160493801,6.582674439450416,-23.921255937140845,1.3596912575410764,-5.418643817467127,-22.70742638100009,-1.972614556209997,1.044168212692718,2.065451448961127
1,-3.769212621382261,-1.450733177379966,-1.0584052963675499,-0.6387452177494021,2.354489186547209,1.318640379981087,-3.619981421827514,2.6647891687183027,3.5057072290168683,0.515213602921545,3.632727606473477,1.5226826451748277,-0.18388860649989075,9.740360160343172,3.245753778882468,-1.7443008951416035,-0.11874483292441983
1,-1.79822375756505,-4.327838527925729,-0.7314352036093604,2.622920164300503,0.8287450679883906,2.38624644904502,-19.919503492350273,17.79926171000105,5.5137190885130565,-6.610604286215558,39.84603071159758,2.8528816168450652,1.4882476669599536,33.012511419221056,3.316782582554855,0.42383653638874774,-0.05691425137667149
1,-2.7394541268160566,-0.6513548351853768,-2.026927102012656,1.4673805503191442,3.4309676965319027,0.3258356137649641,7.305831490933676,-8.562198091034434,0.7169716791537376,5.62857945502867,-17.924850281876278,-0.5933280018437511,-1.3328963625016494,-14.870785846608497,-1.4954803850930787,-0.8110585990153024,1.0546389432511858
1,-0.3613234765209228,-1.437867021468898,-0.8537694774097344,2.3178636201287453,0.9235579840447142,2.1734479129480655,-15.641635856432043,9.570007855271795,2.7435422256780244,-5.875314471540754,32.114706993622455,0.1210140135002789,2.766601689142551,30.483497268985342,2.6353124975070688,2.358694088837873,-2.91393725535446
1,-3.582564904483803,-13.527716146150096,-2.114619264608522,-0.21110288893679977,-1.2674276058851761,-2.1182482631159543,35.008136916685714,-20.701349680550315,5.454674919970089,17.433943734612285,-76.8113967947527,8.565661600129687,-13.512759898761026,-73.65297519912549,-6.176077016784867,-0.9920351611701071,-0.09724420979559889
1,-2.6799986236766427,-5.871330739035628,0.09322435788656257,2.5442728064833826,1.333579869497595,-1.4125998518586775,-0.1783439181300592,6.760650716264785,2.7488692738481455,-1.082032775919515,2.0464586097354696,2.5488011436682085,0.8864928130842449,1.2122840893028761,0.19157682963383726,-0.9357027307752399,1.7862166315823376
1,-0.8169836683598652,-3.631900315284108,0.7834951037090628,1.4698469347938343,-2.1366783360295956,-1.2669190414337157,11.580200530562147,-7.576137132289792,1.489957577111067,6.6575893936502855,-26.39318343008729,4.051423641604805,-5.25608710542763,-23.95402795408965,-1.6265587184363417,2.582857243089606,-1.442781384559599
1,0.3156006263608617,1.1743669979148017,-0.5293201128892233,-1.723070489933914,1.6563716152919448,1.4031225448985871,-1.0492624293311081,-2.0677168598279674,-0.17873123306677888,0.3766659226804951,1.144802370258153,-3.5872335876736585,-0.4440237967295514,4.2703892683115665,1.595786767116618,-0.5675136044585869,-0.31835063527208
1,2.047330534388181,5.291153657845622,-0.13113682174212146,-0.7616827112218256,-1.668706723821463,-0.9378976873968627,7.048965725332636,-8.416755094877045,-3.1373224062169855,2.48724544215028,-13.459343657543663,-2.362501444195316,-0.9964216718315214,-13.251330420044047,-2.1225564310415233,-0.4984342496827701,1.271555054751895
1,-3.7702039218936405,-6.394677559300138,-0.6644413621909363,-0.42034025156790666,-0.5632866839826605,-0.5322395623958412,14.697796805054637,-7.757474062283983,3.8297744766071378,7.164733007212086,-32.641962316943975,8.548437496695685,-5.841727067020447,-28.975161403959536,-1.5482049481665612,-2.54559102300914,-2.0895389712575594
1,-1.7933502653877054,-3.262003065432108,1.0280944632633002,0.7614744809090382,-3.5272554538335172,-0.2761479440530918,2.496491741498411,-1.4680425636150758,0.8727011518579662,2.2634920987899005,-5.670805147758334,7.533877702085406,-0.902295478015692,-3.3506203174748603,-0.34297514323280703,-1.3303305172872457,-1.1268700086142402
1,2.027833549662476,5.7001394643080285,-1.324764002389615,-0.817912468254211,-2.162298771296151,0.6328795430609659,-7.5756346965625525,2.192104701079222,-3.372753330500849,-5.304003593904875,17.205128125385016,1.985754636968096,6.374458465198042,20.93398774311642,0.9001483530942781,0.45901870801455047,-3.2051321826280517
1,-2.8864226790772998,-10.39340263866702,-1.0719335525334173,0.12581401568128,0.03259241676724374,-3.050277881258123,29.850173902373186,-19.04760984792569,4.213496414572136,15.837107320523229,-63.669711276576166,1.4755501798781179,-12.23452846423654,-60.79213674084922,-4.984495238416203,-1.367453111394295,-1.4861164012137842
1,3.1966816392656185,4.291164847300847,-0.15058835188269426,-0.15420268586548916,2.58804761920483,-0.05766556866700093,-10.957650269775723,7.471179091441752,-3.53713179892047,-8.122369321627747,26.55112306251592,-8.661196777339201,7.2241584366465785,24.425901581020124,-0.4224660485308822,3.442962068564294,0.4998933874912949
1,2.881489165252694,4.681270665659366,0.24756913238940426,0.3812420218114774,-1.215573551564985,-0.5326897083006197,-5.905580726728632,-0.6870488076638586,-2.9326751351875004,-3.499361191490696,15.219600925206715,-1.5691564574388202,1.5456950138854557,7.987250444695857,-0.29529040062188094,2.297387095674256,-4.171754354742235
1,1.4936713317146422,2.054499050687964,1.2837645617349775,0.3495471228772072,-1.1815512788655655,0.8736754621652792,-15.058523514466613,6.6175293442592755,-0.07524501450956689,-6.059930180252658,32.251367733004635,-0.938548449410208,3.0113222348955264,31.10180678687859,4.648562069462079,0.574738485386762,0.1524048579659748
1,-2.018856984908937,-5.83583106255414,0.9368141978686814,-0.1129350810154425,-2.2523768521771284,-0.2526664843788918,6.921362834998782,-2.7573245856880377,3.4088410195392074,5.383568570322344,-18.86972229016845,4.16048086749264,-5.501845185799362,-17.66987650263018,-0.31999748221860835,-1.0608909535987814,-1.0087085469614236
1,-1.6483054933346162,-3.287448531978812,-0.7636119440431854,0.5473566346483469,-0.30671811924472364,0.9646187524656011,-4.786486461233328,5.0239171342165,3.388659896339739,-0.9255360007666723,7.515783006910122,3.5622488807963504,-0.6881028289776991,7.328587336894016,1.500033349253493,-1.1837295095403453,-0.5958330835679992
1,-2.3597270357366895,-7.221713521547801,-0.7376667235407145,1.3592478645123638,-1.6786479121825166,-0.9768395605946294,19.081984386240883,-9.618433691414173,4.535743449190354,10.387918628599136,-40.14461889934325,6.6521993659998895,-10.262488274399871,-43.17069067544283,-3.9316824117173628,-0.20386334750134735,1.0801061444044524
1,1.0218605313267128,2.217907299635908,-0.6885002838118767,1.3285915598676226,-0.30861266748069927,-0.720492647617282,-4.546730581657462,3.7332109755994023,-2.235763479609263,-4.898700218253812,11.944956107193127,-0.7641788115243078,5.068706412880724,9.139587612951068,-1.4529106230620779,2.23131243650397,0.5787324555598571
1,-0.6048423237713341,-3.957154928804678,2.486983371680301,1.1679410742682053,-0.24140940343167416,-0.37106352883580024,15.875134124510511,-8.309115058468214,1.7259099183231863,8.203160305609286,-35.783719954953845,-0.6066144606687298,-7.583352953328169,-32.9470385104434,-1.9838191900427053,1.2039983812658308,-1.4222737765060878
1,-1.1860195250153933,-1.617006638112375,-1.394453307638252,-0.40142553030030886,0.11545534769891846,-0.8024829911264277,0.9415391414487554,4.829249180493741,1.4437703220284894,-1.3178765504147598,1.5061700858047677,0.35831785299841445,0.7854941193097227,0.4913948682960935,-0.049868384817419315,-0.4367880363465939,0.23134220655053384
1,2.156233950299423,1.9814178067890418,0.893702672394029,-1.231276967506486,-0.013656675626872552,0.016535841802108143,1.826719542515272,-1.8695186954973624,-1.8469889558795545,0.9191308679091901,-1.4500840465618716,-1.7207527925538566,-0.3027114720854215,-2.3309847583688925,0.008613176187052152,-0.3832822358034417,-0.36980677574174237
1,3.695567670520224,7.274634363347566,0.28029895748126205,-0.12433889685962717,-1.3462119817658966,0.5972016147240432,-12.533128761985838,4.694110520419211,-5.499198422070511,-7.863267074219525,30.30779898434921,-3.9464329778452987,7.2628804895188805,26.268414391065885,0.05921763379430506,3.0277681336126623,-1.6156428758918526
1,2.51897391329918,3.669290533067709,2.6515496902226987,-1.657346986107,-1.9640643860644218,-0.36775692625637413,5.065792675983757,-8.909324561954888,-4.123366975346018,2.4540563247076803,-10.819924179846709,-0.31614140803527685,0.9310305505517807,-5.548016916397138,0.09289146139756613,1.9416366383881547,0.6316784417644066
2,-2.7660319378889464,-6.978141311607277,0.49537762003916364,-0.11331097408009877,-0.7210959243276112,1.3331734041293946,-5.692959520163588,6.403145948996577,6.118759252478471,-0.3313768603657927,8.66445899886984,5.025456190718805,-3.963702989571351,6.450601384439913,2.4406999736034583,-0.3602148112311533,0.5044143861055282
2,3.448161262271686,7.330617587177743,1.7708466141608252,1.0572437420846001,2.7870886388385125,0.2675822482917844,-12.659585612592887,6.93169199784789,-3.866826286679144,-6.03920394613549,20.92826578672053,-10.628988079153078,5.385220032548298,23.50574773553375,1.0194591667784212,0.6545072033578475,-0.8254390355624
2,-1.3071801590337246,-1.8417379321640546,2.5949863778221665,-0.9270130412745379,-1.4414512037368288,0.3601409960005281,10.797898822674691,-8.834233710805751,1.1810507380914508,6.477085125912369,-24.187544455525583,6.004733182065655,-5.7064627401184955,-22.088168544343645,0.025524537818076426,-1.0075642775821592,1.122021677849462
2,-0.2870517157381449,-3.2214474624584635,0.5657904569279955,0.9184528569564291,-2.3573089401322878,-2.207747571451211,13.80151219902282,-9.493028098087382,-0.025678643416682644,5.923578614256998,-29.135317031623664,2.599251608914481,-4.1157637945043115,-25.726705301280518,-2.6543787311739555,0.0632921617057995,0.15772032876088513
2,-0.5731242681596534,-2.65372722919434,2.154108472876905,-1.3290294292911196,-0.18026235893628142,0.7964125924496813,4.618690269125246,-0.3206822490506682,2.0867070675047232,3.109504883630756,-10.90496166875006,2.068474308487489,-4.639224792780918,-11.76940836421765,1.1711906972698771,0.7618053921007394,1.1533774544960966
2,-3.767807500618377,-8.804826822591716,-3.794541747231237,-0.48592955460256143,-1.769493907737444,-0.3970196121217678,4.443967916950401,2.6638936497489474,5.094126836398104,2.5463967988600436,-7.329720816140073,9.269288753570816,-2.352251444332186,-10.479842675403296,0.3195316487396357,-1.2783383976825324,1.2863741064393495
2,-2.2843163354136244,0.6328720790160834,-1.0803270100863565,-0.2540563012282467,-3.0854384873012695,0.5644324072993726,2.9727830012377034,-6.140765436360995,1.0871496425618883,3.9668966961839787,-10.287127107908427,7.946383646801267,-1.477569498644265,-5.993513276034382,0.1809342982127023,-1.6236323877940328,3.102058668353346
2,-2.2523779266880957,-4.154742112215888,0.8441481852158473,-0.03960534755862038,-0.08844063336052572,1.1857496587276024,-1.5405848653348297,2.135199053564591,2.185322842696612,0.602021934245548,2.7945466498349227,2.740240091731453,-0.7789452519958605,-0.14701160251513382,1.6453724141915924,-0.7325696406121744,0.6713343774363731
2,-0.3786832376920248,-3.648106889788263,0.18156189474493645,-0.41909064183915734,-0.8591605634816782,-1.6624544799271352,3.8229399593671807,1.8194154204308772,2.873235525666938,1.1993884215476993,-8.168204781647178,2.549068502666251,-3.893614237607919,-7.682650077630335,0.4080898777478093,0.49651797814104054,-2.7085208195004067
2,0.7703061671993856,-1.9896368599294862,1.888294422144199,-0.10026265245304074,0.18158147108377395,-3.2046198560699777,16.993748941273058,-12.900723063604817,-2.213517382407251,6.054379613341991,-32.502464936558,-3.1497207688555786,-4.683142575385922,-33.59446098739003,-2.750565008323973,0.5545953609140198,1.1108155588123199
2,-2.2149130468169305,-4.162815605424444,-0.15077738770145688,-1.1269371645782496,0.2388488463960448,-1.2332589877405489,12.533980266804786,-3.0166041483580024,2.028671052907966,4.773453127589772,-28.133174187784448,3.172330185155816,-4.5376786375452465,-23.496161268502917,-1.6218146340184543,-1.5192993716199394,-0.9864043110974049
2,2.473329321746525,-5.500204920308991,1.864679345891568,1.1592323065331582,-1.394381057683091,-2.2479878338693577,17.073341510955487,-8.944107327575317,-0.8191705054165904,6.553522301226778,-33.143133008721215,-2.6231757719268862,-5.155002855339583,-33.688122044750635,-3.878464609991738,-0.024600369736963557,-2.2826828875927125
2,2.233206471494869,3.821906182404599,-1.6704963958838168,1.092932951557352,1.382300994905119,1.36754054641886,-16.77632632914329,13.869550126263645,-1.8969305060179222,-11.22153106009045,41.73607278418263,-5.567447962507645,8.502743144853248,31.459106271446313,1.3378361466059407,0.8127940872598914,-1.2343654612461405
2,-1.6698789930074283,-8.163833801169327,0.8098552019237426,-0.19584660353140343,-0.14787522293789132,-2.100506237424591,16.92162277690088,-9.658582752497654,2.9030180361783646,8.671305756467017,-36.30164310636354,3.099940938378666,-7.601018076125044,-33.13322108615561,-1.1714228311307444,-0.772131954337844,0.7299978814494908
2,0.40731187012533954,2.5453803493177887,-0.9054544647837846,-0.42930630263967284,0.19612664095942295,0.47180937366191944,-10.885017806511366,6.959695545341426,-2.083813177367783,-5.681891833462492,27.56373937754164,-1.0581125656370958,7.536808987412996,24.920717435106106,1.8761271312388585,-0.2610817241748827,0.7385697361164634
2,3.8536438787255833,12.74996862440939,-0.2231433293945685,2.0060381550845685,2.0336734250459303,0.9023398617109069,-25.744935108635026,10.006914466875742,-8.169202508066274,-13.76076587848769,49.558997509272416,-7.480775003590307,16.35876066907651,55.18958456853114,1.2339888281418618,0.5326763259038612,0.4450135987494069
2,3.0570214511718814,4.890790454261735,1.9945037444239078,-1.1592665686918073,0.2516399823626601,-1.6319390456114697,11.188131639356428,-13.307616868425338,-4.030401143882198,4.8543979360331715,-22.074384081445928,-5.796582150834081,-2.056753211836709,-19.588234743210485,-1.7393818917070434,2.314634522308163,-1.3846609886894035
2,-1.330736907532662,-3.8082239927081214,2.348700532182833,-0.961453713679519,0.8415317410130065,-0.8095184387393439,24.4138088709866,-15.28091571270946,0.4768386953302575,11.85764631459524,-54.80564817986432,1.1144023962376444,-8.439709278815608,-45.294348945784854,-1.8190746907243664,-0.1256307851351419,0.12860120788720505
2,-0.17125559555492414,-1.2354909693780103,3.000757062854405,0.8236352275773073,-0.298183591295188,0.5921640797552059,4.526348881507818,-5.3053270685998974,1.2689200363521294,4.868575696443763,-13.342064240029126,-0.7891093431979904,-6.227557756542613,-13.162642273157587,-0.48635200072932633,-2.3195997914172697,0.784677637849919
2,0.028076659273761823,-0.37582348920976266,0.16267289230630003,-0.42654157431130846,-1.6326149933497751,1.4175293781479679,7.130471392838048,-6.899041331911286,0.24486728230455626,5.212275352499508,-18.671812868877886,3.285956590440218,-3.2607619908125707,-14.61342085814324,-0.6421669396032832,0.34866298429477527,1.5552592575181194
2,9.610892477513138,17.801343928662764,-0.33101530687669584,3.3796236737996677,1.7937822701951098,0.08558737648227473,-36.77075851978085,19.279782935109434,-13.003751237824481,-23.749310737797792,84.88135131783027,-16.548182145972916,22.657663574931675,73.3995506794442,-2.311710847467252,1.2949200656012492,0.5563479872207114
2,0.3843036815452601,-0.3952605802720256,0.13911587242277904,0.6188056735736994,-1.5573657171946793,1.2742790258924837,-10.96868478499514,6.096953725897092,0.20072439319978294,-4.3476181191809955,21.312693225631612,1.2391705171696903,2.6144515256596796,18.976981683865873,1.6086969765333317,0.7099429179361203,0.6084705075500294
2,-3.386184612204974,-8.407577389203828,1.012035037545232,-0.580389358209836,0.5922026027802656,-0.07191672018213358,15.362612925396348,-6.3602389795828485,5.894188291582379,9.900366466384726,-34.50513779910728,2.7744563640576745,-11.72544159525579,-35.6832960213086,-1.1183037094967836,-0.3997653258681612,-0.5702371036083186
2,-3.4312550072896197,-6.634402647629696,-1.3096158509785574,-1.2383470635691622,1.8093500941747422,0.8982043242440539,17.40084057938556,-8.556915017597934,5.505607012102433,10.36394272713806,-40.276149255583974,3.463975464802973,-10.412003632847334,-39.778322348423494,-1.8966106332186847,-1.6202790675248986,-0.2337225320631177
2,-0.6225388189473019,-3.132277971869399,0.09049247911311022,-0.7754898270613575,0.6845547740227186,-0.3223202957125109,12.6474267828401,-7.1132658005833,0.5929588726697964,5.8954922243895815,-25.76177850454793,-1.0672683843474065,-4.814631346056936,-26.120442631715513,-1.3254668573862392,-0.0430411742120266,1.3305700132027096
2,2.3202211288633405,5.567713316695675,0.440007925916665,0.6441386022301294,0.8062885497796807,-0.2847215739702457,-4.750453610715052,-1.4074301753829985,-4.900317334187276,-4.623548393093234,10.112474303426342,-4.783421062455677,8.636603166587316,18.4977997569757,0.5918238577819128,-0.10092003747220718,-1.0021468296385914
2,3.4100772270060786,5.5259130030188075,0.09051792282342927,-0.7285739239484873,-1.5968444757362612,-1.1105323816453418,-2.1044088854732355,-2.7473481469064653,-4.71578016207186,-1.7510998057613523,4.686310045611467,-2.223421370855273,3.4951884702544613,5.673345366129898,0.7596848657745425,1.3271650157207462,3.096636217524235
2,-2.360495046112383,-0.32382137984373527,-1.2420407332719834,-0.36711072262501654,0.3458741872734966,1.2751944456943443,0.7309938631811631,-2.615676644827509,2.14039196113218,2.842820293254624,-4.876895994454494,1.8097749386846211,-1.0327732588784113,1.0838595970769642,1.9463073409468536,0.19152869348427576,0.23258488327217405
2,-1.0087581460320874,-0.4885003545337126,-1.0301547542066076,-2.2142212918131836,-1.564629875657264,-1.1154807372530915,22.21165777246057,-12.556138452278837,0.40011237856271065,9.983752505318956,-50.1218128219187,2.496068045374589,-7.866383337525878,-41.61916001682394,-3.7112437532821536,1.0385930487576924,2.089547012766814
2,-0.32236793806165515,-7.564034162043213,-1.4105716717769554,0.28814069253892866,-0.5710923642826491,-1.4735516677684073,-2.726406515421476,8.837059294378225,1.5775342093697415,-3.4022377960034738,9.998622892141505,1.3660785594269997,0.4264861667659232,2.8758389943692415,-0.40703402411806666,-0.1769236460023037,0.9038223688348929
2,-1.2416649250052108,-5.708555464439358,-1.1176230681654733,-2.1117387974000623,2.3569154571712554,-0.25457379276657266,12.507177594288507,-5.691159742293049,2.7368744685808366,5.827951071094484,-24.851644585732064,-3.1450613464169734,-6.748678755667048,-25.43620515975324,-0.6244433096011731,1.984402912207866,1.5252766510488585
2,2.9045546844945704,3.45018006668604,-0.40059923382039714,0.029485872139952712,0.6175741155999661,-0.9623364539579183,-2.5100808832742807,-0.8428123792269188,-3.6163384642897034,-2.193998937994045,6.061638143992079,-4.936187442129297,3.3426650301825616,3.9918480470945203,-1.215761063839361,2.4635513294087708,-0.09790122167706863
2,-1.9272363990716468,-6.801646949473239,-0.7407129220086286,-0.129984761152353,-0.4920856357372656,-1.8814868216821745,8.42477417724813,-0.0425833412863179,2.2773527880507975,2.7582195557308586,-20.198577691469296,2.1656581153737027,-2.8821957147277897,-17.080687612154478,-2.3316188228737795,0.42170308334621365,-1.1304542684938272
2,4.212718439234697,8.814292693148111,0.7703713992126762,-0.9156202835407607,-0.48962852007439944,1.862332480167528,-14.029796147358358,4.412106796417013,-4.2430775999435175,-8.790608497219475,30.704417561170676,-8.968911210841462,7.256487084292498,30.268614103193055,1.7897926309789485,1.9223741749661019,0.42387377408453647
2,-0.45847654265465476,-0.5893814472093483,-0.2846635473582569,1.053754889202332,-1.042876986076685,0.26854242655735067,-10.23574809961752,10.843593359351047,0.39512175427047785,-6.164408900599607,29.25073151933337,2.0740348704703853,2.6228800707966573,17.08640187138405,0.35076760937703244,0.4441818202613666,-1.7160227171266194
2,2.191213046381246,8.41959845141423,-0.1512341850235,2.0643881381799765,-0.8178330228730201,1.7812362370233012,-31.49057170012958,15.424960015436108,-4.513036132759502,-13.870271060133991,66.24938845551789,0.11708753764352134,14.992485043624036,65.70769481048899,4.810456391315686,0.7452366108171626,1.468381292053907
2,-2.0428318791334736,-7.135628838491813,0.13999326621176905,-0.44709349974901674,-1.2298354226411004,-0.971761161624425,5.192765980661603,-1.757394012307129,3.6185959425972967,3.1934502693803375,-11.636603354519004,4.765325416529527,-5.730664692400049,-13.89667377839852,-0.40183156713204915,-0.40243732984443625,-0.6353030448457532
2,0.18634415623593445,-2.779442948100851,-0.2152551033807149,-0.5676413234568359,-0.7491772376884454,-1.711497365108072,11.876928035756363,-5.692638286011286,0.4463532475727822,3.074830190060463,-21.324200973577945,2.2589773290420867,-3.8085809906897414,-26.046633363710406,-2.701029059583723,0.26108946137469846,-0.35038781830293503
2,2.8923076888173185,4.998349179734844,-0.49245889063222303,2.2186809780243393,-0.05057433710621544,1.3998192289725846,-25.945688573439956,16.13013723266349,-2.61516294589215,-12.604065662403476,50.96972439960765,-4.267735563878046,11.11999914914665,50.846616691062145,2.567158064798714,-0.4600054251467021,-1.7303984632661742
2,-2.3886404993953816,-7.458267372186964,1.1283356316748991,-2.102431654178363,-0.008165637318110897,-2.0691411789259906,31.34185699792929,-17.314012162054688,4.671020146321149,14.534027708885759,-68.19637201145682,2.824688697492287,-14.841755556411504,-66.4721930563693,-3.635681281151385,-0.014935684018504338,-2.3581240237628043
2,-0.3626641264512665,-0.8307288262763417,3.290453473348704,0.5523531996011862,0.9349224791276378,-1.1072784964741071,13.935932245047919,-13.229177782509087,-0.14674405888208217,8.06322830809503,-32.60012971876137,-1.7460436852272279,-4.95269891198878,-26.732838378208594,-1.75842256484102,-0.8153898979201301,-1.3809725830251383
2,-1.4170053220924201,-2.909682771546306,0.4882938245274408,1.0041569969874047,-1.9913378747682675,-1.1937685969779874,3.5057564064474045,-4.360632556476105,0.013704793317908562,2.5175558137777414,-8.948296191055821,5.090223625538207,-0.18585428572042897,-7.311177252341667,0.2757855357397805,-0.48254856894333237,1.9999412099289997
2,2.4213207786330444,4.204035699643436,0.7076080017792331,1.1758013097850035,0.3253819229111252,-0.6198660945284888,-4.704849979763784,1.546731905622376,-2.1601833809875637,-3.02372061879922,7.419486710726517,-3.731122414677812,2.6251476817554504,6.739576619119032,-0.9640078754659608,0.12054553209069385,1.3667846077561074
2,0.2982846411324458,0.9286753335515378,-1.1345150511098696,0.3490649972337925,-0.6533291308925157,0.6233981267897412,5.577490185679624,-6.5187508108473855,-0.7075871116624919,3.2691281961562444,-11.757957632682215,0.7097284291846865,-1.7586308874701124,-11.597528460517843,-1.6608419840885824,0.7005664728924523,0.7089196926245466
2,3.3584930963394224,7.368839006617223,-1.0659238153084132,2.8745509481986478,0.018131012024110136,0.8216525598039718,-23.456809731715772,12.244128425925956,-3.9913957299827887,-11.487308145705095,51.984639440300064,-4.355843048429797,10.779492174321994,45.42177606561341,1.4655593247755752,-0.11371968219455672,-0.6445476212031976
2,4.0862531187478774,0.714528555148961,1.315238529500987,-0.5486685868084089,-1.6350374622404753,-3.1400034611613084,2.771356919658932,-1.0387053599823852,-4.497889254095953,-3.534892192833424,0.3311342456546197,-4.024341750751053,3.011752234105914,-2.1699323160603337,-1.2515744290093505,1.836432207102509,0.27371985240092994
2,0.19467672303106892,-1.338352993243693,-1.2109597864644752,-0.9202089913358612,0.12358630979442502,0.5146461265188368,-7.489895132541948,5.810042038834512,-0.19646049107484792,-4.77007700771447,17.73366859712093,0.39516784942582966,3.7124064123207137,16.041174533305192,0.8816078770580558,0.8973034061903035,0.7552751531853895
2,0.269551136778578,5.007351510813854,-2.3214811186976765,0.435011287714663,1.9401709045703555,0.8081404293089959,-10.829720361020213,9.597108786258133,-0.4668116982555037,-5.958850602884568,25.439216902069962,-2.7896884573262772,5.04172784255295,19.76801119778681,-0.4975643727124639,0.600870380776147,1.01299595401906
2,-0.6667528631422938,-1.5357260636759564,1.8584223735129721,0.6719401832253045,-0.48113758802139917,0.9296136416564891,-1.5061619979446996,3.66801977388156,2.2277351152957148,1.0986721886065443,3.928099455311858,3.08368957830373,-3.223787256962611,0.8356863081150256,1.0601005255831757,-1.1037495129449602,-0.6369178490716934
2,2.2265284903840548,-0.7614479414020433,-0.8595683392358863,0.4584759516325222,-0.4685708410040433,-0.2226880679169505,-9.719777673440166,10.257051930951468,-0.8942771679391945,-7.83589481403609,26.00634878645259,-3.332019813601072,3.8166124226302287,16.732370682701852,0.04710145941529409,1.1776504361551492,-0.5027573124145389
2,1.1224410189382192,-4.976723165551719,2.5885384608562516,-0.5271293244365741,1.8931285299836955,-2.6013636446625936,10.392659466820465,-5.465509695097451,1.5092641325460758,4.363105366697896,-22.33650139012549,-3.0908555832593194,-4.88202303891745,-19.561786683383744,-0.4869741476900788,0.46856446536562546,1.0279330587655193
2,0.23639152464951707,1.148947714503387,-0.44088462686232294,-0.4112606415155176,1.6733913877917048,1.818635897831656,-20.074351649528754,12.800229025988505,0.6105996246318847,-10.202704945114167,44.34789204312916,-2.525701406312937,5.956661937617139,40.18049228862407,3.7344521395810966,1.064220238526596,0.482397166964526
2,-0.9470784935258291,-3.5887720245083923,-0.05819470919987074,1.5306741045007517,-0.6796180287541052,-0.5964394442046923,-0.45518457630495013,2.590274909178533,0.7998877717674149,0.16951559430505472,0.8730506979695688,2.9034297809518588,-1.0303816514415183,0.4530333450655204,-0.49495601184992366,-1.9258314316994738,-3.8585507798547933
2,-0.02158739095060666,-3.05783749157591,-1.2509712961817174,1.18652736155116,-0.30924455789284405,-1.6830309455593393,-4.284832092929008,10.069708042341524,1.2180630109071409,-6.736495837285692,17.50183156648452,1.4609141068454452,1.8951034825592006,5.265872482603524,-1.0330220495575242,-0.682546980399938,1.1132023447497543
2,-3.042849206383055,-5.63194510239792,-2.196402551167334,0.4187990121320315,-0.08799058801987375,-0.2901093836806034,9.68547841927724,-1.8807672839884408,3.532070801723947,3.7731646203542883,-20.663738917816698,5.470391925517199,-4.355182842483696,-23.383612306812264,-2.2392009699802116,-2.5957220781499486,0.3340811191622044
2,1.6691491477848122,4.261712170558922,1.3284650759885113,-0.6911371579938717,-0.657086956642887,-0.5340468475599753,-8.925350462957857,4.161195121534582,-2.7044998848871007,-6.326391438503784,19.600097906428328,1.15341292553911,6.372477513352904,21.368417628052676,2.1850513182870643,0.6516488835186071,-1.401508331111717
2,-1.9415063531333707,-3.041831922395336,-1.3108907494196758,-1.218600142968516,2.183040990075326,-1.7865638899715708,12.637785229915753,-5.246808768372597,1.1251413406276283,4.704960950442536,-24.19786728352277,-1.7610458468412944,-1.9039511571931733,-20.40216667822627,0.21659532542128618,-1.1729165357496518,1.1154318685035283
2,-2.918877356511813,-1.4734007338595319,-1.1696011914721585,0.7900411149872925,-0.06352762365683486,2.66821114715072,-17.57871924419179,9.073580476177932,3.5786375011380964,-3.734656636664894,30.520512643595122,4.6757675808969985,3.5648792953859636,37.164141262276445,5.72646185389032,-1.4576114997811538,-1.066566234169826
2,3.3686104115641564,6.116683763854739,0.12419450786702632,2.5588375864517503,0.6767406894247926,-0.31157890038779734,-16.704411371926675,6.185709765059246,-4.536725648271779,-9.516369564831155,39.533622369299806,-5.456986636555574,8.511923882598678,31.552203925335437,-0.7942329087104926,-0.2083162410121105,-0.6737166658638563
2,-2.1108527662632817,-2.7628784384531437,-2.198424546334282,-0.06992048521600779,-0.15853146201057497,-0.4745250535363619,8.774246482426587,-2.0393667152947974,1.6970972246245393,3.8074613324587134,-23.140660110101543,2.8358648877041412,-1.982409471154132,-15.679665845533002,-0.7423456079865709,-0.5640138891796345,-1.2591715291822532
2,1.0151389930999852,1.0827938981685452,-1.2957428263206205,-1.7427807508853501,0.5642612212434083,-0.5444875020621011,2.505354132558529,-0.37957309089033864,-2.635332563982351,-1.9430968583643438,-0.6853857085836507,-0.7653869369987278,3.5937608960521428,-0.716399037858113,-0.7230006127971224,0.6864782136749243,-0.24713236263630609
2,-0.46462067847110217,0.8858206090981562,-0.028842791795705366,-2.093361185050535,0.5223758378156422,0.20447727038037602,13.92826525107127,-7.4644149138202724,-0.041792879733136855,6.789215073602203,-30.650342067646836,-0.5101775022760283,-4.275023876819288,-26.6976771840215,-1.4329246778560054,2.6838988263028933,-0.974334205398001
2,-1.0098654406498666,0.3846034239303515,1.4444560366505677,-0.9124153707410482,-0.6113641589649018,1.555656586218097,6.200952574718233,-6.572870703899903,0.8678099137170946,5.317797982193698,-15.667538669575647,2.3892444173936167,-4.932935695402641,-13.397670135260476,0.1033523541019411,-1.4085665279469868,2.8473247591263893
2,1.441131744263423,-0.35598677623049224,1.4840290159408773,2.1184791951077915,-0.8582685747938782,0.5598685905433575,-19.5282693070702,13.360168610846955,-1.0341030518548855,-9.377346540693752,42.57337882327772,-0.9857048672205858,6.641711160134037,37.39210116210851,2.191669210414016,-0.6184116811355814,1.6830431940341652
2,-5.84359267949427,-12.970058151534301,-1.23694172772267,-1.376639059325679,2.489224050652238,-0.8986926369517546,20.028602209782424,-5.849991103230665,7.337774366337459,9.438859363464905,-41.26550745229453,6.231551230984519,-11.062620380791051,-42.07081830423559,-1.2524927505765204,-2.249743523144082,2.5025191820923873
2,-1.4777827590601251,-4.3611386624894335,-0.07363231251780453,-2.154736054253715,-1.8254976043638393,-1.0721815541271793,24.345475681864986,-13.352731401295701,0.9345217663367981,11.117050347655567,-50.2712140766929,5.8121049858570135,-9.354976677382584,-47.90223106591456,-4.168036236990246,0.3188266386104133,-1.6714722340194175
2,3.887369988457549,1.4631630755047869,1.179767611635519,2.782747174324248,3.2044591623713483,-1.1925115973058074,-10.659289354923564,3.776921799021155,-4.2902869725379515,-4.941762291371508,18.751245366536867,-12.750496874587295,5.066451933938287,16.71573257561727,-0.8353719160833186,0.15570283998209147,-2.1687031374583974
2,4.551773839216608,11.24352734517581,-0.2450244077959706,0.5305683211497677,2.163132081805537,-0.5180758960403428,-7.877312836361785,0.31366095081505135,-8.078892969657787,-6.1993676760185865,18.011541595288932,-11.879077819816427,9.50780020922337,18.65586665373038,-1.2511494565905508,2.4997467969316713,-0.1747780173548606
2,4.325839782558634,9.173796792125305,1.5915006248666776,1.3754156939453563,-0.7754911687385644,1.039476450881274,-16.755846795703093,3.2249058379143354,-5.17673662749026,-8.576873361591128,35.59917121880752,-7.067105578787795,9.580432228975921,37.457872421583716,2.2830266400800467,0.2961737395604209,-1.3976481711115842
2,3.419470141453268,4.022854437107614,-1.255797067525485,0.3637695599334921,0.32117499254583737,-0.02758057242662294,-8.866145700618928,2.7641010918491182,-3.6719441125277594,-6.725655467522209,22.13546254507945,-4.785760718303837,5.2554860522699505,17.158921626895978,-0.11774425223239199,0.8247403054955562,0.034552883722749124
2,1.5952097831045917,8.211686636719023,1.794888425545819,0.79643097506018,0.047861071094875966,1.3597864661919823,-13.752796252654342,4.275354693260357,-3.7847586556300956,-5.498749832762661,26.866670644571855,-1.3394082712016961,4.679686984617132,26.3404713675197,1.6649453560651972,0.2115526506271522,-0.5048276220957669
2,-3.5596157277455607,-3.5690066920147263,2.2946465430640663,-2.58244740158676,-2.770700925305121,1.8125692620273908,17.978821600798614,-11.608189481876975,5.044104680678935,12.035265808881103,-40.35472010872547,9.061629582226885,-11.57817300378732,-34.86559512042347,0.08962261811335512,-0.2647947945499683,1.8041924055079563
2,-1.917836516739681,-5.655220900997434,0.12670320653653383,-1.545679075936519,-0.7222380351362323,-0.7580261665642852,13.655476696330645,-3.337565036544745,2.7929927153704748,5.474576213390301,-28.076496246502543,3.982566200008655,-7.14599375652944,-28.41609261469661,-1.8000158341330506,0.24758511525873322,1.7652141690959846
2,-0.05363616365485658,-3.2418537666032172,1.1706186298430445,0.875865451860184,0.20074487017364617,-0.22793061531945,0.06508568906558339,1.7086274974894393,1.3774081524905732,0.7937798794267528,-4.509645597584972,1.5951522142793115,-3.418921186471499,-4.8062615782578435,0.022152124165498457,-0.7939632333348499,1.370638026536708
2,4.362233206601179,9.156415185467683,0.01155917938090567,1.092330286309242,0.8506272127389694,-0.9948732558879084,-6.6913048293227355,2.4433540392386783,-7.724942904032556,-6.340641570170933,19.693127154491084,-9.203015522595676,8.576882602315141,14.66861546935638,-1.2228405690749,1.8245174876320636,-0.43275716981154155
2,-1.6926079439816057,-1.196648140941428,1.7580016361504345,-2.9794879823537963,-0.6635778540220169,-0.06001838495848113,23.53156939212368,-17.777376839197515,0.6325383520967295,13.236424184144362,-52.668920226198765,2.3906947731102264,-8.649157561870647,-41.452387371066656,-1.4696107133774967,0.14252493519148407,-1.237787875581507
2,-0.6849171652199079,-3.04526095895066,-0.5464842835514039,-2.5775858137255856,0.18062590830418915,-0.7961180810761819,14.53515061254595,-9.602994817740978,0.15447765273307976,6.216765669462701,-28.247812185410794,0.12368987545718872,-4.569590034950784,-27.217865486212403,-1.6717476383652883,0.1509548663506803,1.484002904316134
2,-0.08513691497641519,3.240512336104833,-0.06923084044338097,-1.2485164429608695,1.2681944901705149,-0.5755664879910347,12.832295863495487,-10.140454260100984,-2.6699477067983635,4.955365025875784,-26.611620287370254,-1.2232866442189023,0.07098156595449966,-18.047478769732827,-1.6687474183600417,-0.054169412968845386,0.4472107695422068
2,0.7815249026013331,-1.6132350825760147,-0.23280243503373887,0.4068901858886532,0.5754420737412277,-0.7962501942454073,0.054096310094611244,0.2756599063294301,-0.1868431818143003,-0.42697684810157643,0.09381654033198983,-1.6825300499579157,1.5912039638014126,2.911739654901583,-0.2873532858863487,1.4533799550425823,1.0488342390501544
2,0.8731677808558129,-0.5522955159349708,1.868553273958899,1.3961367780460168,0.1052639227558963,0.10539769588782388,-2.748329953425652,-0.639157744694768,0.03852705247648316,0.3987144498140829,4.213129292098368,-2.54086954402238,0.29087829760608974,4.454385339794777,-0.09603857033740772,0.16494873375674401,-1.4381939760542788
2,2.524719192606144,7.683709657274926,0.3946468596950525,0.2832483039373061,-0.5575912897233432,1.8086938672983177,-25.763155774195916,16.147026411268985,-2.411272972257185,-12.709849732724551,51.38057091727968,-3.1229419424189446,9.42672942879557,51.47064218746491,4.56249158282896,0.780806971469391,0.41275071955426534
2,3.0011450101832478,2.2388631983162606,-0.9659505187481549,3.1980517791232708,1.0524645060638433,-0.23025525907544436,-21.363862153748315,12.71193669172126,-3.9632258984627815,-12.525496387352215,47.118300136122286,-7.520415911607283,10.564427183868597,40.078970374227644,0.43465595549991914,-0.6991734096716332,-2.2331301729437416
2,2.466946607354436,6.008424984155371,1.5523734627288466,1.7540023607956976,-2.85999641289362,-0.9200421220476226,4.403909984297368,-10.147722389257108,-4.888157757079059,2.309536859224581,-9.540648425481024,0.12367682058842307,3.072896026288724,-5.4360652906845175,-2.7726880786548076,0.8353490781222429,1.8292836548285147
2,-1.5127356827769767,-5.764750767021095,-0.5729078304100066,0.021838666997832955,0.18580263140499298,-1.9399443718727827,8.135411005909631,-2.0000217046857727,1.982451241268091,2.2055157099734117,-14.71552525129931,2.5773744549688526,-3.7118708777764913,-17.617138490376426,-1.007234488579187,-1.107641170368704,1.8922941724629607
2,3.020987641431694,0.5701099888070869,0.9771734174245386,-0.19212501616233943,1.6092007594673985,-1.1347592876608013,5.7502682882898375,-3.411973264960375,-1.5768511260789253,1.772518752977814,-14.85603438667443,-6.365497948086457,-1.6203879069237928,-13.325387675233515,-2.5825364825581785,2.023780236398509,-0.06800700747679808
2,-0.4591451326338437,-2.080037651142578,-0.3300761915112251,-0.468863181158729,-1.9671682622995368,1.210952393218036,-4.505628597599721,1.9595242646497883,0.8556565904350302,-0.8216268880638616,8.394760721435224,4.03276598180626,0.401579442900733,10.11347548910964,1.54925333857821,0.8634103351760097,2.213646411808213
2,0.17791774520827186,4.140661213434952,0.7070323003339575,-0.05818335435419085,0.38952525696538504,0.22410302729853984,8.049781504047136,-13.22528583569102,-2.9369889497308743,5.418152233350064,-17.298962458689736,-2.0966171316970463,-1.0252279053103104,-12.23841899239354,-1.9852460890008394,0.6090441202663622,-0.23999099190461035
2,-0.7508421049256647,-1.8361409259343089,-0.3164418342891972,2.1186834241985393,-1.776515467663687,-1.4141298854986195,6.602294229546415,-5.776228681465355,0.9532182645867185,3.736219450187155,-14.286585970265165,1.9092365872006427,-3.015075621130424,-15.079290072184198,-2.939632374743822,-1.7879006390239391,-4.0733301846541465
2,-3.8100375721634125,-13.100900663897901,-0.2013096622100349,-2.444835647905188,0.2650369874732202,-3.2242812570935824,29.459145908999496,-13.596519928960594,5.080820569148301,12.899012805087603,-59.007366973793125,3.9734317185709207,-10.93132655499421,-54.24391193353717,-1.3663072558215288,-1.1322634608211364,-2.578968894759763
2,1.8968096411392383,3.0224543147750627,-1.8087930325772692,-0.5303673258184272,-0.11795338583334983,0.48141530680909017,-7.278663368867476,4.622647097534687,-2.218970164773257,-5.840410818570202,17.68505114928335,-1.3876059792488935,4.93720238811557,15.19340757063722,-0.042820526218063364,2.21091323099784,-0.8902139278877197
2,-2.322322832606481,-4.096849050626285,-0.8222762553374594,0.08652455638997801,-0.21940905780121467,1.5480699829282385,-5.672684308288111,5.850688358809783,5.025365409545729,0.7193039817159683,5.920252831277805,6.704394464051523,-3.970002524607406,5.322449721943809,2.331939805878085,-1.7392483658859605,1.4938710929931465
2,-4.073950223816757,-8.847286172409428,-1.1118001407927902,0.48164436689221934,1.0952659610479718,-1.790375505522802,6.211940045104008,-1.5178213185786378,4.036036847660893,4.317799213457068,-11.89338678975442,2.9069459384581804,-1.858179933191079,-9.544129433439332,0.3952074930579301,-1.5083526673399819,0.5947471985892171
2,6.20245388242332,10.512016456071109,-3.0667168555490876,0.20179781384476053,0.8770980520607145,0.3085798810240211,-25.674093311101554,18.838021202032767,-7.829472986466229,-18.133379404724735,60.74640051026704,-11.241253363190022,16.114576834583602,51.72013841258017,0.43215952050374973,2.8305730022213385,-0.05105590191559116
2,5.98346202035822,9.73921228458371,-0.5829170383573128,0.9481060271290639,-0.7220256848329506,-0.2783016833735678,-27.78957591230758,13.394682936015366,-9.389451809417517,-17.556262126423118,64.25845591159867,-8.235869847823585,18.271434502528706,60.75568548172014,1.4341237630313062,0.8679620813712486,-0.28140623798819286
2,1.5075132994937148,3.523935014570714,-1.1619694016698245,-0.45486301381686556,-0.024518112304369507,-1.2319222263486287,1.9923723285273063,-1.3440029287351998,-4.005584856460138,-1.6390869392005998,2.118878643109555,-2.2857936366983345,3.9317668376054904,-1.6389714454569977,-1.9591883838216004,0.5545670178647432,0.8211004660863398
2,-2.003707497727648,-3.833893701531876,-1.2145021945335719,0.6323363392115607,1.3507391044623498,0.7635857768066766,-4.948323308153488,6.246587194368583,2.9689086226180437,-0.3803221722197993,8.034829761299473,-2.3497355485326903,-0.2011975877135319,8.48598390800862,0.9965266933027687,-0.6588018547909128,0.09715366563595969
2,-3.4916185275520157,-9.01268223868779,2.8776155506432124,-0.5197980068076671,1.2375071122151955,0.01612803531161727,25.261723805425216,-17.02166034534428,5.481401892564965,16.112125492680455,-58.157796310712044,0.9175465223903211,-14.794765426732784,-50.44327509230562,-0.43099405039408134,-1.3266558752226754,0.5271643215989293
2,-0.7342098260252886,-4.584587583107175,0.9139956121845466,-1.5517987506450548,0.3857089508271604,0.46613515610995987,7.486193690955522,-2.745353889316155,4.030254171074991,5.784992634018585,-16.64403725765833,-0.06064050917127155,-8.572051070498476,-19.344427914754544,0.9107043134848092,0.3459008499597352,-0.4637490725012248
2,-2.115894004710476,-3.540636533607161,0.34234059798444316,-0.4824199721156213,-0.5566032243259965,1.011960348202238,5.3028972881298415,-1.6095587623473602,3.3289341605102583,4.984917992063004,-11.517123232033155,4.083875353878822,-5.181502689066925,-10.29149537377865,1.1619401207662308,0.2740143340244376,1.4842528749708663
2,-0.6758993208493679,0.7460250383913408,-2.2068121840842236,-0.7136519698104833,1.7117716094588344,2.4596288767010046,-20.84145454342622,15.823256546138886,1.533831783959657,-8.960346252678498,42.6612355213702,-2.4069809665720245,5.149161698370267,41.05448857466801,4.485888506560412,-1.1188528483917046,-0.97522954697821
2,-1.209836706073101,-8.729733922547112,-1.0339312342974807,1.7800194010032504,-0.048512318693096586,-1.541376081280517,7.59599992706578,-2.309240692793633,2.5753015931173695,2.9878534036056124,-16.407338158815893,3.451763832419223,-2.6121007289767446,-18.037683020452434,-2.8679160963417285,-2.6932400177256928,-1.869296610706413
2,0.5531840731155216,1.9424322947951638,-0.9569284910375844,-0.38583175318233837,0.3188458742877561,0.7862574327976514,-5.722236108369665,0.6233424192857869,-1.386498814410671,-2.4295004660205812,10.991361679031439,-3.5447099426388866,3.953213742886453,13.48040366564013,0.3559657962663461,0.4430225205388621,0.9325048162637581
2,0.3172625294447162,1.2759394720799535,-1.7650612274228807,0.09547260141003537,0.08204272262949364,-1.5070767884736982,2.8107302216167245,-2.333809361084906,-2.742449693274495,-1.8571903728466785,-1.256786570925055,-0.031587652657552596,3.118224395945707,-3.6894301004850645,-2.635647698172322,-0.02170492442975342,0.9469993892558454
2,1.2397971215484205,3.8460239447641356,-2.22057790416197,-0.15836529005616853,-2.6114654481940907,0.19923390542478356,-19.006552533911236,15.303210870815613,-1.27326645666452,-11.193835655131304,43.35709366530563,2.0603066771690934,6.748054544900419,32.08700509196942,1.2500425941563094,0.887961269511742,-2.7584090723700667
2,1.5384455588954216,4.560823123225133,0.5998192374671589,0.8030595351837049,-0.9531856719678458,0.09740900767169201,-0.3814441025256137,-3.4332531704077938,-2.2200795423856983,-0.4404912366486189,-2.175234889334936,0.9129403673376577,1.8085509318214563,2.099906279010244,-0.9692904423592126,1.776926556140535,-0.4340183142708381
2,-1.15189160923051,-3.187362862075608,-0.5453876041598528,0.7470803742295552,1.5180423547528625,0.04496248418495837,2.29286254456539,-0.9399593478563893,1.7634730322709224,2.9142968376591534,-7.953051912993701,0.8642672080452374,-2.49204366858528,-6.518840963241092,-0.695853985557707,-0.9248032990814545,-0.4886430900570685
2,-2.498596602119029,3.0019941415510134,0.931176358552117,-1.163504384385463,-0.15824218128592638,-0.27292824805787863,13.752362954672094,-10.357890600273818,-0.22881266338314663,6.532958557736355,-27.089054939409134,4.5401366914644194,-2.4329800413259965,-22.423536244078605,-0.7342205768138738,-0.7453281963904659,1.333866562415159
2,-6.269645245998356,-13.040886841340201,0.08955153205644936,-0.5560588743656364,2.8084291535151964,-0.031013973501344338,24.394417440006038,-11.44133927078246,9.277436292004708,16.57011943397599,-62.07417447548405,4.0224874199403695,-16.41621170652844,-54.0400976482385,-1.3600406272870473,-2.675941080755813,-0.009670163317365449
2,2.2089513805270844,6.6521511863428655,-1.0089083127428298,0.9834337706377135,-1.2520005263716807,0.017653942372890606,-13.861556162947391,8.821063130535105,-3.872822544009544,-8.369531708903317,30.076018792703316,-2.487184461277465,9.157850931641818,29.565910734868787,0.8513753288764944,0.7455539100830086,-0.5968784805103817
2,-0.17971273846484184,2.8126217500761403,1.2590662172625435,-0.48790611173357556,1.334234659287679,-0.36373877146657785,11.195474666309286,-11.547462847775837,-0.9855124903004188,8.108983923692202,-24.860513677759194,-1.5263707283513075,-4.403164733332721,-19.396146112104667,-1.2486738977021141,0.8039992725308718,-2.2933937193954153
2,0.9600901890901451,-2.0794297263938244,0.7110837247945416,-1.5032002122200236,-0.3440220455928758,-0.9826020359494299,10.815956657162314,-5.970068977861031,-0.6865719047082595,3.9587950385323682,-18.149579634877494,-1.0346705906673554,-2.0404077026001897,-19.699973220721407,-0.6359550607582891,2.511613850639046,3.1405654631956135
2,-1.3074833155416634,-3.795533892562904,-0.5670869505458637,-0.5132378729452087,-1.9788744367612114,-0.15006364507693487,14.991095504018757,-9.093568305079733,1.624987667442573,8.350281766376936,-32.79011451079897,2.5894650700334445,-6.554818325656305,-27.70704768946793,-1.8236637586391753,-0.11650383446109294,-1.0403664065839278
2,0.2787637618398351,1.0644739864233104,-0.5205486031681833,-0.30795135072392277,-1.241937389705552,0.9739783329135526,-14.674862668560442,12.693446571747678,-0.010226651808634364,-7.722058673458629,31.631922565613134,0.4247724242715045,3.302552426963279,28.469834329543605,3.4756983273614033,-0.14649281001745756,1.8559776485351838
2,-0.1618274139452851,-4.249131798604681,0.9698341554745193,-1.2370811024690584,0.06966814937639372,-0.4332688104050783,-5.5684384840512715,3.4744804500775004,1.0640929269121564,-2.5629237450310742,12.994457591840744,-1.3577872526118144,0.051419668517244096,12.085800710789114,2.376692363803468,0.5168906823259819,-0.0800948690278109
2,1.987227180768353,4.022461226632929,2.7437361765300685,0.5985681081626677,-1.9138805677524433,0.2040411020725326,-1.8032917244200195,-2.24175621673393,-2.3434557377283936,-0.530658218007161,4.57122660677548,-1.2068630461865621,-0.14574224550537568,0.19225070263854352,-0.7180510998462636,0.8071053279814391,1.001672164965435
2,-0.8259090919344853,-3.8019004254215987,2.2175232959247646,-1.3367324757854935,0.19190894846438017,0.14508433814080632,9.483213953267652,-3.2589226216719016,2.2807040650388064,4.302473804783355,-24.649823526296604,0.15332762846305295,-7.692527531912283,-20.95193172188743,0.6924939124398268,-0.44334782345814006,0.30516712425399856
2,4.096849410173955,6.793736219430649,2.796437625561665,1.7054443460147826,-1.241420656656668,1.5147473963474352,-27.739273775724797,15.628923853815076,-4.361882934165126,-13.233323180631707,60.02832192660776,-5.694226851768142,11.332937589838453,55.83879835362587,3.531080214424356,0.02768385975787447,1.658765664728055
2,-2.3047889466825633,-5.251618975391895,-0.15295121164477332,-1.0896894843349005,-0.26764933393658924,0.9461532404862911,0.5161660783405168,-0.5037643763251501,5.0433273638778795,3.1890836451877376,-3.35847619658529,2.9192823357081203,-5.073108440583699,-3.8192880164920258,1.282085477232377,-1.2722614627844688,1.4649952927106418
2,4.429546514855568,10.469108880812733,-0.7258172383100794,1.9090404674941095,-0.8112892408095734,1.2885449245731173,-29.348274570791773,15.399657470893914,-6.792770761030874,-15.008126045645472,63.201168980307145,-5.1842395065613625,14.409368993375892,57.67884456393503,2.0285840653506146,1.4547368176231992,0.6876683071998169
2,0.1485692032790185,0.7397317946086013,0.024374843379178845,-1.114716806769702,-0.12010100168138857,-0.3994991896110619,3.678336401566769,-2.209234736030417,-0.24681164222009905,1.1024606041937797,-3.250047440388603,-0.31266585900287175,0.5545299478276516,-2.0204602990024885,0.051477054051876775,1.2806156462957414,-0.5795633414556947
2,-0.5025991714531431,-2.317507763745219,-0.8627960022459074,-0.4719237439063954,-2.3944962952825435,-0.29902285828423447,8.716932126465574,-7.413410370712461,0.4663396769746595,4.2772122740074625,-19.592164224618166,2.578264959459601,-3.836306378380562,-19.471559616135128,-2.261353114234075,0.8969792254944294,3.1735278441342842
2,2.671128273069374,2.275970781894014,-0.7886927672244944,0.6682720160940124,1.8936279569331305,-1.3669926231148606,-4.375211944163341,3.014322278255285,-2.5651588791501667,-5.452466170842886,13.015605780685739,-3.6755495924123793,3.5688859219294424,3.589968424453839,-2.144248673999416,0.1605665003433193,-1.0298242396075241
2,-2.2065487768796834,-5.286374488297264,0.5076452571605143,0.8517822618199625,0.34943571596183176,-1.239974608274403,15.931746621464255,-12.844083490827808,2.715051306918902,9.554393336778656,-36.51204728745532,2.845110051458902,-6.360113719074373,-33.619411702717564,-2.4997726710119172,-1.4208776586260763,2.172703389069654
2,-3.4367031632083322,-5.969373600942318,1.473361642313606,-1.4456973309248922,0.15763046310066361,1.4687819059651586,0.7535482356384862,-0.8999687161891856,4.512013721141159,5.356734053765268,-10.71462342295112,6.914302572465972,-6.310677071317902,-1.591752351572399,3.755808438902032,0.24701244827898802,-0.7910190604131244
2,6.155241446559466,9.719294348078776,1.200939890269856,1.0216095642000322,-1.5048268727279015,-1.4460797400581806,1.7168812632925021,-11.257167549111328,-9.992316663259322,-0.7856349720373147,-2.441578593585743,-6.040560600583568,7.1821693135315146,4.289326979895899,-2.9850595089478906,2.405728088032482,0.891963653258081
2,-0.0794502381871939,1.6461267545962288,-0.9250470937699041,1.1129667995272114,-1.9301685509336999,-0.4786244895986407,-2.362551328463222,-0.7656893050449631,-1.2129077997653772,-1.0991210563092149,4.12709229086041,4.430750412748126,2.6776212275667204,5.656721600758535,-1.3471968183954537,0.21630132591905793,1.9543488188342584
2,-2.9873978422392686,-2.8123008753906245,-0.06314510996820677,-2.5007131951847623,0.29114259370748324,-0.42529346887511965,23.881501488417637,-15.653318188834879,1.3493602876172734,11.49336086285251,-55.221492681406964,5.527341342695462,-8.101338536435419,-41.77706643015489,-1.6412891050383862,0.6599463637914507,-1.787918583431776
2,-0.7653107007433629,-0.599302582684902,2.567792434729442,-3.9114534611372003,-1.6625236656204743,0.6301634173802926,24.9878530771013,-16.82720310360498,1.6044745391816952,13.077654724534414,-60.412402730101036,2.0676824693385925,-12.00922799799297,-48.84164911582741,-1.1640046199021925,1.5131940860873028,-1.2512414792383773
2,1.9706346504451289,3.3344961631026004,0.37741696314097056,3.009307537209414,-0.6032374803647158,-0.29720173554889895,-21.375305486532735,11.212139295664597,-3.500644867518924,-10.415929988904033,46.594431165603304,-0.8062388432456574,10.156396059849532,41.23358976963453,1.2614587491292162,1.7375983456448025,-0.6578215723477616
2,-3.382227065137523,-8.269013123055434,1.4657941969955641,-1.5071024485168625,2.3134874188605643,-2.0252056283211757,30.522857437754325,-17.999101699082967,3.909668463875476,16.105255099286733,-69.76815833837561,0.9748636014458086,-13.136441745711737,-55.05854598997647,-1.9640452909032189,-1.6580296532755867,-1.1383438490473137
2,-3.294225176965103,-5.134300969261003,-1.541376108408905,-0.5985535998427859,2.2913660046858784,0.7024692213164161,1.3857676287213276,-0.68268025186249,5.033588978851926,4.391110058207982,-11.850562452629088,3.912717171271649,-5.365648036796842,-5.491000539487984,0.8024706691431098,-1.0218215352848854,0.873999381256086
2,-3.067081346341033,-9.763771826637111,-0.06821233510662147,-1.0132159935961325,1.7630459393769522,-0.9476134340703299,19.396451185860332,-8.041101317704445,5.604677457749093,10.447793145963834,-43.76097768437098,2.1344741144363693,-11.084760300460207,-41.20464281771699,-1.588367471761494,0.18707243917803085,-0.006391094511670432
2,-1.79714063828094,-10.045372834743809,-0.1113498333113164,1.1961823765913904,-0.17735218355965485,-0.1771331964164934,13.106573339165758,-0.6311070657209822,5.863458713997202,7.270310839235997,-26.50974199655495,5.177015961720481,-10.125503012821289,-30.596400380224836,-1.61455362153638,-1.427053100320467,-0.4693325482513877
2,0.9313163104019698,3.4529520899481314,-2.6058339816425007,-0.10667228853341985,-0.8346872126507042,0.6876822203807116,-1.362247412974586,2.8873989763880057,-0.9501453625809767,-3.1327498373347598,7.07623173447653,-3.6298113663198976,2.0273196968889544,2.165303145206921,-1.6752330127970878,-0.6894682923958395,-0.6692306742165691
2,6.372848377012834,19.391530889850102,-0.30996902983993585,-0.0035245221933691596,3.0987152616527767,1.85318768383633,-22.832576931843647,9.46051801696588,-9.302554409001969,-12.608362537763389,50.30446934803071,-14.768813617208554,14.414312129970888,50.51168679841595,1.7051396399283643,1.6200782253928914,-0.7012149424847327
2,-0.2639030756692496,2.087632852341289,-0.8196110847910018,0.5385603268610305,-0.49648948109092345,0.1704068026962017,2.0193288573067836,-3.404044602813931,-0.06992191154725542,1.0023617945801166,-4.0146293441701975,4.369772035024483,0.9595594290128976,-1.4414466511371564,-1.0920488765744452,-0.7779721506210484,-2.5639034370952403
2,-0.180598069107682,2.141756870932194,0.5100101683672833,2.112088692335671,0.2330946121164242,3.33915153403081,-27.640289695148446,14.337785257305411,0.7739734179912638,-9.270802671702189,51.53542682389811,-0.8538645940232904,7.704019283798962,53.425967789661755,5.019940395329275,-1.9731537911990071,1.028288539744961
2,0.12422239361513401,2.520214611776863,2.2206361422045156,-0.9554382228267847,1.8905072491894552,0.8283201825255821,5.07401405365177,-8.585190118683803,-0.37443856604255704,3.5630410660897733,-10.584853645557555,-2.951628734661003,-1.4427207234691342,-6.670449848442601,1.2086637906389877,0.6179163443755318,-2.23930015332719
2,2.482142679713638,4.734593692940523,-0.12285272905973593,1.7462543651888562,0.039921890745737335,-0.0191081889034663,-7.459973139199259,2.7923189291807273,-2.8076006931953765,-4.07123379912402,17.161911070451957,-5.321725585930544,3.1654841001950587,13.138037333367967,-0.959497812934031,0.9205402927933151,-1.9847178499513909
2,4.862979432756663,7.317583036753587,-1.3817220718187588,0.6613676144098386,0.7274378696307536,-1.515882061745979,-13.917937642443734,6.965619578050752,-6.874351416844114,-10.591973504875204,36.60280019102627,-8.266200638374723,11.23961162890155,30.049025311715095,-0.3538560437848009,1.2588540631110052,0.17264994646587928
2,-3.5170989047732375,-3.7482571288393687,1.0300273723537365,-1.1193017559735916,-1.6226902190100263,1.3679958950662041,4.542321367525437,1.1124025628925527,5.903454352214248,4.9128286700971175,-13.554804150857086,7.507912933820978,-7.722865232041178,-13.791311626015178,2.1557672754703545,-0.9391007458333804,-0.5691326378499859
2,-2.3018261745131454,-2.183884078483773,1.0250656230758863,-0.8890618002467463,-0.007306209420053205,-0.22896968402377477,11.050803157738015,-2.078244402591095,2.70608097156188,5.683836999058389,-26.24023939749036,2.497804597008481,-6.615768192211328,-24.74519147733717,-1.922656714964212,-0.7376995205185208,-2.1474836523692833
2,0.23478658820372927,2.022521427642121,0.7869405603283185,0.20921210546950808,1.2395071622887732,1.0779423861576687,-5.018751847021856,1.585336711063952,0.01599852356770151,-1.8633662739192112,10.921366733671755,-3.5709573750611456,1.9671544577353377,11.95217231240008,1.7694162492988659,-0.001723045123827442,1.2712391372831064
2,-3.4069711384061145,-3.8366799431444303,-1.6088224296743097,-1.8521266353656853,-0.7368456345618072,0.7732406790168297,13.765686964729706,-2.8206420509300503,3.352929171025509,6.470809018799523,-33.35578723890152,5.357329202249749,-5.51808688472786,-27.23043675567865,-1.1377001810661984,-1.0770955267885376,1.0535619368707114
2,1.144488266118173,-1.5548007826069425,-1.0487772446656105,1.12817354975394,1.0354227097303101,-0.5508665748330732,0.2755708746375484,1.9234388355444632,-0.4365242760825833,-1.4069913091816908,5.83393647126029,-2.3495964320987928,-0.04579511720867788,-4.167372992557841,-3.2580521528459006,-0.7911346643723367,0.25008967554139666
2,4.273727528206568,5.000319749579572,-1.8947941153131285,3.1616212282614904,-1.4851178405605696,-0.9681337065620068,-18.884093258010726,14.429863567628704,-5.519853308939911,-13.150989287109557,44.73179509102599,-6.142755558739125,12.378373779348802,36.07835846108723,-1.5711986846648103,-0.3124666426455427,0.1517715323017731
2,-0.19264315425446085,-3.4643547242860855,-0.667021863875277,-0.8209080980333309,-0.449653014993495,-0.9928936950889081,2.244572532393116,3.308140055572882,1.123766539856422,-0.6560158146304415,-0.041505958031519345,0.021501054618606897,-0.4108025657426815,-3.7823346111459615,0.11481828477334907,0.07386038269372408,-1.4453174155809694
2,4.513156735934984,3.9976365765958786,-1.0313381850876537,3.149221825937651,1.0507705522195112,-1.4407939011879554,-18.541497132301057,12.406601808682792,-5.521559040637751,-12.531538614259095,45.24898962353731,-7.877571439894716,12.541518422072627,34.52562651269491,-1.430090907964762,0.8314813298754624,-1.1616512623448207
2,-1.8691719534763174,-1.3549798908369826,1.5044908145441982,0.10440298062432297,-0.5006234438911079,0.8496309007632775,-4.675616390090696,6.381804268921307,2.2810912943983874,-1.0686535356055828,11.066454513326663,1.5774367224973962,-1.3286636958029032,9.125165020378434,2.529007521482788,-0.13099368238423725,0.30546520844839115
2,-0.6101955253484925,-5.488812847001888,-0.4411254560464886,-0.8825805108160127,-1.9959479918593759,-2.039935138280948,23.148690724880932,-9.496395322011088,2.226529938878964,8.602331943862595,-45.26927866760361,0.7086115198012128,-9.544748659668596,-47.95617928381173,-2.997413011272693,-0.5089634123997364,-1.2644274711520107
