,0,1,2,3,4,5,6,7,8,9,10,11,12,13
1,-30.76301832999586,1.1175529264166926,0.5494655867581717,2.139626095865428,1.6318477215680645,-0.6896003089156176,17.274265459600674,-1.250020011754228,-4.7088933132725055,-0.34138374839947183,2.676802055377979,-1.9595857470353346,1.8467989461050278,0.25908008164607665
1,150.55374335958908,-12.705421514208778,-1.99107690158019,-27.591259538981785,-0.9954935570217037,2.4634857974446045,-84.04763961864606,1.4959500340583078,11.762981209705293,-59.246005798038446,-5.089161311592772,6.759320250530714,-1.2903703708679763,-1.709450550886329
1,-90.0237337697946,7.89603351954589,0.6555449149256568,18.657730137484062,-2.1576077547446113,-0.8360419893382699,52.128341985977976,-0.7057947219063851,-6.735282896046517,39.70461010972534,2.4401207527200324,-3.1614161159360004,2.5410220134763026,1.0109794469284146
1,173.43215848596026,-15.03061288694833,-1.0908159200299354,-26.54351479544722,9.179038237652785,2.7926457473334096,-96.12988968767465,9.526486091932416,13.90206580648886,-49.93379591700263,-9.055060104464225,6.865574194509312,2.3079203817884606,0.5793147945271165
1,25.346586849836523,-1.8485144826266366,1.164500500398688,-7.3648099047193485,1.0421629916521353,-0.9020133085138422,-15.834984101154863,-5.136503246144129,0.8400283287098533,-19.04486663528364,0.70524257504527,0.47241217907140604,0.022912954469946237,-1.5661927779040279
1,-81.98555681351803,7.728791461538284,2.1673288242252777,16.13827031303587,-1.7836003355967665,-1.4224615701523489,47.544921482865774,-1.9936479934385063,-5.950087488160176,36.24855761174222,4.091550107421491,-3.0869277488952176,-0.12446384978371088,1.0943187848348
1,-78.24720716840959,8.204216263136546,2.0512375510540384,17.519882332793717,-0.3057611739498661,-0.7764010265867067,43.86106306578918,0.4913124081461903,-7.738104251688353,36.989643566660874,0.6337044906494118,-4.161484831644855,-0.27052930268266245,0.9186055540254706
1,-29.518179578506963,4.213817152249326,1.82578080444511,6.320768190560608,-4.45444981466556,-0.7004642378241893,17.081156575938415,-3.539670842274774,-2.1731146100792196,14.707823742803473,1.9337223074032357,-1.7145061247567381,0.5380603666820206,-0.4152470252271348
1,17.42908067468218,0.555853214476844,1.8656144898493405,1.9236133043893133,-0.5660498836614783,-0.010746383613821749,-9.113601458213562,0.27555975073180144,0.6214794435232945,7.064150984052639,-3.386913658485606,0.04567105221667054,0.9188702145496404,0.2162651072823388
1,-38.014722886892905,3.0904970353062162,-1.3583093728706903,4.45818013474255,2.8914123478573726,-1.1843845262181785,20.98822796999562,-1.7518742081921919,-4.09713914030219,6.910944838079623,1.4359303186016499,-2.661960691703152,-1.573035431678839,-0.0010415500356404928
1,192.77646044442278,-15.825225048738298,2.1399833882484063,-32.03126773277446,2.215690625402784,1.6897221125320183,-109.7364861135949,0.6559701858199845,16.343381121717556,-60.325041810111934,-4.6333726314464,8.747619409254948,-1.6737976328241624,-1.6757351208402969
1,-135.10653768678995,13.608072620093427,-0.6359098287428248,23.711193631093426,-13.327597628460008,-1.8506786982495989,74.18676376564223,-4.754717617544129,-10.49169709014899,50.50384566294735,3.4815341674223834,-5.268198333214739,-1.2888220656468221,-0.4073412705993785
1,128.9104842536306,-11.442627561669038,-0.8597968833397466,-25.38960188558372,3.655710881178661,0.47788230974915413,-74.0965666690234,-2.8807504868368365,12.286005543697932,-49.88786411041764,-1.1458987712843138,6.27729012144837,-0.04552855941575967,-1.863933465301528
1,158.0342252366198,-12.549247092386052,2.1234350214082753,-23.574353237903797,7.785371039095642,2.402160541835607,-86.67908392871884,5.649903042327137,12.461638889844432,-44.17728520362363,-5.387844138426372,6.069445971457381,-0.6297514285241904,-0.24103176981793398
1,-106.62394759723273,7.73014525932589,-0.8551144527022875,16.668270231665236,-1.8440529898537532,-1.816936682390112,59.227997675857516,-3.4392930274522615,-8.489647063564165,33.53257689479904,3.344619736599462,-4.027234681083744,0.46144094035642536,0.36347031141953745
1,69.34674544529389,-5.741857454334892,-0.7901919823271066,-11.721124371105523,-0.8317750486400337,0.9184298162821126,-38.85844227014264,-0.8315992732825936,5.619676329083227,-22.62088989912458,-3.0390732229455337,3.109845880807788,2.3944451794087316,-1.145473479752265
1,129.17897458102954,-9.56944721719092,-0.14968189855836578,-22.748226558917516,4.202964951147547,0.3953018702947519,-73.55273647537541,-1.2875533569149267,12.815342695179131,-39.60318077640817,-2.394341126750717,5.098430315312649,1.2808090117983364,-1.4873686998395625
1,146.23193699008374,-15.082910933887849,-2.328704583146296,-32.087335596888245,7.5970523645005805,0.30366439760436525,-83.06188799202296,-5.5109626334329445,13.654091358433977,-65.58805295616327,-0.0425176416985205,7.177437441766654,0.6992691170766762,-2.2931725921506514
1,-114.36354900890555,10.788561372049438,0.9524287944743985,25.818706882184923,-3.5737634986227667,0.5900464441205024,65.65361138085304,6.164191153655716,-9.695412227133374,54.08694803117883,-0.9150553938735003,-5.3177878997470245,0.9650209801572277,2.509845279069254
1,-23.70465137334264,3.4449235048487754,1.4101844020596646,2.5122368871623824,-4.4349840896525645,-1.0167489624061539,13.396008626036748,-1.679942986826144,-3.2597218501524163,2.968906898148627,1.3671474699485326,-1.5520194970399088,0.5534687145010617,-0.6090947418813073
1,-68.90189601753323,5.997980058943685,1.0866875371492728,12.072931060099238,-2.828183887085059,-1.2913229309528382,38.42877633703241,-3.8807632288336835,-5.60645670502691,23.430091566794538,3.6546944794406486,-2.36986073177048,-0.014812367723529342,0.47771078244595877
1,46.0606891781939,-2.7965321047484624,-0.7735645196343927,-2.6717203705067236,-0.898664777763902,1.3775337828633691,-24.30033698887627,3.850871294203604,5.651578974022016,-1.8314484796614823,-4.153440478583718,2.249771187808578,-1.2342480171356667,0.9172005116647268
1,11.659948330564216,-2.9504351375801154,0.6825509965320429,-6.807048239475207,3.2935958923773336,-0.08244218090122249,-6.8855635759759615,-3.3305344884916672,-0.8732779676881105,-19.991389374905157,1.7845964127545868,0.6713870003135854,0.5973593415522396,-0.7646468804216674
1,11.047323109334194,-0.11019973671532066,-0.6922691496727696,1.426392332055634,-1.2405497640592622,0.3577842244143775,-5.281277565869423,-0.3535488171085921,3.2554030018874633,8.06738403264985,-1.0441510021512665,1.0445984691035,-0.009491302678318428,0.6950157044832929
1,121.49710279376562,-11.341724315161272,-0.6917804226393732,-28.451468882975195,6.443117769209682,-1.463334124723962,-70.94601838940606,-11.663964526149778,10.886729700651484,-60.35841501585909,2.1811239010848666,5.28951748722652,0.36114180492405623,-3.432447107394619
1,9.916658393946776,0.6795095906246337,-1.0721861138023614,-1.088059650664068,-3.469182654715572,-0.7448808823915675,-5.861618610017276,-6.986406786698037,1.4634588367791843,0.4200360330320898,-0.16952740675822398,0.06431317005087965,-0.3813267612660208,-1.2628924945625992
1,106.42499734490254,-10.568454624703053,-0.6330932989608283,-23.025839139683384,3.953187759397725,0.1921440546563715,-60.97655605284382,-4.994260653438945,10.469116598644614,-44.40738289608772,1.055284462101985,4.9477966546506,-0.07627583557092217,-2.3263235188372207
1,25.856786123033594,-3.9234174634255634,-0.5117221658084911,-5.702643215410941,3.3341478490408996,0.3196307426828214,-14.929976341538495,0.24885113190236408,1.3060158553155679,-12.365326828580274,-0.8463601318495296,1.2548402938741676,-1.5654747528826842,0.15878008129575738
1,-146.71528633843002,13.601632377405382,1.5370820381479078,27.95174191771249,-8.422036052280895,-1.8732423880475464,82.63212976710037,-4.462261406465902,-12.817407789320544,55.14225946679681,3.322174078357072,-6.122598354810453,-2.964280590197352,0.6485887992371024
1,-85.2163834435776,8.399116675171332,-1.3546513524635133,17.800523475884575,-3.3301910839095195,-0.44670539711446666,47.33700451932521,0.7180816871308545,-8.039399086195823,36.364487641215376,-1.9820176683842574,-3.951392868891541,0.8558924741143785,1.3713623759807154
1,31.307132377993195,-2.854560618542505,2.8891806278172476,-8.948119753026107,5.159678952559292,-1.159599972613605,-18.98751707431921,-5.0005675135167715,1.6167218374677426,-20.432808155616993,3.008222350341268,1.2675634041251416,-0.6724385100358458,-1.291152794795999
1,-13.983808310497416,1.0679077351718862,3.846496704932388,3.353161344480835,-2.096988120731967,-0.8141781415918437,7.653813063984218,-2.706934181645561,-0.9567886301345426,7.567243744974244,2.974941933308691,-0.4647158092166201,-0.9477655662201292,-0.45221277720451597
1,107.9438974328298,-8.5535973928509,-0.6089244461078708,-18.441549008545774,6.655502865862048,0.8663758251592615,-60.56593732331392,-1.4450237250786695,8.954940199220609,-35.157982110473355,-3.9949376557737923,3.9585338443231715,-0.6093044094314036,-0.33584411645092144
1,-23.987940323892595,3.224376528277071,-1.6925387011900603,7.32292455063389,-1.021909114274043,1.5630618806789567,14.501227228411082,4.600388162592707,-2.4564142358161214,17.379061087161457,-3.1847395212536305,-1.5396813686685182,-1.1383570547659594,1.4100273610269738
1,97.79991813237912,-7.689551714789748,0.6024120604597677,-18.263782548326297,2.927852332299374,0.5748632076082084,-55.427118761110606,-1.851589779776233,7.966090990757568,-35.2156507300912,-1.6350272835389001,3.785157690505415,1.3857096382771326,-1.2040451801859968
1,96.41193981950506,-7.459675645261886,1.5089419825850687,-16.89492128376594,3.0658316743900422,0.7982705328292234,-54.89992356027959,-0.7175509962137357,7.691150659066924,-30.7616408293147,-1.9404733454714265,3.3356620542814173,-0.45682105383648836,-0.9426334755556626
1,-48.79313463187639,3.7117561037580726,-0.1259973199065648,10.02464763531232,-3.9170470215655913,-0.15605581980679112,28.79899016549137,3.0345917951776906,-4.022250349058581,16.76331761046917,-0.23543415930547965,-0.9847369233131447,0.07931646957187787,1.2415555503778506
1,-119.497244170358,11.897411964142998,0.9143486956499418,27.527574243496176,-8.053322824233293,1.9586907946180092,69.28501480184133,11.802329506689338,-12.955295368782915,53.85864336884893,-4.112954457754657,-5.894033031693821,0.5022483461995856,3.3147754613479425
1,84.20866266125155,-7.766239812456739,-0.5239182643552074,-11.86881794376759,2.8074511135059335,1.794405396904965,-45.989833138164336,6.709828319635347,7.008284333756607,-20.959729201799323,-5.285609896551976,3.357791087088824,1.7395296834507448,0.2874529372667856
1,159.69083662037974,-12.170141358988028,0.44078366912221856,-23.906890131199326,4.117915921995671,2.6162807760102416,-89.32188560531566,4.950043492698874,13.164744937678208,-45.52340897763983,-7.211323154667888,6.304182077580876,1.8695818675809475,-0.4972063256593138
1,-94.21884930860729,8.442486070578378,1.7783008611987137,17.574379267399827,-0.3136529931733229,-1.5902566908244762,54.63560067347361,-3.542466148342407,-8.355788530934074,35.78812737341204,3.9382477604715453,-4.874235836707592,0.6586269934622903,0.5486754902334445
1,124.02821041900987,-9.950171114578021,1.0374072125455864,-19.339318693126938,6.328262484899809,1.2802815011224402,-69.372105059088,1.6493544459382612,11.695905479190031,-32.31396060583287,-3.526511623325662,4.935125299483891,1.6663339938060109,-0.6033411835716359
1,-34.881485660740545,3.641806269873469,-0.9510214904394035,7.944669966052844,0.9981549894072477,0.16266237662691357,21.908782664898823,3.654432237038161,-2.839649653626205,18.780861740978,0.3438117347952022,-2.3149831250957433,0.29273410916424825,0.8809725623330438
1,-50.33048205576903,3.599205452255205,0.08918373511141539,2.8186023899723422,-0.35365826788278165,-1.5159690693520866,27.439749904537248,-6.154519082616207,-3.315535380491125,3.429213568511954,6.470547355957349,-1.5170250438638382,0.4242440280509406,-0.6847946088051177
1,-169.81468738930246,13.702113956467025,-0.09124514574244189,23.537381253519293,-3.01853639197318,-3.396665121652211,93.40334163079906,-10.884826364926878,-14.210171260326875,42.87029189347695,8.866834862043513,-7.339999924503498,-0.17356273898801183,-0.5412906701304416
1,-125.41708754177426,10.929301552111061,0.1966332415199036,26.95962420077264,-2.261394449381823,0.6963082796141337,71.76121634527091,8.518459368828744,-12.192175631913292,52.584720118792276,-1.3482283531601704,-5.434067202254528,0.05830947474773729,2.6076909220329596
1,-118.6185378351244,10.061644466954299,-1.1270788574265573,21.923183861179023,-1.4370265853382753,-0.7997104490502094,68.38419353497163,-1.1285526541143656,-11.961392334230817,39.96416491538078,0.7184679788709996,-5.774712219707679,0.9187543507419232,0.9736199672363802
1,-77.113509245956,6.285713640073431,0.3655710440928246,9.346633187463206,0.5198569616795543,-1.5418819974970328,42.673739619142694,-7.5326948870685495,-8.740166814354279,10.154468884982876,3.5065224131459805,-3.363900673726835,-0.05721318392486993,-0.42781367775100915
1,52.469542967118464,-5.244583917847909,1.1476058637465179,-11.320679517875597,1.280870813157439,-0.21319998781709512,-30.929342748783785,-2.0712408446810326,5.975798401964566,-19.109171947627292,1.7427622493496808,2.7072587908424577,-0.6991757310987775,-1.1024001592355597
1,-44.060529042343255,4.532515182270544,-0.7647272359253641,9.556190371508418,-3.613826434898479,-0.04652745293265992,25.45844736949397,2.511697595390551,-3.7411661038019113,17.205193888530815,-0.1602462150888799,-1.4770239908139804,-0.7265944528364942,0.48313513019044074
1,90.4462746587396,-6.8661714549007735,1.0835287867523182,-16.399679176365495,2.915798341170836,0.22320426746405972,-51.865678569415095,-4.166343477302089,8.267557872641754,-32.53716109997089,-1.6314302717857192,4.2089883900782885,0.6401143065402397,-1.5086440138581552
1,-97.27947015987083,7.596594988774152,-2.2874042210472156,16.872915738058555,-4.091328996369877,-1.491868997511659,54.58939216669054,-4.645190251588621,-3.071129389601751,43.0546757738459,5.1591355340364,-3.764655029804153,-0.7177726530795561,0.4739179609069364
1,4.527163217545216,-0.6932154884092934,0.4423928550097672,-2.385338551489749,0.7676692697440568,-0.6577907767973975,-2.1240131305362806,-2.4132245704578854,1.9477258659326306,-1.0461233443185425,2.9780882314902026,0.5538588452799931,0.6060638453793088,-0.49575660468716937
1,134.33223188366694,-11.708313540014373,0.271358296916024,-22.99093520758334,6.723011555972739,1.0717017358321625,-76.23700196170074,-1.0165315043288645,11.613990944266062,-43.92557160144117,-3.492907055920577,5.236231197703898,0.6246066597724694,-1.2349340666944004
1,101.00916317600073,-9.604367967870912,-1.0675585144688917,-21.363233282787814,6.763053622275595,0.5892654789480554,-56.6523860189576,0.6250385778181293,7.689979742767694,-42.4187469201641,-1.8019625663121288,4.232341309764273,-1.2203724292219569,-0.8607642213170726
1,326.22720472292616,-26.814333991330763,2.2482720959883378,-61.11130928103101,14.141782979361235,1.8712887209044156,-185.35270955597287,-1.7577284118237881,25.800810280793673,-125.3343858130794,-6.243830290890976,12.479642687342844,-0.9015443380381796,-3.5421308372888367
1,183.7713378881998,-15.18686409619789,2.7609319037551177,-32.00078579536809,4.915852566954648,0.9370961865324358,-103.64585274660436,-2.221638979390922,17.157714269931976,-58.82474527965732,-2.18769646655252,7.48228095756547,-0.957675221408325,-1.5090754819808876
1,-64.5542013867521,5.419321333459308,-0.7290398918205012,16.709961077842603,-2.197223617109825,1.0360306584567671,38.24089772188684,8.377933996378946,-3.2230243569783354,39.98907171534809,-1.3443444234412014,-2.4132801102177632,-1.3330549739250024,2.026885169530534
1,255.0146761756777,-22.03754005227233,2.8482498696293823,-46.63474062700465,14.122697972362552,1.5799114877135014,-142.52647750167102,-1.4775946839764933,20.959040768490368,-92.80652582771324,-3.755409276467373,10.024656749809582,-0.8817587580363476,-2.156331819260546
1,34.34513017737099,-2.7358431036023028,-0.868797282178096,-5.839611013598298,2.498028405937019,1.4114808265729841,-18.608131903674703,5.625723931388299,1.6890997629037787,-9.84722443906222,-2.7413941234792847,0.8336429647862302,0.05696081603271537,0.8173531393594422
1,40.57806398195777,-4.196904890041976,-2.8674426827956814,-11.757016362617318,0.5380194071795864,-0.5395981968572101,-25.040658633281872,-6.366538552613694,5.870263064720379,-20.752493171125437,0.842639472764086,1.9022311861654955,1.9868073818363368,-2.004135310648771
1,-60.10557833890711,3.880470501676668,-0.12666312300191282,10.65786304337207,-1.0289133322061979,0.03731313906543041,33.566291887835796,1.618055755728278,-3.1098348443255994,23.923761699590468,2.8783775524789426,-1.4830893435268486,0.32922434720052074,1.027153135206114
1,-75.02035872011403,8.242067973595157,0.13430229746674305,14.581680641003116,-6.381442222459872,-0.9951260673723196,41.66174368585415,-0.5220523927937967,-6.956350460978673,27.52916684637806,-0.5042775263933715,-3.195959176836866,-2.0881626376591353,0.17760203328042012
1,5.8920766989488795,-2.4819297745242523,0.5168226375231406,-5.932447282699551,5.868380668857602,-1.0163451688608183,-4.235287489301465,-3.0021855763985013,0.6193459165122857,-15.356280433865507,4.285021874360102,0.4847544295195791,-0.1269203950836904,-0.5725482271783358
1,-11.55855196397916,2.8023692576851515,2.4899059271679898,7.342868234097613,-2.7609387704716437,1.98700724718372,6.690671650487196,9.155912040842214,-3.3464834314089678,13.063686947722038,-4.12718127325184,-1.0750259333863068,-1.0127062171357335,1.488154572763063
1,-157.15643126736137,13.940089652278074,1.3526315102237236,27.180503485446383,-4.341786464598039,-2.107676715978097,86.82919966646575,-1.3127886762214191,-13.780174570610548,51.130659281600316,4.646358763428673,-6.636550642079073,-1.6621790551997093,0.7497671715624213
1,-26.497308156172107,1.590757129866962,1.1420283033696463,6.6685399930712475,-3.2533616000491303,0.6333518979378804,15.587253554293211,3.353876046379531,-2.2310029372013753,11.523213873306453,0.5375979932883772,-0.34964570726097677,-1.53000194491846,0.7757302870371916
1,-13.321567762902104,1.6081119195147209,2.2453665179959694,5.888703128139727,-0.7175447812616783,0.9701783395229906,8.076102569016603,3.2653659760139266,-0.40669344832452375,12.064153203185894,-0.18387228063881716,-0.027379425215824486,-1.6225904558608484,0.9657252539937904
1,-134.0116364843923,11.5080097676758,1.85816203710253,21.812216662561074,-4.458543629811909,-2.0496419550503178,74.47519211058247,-4.089453923960554,-12.11982545562841,38.87515565324429,6.010425847042733,-5.460435234175068,-1.6469083333036458,0.494062068555604
1,-141.67376756586964,12.532319527410305,0.620352126978909,27.350049119886226,-4.44386110882388,-1.1436484356819885,81.79807860570457,-1.3423077655584708,-11.602130175991908,54.07095990785666,2.78764168406328,-5.968203466791204,-1.2925548193198813,1.8917706676419614
1,-11.750751257917655,1.6354225926072434,2.6336675107857888,2.48926804168766,0.1929035362350038,-0.17242768593529542,7.783389367346961,0.8536224361232472,-2.5335446042766687,0.6248856465955346,1.0767460347896085,-0.9849734471357058,0.33658843537073735,-0.08354713486036874
1,-106.8170471237104,10.009637137915046,-1.7790068795774456,17.418342222360113,-4.473572769042497,-1.5581170109279296,59.39561214567264,-2.999273180609837,-9.583546871303914,33.3508230024866,3.4473883763136737,-4.81391818544493,0.20440485202529027,0.13490643204889227
1,-132.97913374942078,11.052930108860208,-0.8445274807088684,25.703709996221786,-0.25428550238375847,-0.6519816562279432,77.44520716013784,3.260490241441405,-11.836765121373412,50.09681364233483,1.0151305379301916,-5.8061790343502135,-1.110173614050334,2.5030481786881564
1,14.953661167730216,-1.1173538822905809,1.4238810226102254,-3.120195682769019,-0.558901606841835,-0.23097895452526246,-9.110896358131958,-1.435234437355304,1.260772638185477,-7.71816802102742,1.8624091377108478,0.9522803139414802,0.3214411487815964,-0.06946960572567831
1,-20.87455117537759,2.012806446081454,1.3557714108603531,6.425922441353541,0.38587832270674904,0.49916419581267873,11.682374833865424,4.145118055848325,-1.9674980900070311,12.734313864658189,-0.28305970162863003,-0.899279614022121,-1.6189162930769654,1.1609899385115878
1,38.02667173156705,-2.0720893714937816,-1.307825473450778,-4.351452847280553,-2.297392164544946,0.8859823264584701,-19.907624124733225,1.3284354567551282,6.123681722293357,2.284705457209509,-0.7370751162378285,1.8169954141169784,-1.0183673401048243,0.3249671266417135
1,-200.2330309062925,17.276752225956326,-0.4661274880281524,34.31373092250137,-7.453058939904807,-2.2946478805996677,113.62510058658933,-3.7858608920683894,-17.141744139724736,63.8727456684586,6.024924568149484,-7.6727929298718935,-0.2822711147643083,1.378942909318647
1,158.9264246953101,-13.31603321416791,-0.07113440076055283,-27.852750556162302,10.975513089064462,1.7134122028854728,-88.70316101472942,3.4863166554743032,13.13718044684685,-52.575267451308235,-4.655086048559526,5.079999469409017,0.23601733088367757,-0.6288474369126912
1,0.17782239362332708,-1.3607671893095434,1.1055993700168367,-0.1227383874181637,2.0651194863486872,0.8183311715782656,-0.47433023842770766,2.594124971388561,-1.765828023836956,-4.7101032843868245,-0.935629530979015,-0.14295538148983372,0.9249085719868573,0.6673536318428435
1,-38.587948745959324,3.2313598786928335,-0.10175237907146548,4.644816845758391,1.3693551236816521,-1.7676547812061374,21.41053374717272,-2.7338430244563696,-2.6192898037360535,10.835634592859376,3.118031183725392,-2.1860505521835565,0.49925112079243783,0.028351263283687755
1,228.81523971477796,-20.62775271407088,-0.5579360458792917,-40.472472100729895,12.195083038888283,2.8275438349647573,-127.86266106011021,5.795790073954639,20.76691822003562,-76.30769556842722,-4.65960820800926,9.132995765157464,-1.4835271859936852,-0.8410478923006601
1,-29.494183813842604,3.0852042744000836,1.084957343759333,7.742862048915448,0.5763155431452391,-0.07344852177792402,17.813530845164383,2.0285600381926097,-3.8832424502876637,14.95946608908809,-1.7621367757798938,-1.7082881816912519,1.4384306005163128,0.7754830757583719
1,-17.120428571041582,2.409986840828598,0.5707876200880951,5.289940405225677,-2.2985496149641715,0.7145542254862083,9.580934818052127,2.7068144186115752,-2.210449350829348,9.614310066236618,-1.0740024675507749,-1.174076992612026,-0.1517678245764419,0.1269635957370019
1,-36.95857248599458,4.206072078996058,0.9864937325059951,13.587639411113102,-1.161825808996115,0.8708950705876746,22.491063495659915,5.361870564129097,-1.4397296875918617,32.725950208350184,-2.8432276873320417,-1.3108897147011445,-1.3593436905237932,1.8050468804979696
1,54.91774535875659,-6.133081392410761,0.798723390542818,-13.085829124374607,4.897519894136217,-0.2764552074119842,-31.917077044506943,-2.396607839644651,4.205940280686464,-28.06931938254584,1.7711507388016612,2.04221208130935,-2.253755077379618,-1.3099393105818673
1,110.60989680596869,-9.455632329070447,-0.48692270635319473,-17.27002874582867,3.698701566903165,2.3162062502189245,-61.64914131655872,6.907662581393232,9.345106153709223,-32.035101907737655,-5.068550813300279,4.477263700681961,-0.5630173611493134,0.2697900614730551
1,175.81954217666393,-17.83717484310046,-1.2467862356078854,-41.2992343237343,10.190480884194736,-1.3113775535785106,-101.54036022398496,-11.424634287245723,17.655949176924512,-83.93804840251737,3.6574510688000825,8.457888645063557,-0.2663148190506829,-3.188695979384109
1,-27.960741813118986,3.8447945287621224,1.6168064230881571,5.835959710654159,-5.393271617993142,-0.4009818835552275,15.180227966602049,-0.6222625733960392,-2.0064043708751678,14.399371824580914,2.141355875064825,-1.22424878599923,-0.8028894344283072,-0.2240619370747551
1,-42.77895330471573,3.945463163540167,2.348661343492324,10.610666286790055,3.2987551382800437,-0.7671765366837092,25.015076847849688,1.84338271549301,-2.6259806979458324,25.302615013541917,1.5945263699364822,-1.9699144206995824,1.172606949626902,1.1800832582450436
1,109.61272975756143,-8.600520341016322,0.8617841547980443,-16.24831602612124,3.1261356896075956,1.2510299231896211,-60.80883863398261,1.3424332639313188,8.432538958384304,-31.33477137881673,-4.686343076579764,4.452606621008918,-0.66792621561891,-0.6648331634989785
1,-201.8826469233305,17.582430124542142,-1.6121572833560391,31.64513266229308,-8.906125999676481,-3.071243747217829,112.05009232661118,-9.338472601349968,-16.920594538988137,60.62220085298032,6.05139716411766,-8.462063586431295,-0.4128603750479023,-0.23023812123976456
1,-77.12769173270475,5.0449102857958215,1.423281127237151,15.506675796048746,2.6393372152716257,0.2695927058107078,45.47400867941001,2.2252525867890474,-7.666827353542941,30.910253046781694,2.245853846931981,-3.7836336587621164,-1.3570811888002257,1.8256611115082761
1,-56.71216463756855,5.183908166375566,-1.0966201963671796,9.984977192093055,-3.3573954402344963,-0.5107260791189573,32.63542077319096,1.555735391930947,-5.0110120406115914,20.177954181348973,0.4970866693700238,-2.4055517707851175,2.0210517380266064,0.6827515104411468
1,-113.93198575357438,10.22629093840881,-0.3394540954763395,16.591470778966556,-6.583716366567151,-1.9427040030604834,63.12417167912543,-6.311107373181421,-8.172513216104232,32.709947501374685,6.355482600600821,-4.40565611136126,1.9270550040891452,0.04369046014315035
1,76.40948219869045,-5.120001168016151,0.5035788148849363,-12.370210030518317,-2.0435204738505135,0.6397172940725847,-43.41637337568281,-0.4951193808071702,7.3748223529672785,-23.33864079241751,-2.3349555400966913,3.4546355552005164,1.0582979499466374,-1.181258089775225
1,-124.28741279268951,10.418420460390902,-1.2048576443798769,19.934818058097644,-5.593135052733463,-1.8784411065322497,69.5455504087579,-3.1653421618890127,-8.77397358217037,39.55789972178645,4.665755452574237,-4.148300729322254,-0.014797688339271723,0.37550809580971023
1,-7.112058730384348,1.4515129718658628,-0.43133074121433385,3.168145184958427,0.9404528149371253,-0.6651498608994464,5.183632223104886,-3.05061103560112,0.05486008664401077,8.209732810707958,0.39588356694602733,-0.4108877963905438,-0.4837635547772155,0.08741057778595934
1,-91.19012766064742,7.549789927111646,0.4098072976496867,17.118438053364567,-3.9810258928357913,-0.6172824665038383,50.95066217858067,-0.6075285224323802,-8.062381988869928,30.848295711471895,0.27962382905473804,-3.5091293234974192,-0.07898625369853801,0.75328400311967
1,-103.23046243524412,8.500320936005586,-0.12853072090990914,21.180905822629146,-3.1383995920829078,0.06852775548631544,59.60570438105276,4.60151290815412,-9.241989792001577,40.57571253975823,0.7032510524145777,-4.0637631512185,-1.732711614320416,1.4704106463059141
1,-110.21742315212825,9.178952953590091,-0.6787846780771387,21.34329791871476,-1.9057521655033907,0.38636718093060723,62.655574235293585,6.899952909149817,-11.059001116116228,43.44409558439575,-0.4843960427312137,-5.332434648609885,0.3017620300515951,1.8935523374788346
1,22.44992913369635,-0.20889781737266994,-0.46901409057646914,-1.142973696921481,-2.483937401761933,0.664598118968821,-12.62342357592796,3.7158828578150263,1.3294327025019486,-2.787718607234725,-3.6985913085295654,0.46842817626570243,2.330848073950022,-0.10211362600538602
1,-12.9443682536683,0.8886464902011614,-1.4032794297027062,4.084459338040424,0.5035420063667827,0.6309646285175037,7.648399453558914,4.880645668476955,-1.0536537111195197,8.080340062643096,-1.8802730370922622,-1.0889408251746664,-0.8134393292057487,1.1945607336566364
1,58.94117254814941,-5.780245011435859,-0.7020969308559161,-10.492817452790867,4.712020392362464,1.1359701936015616,-31.967677034789425,4.363266466221546,3.3226742617708025,-24.482849303548146,-2.8926116723456734,2.690916514275764,-0.16168916251531407,0.11846857430549881
1,42.83695346568489,-3.8929840880381104,2.243266178096544,-5.765482034033996,2.151145630658651,1.2059329948070097,-23.330203285626602,1.0485211891301995,1.8293321785318635,-14.245276496391112,-2.0424394265762613,1.3360105262485384,0.5694555134182567,0.023241630511774074
1,62.789662308051504,-5.7552040433886775,-0.6346584132036109,-11.94314665060196,4.733467057352567,0.8348392424393886,-35.509914195266845,0.22601708076685142,5.216974362462442,-20.652383445625436,-2.8251742311233157,1.6822007627738151,-0.09871167168642292,-0.5169075405103668
1,57.186399329803024,-4.780071257991986,2.024461288419837,-4.8695464941456805,3.3870041926697887,0.9573337363096431,-30.41302167809269,3.2484576631231046,6.32068373377815,-6.864527583327713,-2.1741262687552916,3.0003839968075243,-0.04397368638357205,0.42958653977447187
1,76.49372555263531,-5.102559400902593,0.2738702210866274,-14.085647708492795,-0.23582293199232293,-0.3462967473073057,-44.415025586189785,-5.3718683356541,6.016820772301178,-29.06690542817599,-2.673339627995219,2.8889445797728293,-2.375414224364516,-1.6047906327653674
1,22.77463930553469,-2.4393604858371285,0.2160184082085855,-2.8890471133064826,1.078109359068591,0.9621407252857782,-11.055631327205434,5.896057784815604,2.314043201449357,-4.787133068988859,-0.03692988234687773,1.4092636935372436,-0.3991447192333333,0.9845354304728416
1,66.06860066911513,-4.860523240721787,1.7482345667055899,-10.220328954941621,2.0248511953978103,1.132558825945241,-38.33496780128961,2.627775331475987,3.887234197837304,-20.860909782550436,-3.624564620809199,1.818486061138513,-0.027032903753707226,-0.4837945957922824
1,-53.58212027780889,5.16754325469886,-2.227167162056263,9.112171675067172,-3.7497390094687373,-0.2006575506292806,29.938661593386083,-0.35987632579966833,-2.2779952844421767,22.814268096523747,1.4172556337348945,-1.905509896126717,2.094981855502691,0.0169101275080486
1,59.669607751519834,-5.058486527757603,2.0185227071451823,-10.356017237136545,-0.13628231869541685,0.8188780122975393,-33.8930975430184,-0.5663731269672861,3.3987238337762142,-23.89103064293365,-1.793132448333195,2.668733830623262,-0.354923281870976,-0.8518952956909289
1,-98.91579335934303,9.485610373169674,0.6012861285171085,20.592940184164565,-5.965839927575833,-0.23665471300076088,55.88790473988537,0.6323791834917886,-7.915428009967952,43.94899605934727,0.5919778430746123,-4.036188171312806,1.059090840043261,1.2855067676853391
1,-171.67613083514124,12.379201245764797,-0.6707002147041401,22.952201694198255,-1.368556087526025,-3.4944518240466125,94.64723665824722,-10.84612477816718,-15.687051583181638,37.825317487387366,8.001687202826442,-6.993669452711382,-1.2552908152274098,-0.5552259102825517
1,-202.60191253703522,18.87068036784271,0.47935812440436487,40.63536814164971,-10.093078741492038,-1.0788349326999191,114.68593937972155,3.359210281693326,-16.449551739907335,84.1901284769634,3.5474015851086005,-8.177170374321747,-0.41684088470103925,2.206330980978983
1,-1.8342916956098219,0.3311895267451151,-0.5525455282193614,0.32624569154417515,-0.1279832911138484,-0.4294526242713718,0.20362343174668457,-2.395651224320759,0.9184942563855015,1.0254030148719473,-0.30618563507854746,0.41904633216158205,-1.2762628613304898,-0.3656734743683434
1,-28.24311204916984,3.269816023455294,1.3931166409631173,5.159461948907386,-5.906017903299225,-0.3591708496610865,15.282028350316718,-4.144729600789003,-0.30064582056039296,11.052627165779397,2.289068358618505,-0.38276803092036515,1.5510732530025655,-0.4122900063820301
1,-24.50271691443837,0.5523894805099864,-1.6178237042249,6.823851810762933,3.0776527303398455,0.40076501638808176,16.701507387438067,4.56683882584423,-0.0161463045693334,18.64603560213237,-0.7258175505066152,-0.4483932320555318,-0.18057403324851956,1.6970625891441624
1,-38.16764057627314,3.712248345210061,1.2696704755545165,4.314745334463424,-2.092038124863867,-1.397365365388332,19.04614936284122,-8.259939251705074,-3.69690125455774,9.57007490194108,3.2025305734975666,-2.2764848177664487,1.0443508920125346,-0.9014189583390919
1,45.25501092292057,-3.822879213276919,-0.1693214322599707,-3.5745674499880282,0.41972384040855776,1.330147937980146,-23.5876992337712,4.628850238767662,4.811933018147068,0.07983808935041785,-3.262836659332385,2.2019107968228058,-0.7775438208982312,0.5872100429081786
1,-212.89482812745865,19.024544215295993,-0.24306236160913425,36.950884188091095,-11.487635873908392,-2.5170040271973164,119.03991456698553,-3.786564195139156,-18.520068128320418,71.17016233913424,5.7678634305421,-9.136027209079115,-0.030886121964772736,0.7306705268104128
1,-73.75108597601808,7.121225643778541,0.7874249444738041,18.062768449155037,-3.8587436439230185,0.39613103203333616,43.94635394506283,6.434596564657331,-7.170080962673762,39.45489087991876,-0.4660059681163888,-3.6987753733576487,-0.0800843581188291,2.2461609312214375
1,82.94805799503047,-6.72080418258033,0.7284589418350469,-14.769436078289509,4.793786915533588,0.47590915877691564,-47.031109021374476,0.8827853557276027,7.641425360348703,-24.35954880115267,-1.513162109060629,2.1796158087374784,1.1112997915299,-0.16991430026026533
1,-90.85345082992075,9.789431526891137,0.9637108873844014,14.67872868358667,-4.563311984334841,-2.0886673746071827,49.95171712699521,-5.155611414293597,-8.104162279302171,30.15024998710384,4.578759126138901,-4.875380677016009,0.25270564560541514,0.12024495233200291
1,7.014640301889386,-0.6342112989667794,0.6940963813551363,-5.451655135358029,-2.8491764905972925,-1.02767985625407,-6.677698876742424,-8.496024811161435,3.026930849284847,-11.380883122216327,4.995540949057589,1.8203795412359072,0.08909717092656638,-1.737467102646691
1,-120.16686408369308,9.329888529202652,-0.22218722852603157,21.688022884456394,1.1310640397333747,-0.7404778883765883,67.8804738846403,1.599426296796223,-11.837707304501716,40.56856999299416,1.1566938332413532,-5.868677077393462,-0.2726683992529842,1.543928233217122
1,-82.06657389183464,3.9819539387488883,0.8748918557330735,10.89145618945709,1.3885829525497388,-0.2584009076639194,47.72600459850772,3.7754275297211124,-8.229990982054955,13.69486250909911,4.339383890159627,-2.645663495445414,-0.5643400384429466,1.2751757872879455
1,-40.393724049015134,3.164936023454906,0.058072131054986625,6.028582598542495,-3.8240508253925625,-1.030513352668458,22.865610421056168,-4.7891937014784824,-2.972700915432047,11.125067051559457,2.193859916794524,-1.5711448463589581,1.2011337625412402,-0.20366415328795828
1,56.175851978022,-5.303792764738436,0.8852420254253665,-10.359722410729134,-0.0005559481176756524,0.6158481946099001,-31.284252790790937,2.506121256253517,5.455762880148889,-18.915880545129962,0.7030263313308525,2.8702559799586624,0.3286548241116324,-0.5519906012286306
1,94.92325571807774,-8.628822341644216,-0.2644554328745853,-14.735487787342928,6.891511905143987,1.7121162814394497,-51.19802188890944,5.1445864803840795,8.524309480448098,-26.09372824986027,-3.7722500490197928,3.960881196425565,1.0794505549412414,0.5073664947063625
1,-25.306700102654275,2.27897195227776,-0.8295163668048413,3.0817601123836496,-0.49800718493974716,-0.6002642180504273,14.014364491719242,-3.5486500615270935,-0.7070655904804716,8.447454635544144,0.42456169908502867,-1.06411797964259,1.1309607957542596,-0.4631135841977072
1,-34.355940745543236,0.3885543089600861,-0.3095576949233181,0.7491726264992482,1.3102744815216603,-1.3742187053229562,18.072858419188023,-6.318559154669607,-0.9231832510343366,2.7658478184885893,5.3707837712345565,-0.26833761168933085,-0.3959645310845572,-1.0984431699335637
1,83.851784233468,-7.488490900738161,-0.37201048641286366,-13.837550028670465,3.068144264040132,1.2725008308201766,-46.67741532045404,4.2723507121305895,5.889932543498646,-28.452039450352096,-4.312156710680031,3.1217472540011166,-0.7413196256212545,0.014552856086360894
1,61.20939309694517,-5.226546150266516,-0.5652364783499962,-12.847424606892847,2.551288279426446,0.7542504601896889,-34.44596276742613,-0.6629672015052319,5.2919695783268486,-28.173901142677963,-1.1293258635917944,2.826716439038747,0.6166196349365456,-0.7302467454163841
1,-93.85142891728778,7.964101751317989,0.7312012084057757,19.67586442211736,-2.705473703393259,0.502712102877482,54.045559495257066,7.464419185130989,-9.843101064339029,36.61489237095275,-0.01999028412484902,-3.8433440342911416,-0.518500457620359,1.9681963839398298
1,-88.12214049703007,6.4940629146911455,-1.2732667927668804,11.895335258686071,-1.2892863782557666,-0.8903382628722505,48.64966280422882,-3.253312608069482,-11.184938307596905,12.335225308175314,0.16375628885823384,-3.92371715189211,1.4191713311798362,-0.4000753642983611
1,-121.61386960299211,11.652002342944805,3.265646206569149,28.556918028141276,-5.210282978059495,-1.1370840096713124,69.95395801339839,0.3737407055867666,-8.713650412424427,62.80195212061734,2.8191974196961564,-5.1536392554392645,0.5308364327979911,1.5653654028287822
1,138.35917736925325,-10.108293915710876,3.1154446214686256,-19.800630413600995,1.5771935186210422,1.7676859445182709,-77.95004968216203,5.108190499016213,13.526414769670529,-32.05205915518838,-2.5244311203197753,6.214506288930521,-0.9752651977268489,-0.4606946847930379
1,41.95010174982597,-2.822870985745944,1.1404218201401641,-4.800376504089513,1.7184627620077497,0.8647282366198753,-22.377899862597413,4.09734313469923,3.05026296314544,-8.767937312844552,-1.8074289923617546,1.642302882585464,-0.37648505863888454,0.684796818260062
1,-3.7060580823754457,0.6337464057136794,-1.6043519901438508,2.5455028820493846,-2.2235610476350205,0.34401058038389537,2.780617115011103,1.717540120086051,0.9293097400801223,6.882515380348997,-1.3962927004993566,0.25390251846789424,1.6192214578713235,0.5418966180995717
1,80.88094524634495,-7.979868150928007,-1.4007587165932436,-13.937683254475848,7.0341563263680715,1.8541319539803491,-44.475070913345995,6.302658086541027,7.155661565805003,-27.763455415184428,-2.401452264291684,3.2733380065386655,0.80892665164357,0.9618941867840686
1,-53.08840086236211,7.13816581111224,2.19848024637021,19.469065510801595,-2.354156549651537,1.6042356297334215,33.64010598689941,8.624347653145096,-5.0997370256152985,46.84885294979146,-4.1642473914956675,-3.1963414249852176,-0.955996107444326,2.9702563136690623
1,147.03826859550506,-13.885340815690709,-0.1869430864587775,-30.107368719947726,11.32810039366149,0.3644588747331593,-82.68560118802806,-5.9353008726229755,10.45583381765159,-62.84882223551874,-2.1955236877966056,5.0594202645947375,-0.707720895693834,-1.5048060204836087
1,98.22642735535139,-8.400622719845211,-0.16482471464647952,-17.53840565044896,2.277811363065617,1.031723102257557,-55.27066462032282,2.467806878802472,9.390450025650626,-31.247890164858482,-1.0176791588040575,4.327601866710219,0.7682080831664169,-0.8327172949744478
1,101.54905595308959,-10.163916610372793,0.06278772083621616,-19.544156283392155,5.887779266032389,0.44740752458424454,-56.112182889452335,0.9783699606662818,10.489913576133555,-36.65612468645188,0.8484109569135783,4.943603338396675,-0.35468562982699237,-0.1403572319181141
1,117.22148655511634,-11.16889112660351,-1.1625594166295647,-20.37794674516757,5.406975494591198,1.0734565548452244,-66.1778327691359,0.0022939738384743736,11.110490237403011,-36.56264908025231,-3.1882828452825946,5.150565463174191,1.1534411488480725,-0.3507483973491299
1,-28.372071630311265,3.540021957160907,-0.43509649410561674,8.980966493210431,-5.871039498189145,1.3782529916059987,15.754213391052513,4.206177135882604,-3.8566172029045354,14.613989604662692,-4.200015281372958,-0.9175472031989556,0.3620419344225831,1.0318466851271264
1,-85.11554137141209,5.776523345771052,-1.5492544827242578,10.987686241285822,-2.4709978486342923,-1.0849604318837267,45.96225921165401,-4.3195007292511765,-6.908538890375976,18.86029541838277,3.6470536386700108,-3.264693866544532,-1.1732815000174133,-0.22940344493920517
1,-40.04084889218065,3.659924352185602,-0.5565923263022335,10.160928161383374,-5.446825947738574,0.31966378245517685,22.748239152182155,3.975914860228133,-3.555866580733818,20.05045076284797,-1.1952718230004584,-1.223736184366241,-0.6279682667605786,0.752459195358699
1,-38.28403840588426,0.9700981747141737,-0.3566593121783968,8.546305454112508,2.7172223970964606,0.0821664856252721,21.51964847426203,4.164149745345132,-2.8626309639849232,16.15777447389193,-0.5455879037173142,-1.1322978548631302,-3.503370804238697,1.25888966079471
1,168.89080441347005,-13.954479889647635,-0.40526349204861617,-26.097207621297798,5.759175775964533,2.3157580926537995,-92.52558501681338,6.7141514073862805,16.272064917271173,-43.63294196858966,-4.704647838022475,6.659091126926157,0.9681791527623033,-0.010699803001999006
2,-32.63668780131093,4.260627071518902,0.24314815161566114,7.189850580112977,-8.074923609852076,0.0203971418929364,17.04041273947999,-1.5777140254951592,-2.3480395864280434,16.570205867188907,-0.29533023431864874,-1.373806539200622,-2.332424033843937,-0.5739280665376278
2,-86.66747302452522,7.493404204878126,-0.14968684834043824,17.49526629374882,-4.648222116466191,0.5099710874418396,49.6745168816591,4.765324390361984,-6.379980627105722,37.11328797722998,1.7963172323008285,-3.3940702722059046,-0.7905271851089535,1.480960431412147
2,191.72897528054258,-15.745792075128774,0.91340533853312,-32.28479719769128,6.424844716635939,1.4520773341903326,-107.54570195492946,0.0119742035436797,17.49269550976821,-60.60429639402371,-5.067273147185149,8.20515345034816,0.7174702474346379,-1.4204008627038083
2,-251.72198670805142,20.82691257155885,-2.400156515319302,45.14398467847533,-10.70222853689064,-1.071884101084971,143.45691223198696,5.428933555066756,-20.393662427965246,87.53357870145058,5.425708740897529,-9.428347611649754,-0.445150324673945,2.8651025856250714
2,-34.9087597318993,5.600808310701778,1.1360992476024747,8.339202699972187,-8.110775167197172,-0.17201864276179465,19.20123283840381,-1.4736816516628959,-0.9461188189669708,23.040008876850973,1.429234696356644,-1.6030081671097531,0.5128957220950429,0.12352328812151209
2,16.231012432169027,-1.793388216624104,0.5883679403997831,-3.933850972412059,4.279938175515681,0.49179664512365,-9.845968864695653,2.000115464723923,0.4488752434136413,-10.14249809378214,-0.37180845904407644,-0.6669326719455986,1.008334151578937,0.5241843348710573
2,77.16252425883349,-8.140331395182114,-1.7771653990689462,-16.015000711818278,4.821501927569003,0.1740547923607284,-43.26633874103102,-1.2631608698072672,8.68017331830268,-32.73700076216739,0.29194525541677296,4.038147371460977,-1.7288792156999013,-0.6758904559721047
2,-40.95731329300167,2.5149271908955884,0.6030620228593,2.0550240013452505,-1.5029938984958586,-1.3085515360760918,20.938233057042478,-4.726228801504372,-3.770779850506229,-1.4905592227494446,4.773396516447047,-1.757432379110959,-0.37458336160047834,-0.9947173748254139
2,129.12399379058874,-12.08845864467244,-0.3207313787455307,-20.702574203855495,7.53320125152459,1.7990243838200275,-71.00004359917396,4.758965695333085,11.999461090458112,-35.862387219530454,-3.5646637633196505,5.294918386627954,0.7444583197655252,0.16369130526437065
2,-11.528289538321538,2.3490706953641203,0.48318920319207315,6.411135104303079,2.198663950016418,0.5789115976663811,6.851977438788803,6.972518135460173,-1.7321370970789736,14.505231906270277,-2.818923179106632,-1.6646753010547237,0.31485035597552835,1.0534714957854456
2,-94.30930201286182,7.387598335390823,-3.6794632790282678,13.058824130775234,-3.6747140861719605,-1.3814071313106224,51.58598538145499,-2.130494446401697,-8.057967894645627,17.241650010193208,2.3526641976161704,-2.899774214466201,-0.9276047824865475,0.16000876519318208
2,85.10808097171086,-9.008784832315214,1.1121699183954417,-19.147221734377343,6.570364096761821,0.40468350532474373,-48.50257580991717,0.7360078396326748,7.251193349726595,-38.4470947991753,0.8406102624723785,3.5660973970181677,-0.5338761300842068,-0.7698882277019818
2,-119.45603641248154,11.766197951936272,-0.6889721294550888,21.806224263035727,-6.205054485911938,-1.4114864756980772,65.87523424281443,-0.9233167740142562,-10.003790242271512,41.662387481940264,1.3567836512954663,-5.440017356843416,-1.9728683569048588,1.1825751851930542
2,109.16987161047409,-11.126036974922844,2.75606748580798,-22.801975107256272,9.166200132804898,-0.6553629282832898,-61.03110461545743,-2.257575765396779,12.051635691907036,-42.48997358065728,4.393559032272501,5.106989753112052,-1.0364489940858526,-1.348209252372838
2,9.660416377181702,-1.8132047181972866,-1.6928468611531542,-5.853357499265265,-3.6428466831134876,-0.3380539078498755,-7.7645521322005395,-4.090862198795972,1.75199339780064,-15.382553114565587,1.6284220694879399,1.2972994966707687,0.7924123312729431,-1.653210236108925
2,39.96801098151312,-2.9919546978128624,-0.7697887931634564,-10.76746984357361,-0.9646202987880605,-0.21465940179953377,-23.082603912866265,-1.4212749416534676,5.2200066858619465,-17.530580641753737,2.1338704507039687,1.8853466818803817,0.8041234299560129,-0.7809168996839473
2,27.636617986345865,-1.7644661294122157,0.4675862001871313,-7.167570264328414,0.421362894151994,-1.0750977408817453,-15.911780044089388,-7.6016665804931005,4.3594767328145485,-10.08941501099145,2.899771859683781,1.4394949160924382,-2.4682588313459046,-1.2452843485661138
2,-40.84127805934517,3.9187469331437432,-0.46806280727198096,7.58107304963246,-1.185468181885965,-0.275781251147813,22.225739231158567,2.260421829179944,-1.8060412445921785,16.199889641214984,1.8048068481878898,-1.7116754486158174,-4.273030233412824,0.5833594048438784
2,58.98564359410611,-6.344400495123207,-2.9391828851530506,-14.03077589049699,3.4990382128176494,0.11182920847385071,-32.58380898821213,0.40445231470872883,6.43461314975665,-26.452140245502886,0.8150301761846271,2.9402246287427785,0.34438764865063815,-0.7153760923096206
2,47.26616944700699,-4.124705223801561,-0.533272568915958,-6.8402380505446665,-0.7798985622313073,0.8064036949555634,-26.03444053104033,0.6707354026760101,5.261443417831132,-6.818726742493043,-1.645772817300493,2.3924807057111375,2.5184010293147003,-0.030314841527192646
2,-4.998581410930665,-0.12980611483176124,-0.9185550423052553,3.3038520425798947,-0.09673668516716967,0.8378446998273106,4.229879517070278,4.314715151249633,0.008756093877944186,6.131440826585265,-1.864681436254975,0.3722018329373986,-2.1907822766281004,1.1235817651990472
2,49.00728765777465,-5.5172126380529365,-0.3307200516299719,-12.613258029382324,2.809633380949861,-0.6778617639461199,-28.873070198376183,-6.644611005143656,5.447672143378513,-25.41165924948333,2.099172327022056,2.973577997988161,0.31503025001516327,-1.8573976416809672
2,-48.63065407028759,5.370747046781847,2.5489233502483324,13.051454773123954,-1.626834755473196,-0.15025367376109594,27.258530961554076,2.5511991633288646,-3.6740030096362286,31.977278952980374,0.9296284662016121,-2.1581648430552387,-1.7796412898879275,1.3124649523613374
2,80.65371482430427,-6.528091349396148,0.35290102376568283,-10.645099107908138,2.2043121034669535,1.8442860400869243,-45.585628605183146,5.8767082257655865,8.28151716478608,-15.57359991797275,-4.243079632560954,3.5061204850001215,0.95631396985935,0.21064211769622432
2,-1.573639665740113,-0.3192781468216407,-0.42090407700437427,-5.259880915778784,2.7804335991224423,-0.6248922689777793,0.549014996826156,-3.0381704227925717,-3.3819659349725484,-22.924925003809047,1.1787369731155712,-0.939996737607073,0.22063375509594216,-0.7727791526163923
2,4.232058396282461,1.0546656918352042,-0.9803197520486269,-2.026283113674617,-4.2868307006953446,-0.17837564078203536,-2.728999953125476,-2.414228236142991,1.6108772634304893,-1.397671437767786,1.1313080945327094,0.6093888725590159,-1.0776927277628758,-1.0632871262878936
2,48.54722832409317,-3.5329479061752016,0.20036797791447017,-6.190616716203058,-1.2192405166952394,1.7304678628053487,-27.074155919517818,7.3796070929506685,4.328121986378749,-9.275177179791516,-2.8552746505401023,1.9579467964982307,-0.8379172861355364,0.5715826887552583
2,-161.22613902102037,12.795819990290298,-1.6648552100784515,29.404658515981144,-5.3251031578868675,-1.101708440914594,90.38492302730616,-1.474354780107282,-12.927143171307344,56.50124795766359,2.415052582810892,-5.7382794590192105,2.1519276406867864,1.6380996574892512
2,-4.9445781034705405,-0.3031338599441484,0.03378624582291393,-1.8997008428219988,3.389314780676754,-1.1447243204622868,1.335893087522713,-2.499317167797637,-0.2874832419470713,-3.4008358035258968,2.7060953256412503,0.051197219483221625,1.535739860753189,-0.7072576925166744
2,-119.7648734413553,9.943752025982656,-0.3726459508061311,21.01079509445776,-7.118287496695125,-0.6540393210345701,67.7854720793521,0.20272949460567494,-11.048080674472834,38.974289944772536,2.54715029446864,-4.2730899708899095,0.23170031801747598,0.9882300688615118
2,-4.256227859531021,0.7879417938794859,0.2032869195805971,1.0888541683335515,-0.9446580331930223,0.10098900209784814,1.9786715787294684,1.1435188041188191,0.8808751738769033,3.8868220259278963,1.2387346337493665,0.37259442362572526,-0.2979462688197124,-0.1265801700756514
2,31.319907047410805,-3.663082079526505,-0.5565491527949279,-9.540936642468328,1.0125756870544755,-0.09595667526304294,-18.23872860542365,-3.433639461267969,2.256758487409721,-24.095774671483174,1.3825410440469024,2.1358355795120825,1.600405915538323,-0.8523497767128865
2,-103.00866201876114,8.703598518949494,-0.8455407145171596,20.531046452129903,-2.0625990428592047,-0.08019071223353119,58.994996849908716,2.20047949990664,-9.769706845792046,41.04979527608354,-0.07230498652080393,-4.821452950653506,-0.6557471331373033,1.5420357123183677
2,120.76666098556942,-8.674233403939972,1.6557502747724968,-24.39780776695183,0.5753133568693064,-0.13559453671560984,-69.24159917285176,-8.186846497215482,11.763078787056699,-44.62413133485753,1.438914506269151,4.524642439187105,1.7094668719325368,-2.6367021275697637
2,-6.447635856662437,1.4158691169801787,1.26148919447445,6.407387674025027,-2.9616027012352557,1.2624063685479876,3.5097606906586107,7.905003622298547,-0.3180883518609782,14.246630173365853,-3.5549025940915224,-0.10892842227349221,-2.5771618375589793,1.5824330726503226
2,80.15178599312867,-6.588890135698453,-1.6044847523903425,-13.640887291447704,0.6291169367374551,1.122614460413936,-44.79931428734338,1.9508318356691725,7.9876726387574015,-23.181416628554743,-3.6990444405413343,3.0810715242033595,-0.5653653755272925,-0.34287008070395464
2,196.4605496473355,-18.015372497045302,0.24215938247769794,-35.91148808819344,9.561154935329002,1.7958192374084878,-110.20866677049918,0.8891265813594867,15.730542004365338,-72.06957756628479,-4.731300853521936,7.8537861694092435,0.07151562261422,-0.9717940320302095
2,210.12789953883754,-18.686066066379855,-1.2995255493476765,-38.45357215832732,7.743752528990773,1.360679566890203,-119.41255360700639,1.387136543527853,20.146205683587322,-71.25012081019244,-3.867227705025273,9.317264643833132,-0.02503104126645315,-1.8868066460082573
2,66.73713827937914,-4.882706955190951,0.8535850913220194,-11.328777046550794,-0.8401594262952431,0.03312402192222317,-39.067193772782765,-2.209517475866021,5.50141021549345,-23.262366087131166,-2.5877973400307845,2.9561574180054215,0.7294164188674966,-1.2529666685841425
2,151.21386673825404,-11.40420629490587,0.6716130479006323,-24.6989632913317,3.6637512237348484,1.2356372660208212,-85.74213644106905,0.11375626879823349,14.351342931169686,-45.00397970130152,-3.9803305299924703,6.03904813767872,-0.40234578136799304,-1.7395095836839056
2,-20.948713937202363,0.4897152280132543,-2.640333199721749,4.732896052206997,-3.0702147150906076,1.43059773070907,12.852386415043215,9.759551833459172,-0.5199022532870193,12.23661138610473,-1.5633942744582505,0.136772351943517,0.8539475931721467,1.716567415850426
2,105.21402848498087,-9.34579959890948,-1.8743200599330887,-17.011400506994093,1.576945275830841,2.466009586873366,-58.786454789084786,4.084761329374104,9.91206487992391,-30.21615054198533,-4.46625967694491,4.5768966253434105,-1.2485482974662685,-0.26975084245357406
2,37.3607555441143,-4.539379804590357,-1.0801921134708985,-7.739021173197793,3.0407806367591506,-0.17922891150449013,-20.98822927810733,-1.3958607946369836,3.6916482712178706,-12.828491501000403,-1.2479317721163639,2.265956797596304,0.12596407633004764,-0.45354511882107784
2,153.787525078568,-13.098926112484206,0.9195981762805093,-28.56053266348043,4.47382078396397,1.0448512816646929,-87.13033601149105,-1.5799440177878787,12.959379946083155,-57.083967103930476,-2.4883551227039686,6.791122919168914,-3.406066785765868,-1.75625743997448
2,-69.48749974704255,6.416663737392196,2.7203276786598285,10.063406574967125,-3.6768468710601048,-1.2213622687017103,38.205496315943364,-2.504297994840691,-7.9225824335817325,13.500996552147615,3.375732396447336,-3.4551068660173425,-2.4893106290350437,0.2459992308870744
2,108.53588079092768,-9.848701995315068,3.48119036795415,-18.980854259934066,5.365476054398604,0.9743891237170891,-60.54808556009349,1.3554564578174346,8.842332288414843,-39.98736425807226,-1.0503725376503714,4.5895690669715785,-1.6368553315555374,-0.3603965590346776
2,65.94496024062406,-4.403603155008173,3.2964913177667383,-12.158876111222023,0.419444899984643,0.6178928061721575,-37.000906773204086,-0.21630115551344004,2.3703297410848205,-33.757937625575245,-1.7154350241407157,1.6272253647592474,-0.7093095921154648,-0.8005323448862445
2,81.57633880878399,-4.556627327783255,1.3270532005127187,-9.5983593952026,-2.575596070374877,1.3612287143872621,-45.693770265887224,1.3998732179764863,7.037067994465584,-14.355143731579862,-4.201740217333643,3.486088217079519,-1.2679232992812344,-0.20671015058206793
2,98.23901336706557,-9.339936189191803,0.6515411453190603,-15.796812843905988,4.771599347445365,1.6311343001053875,-56.294161975002936,3.543784739146601,8.772462676169658,-28.13964150894325,-3.5331945593982605,3.956673082924188,0.4787078254232755,-0.2310210310869103
2,-7.59224744546755,-0.6576253460185336,-0.5108389719800938,-0.12554784018401116,3.8279078831105027,-0.93417042524599,4.515060700423396,-3.78204326995077,-0.36844748263111055,-1.9447562483520433,2.6022623272589005,-0.682456551009725,0.16304432237967206,-0.02474480513639707
2,51.896144380148364,-4.818634547557397,0.2826840549500444,-5.7800783562301055,2.865717425148852,1.3614569559257592,-28.5281050695655,3.2752923653886157,3.15877320376045,-9.802366495563412,-4.608409407652063,1.3348223213355692,0.6631039154657289,0.8026205107929401
2,103.19039366702638,-8.050933348677757,-0.36625541928007305,-14.173189631290352,2.0494471676518815,1.934365653408765,-57.252409192979826,7.473140182162521,9.346464032021263,-25.387133277069395,-5.405916750695537,4.266112439182917,-0.9474128269594221,0.1809041760567451
2,83.08531538128999,-6.03598469143348,-0.1965487786011406,-12.823667711939272,0.20258752399389485,0.9250751811067596,-47.65746290461433,2.563606223385743,9.754296042925192,-17.98093058598154,-1.966337409614437,3.577029697696955,-0.7819297060670813,-1.0724246434978104
2,19.12902206303943,-1.11118547531178,-0.38776298599836745,-6.789293538307801,-4.0712196614333545,-0.8909717625028586,-12.493864021188946,-6.568344027106835,3.243691983153067,-14.131189132707767,3.0098929796074523,1.7150502389098459,0.6179840230436757,-1.7766935666871693
2,-70.49441463858517,6.104257847811005,-0.6053431808848656,16.618668133484416,-4.183045508345793,0.9439047909550841,41.89140415204975,3.9907925421674095,-7.364992911897869,26.02557022239457,-2.5757267285385406,-2.833154196684207,0.7540488927024793,1.662874409498548
2,-70.75140443178843,4.440653226699081,-1.6296951802210051,6.311046874291934,-1.4419581504225716,-1.8751442551585995,38.564850353817135,-6.1164997201687505,-4.690860798637445,13.486716083450698,5.9706649682858695,-2.6408859839484053,0.8765337930300962,-0.9250751664121564
2,-33.83529414931782,2.580904495778416,-0.5865054404840487,5.172376428859646,-1.164038592888144,-0.8184359638028442,18.713152432823232,-2.42041252326489,-1.034203159615538,11.482968777624766,1.8429846164977048,-0.7854427371792722,0.24290298073356145,-0.06068411174411238
2,48.966103328377756,-5.867877253285236,1.259595332134185,-11.001676194445682,5.223237149499322,-0.2195789091438382,-27.096743002615156,-4.784841441050256,3.3326969919073366,-22.952240849059024,1.8661849605041219,2.127172856832393,-0.48564696674722696,-0.2813815848370107
2,-117.42436727948225,11.588268233442214,-0.2015688782966848,21.715750686297,-6.671450415826444,-1.4379274596185931,65.83020078627642,-2.9363628763898,-9.257831825134442,44.88519365288458,2.8722699902591753,-4.747020921264973,2.0764059836172817,0.6346395846681431
2,-69.2253570441447,3.8795291085484394,-0.9374812268996536,10.415939597630764,0.7149014433790722,-0.763499213959053,37.9235522914285,-1.0259839155075057,-6.619622617535632,15.216240407008417,1.8104670540615095,-2.8345801166283895,1.1227991570845082,0.6483657934680745
2,48.41377024551775,-2.8090138749902644,0.09849964533882079,-10.03016410459578,-1.3988317064113747,-0.6139032467141974,-27.864640105848835,-5.739503304210496,6.045170614920895,-22.471612532347333,1.0454473196855092,2.435297617143193,0.3051173710288815,-1.8406530656405893
2,-35.3098892382949,3.67654617684802,-2.436671967811866,6.203224083619738,-5.89621700573595,0.19149828953851497,19.162280153670867,-2.550200506087366,-4.527388225397408,8.229170455659572,-2.415651025231881,-1.0606424237451884,1.5985574823881452,-0.8013661115479775
2,-19.76334163997883,2.7669215674378878,-0.521204957975812,6.73875471265791,-0.468811774056773,0.5549697240151659,11.226443291215386,5.1454529894438945,-0.8069858002520793,18.002889679805172,-1.4304600103708878,-1.436266457236141,-1.1773738119721169,0.44396133218781514
2,-215.12151435575856,18.763747343902835,0.24288771781352525,45.27001490634817,-5.85454020663876,-0.24174491907712245,123.83927794471371,7.774023589276471,-19.128893463925156,92.6304766814859,1.4492159017829265,-8.961742526894858,-1.2777728285482635,3.77385316979587
2,53.85696100058628,-2.953004223743809,2.7019903619642114,-5.155340027200647,-3.0032776668970604,1.6970144486037515,-30.73940023257711,2.680505215100273,4.853648320402834,-5.479174945243807,-2.6642123953874997,2.0257398511477964,0.725654342032042,-0.22997003881135675
2,-59.84897724584796,4.592715114524271,-0.0302214315262849,12.146414447151527,-0.18444464579396253,0.2277887973636605,33.72616983111781,1.6977382728750319,-6.123420921415604,19.9300839980402,-0.4581341522763117,-2.9300113361548523,0.6588982168577494,0.6976113721041698
2,26.19605882106651,-3.527187819884881,0.24458492455869354,-9.573765155792652,4.755315977546738,-0.5101148433229424,-15.91716612866311,-0.727641285497403,0.1583491348408468,-23.152719014873536,1.6748792808312563,0.9523658412420883,-0.044243942242387764,-0.9037472188320033
2,141.09160615242666,-11.432855480507909,1.092824167564222,-23.69144255291354,7.791552127592156,0.6517091335927842,-79.35235971361517,0.7800617819298451,12.916650849044265,-38.54456952026653,-3.0540855017213513,5.21647242675714,1.479036590890654,-1.302561627020499
2,18.256223010676017,-0.5445178824784147,1.3381120229445405,-3.6381178554642895,-1.4252834121231668,0.2153426014285001,-10.489043012561858,-0.03285703546557879,0.12034433651940357,-7.457767608104172,-0.9668386485923677,0.2337901288523438,0.3947248927030942,-0.8051058620378571
2,-35.18528264672377,4.615784052429882,1.4647649170273052,9.977416785135715,0.63761256168699,0.3276881147091963,20.149589827195772,0.07676738621255574,-5.331937024724487,20.593464674872767,-2.3645009087452795,-2.556029662904845,-1.2696908632981638,0.731753255347883
2,65.7207885633016,-5.770405165669086,-1.342488990509223,-9.133327585385832,7.0829678345518685,1.9074470526843454,-36.974212457814716,4.64825783529351,4.091206877394256,-20.437036910838298,-5.337422226219437,1.4699947219665639,-0.5205256606402406,0.15892659560917188
2,39.675006901399435,-3.387603608259331,-0.24632889278808853,-9.248816149520884,1.441408922913548,-0.31546825499889025,-23.73718063745458,-1.523332817337535,4.287270853982779,-16.791930482498255,1.310750222170458,1.1239691406819707,-2.8474199811281093,-0.9783963243601246
2,-88.89948960226961,8.07343005916032,0.26149586745415043,17.185547981227117,-5.771586880363916,-0.17086799263833116,50.63797914505129,2.2556540756814765,-8.616635629628515,30.04598095924079,1.0449743128804867,-3.9389584499189145,-0.13092527088818012,0.8966109160712259
2,-40.63389476476456,5.767118907779911,0.012901273259305854,15.116276017715487,-2.526032937336819,0.6429592864545337,24.98629008657041,5.786814325925635,-2.936782732578223,38.10932862066238,-3.1698571307556294,-2.421563915319736,-2.9401663739037414e-05,2.1922440732175805
2,12.025486467246456,-1.234848821633552,0.4686511261557551,-4.047985436993598,0.25378850964878774,-1.3137972513918093,-7.504194657465327,-6.717473053622929,2.5133412406637254,-6.595891107413201,3.235153191512142,0.49599027150311914,0.8605473499307718,-1.4698338449429995
2,148.27239359276317,-13.69380731974912,-0.9733254324495938,-25.696226164691776,10.960459771133028,1.5652830430180285,-81.45133826921553,2.5500265862001537,13.948674689334904,-44.227784672478705,-1.809277493531853,5.394176600470131,0.4655850520381765,-0.13590483956136246
2,-260.45545405543476,22.796842359360163,-1.8224524009516163,43.57973124537709,-10.186653599988693,-2.5923604868519705,145.75931492630582,-4.375888818618215,-21.63638227598707,83.8787044260646,7.5632508960517395,-11.057429487206333,-0.9232255801106503,1.3699997214476185
2,14.923582757193957,-0.767389902461085,0.17862224972484878,3.774120905017056,2.2370842175825087,1.5261543230467158,-7.7056973305938525,6.753876717367607,1.5245197697089492,9.461121846444641,-5.282436566391629,0.19101623076914145,0.1618199608278747,1.382814382803468
2,-176.84387446587198,17.009815228934684,-0.6827633019779724,34.48860379844302,-14.651730669808105,-0.015580991972355069,100.55831794778364,3.773823340654605,-15.094646344827503,68.66566393173183,1.4865414891644946,-6.638757303203197,1.4987113113731683,1.712994799689137
2,-56.43619467969283,1.5017832501306092,-0.1611239724355481,5.639361268079545,4.57612364471072,-1.0550754839948884,30.781164850794475,-3.036699095447832,-4.617261718436724,4.930121835590555,4.576480486694828,-1.570842925500881,-1.207056226371387,0.08599199475850844
2,171.9860453787835,-15.603412422064718,-1.170503809115924,-34.440530871050946,9.239459387304223,0.21625335515645708,-97.38631245525964,-6.323495919969199,13.810670952132224,-71.1966180181805,-3.050910114536503,6.626535436687659,-0.10332062467771055,-2.4598533041754096
2,52.30202636223474,-4.987012547712925,-0.9602053290216658,-8.040964633025657,3.08680333597153,0.6532316681070056,-28.529205894748117,-0.0010383436513078793,5.996540195252739,-8.712085290541166,-1.5638679978415624,2.3417318349772795,-0.6102955122722722,0.2516557389029245
2,-29.97122180109965,2.7368112578048485,1.3555116697193945,2.641927246145556,-2.2222938698325776,-1.0551881466895225,16.766738270280772,-5.563943239097454,-2.7249226811717255,6.976241467543594,3.2832789509746023,-1.5962726058727272,-0.210372706935287,-0.5488356595620978
2,-90.77605318352411,9.318423350318335,0.8499107674967025,20.767799269166467,-4.713135015437129,-0.03849900162885719,52.148502323590776,4.645917534243427,-6.7640543983736485,46.94393114987764,0.2502032623611627,-3.8908983730012894,1.1270691140609657,2.0794004378229314
2,-44.94183813400565,3.402654915452828,-1.3373140165135637,7.911323173811821,-4.86932619963429,-0.22021396871257026,24.68857612203355,0.16422633566320166,-3.5584433217083693,16.32459602270128,-0.12127450902190459,-1.7080795994396776,0.4668326116906765,0.20605138405803333
2,75.37790160221334,-7.115621316607267,-0.32393264682102685,-14.530468932419655,4.669505000634932,1.3549073090749908,-42.013033668841196,1.1748081164456838,4.6527583014909775,-33.81795575403964,-2.633349839231893,3.034793020841509,-1.333620362233933,-0.7231634277509725
2,4.0765403785584065,1.1214213514171836,1.1419690350748755,2.914745191160883,0.4749700978520246,0.488875469920004,-1.920517211112029,2.5122792476243503,-0.005904619285666716,9.864545643015155,-2.5422147847717627,-0.4813406074136742,-0.03692944993552453,0.3598171838441804
2,-67.20374850579383,6.568036505784132,-0.23690873930578538,14.951232820109038,-5.531022338561275,0.48732431386386427,39.038920748001665,5.541217937173948,-7.333085208951505,29.008154637253686,-2.0861855994374254,-3.3838632485379105,0.861760774263312,1.574672467204857
2,-103.7872163664745,8.798108117883638,-0.9860703190404873,22.646242463525862,-3.1594511050820513,0.22824347712231716,58.21894759240534,5.300385040742199,-7.409357216772455,49.795958265252295,-0.667690892839177,-3.8438898618841093,0.16765672026281628,1.5798300483801626
2,16.07143496817392,-0.8820981140721657,0.7136679745712081,-0.010418874523410606,0.35808911755212175,1.028230369067037,-7.951134059209343,5.982255727622533,0.2847588009421902,-1.0125553719025946,-3.613494136934171,0.3435647700294223,0.13725747969875324,0.6036813682158896
2,-56.29072323649896,4.331769905292205,-0.14626858234782752,8.66103051994022,-2.3208765039087824,-0.4300465837608502,30.361597680597303,-0.43877750138807864,-4.971219207686419,14.463261557720294,1.446967398890904,-2.259061794638647,-1.7990316355597797,-0.018441895928571962
2,-105.66790942335086,6.079358708095469,-1.175989558247771,13.664397498165927,2.6485935612638105,-1.6120532214668375,60.18020029753689,-2.1283038431325116,-11.252164328950318,17.976521396555643,4.463809924545075,-4.546008848389508,-0.40961681533310673,0.6578106564481236
2,165.47887701231267,-14.054012073735603,0.9879518189296899,-23.35046921370821,5.267955170651474,3.496057140676861,-91.68328004717944,9.510995484227454,15.275353493452352,-42.036032719108,-6.721811458973349,6.8882610190355935,0.34927923040716835,0.553777262719242
2,88.73031996390345,-7.026530854044056,0.9327944785154674,-10.759498528230713,3.70815498555956,1.3422797699369968,-49.7380949912535,2.2446152711851046,9.943292228262564,-9.488667274016768,-3.1244797151559616,2.9940986047895937,-0.7081333219922988,-0.20860211351631394
2,-50.22070787984993,2.711683169561097,-1.1359075123407538,4.449585628611044,1.3748452270365152,-1.4315162649316722,28.276454465985665,-1.6092245216734058,-4.761319173396477,4.069741492040308,4.5200596373736,-1.642457361641292,0.8489272657925051,-0.023798631446221487
2,20.11513510875726,-1.052383971520884,0.8405106709746039,-0.7795448332446868,-4.524880934476855,0.7374384011531766,-10.825641987176196,4.639422639479437,4.311266487758849,1.5425145419089363,-0.5457645317910447,1.028805992478722,2.6809443119469045,0.6120426804999463
2,58.088598250707264,-5.592947947682909,1.1242615059760068,-9.765093205508597,3.7929029792767035,-0.04523536231362069,-32.94838799246415,-0.7577127765493727,5.157297177482454,-19.32337440895317,-0.5972103624553494,2.5259606925898948,-1.9087143038756869,-0.5208668392938559
2,-35.2834563958347,4.546796215912113,0.9577765574699043,8.23338134128552,-2.8909207279464386,-0.8031053538805986,20.494357823818294,-1.4711752205011117,-4.1363696989598635,16.51067523188959,-0.14696711960446726,-1.6859526605855812,1.0180549439850477,0.05430480925039032
2,5.832877751073356,0.4471055676687566,1.6737923624939275,8.801869266769563,-1.2047958775723209,2.6157085454503948,-1.3274172763618997,11.221454669413088,-1.2394403878157536,16.98484406475641,-6.862019636240802,-0.12590728949587368,-0.03170994815777311,2.708022582902559
2,137.01756591223034,-12.603290897347215,0.2588496970393263,-28.971449112667134,6.462763608217072,-0.005713266828953393,-78.71793099344153,-6.575200130457059,11.16799377199557,-59.67288565930654,0.1293738536006318,5.487132058836298,-0.0481442264231676,-2.192103375670049
2,152.5235032947601,-12.637916993379974,1.0144071109791106,-21.400485498601107,6.2542703092616065,2.7155292356037815,-83.61688183152631,5.883642316650244,12.926980804368755,-35.4978745750505,-7.273641154941249,5.611051706922947,2.551432346602287,0.004046032509978009
2,-92.07332937656746,6.714528097533791,0.7115313916912963,14.151200454155571,1.4010558725357565,-1.5375393228684544,51.809703936475294,-3.9243236199484577,-9.525809888514837,22.451863066531583,4.127657117230492,-4.10172970208674,-0.327805170769633,0.49194111630228204
2,213.21229104166545,-18.91066286637891,-0.9956805192665562,-40.292744013421114,7.316087952974964,1.2234431836675852,-121.253096826281,-3.7183310177602653,19.312732353487174,-79.03058935851396,-4.005575798669017,9.118927375496364,-1.0544766512625061,-2.432310743803024
2,61.4381004483649,-4.957675246901644,-0.19403229046764997,-10.028500311986111,4.003935412968571,0.7125416267815189,-34.5457335090087,-0.2649945667034234,3.315929666412109,-23.11098343191468,-4.039673527760361,1.851827802006337,0.08040842832651607,-0.42699160399777814
2,-14.428981834103041,0.33440315999080744,0.15499369273806918,0.9620162344756245,6.970726846026179,-0.4429240410407022,10.415231245951642,1.2855490281935653,-3.03359153925172,-0.49032498915227624,0.2887773254919088,-0.980567451201988,-1.1962176510047415,0.643742636116973
2,36.726474511458775,-4.175823132603766,0.37826422650294683,-5.613112017719405,2.270757236348448,1.3226355781410992,-19.784628699416523,7.154930451101154,4.400778509538646,-9.759893790398646,-0.997064993741927,1.9689385136226787,-0.7092349823405609,0.5555841615185404
2,-270.57182905332223,24.903014863123797,0.7806983637720357,53.17208744724611,-13.939388125590659,-0.9332169862644517,153.54075616865225,4.905140183031467,-24.57735291525993,100.44224106805395,0.8884611589275077,-11.714905906039496,0.739926662539602,3.2792311428719962
2,-71.52591839425835,4.97124101085374,1.9612958111631758,9.034026381011241,0.8794979142124384,-1.8207486431719118,39.634744554856624,-5.324597382402758,-5.376309530728133,13.572914090722145,5.764949816472964,-2.579863475350672,1.1781533887460134,-0.054870658879385435
2,-91.02783479103825,8.026519366806353,-0.9394199430925589,15.565487777015395,-3.4461915519487993,-1.0383161141649755,51.49828285829136,-1.7032490765955826,-6.830844749931827,33.31660711875777,2.544851144964744,-4.020796235146661,-1.1412520704881195,0.841399247725265
2,30.770606281071277,-0.7780891549900358,1.0743671183303651,-5.282956636966311,-1.1178143841944763,0.4782460437113109,-17.370185773845442,-2.4297991083678183,1.318177921891612,-10.322819099668541,-1.2655139139412401,0.5725271786454476,-1.8690985682984158,-0.8945823362537357
2,-46.54675113578086,2.666571308829777,0.2587366900972897,9.094839385214216,1.2434693729454316,1.163182950785562,27.291652145657935,6.1587155884277225,-4.844597801558957,16.285459430458843,-0.11869939441413395,-2.209501913506924,-0.6601694669862829,1.5174384286845188
2,160.12491692160324,-12.300626605131063,0.5030622872477952,-27.801026074976136,1.940373744713328,1.5345924292993542,-91.19078737726223,0.7000712999003367,14.497355998956582,-51.363187727016594,-4.416827140566497,6.669350300526882,2.2995621455600896,-1.8166974912771785
2,-33.77337778496602,1.5088742222347702,-1.5770703536628599,3.897646762381267,-1.5723064042406023,-0.03630031884533455,19.874045726531676,1.1384963516939781,-1.8305025629819638,5.813604758767826,1.1470169227067208,-0.6144754335064044,0.9061842089290466,0.4530514135304958
2,-257.1953569329422,23.6121438212232,-1.616590881389033,53.18597415364176,-10.347733381157559,-0.9411728141731034,148.60140855982857,5.094787128395611,-21.699424975445368,109.84963547542964,0.24771996892524745,-10.78849089624425,0.5015918253345625,4.16081360295183
2,10.862895345203382,-1.000020399479753,-1.0920586134009922,0.2205019885204189,-3.7493049500767937,0.8643948546771917,-5.381391806473388,4.034237788766867,3.351353608818756,1.4745909523555292,-0.5414342159902246,1.1735785637864204,2.553209269200699,0.7285463825940455
2,46.868525284368985,-3.4522820208211202,0.8499007989770665,-4.821515032017462,3.0136143045343853,1.4169415112974153,-24.932084386999886,5.877629065101244,1.4835760733407053,-11.312286967035627,-4.04299791388546,1.1196156569933633,0.13695366252917815,0.9950146317590023
2,166.30282657198194,-14.59827477066297,-1.061675028268544,-29.047141882379734,3.6510452475703357,1.097300679242036,-93.20095082593707,-0.930855045714813,17.246460446500873,-52.461123914606866,-3.6424413147437864,7.717191627389423,-0.8794219670494993,-1.8583784479537262
2,34.46023201959955,-2.7620804972528226,-1.1439900583567395,-3.6418019113290736,1.7328356880010314,0.5353392347856607,-19.92506360483322,2.5038833107872382,3.206963881232894,-4.911282405981026,-3.129735586289634,1.3570701679113855,1.4480389138749474,0.6288982448996612
2,5.042311736921976,0.36173393925336744,-0.46067289994540667,-1.8121215297946744,-1.448029188781658,0.0858791788894703,-2.8008263432936724,-1.2852852583569885,-1.1695319621368554,-8.730630933883276,-1.5325109509505146,-0.9013997512148284,0.5059282106635437,-0.42365911686323265
2,-172.0708693838934,13.849188864980905,-0.9173580440860925,31.421474345045706,-4.569044404900668,-1.111828690459987,98.00811935311953,1.4064392588047525,-14.38858468906266,57.936687808635995,3.6201970859522596,-6.431086119940425,-2.0769547528161647,2.154851390868239
2,7.832803073707611,-0.19066702656294246,-0.5994802825182424,-1.3800502023003618,-1.968519170975602,0.36143765227030156,-4.4228228031050705,-0.6584358939327851,1.4782383841880329,-3.7307868139724265,0.29168606441192124,0.644846508642715,-2.052165068246613,-0.06846157530236928
2,37.767206197931564,-2.4515752163838815,0.0032885015229371464,-6.064692477933268,-4.014165247231409,0.01883110746294411,-22.294397048790795,-3.155591538680021,6.073152020503305,-7.808736690898198,0.5073142113805061,2.24117504699748,0.07375960453073727,-1.0300652654546243
2,90.63378751842959,-7.940153973673095,-1.797031977651932,-14.865080558780766,5.639614400289424,0.8729121193654538,-48.61740047824676,1.6568140894382941,8.778892953647265,-24.499489445349234,-2.8600450574720986,3.5407891460895295,-1.017907198727465,0.16423943597543017
2,-129.43722938849135,10.825673368786335,-0.5594893971215783,22.989776325944465,-6.503829459906097,-0.3912430484067185,73.94167917271875,3.347370575634654,-12.382673184338602,44.16808275729311,1.79342130214194,-6.022666445617512,-0.13148865190953998,1.529753091597648
2,-107.82912682170672,7.470211297623291,1.3764860646528774,12.977255853663733,0.4444977579665538,-2.52954787683241,59.51615858890726,-6.107578980336884,-10.643111105403378,20.67940110887871,7.3472827573834305,-4.965867445191617,0.04862264143454466,-0.06748362283506398
2,-65.71884953861647,7.583256498616988,0.7234473925979443,14.515112493441315,-6.19275979478765,-0.13545499776015255,36.679360979890994,0.20910149187608248,-6.223400918661906,28.301309800908744,-0.2324228310334434,-3.0546775152533767,0.3092640392795109,0.10565466888964964
2,-27.223150055128563,-0.023561996619325627,-0.2834782656011848,-0.9873063608415857,2.4782547936054,-0.6497012407975212,13.237496860499983,-2.708943818684455,-2.239643221959346,-7.209914519682579,2.4766607350983496,-1.0009266537783121,-0.5927625456267258,-0.5878127005493556
2,121.37009759070708,-11.034274067412323,-0.14440246725309952,-24.267726093735,6.745338564901182,1.017465313172571,-68.33257874151803,1.341658545264723,12.216882654992304,-46.92782636452441,0.8453622362567852,5.574447487786585,-0.621224373342158,-0.8572936399512021
2,46.787970942757674,-2.9413712132080687,0.9308794443644387,-7.346219058419759,-1.2155669430685783,0.0543377329912985,-26.944067887312933,-1.4097159446288463,4.167004858219969,-9.935620974772714,-1.7296590495913564,1.8581337504470805,1.7234591778685135,-1.1757612438102207
2,68.96005541093405,-7.374398714179035,-1.120817701917766,-12.36690219190136,4.928169404920906,1.4478681730044298,-37.78968963662486,3.1829338559529607,4.457625886906378,-25.471705544532284,-3.9921622215763954,2.5869878588652955,0.037659526556535886,0.11393146625296237
2,-128.9578564257883,9.080935043654655,-0.24366151584840778,20.093181476550644,-3.4987450094490304,-0.6613188510998047,72.18905415428425,-1.4987707811402202,-10.923813230380313,37.43976370299615,5.263873587288947,-4.498966707553295,1.3366669926797268,1.1813597016691568
2,-143.3206210662666,12.446241726968372,-0.8403259255676584,25.510865609653127,-4.327219023208581,-1.3502820534106512,80.72006608508865,0.12066593928101486,-11.343609336326017,54.33150276963658,3.9954008121407014,-6.118452356483966,0.5956839082941308,1.4015968203939835
2,-87.68598247413595,9.645189896339254,0.46011555951957556,22.631853460917053,-6.886386869587614,1.80522393876468,52.36650618026623,9.929034501067433,-10.164365616938579,42.774593660900955,-5.227123362206262,-4.614455440614931,1.5328337989852305,2.3490947604561723
2,-43.43287716598644,3.05451541671093,0.782745133396781,4.946750109194628,-0.29879803342919425,-1.7066770837888614,22.534584963100258,-6.686415934469755,-3.997956200537154,8.897588018822994,3.6138163720688437,-1.1875145822969628,1.96148826729804,-1.078198092142696
2,-19.180339840591767,-0.03798425118862247,-0.37350581833974267,-1.0459810385193418,0.5179548092521377,-0.39020219944137424,9.755114373556243,0.2841237533561472,-2.3625417387891545,-7.523330014966974,1.3776905817827974,0.35989467119556434,-0.09937813653716746,-0.27655611430325977
2,-38.82110588048672,4.823234742863387,0.0908297085534006,6.819165829897883,-4.054166042239811,-0.33271632625383396,22.61966031967631,-2.0899466320196396,-5.820030273610165,9.483638061686387,0.2531427010971186,-2.0383237320516874,-1.714004982079951,0.1912037873722787
2,37.10203033583535,-2.152339725302988,-2.133047014289989,-8.192801663923591,-0.8590389259521077,-0.16337513536057852,-21.442070844432845,-2.187705880828294,5.062036480310566,-10.116182965070804,-0.2854251389925339,1.7275365769445812,0.00456303037799796,-1.4149795838057146
2,-25.63383532334496,2.5781636089533007,1.1524018478467408,1.4789595311149364,-2.925052648132998,-1.3374394908784726,11.973143158553313,-8.111388712555106,-2.339864751555037,-0.3832193777380587,3.8003706286676415,-1.2837354362583488,0.68053940933606,-1.5858382208038722
2,-38.47473128267089,3.529026022667338,1.9236820340944518,11.560095751039588,0.42713454995759287,0.4341662857324863,22.440760573978473,7.349061668922686,-4.368395393145174,20.659581611716575,-2.433330884504206,-2.190072526214733,-1.3395371686292665,1.7613501764914736
2,-118.23776154718648,9.599774930336332,0.5655947179190415,23.587399622151594,-5.25046776180438,-0.22081904608234523,67.77717559230896,2.8053105178452453,-10.014067189818986,48.08689863812752,1.6478254319699688,-4.231317107481457,1.010412070297939,1.9018396352448979
2,161.90659632965685,-15.372786614183338,-1.135145490035139,-30.28005734754272,11.062912993797688,0.8043796122251178,-89.58889961692215,-0.06996817496008376,15.576271830723494,-53.861220937793476,-1.8856527682918127,7.269160777526513,-0.6390723007759344,-0.9593244307888498
2,92.06779416347231,-7.289612342664721,0.7222784978242542,-12.775220071482618,3.572654124291478,2.410097218213812,-50.04460144006068,10.63126870399893,4.687595043587258,-24.54546107153737,-6.560084136872952,2.699265304246477,-0.30528946956855824,1.0778460843066
2,135.5202769122828,-11.735748123679967,0.27989709287188264,-21.352649992661796,3.5128468971210363,1.489026493483951,-76.47393804437046,-1.1885306441341883,12.564499225592373,-40.285075580578564,-4.0365033519166,5.518124612693807,-2.9535729439549008,-0.8418201889514636
2,-46.74823043128593,4.993945106750971,-1.1631547093064485,9.648681582477929,-2.0094631167228445,0.02737242863046853,25.632752016993276,2.1187522682198496,-3.140172575622925,20.971828131615666,-0.610738527870134,-2.430512604373943,-0.30141862931639085,0.5635882627653154
2,24.528130390988725,-1.917508378085028,0.25418995326230354,-2.0832064422557877,-0.9446658548073289,-0.23760892960392993,-12.506000384924,0.8104763520213253,3.9866630015760185,-0.45468690088343966,0.685395923208396,1.6829944797893532,-0.11977235386102147,-0.03579779244309868
2,69.41052954711407,-4.994054514762806,-1.481497154807431,-6.667395745748325,3.1716868676756254,2.4714873908319683,-37.81872673181352,8.626298404532283,6.183245132580021,-5.579383992888326,-6.145403823558494,1.7093128908641428,2.230865905065968,1.2635068395521318
2,90.7985803555699,-7.9307304447401625,-0.9817209846419203,-17.739508359603548,4.377724343956552,-0.04046072790575213,-51.934023865843315,-4.304817296927706,7.263931375746775,-37.19434076605361,-2.043313210475175,4.044673821151465,-1.6505783024702685,-1.501913896592312
2,-113.58897874318228,9.656478122554077,-0.6472431978347838,20.426839731740163,-4.187684692616516,-1.2434227257630113,64.80819542884934,-0.4080292000206118,-8.406069299140823,42.92946544957631,3.6198745171329465,-4.027334951331703,0.10984029177795247,0.920569130359393
2,72.1429248361392,-7.801677758813345,-2.1020132293361864,-15.617320617833418,7.554622780326267,0.4559120699481869,-39.58004051100443,0.8535696162336226,5.709268564319393,-35.132030293899064,-0.35376757172648104,3.208291490944404,2.950237003721012,-0.4061588846799885
2,-104.91326929573768,8.750320505554358,0.6045884260931508,17.215909223472444,-3.889203677646311,-1.301440577758303,58.21409175492908,-4.3886672337233446,-8.74979414379597,31.899972885320636,4.149467121837839,-3.7227891125448176,-1.5636931846715438,0.4765161111146221
