,0,1,2,3,4,5,6
1,4.432680777115471,1.5248366804826243,-4.9632288190141445,2.2083569662067153,4.347544143719079,0.01137440370305684,0.7267239405174776
1,-5.656000171662281,-1.6790004404591128,7.4266988411924855,-3.5205483807420506,-3.5112164692668006,-2.4542150818917126,-0.6678632102400391
1,8.165265186573546,3.9449154735533005,-8.977500690856262,4.244429580653359,3.210839431908153,1.1790455360076197,1.1043965875865596
1,1.0840198413885778,0.8231618022648964,-0.7767314772208234,-0.16850286472500953,0.9668369607690807,-0.6820645528175248,0.35894185967381576
1,-5.113140876468228,3.0516939823997005,5.130082801879909,-3.3383700282906785,-1.667538908470862,-1.9659612671823181,0.7578900565759219
1,-8.289936375070056,-12.548147344002798,12.337828786482826,-4.138919546985931,-5.860287679140621,-0.41294913419075596,-2.607067164618677
1,-8.120272710057286,-17.076223053232184,16.24542511135675,-4.160572739975486,-9.483366569806336,0.04989620565961378,-1.7695141722334942
1,14.336896243353811,17.56570935386891,-22.66618392778611,8.634575375170645,9.652851392799702,1.7284244085793437,2.7832332270953093
1,4.656163321123524,7.8897177393504805,-8.609990172791463,2.164799234655575,4.77315593402698,-0.2697895421837698,1.338342167935348
1,-5.19479885227497,-3.8141572607059437,6.130320718673457,-2.753135328988737,-2.3209489788388287,-0.7305122498559483,-1.5491026419485372
1,1.2436562963634763,1.7013107253478055,-2.30455857557574,1.124284157547242,2.470276421192177,0.49994737843207826,0.17795421345407086
1,3.4665197164878028,7.691244363193089,-13.08604367918839,4.348238769177822,4.884003454284283,1.591368047133941,-0.3416274061618304
1,2.9911493029069702,-4.013834091171437,1.0696806407229291,0.5820156726087371,-1.404222398531778,1.3162024456114456,-0.9373182262002352
1,-5.863429013623946,-7.448240292134601,8.311990395133515,-2.7658051964892256,-2.9623330666464724,-0.22063613117513328,-1.219478874864624
1,0.3720905832696091,-6.841259723156482,0.504929497786413,1.5020647198281947,-1.284822912966003,1.4543770022339784,-1.4943981736977467
1,-4.6606739789269325,-8.776491394445669,7.166304418110931,-2.245079339910241,-4.2623006465752855,0.6489621029698204,-1.7268708367861105
1,3.595121083695727,0.790006586130266,1.8758576431094676,0.10032235639190146,-0.22873533197218482,-1.1060569324412972,0.6964782238186784
1,4.51566702920906,0.4654081447833033,-7.027382873574099,2.825475479035038,4.400262186115765,1.3155304693360974,0.5590269507415797
1,-6.305124382474317,-5.1891105166110805,10.285489825170488,-4.773466434604321,-6.438054258946186,-1.7424069860079112,-0.10448159701249117
1,-1.454552375205179,-0.969487476538831,2.3731822462528123,-1.7203352137752765,-0.33350819544146354,-0.7552625283545265,0.4798207171689783
1,0.049640303151696506,7.696051765960192,-2.795744032899543,-0.9039711567379273,2.61802591495356,-1.507440747892776,0.2821918150794027
1,-12.018613487989452,-16.586675668611058,16.067985793671884,-4.5022666287383455,-8.35569496943531,-0.34098908776100756,-3.489478084897953
1,3.1104132990431963,1.6928480595684803,-3.5812073108434643,1.9274849852448903,1.3625181951726255,0.9127400805331813,0.4415666216541436
1,-8.147272393880339,-9.3127895686371,16.85143181116338,-5.529449337177746,-8.589413772551342,-1.7885584580550267,-0.5982226349030374
1,5.4982471958720955,12.991403261004628,-9.548247245237445,2.1825770038044414,6.404917643672602,-0.6428140632008266,1.7005728030544165
1,-1.5307096598396508,-6.0851368186040204,6.68806246226162,-1.3736841325037734,-3.7260759549771194,-0.23564126652940282,0.07232517395125478
1,-3.2081307481825934,0.2702012161645178,2.7154936223838972,-1.6660477836395997,-2.8576787893541464,-0.6208283394333809,-0.7954283456479343
1,-2.6742711867496944,-3.2318487009162253,5.504205041067197,-2.266573640084116,-2.928047510951568,-0.8656241976452231,-0.6312418820038459
1,5.4128081551006675,10.84847152250542,-9.97536419679839,2.6923756730980832,5.978294566827841,-0.1097327866391653,1.6205015461880385
1,-0.6672314377792506,-6.234610402083443,4.118965681499921,-0.5894608909052657,-2.237336078993734,0.2182566564905069,-0.7884265152026858
1,3.700274260292715,14.43788549526038,-11.075934795739764,1.5309844595376443,5.45083550069161,-1.05316444134711,0.6416025640989074
1,-5.040414505294882,-13.849831288799816,13.073498667907806,-3.031885208041932,-7.694746357823766,-0.15850203485353886,-1.5584710763785197
1,-1.4532023480778349,-2.16542034236893,4.543297175477567,-0.798635910958061,-1.4792600381817071,-1.1458297331084497,1.2249139239930513
1,1.8242530729077233,-4.659593365275588,0.8385492655975119,1.0404383572008884,-0.9931347953051997,0.7521853671187739,0.10785509373540181
1,-3.173345949689234,-6.585949872502665,8.21512542281287,-2.583853234268384,-4.8740174923864625,-0.6702513799345245,-0.4889075601768838
1,-0.7056832523783726,-1.2987369873959649,1.1511142329904722,-0.5239035157530287,-1.57469130907687,0.09945311950422958,-0.5452662758689029
1,-3.8657677772477625,-2.32420312600784,3.8585009163121575,-1.2528514104438682,-2.022055925130003,-0.5155523544257935,-1.084770170872336
1,9.785346683127196,4.799195929705021,-8.320574024335075,4.291716523342646,3.970188157617718,0.6610219299829172,2.0430187227586925
1,-4.878991024549416,-9.11401252162846,7.6192802193879094,-2.452203924853942,-4.687832838693009,0.5226414311406973,-1.4279852139317626
1,-3.8938337186086183,-4.372041290173891,8.885534303544235,-3.077083636999006,-3.115056097412901,-1.7998014421347293,0.4742306775742067
1,1.2235552774085205,2.2364378801099205,0.7569336034809285,-0.8515935117303439,0.5401691754707343,-0.8219735990175874,1.5519119707234394
1,2.7292335258493083,6.709626239317452,-8.014578152335266,2.4013408551118967,2.210418313908153,0.32729317606005914,0.2752640812620966
1,-5.176976126276971,-12.744200789980562,9.925600312412582,-2.3982594184523505,-6.6100767912162475,1.2962179361613648,-1.84174014716908
1,4.112306816856907,-0.22514208848235504,-0.70221758843781,0.8151639441847475,-0.2850640782183516,-0.15583475804333938,0.7065481571499681
1,1.3521268925253853,5.115219249854053,-5.0436060794128785,1.3084843900423822,1.9468787824892613,0.05380581421544855,0.5085717300106143
1,5.35587689454588,9.182486498872585,-12.99721606117801,4.62252391233078,5.606331032698768,0.9312594284163911,1.7213565675927305
1,12.78273647503261,9.50181210819657,-15.099261247405416,6.6299435782738705,7.015748313551343,1.9937272865198712,2.449010265050629
1,13.139156633520914,10.766522829025556,-18.500597131208085,8.016010759842372,9.196933150763114,2.4375416100158125,1.937663909146583
1,-0.9793140970705452,-4.381224137458552,0.9800094385696343,-0.554603819952256,-1.2935792948341513,1.1281492068004242,-1.4260544286617627
1,0.17873995787525337,2.4445831783307526,-4.89945695779252,1.7149317421891632,1.651833147051232,0.9841980047532739,-0.16827975078033366
1,-1.2418585249717566,6.105171097243191,-1.8584773053730577,-0.5245800195428441,1.044224459928702,-0.8021787833309127,0.5194747621632636
1,3.12039290648894,3.5416482844658574,-6.586266904976732,2.0078643415731716,2.7613311013811974,0.6238990820138495,-1.0722881589893687
1,-0.9483197697409075,0.9413525091176098,-0.2273436806638326,-0.020906401992256175,-0.029602645581618802,0.07481438699919817,-0.26503828902657106
1,0.7474474799203328,-1.1763867400709855,-2.0221481208695367,0.49560621709229347,0.8436930138682268,0.5272332144492887,-0.3396635094152019
1,4.648361580297751,0.8837438945014683,-5.605110813828771,2.3236476580847003,1.1542434163164785,1.6804506390147158,0.9272075581707393
1,0.12466510820557823,6.516929820843194,2.2835775554613806,-1.9842796394803208,0.01972098026848315,-1.4135615906797057,1.2923328966913612
1,3.7207097428668647,-1.5982594320556591,0.7778744889047694,0.48698749695109533,-1.5043833520543366,0.05268434043212117,0.32314239039447484
1,-7.679169844847593,-5.614537437829179,10.620562999185301,-4.896970176020632,-4.290365684503516,-2.253510862469393,-0.337710649639934
1,-8.527536369917716,-15.231803513735786,18.738022137713955,-5.813054804435082,-8.541894658158592,-1.2018886262821518,-1.4826021688005742
1,-6.442219914977565,-7.155608003397651,11.101492389774972,-4.5925555158333395,-5.122871559758053,-0.8095472895767711,-0.9381270380440017
1,-3.6739677798428207,-6.1093462849550795,3.5697423796884027,-0.7907821033098624,-1.2853727100926775,0.167442502474703,-1.522652883246796
1,-5.426032379826873,-18.39216753414971,11.017838948734497,-2.165337613650228,-7.197310547691259,2.0394181939343463,-2.360545630674138
1,1.5117301306422395,-4.570881784726685,-1.4162255385045588,1.6742231278286637,1.2407563569813957,0.8151615628402908,-0.9601916071526458
1,1.2980588686261265,4.131860557610535,-5.365985084847431,1.638708153290295,1.3228091997017133,0.8597333912171576,-0.027485530636674395
1,1.716022632868561,2.0302700832428155,2.434019118087283,-0.9943051687497929,-0.21978192513875824,-0.7547070277075268,1.1204311020991975
1,0.4070491384413502,-2.92223886278229,4.796825167812192,-0.39638570003850077,-2.2497662187211294,0.2522394506829645,0.689608187130042
1,4.012534437194512,14.513160271273792,-13.163375205561406,3.842391055571167,5.578067400396509,0.01910297984478293,1.2538991557629058
1,3.7244066207660316,2.0692777905270385,-9.104916206418558,3.405502096436112,3.5684153028070225,2.223318695224254,-0.5801146846856682
1,-0.8522061165173375,2.468291154625307,1.4653429729695229,-1.5843995925887213,-0.7696434337511497,-1.6199013286439745,-0.449070858346804
1,-11.654556185580569,-12.56881049703285,18.70399814713518,-7.485410392324161,-8.489456870618607,-2.1483277395426814,-2.375949190423297
1,7.096651788914467,11.117629970638008,-10.894362652877692,3.081181801897815,6.079886612708821,0.5095313008378919,1.9509180415683263
1,4.686590475056154,11.51322440189013,-9.190461441640775,2.24907554472777,4.880700318704177,-0.3711014881596,2.0398770855820247
1,-0.580302382742326,2.2576750152991933,-3.7803959592512792,0.9530113356872097,2.5833615916439774,0.293574465465158,-1.0464745654315029
1,8.97721264189528,21.12697633113039,-15.784583810943097,3.851824974733816,9.455270806675586,-0.6397411581551311,2.3922907749731883
1,3.331307741274526,6.695250650202648,-7.947815684611068,1.5949105648707653,4.36414350929767,-0.23562453937421052,0.9979855231771717
1,-7.775297262196518,-7.44570318451483,14.971309726081591,-6.192514833810183,-5.346734918028636,-2.4322228321787396,0.01838902221296032
1,1.7138952164789798,-0.8137280491712222,-1.100998863468391,-0.05014451483119203,1.0334328429773063,-0.0495757513481519,0.3737011988115822
1,-6.983742453772684,-14.038650926002068,10.730300071067942,-2.813316319797938,-5.011634644887125,0.8595717439769645,-2.749845891174979
1,-2.860322212532239,0.5218498131255604,5.0053276030998015,-3.3197175091868343,-1.7387499244145188,-1.4989990975052923,0.33686907076231865
1,8.492197408097109,7.796308107548882,-7.2103392629859995,3.0410933464992524,4.457265109772186,0.660278444555946,1.8304821905209847
1,1.4398442778725524,-5.888247467720059,0.13438856904217555,0.9448332374786994,-3.1817922884180483,1.4063047220076788,-0.9468196048938486
1,0.8769107454668902,-4.004300832499975,5.573101482074933,-2.26933712909743,-1.3991537367062263,-0.4648916050930674,0.17946263237267968
1,-2.5824027416340734,-5.020426465611837,5.437654236176876,-1.8806135747648665,-1.8559571852134376,-0.489806098793393,-0.9304934327690857
1,-0.7995904175994671,-3.4349626180930715,4.768987090947187,-1.5855738666056614,-1.142105041083123,-0.6361026483304091,0.22631427979544552
1,-6.884269615052717,-6.405921674997798,13.303478534819396,-5.389748999852044,-5.04942469261191,-1.9232798736996812,-0.2994386447186215
1,9.320059290529244,7.463663555131662,-13.11041258092486,5.29123668090091,5.285746912198484,1.4481002645069407,1.546000648518305
1,3.1767001490021354,4.434014902801452,-5.186201784107978,1.6865335560277923,3.599027395438983,0.28789546753744827,1.1905159211127347
1,-6.671049183371193,-16.601044335215356,11.808289582645294,-2.8195370151071337,-9.203268554655313,1.7625769827897364,-2.4598983515534876
1,-3.1661614565416634,-8.760903446823932,6.3493460691215375,-1.266519072331464,-3.9375302105740815,0.9107899720169097,-1.471568084807479
1,-0.14557852122679996,4.199841072748748,2.245892530444953,-1.7914459365606583,0.17105597111139478,-2.3805083729843464,0.7928749367242229
1,2.4100085028011704,4.19915805008395,-3.527076707803764,0.895391851552281,2.633711212315369,0.5412062672832461,0.16178726196678764
1,-4.241375629593385,4.196310458915074,1.0685973699485003,-2.5344384470825507,-0.34020566502975375,-1.790640429827906,-0.3404876009147028
1,-6.725600581735862,-7.650627419570147,9.775923890370564,-3.6917994609346323,-4.773739367541935,-1.4196267628766899,-1.577206317241744
1,-3.4009323366324753,-0.439747970723002,-0.8639745796954987,0.5814640665488336,-0.07825584281899818,0.4367565478023128,-1.3725819149488847
1,0.09237280751521393,2.550622892584208,4.702344766229701,-2.750186848700136,-2.2394036841452367,-2.1531366349560037,0.1744186697331137
1,-1.7904243682190362,2.54588300126753,-0.5868469020158787,-0.5087056112520608,0.8433831180228466,0.003961739264869202,-1.2287572007779322
1,5.982452487513367,2.048125585583941,-6.82262320725152,3.5996625009119136,3.8054959901865155,1.5061978638301312,1.1320895110851716
1,-8.74372982009956,-15.819255441617662,13.033698921817301,-4.050724963810483,-6.2864626236248995,0.14219369772207918,-3.1476971081703065
1,2.7898558516818732,4.826376753937039,-2.201804360404754,0.676527307535127,2.63606885050686,-0.7223795217736428,0.6477631747365821
1,2.5042020479442844,8.299925502807282,-3.839068098994995,0.6566847166488384,2.9764310709282684,-1.2320510567905631,1.5522786435568618
2,3.9568086138030014,1.2561160880692928,-9.383834959452564,3.8929329588105723,3.9783616945792892,-1.863736826310704,-0.2601049782839882
2,-9.698824833172793,-1.0968503911394287,15.758867693885987,-7.3084268872463545,-5.823542248523647,3.396590886967427,0.7951716267329937
2,1.0132999257542379,2.5944250686164594,-5.573752335273913,1.8990686914649901,1.7986449037858319,-0.8185021370096095,-0.9756086350214132
2,-0.3603465114007786,2.2387779956930576,3.5963967884957544,-1.4732407262139195,-0.3780053976033721,1.4486585831035173,0.38204548617301176
2,2.3277067610376494,-1.6781645188797112,-5.628132390741233,2.723430956259637,2.1105626109982567,-1.493053672338642,-0.701526699770311
2,0.6061814127399673,-2.1094451078814873,-2.111303810935842,0.935842551841369,0.03668817060056308,-1.0174662808845423,-0.5097917894484704
2,-10.917909760126836,-4.810529981044533,13.72559067422747,-6.781903174498009,-4.7895685800019505,2.817273091631484,-1.0002812967334562
2,7.746826760625874,2.448150200159728,-14.500630664626687,7.160631395713685,6.690191056217334,-2.496824979609737,-0.5849760731775796
2,-9.566771817742806,-15.427242304513454,18.223985277077386,-6.744956553034347,-7.453217923575952,1.0280509894163954,-2.764331298800326
2,8.464891231521074,-1.9822325631526578,-14.571718648500909,8.804982732504174,4.497695102332522,-3.6902187435640585,-0.13097631794862946
2,-10.83649341807515,-3.261206339330376,17.41312907121141,-9.071814990320355,-7.37193822851717,3.3261253952013985,-0.13558182356449086
2,11.606890227917477,12.89851837584032,-16.122839009557058,5.6404904566503795,8.939154246855683,-0.8101728796483607,2.578595819753501
2,-6.7362438540266,-1.87564907217344,7.53656905331647,-3.886475304171339,-3.366832307084135,1.1891479417220907,-1.116839119677281
2,15.372540606379987,6.895089248078378,-25.870697769277456,12.113694578622042,9.374520392655535,-4.870702278441028,-0.1966530642322073
2,16.658293655386117,22.179194453171178,-28.7338450970216,10.420206083073229,12.566236898676484,-1.6603806388404294,2.205218742214457
2,-1.5044945538922605,-2.7923465235212146,-0.1800982309776418,0.5545148385589171,1.6641775396862568,-0.5128389146159537,-0.7035097918860498
2,-3.5026126739740215,1.3047710204167324,2.2863917367928637,-2.1391582031376966,0.7061362525795696,1.0913499785114533,-0.4026246207863559
2,16.244119188403932,17.362221468600644,-31.04877050345074,13.34402868452269,13.23667836279108,-4.278112887259669,1.3910461542783783
2,-12.561886746207952,-1.791197233625367,18.914884436492148,-9.72348014189808,-4.787969957690253,4.1737503691282125,-0.2423193393223245
2,-8.852774239063752,-2.720203299967219,10.044539922685367,-5.615081954639091,-3.6052356634370653,1.5970910636667939,-0.3731057780330628
2,-0.5848909263762434,-0.7020746340711008,2.0995637782456305,-0.6944359792193232,-0.14533609802533243,-0.16175757618948655,0.2595608928580624
2,-3.2102289826301207,5.102468676731696,-0.8205808437944095,-0.69873452289766,1.7376467523282102,0.8581368861488198,-0.4043330331052512
2,4.669059930157508,6.839145233037064,-9.076675499666727,3.2065343350200703,4.1366596570267715,-0.2794248531725776,0.9697674696087776
2,-5.397017978712493,-7.794162320016061,9.780962047199553,-2.9890836732872956,-6.030653270140468,0.556067407298185,0.01871160494302211
2,3.2937182887022707,3.302736268095977,-6.553519933687663,2.59668952990782,1.187361047528595,-0.5995379980608644,0.3687237414024216
2,-4.438079140392336,0.660522834075511,11.922276900033971,-5.432493404473293,-4.910633134412882,3.1069848367863706,1.4264983089882064
2,-14.197966133969246,-12.543721789248572,25.957995978229228,-10.0019043775277,-12.067872233094208,2.814267707152774,-0.9790878150918808
2,-0.43312698915389786,-7.665757084143127,6.978443808282111,-1.5646573468319747,-4.25309634483287,-0.030114275229280767,0.05659785427381586
2,5.465253690382916,12.817095371085328,-16.09965991885285,4.553420135560674,7.44551762259335,-0.8187427028674906,0.4917689028052456
2,7.066227620604073,12.144728605578589,-7.33074760165601,1.5367157999028156,4.372569312550749,0.4640830413038153,2.243290094154055
2,-4.906213387966174,-3.414099929478706,4.358897285531775,-1.4267687844593075,-1.939110963413521,0.5357639164430691,-1.1806817290145626
2,0.8336884961461792,0.2637181739455988,-3.6243387258262216,1.7212915317622501,2.781879864458685,-0.6905051263180186,0.1596764710032584
2,11.633514843336144,6.060680223576678,-16.51329418305609,7.859026517991833,7.324981912118237,-2.6013236120380663,1.7188862649044374
2,17.938101309898514,17.589896810789565,-29.505809778554667,11.66133971660818,12.410021775263129,-2.803273478149263,1.23082067380341
2,8.622672760314027,7.402063167662262,-11.123459229048498,4.54837407682769,4.463788459734918,-1.5435744233378836,1.448868736602655
2,4.224246117299126,1.669949123955398,-7.4014441799392685,3.5544589538225364,2.179377913619423,-1.1823361796409526,-0.035306278185537526
2,-2.286867996376881,-2.625068091135031,2.198380672193382,-0.6646453827673031,0.551108601091195,0.5773030217337622,-0.501371454592092
2,-0.965058950092494,2.4281100831460427,6.677504433881398,-3.1855176957884472,-2.2182823020508082,1.8297101937412816,2.089371747543979
2,5.317014388459043,0.3965188185916265,-5.142381143397372,2.5931581742216325,2.8018082586970685,-0.13445984789241483,0.6320102583448113
2,-7.430343288439037,-12.106326143643313,15.970534104166708,-4.595357647246853,-7.578030697237774,0.7218180609755332,0.06261893997701828
2,0.5994585152228783,3.2592474967117226,-2.442575464992588,0.5159032134410735,0.6893207724041158,0.2852705219250198,0.9065789466584018
2,1.6696642057280717,-4.96911082000624,0.5109609483165688,0.7922019380719294,-0.6815086135950703,-0.7393224144076445,0.3577380778250435
2,6.164086963535566,2.3126655720018032,-9.58919236697316,4.911305688032797,3.800532981296395,-1.9109755593182323,-0.3909083937790738
2,16.318635024276965,11.596818247295232,-22.317092692747266,9.936772137285557,8.55513462429714,-3.206379185489316,1.461037743772095
2,6.540468383161184,3.979767972077881,-14.274430399259625,5.500974002546685,5.564365224808291,-2.799004822343199,-0.6077756862141243
2,1.2313181961417605,-5.311614759889178,-1.0022880463533603,1.0427235055921347,-1.0919285348029024,-0.8178710369483548,-1.0913421933115874
2,-3.2992167032961692,-0.7941213913893159,3.090216073766296,-1.3967184086028215,-1.1108085944554569,0.9629185032189558,0.06795120680811828
2,-5.990812406987351,-13.329894639770806,15.476895341137318,-4.435641299647325,-9.392857039290705,0.3874378250407443,-0.42742737629006244
2,0.06487209915833127,4.0657863884713255,-0.5517019463542651,-0.20281667491294778,0.4190716829557204,0.7234576941007596,0.44178028470165476
2,-2.2881239420654285,-0.31703555140619144,4.208521997728303,-2.1666894424382153,-1.351145536235247,1.3588928776714697,0.5886296090167153
2,-5.732117101620363,-4.659999367042952,4.257566659083005,-1.3454464639635584,-2.789684889571655,-0.23467790722741402,-1.3487684763856655
2,-0.27439174211599954,4.500524405811684,-0.40889937366290113,-0.8786752431884433,2.294953174496283,1.6201038484085581,1.154019255223752
2,6.100005301303122,6.287556011507114,-8.222568384952886,2.678628099588666,4.013096975673614,-1.2091415358641786,0.5998587382145999
2,14.095610212940962,20.438249397427104,-20.669016520161136,6.390342091525103,10.7673744102192,-0.4436838360749088,3.3489021021937906
2,9.31516494760446,15.417239551847242,-20.26773053598797,6.77387107597999,8.754906913042342,-1.9082444027214625,1.7083580228170423
2,-3.2323649572207303,-8.9004219484538,6.874980767571744,-2.0773036056102248,-5.467698476427623,-0.46919418222359627,-0.8834579521093696
2,6.84160518848667,5.301743004336267,-12.67678444494553,5.42927405513444,3.3649447697182913,-1.7499879678629304,0.2956148889447772
2,0.8539208200034063,6.28399772688494,-6.766792039047646,1.97107568338708,4.704323150042198,-0.1428427501649166,0.13132534527542308
2,-10.301084188355606,-15.266855814184124,15.576260654957215,-5.372900898178167,-7.257360901282958,0.9411667826992272,-2.102204691238001
2,-3.568076692850268,-7.434118408817991,9.727241289362391,-2.7846295716537273,-4.017303331090465,0.37210761851660723,0.1068871370385174
2,-8.256375449166205,-2.828492310107458,12.105845783554868,-5.917582189961744,-3.6193046756738454,1.6905807195221692,-0.24814063202122577
2,2.0765072229162738,1.7645336638814741,-4.108111119124845,2.360788932205425,2.4259174140950965,-0.6706416527195238,-0.29287015183158327
2,-6.865356068872341,-12.964975146080207,13.190926570341107,-3.1875237647022674,-7.151677522062101,0.4296427480953281,-1.569070188921665
2,1.4193606227502902,1.2175701890870991,-2.470871039017516,1.748739866002632,-0.8004895622341898,-0.5324253752900485,0.7342162540555012
2,-8.315364195788643,-13.587947992308361,11.893379862279247,-3.5554697945160783,-4.72367710420663,0.46307426563552295,-2.720334733367078
2,-6.040975495362962,-2.2652235579031688,4.7251192668557875,-2.454755998276421,-1.5252319654454543,0.19804122155814669,-1.2218613801374751
2,-1.1074877558209253,-8.341843335303754,2.488548167056338,0.15890298202844966,-3.7439174341861214,-1.2501225187367428,-0.8043681626562605
2,-2.4584740402359953,-8.09107838113665,8.886844748442725,-2.2917895265344885,-5.113080351818121,0.19508098325757017,-0.25893608280453567
2,0.8721176396578736,4.817865705468586,-5.260327303343293,0.9154115476409016,1.3103092562195513,0.4130404728123845,-0.24964267842377197
2,-11.286373459525171,-11.963569911522764,24.895975913090055,-9.607385220261971,-10.57755112892159,3.2988142072823687,0.4375768998302615
2,4.191665248863658,5.776565120474946,-9.964384778197763,3.4768545025538575,4.839085842504005,-0.9217340990931544,0.9283201910903062
2,4.251556087615603,5.5965542470404,-0.31168987289304806,-0.5351342138976328,2.280488190497717,1.557504499842708,1.855916355187684
2,-1.5199505098675121,-1.953767904329781,5.761311399944187,-1.9834864142433273,-2.3389899935175946,0.7974238752976335,1.1239721433570427
2,-1.3851580021512517,-1.2723650531491446,0.07382523460847058,-0.23540203167633372,-1.147840496791515,-0.5406495376501697,-0.42421148778845796
2,1.9497709068369353,1.4021716519283773,-1.0240773687556408,-0.12392061312768961,0.13495079680202057,-0.2520752937612637,0.35106483087232926
2,-8.38358434361539,-16.507026392489554,15.547240897316671,-4.195703148254297,-7.754641410067404,-0.1266659200248325,-1.1377048724012295
2,0.11903029098398159,-11.342861578543003,0.43651919866497935,0.7922162242233083,-2.188356432418957,-2.7074124204290304,-2.689349336813256
2,-10.897281325841083,-6.217095539461562,16.633317851348846,-7.7814755109927445,-6.55354573991971,3.3245622645576187,-0.2173265535051292
2,9.170641031829216,1.9623909610389727,-8.76373743086636,5.466508595719298,3.206619774371668,-1.8771525741293158,0.8607542293996
2,23.65403157719909,21.310146413516744,-42.89112320197997,16.204246484434215,19.71916637231452,-5.279791969586164,1.463752956538683
2,2.985132389450584,1.7744386898129512,-0.2605317697915682,0.2442040087559046,0.656979851260414,0.32354327143436873,0.9806969876899264
2,11.800787890723232,5.879993579739711,-17.07717363525484,8.399213750134244,4.614191797571567,-2.809818044198394,1.0687657226707794
2,-4.942863181548616,-4.534565715330968,3.7661815890658996,-1.4886953113301713,-2.921609511895902,-0.3543181941719035,-1.7111911906035908
2,8.741253472628708,10.066067388054481,-6.582022400581094,2.5521028126867678,3.469015950368865,0.2768688058574513,2.39372776303204
2,6.284852729191345,8.32828110633446,-7.7132196138471585,3.241522371135058,2.440107999938927,-0.3988065062761661,0.527430997310591
2,7.659423042101228,2.2425221928680394,-14.833131317730196,7.170179346704366,4.7534484032816495,-3.5454089429172626,-0.32099735953743824
2,-5.271085001709824,0.7240249148087373,11.630218607615953,-5.621235756220454,-4.158704271212047,2.7738743170684814,0.6292621252036213
2,-9.207457797328596,-2.4354014679930076,11.8739932044153,-6.077345490639216,-5.290462597697509,1.8885919419392811,-0.3687698231982889
2,-4.053145808926882,-2.4775398151844508,5.103131633535997,-1.697235940852204,-2.7424449890317484,0.594851258303549,-0.11304414815057215
2,3.792988017935048,-2.5375837856339523,-5.508375429413456,4.187710284197471,-0.3408376236667563,-2.8992129305973506,-0.7791842803421718
2,5.265446344359203,0.7047464540242253,-10.911049829693596,5.241647424261129,3.4716520081257243,-2.2897172978756486,-0.8944494538613134
2,-9.561810516671386,-5.378379347343517,12.073898117802324,-5.7389761212146535,-5.961377022440202,1.85183781933094,-0.8180195032648826
2,-14.285087084513247,-15.161841583601777,22.868527837144924,-8.921802940589915,-9.00576848042091,2.0466166055304065,-1.523127140233328
2,-2.963032931750846,5.179514883929987,1.142003845186981,-2.055731112131221,-1.0820942105188405,1.558780806616143,0.35587384147701395
2,-3.9971001044263192,-3.7401542341766616,6.707394646835578,-3.040740128629844,-3.673814853329228,0.5461423506664653,-0.3979857897743982
2,-4.85704152610197,-5.02190872134219,8.172562269388404,-2.5933883298540867,-4.160105149420662,0.6944080892350196,-0.8120334177751052
2,-2.053537525912166,-3.8535322514527492,4.701006739908118,-2.110743313014465,-3.06099335224288,0.018194860323983292,-0.5840497987688581
2,-2.53347943998436,-5.240966169260691,4.363690497268418,-1.393576210329053,-1.2504551662748418,0.3666673716126319,-0.5120281079511967
2,-3.7120370217724643,7.948332024599156,-0.3150167387365085,-1.9423288567498451,2.2644803726410507,1.6061473129043677,0.8290726716883805
2,-8.05705103597604,0.2795594010545606,11.661898625798353,-6.831690713771268,-4.9322350287954935,3.211964319309717,-0.12295595241864044
2,-0.6643261882332137,3.4914471100802213,-1.2365103728275617,0.022556661164732417,1.4449636483724222,0.7253229342469206,0.14404734262014396
2,12.155272707327578,11.761043820569489,-21.21320728995916,7.612984707248169,10.59721757096125,-1.4569594753442356,0.034747568088799925
2,-8.581525831533042,-14.837986333346754,15.888179707677653,-5.438496452033773,-8.880868015030165,0.02430896079418879,-1.710120336755572
2,-17.055148193968954,-11.82806188433267,21.27966060747162,-9.433089880274574,-9.76270662752418,2.773265118065491,-2.2386649761697623
2,6.161284878753644,2.462662248818704,-8.360255509552603,4.364764080803259,4.706551516358754,-0.41186950219770047,-0.17678651015648422
2,-1.4875727193925556,6.781880658755129,-0.9060833651689765,-1.7124045152719698,2.7518306906708645,1.9745252670889095,-0.18706818801131764
2,-6.432764858987772,-2.795723647202819,9.20317333558074,-4.196994611824311,-4.251430753022183,0.9556654145636843,0.21321763142009545
2,-13.671260433464939,-12.525646903353786,18.90911869174168,-7.4999098842633325,-9.429985028360605,1.7295198730720593,-2.958286628341923
2,-1.1395390531786733,-6.229520552168364,7.874713109568593,-1.287710745510874,-5.245315656115247,0.0873524900468474,-0.14727672438186928
2,3.717320843896894,3.8367545765016295,-5.196115767446019,2.4205549707530754,1.4505988301439692,-0.628642715597524,0.4666652120813686
2,-0.8046191852259057,0.6375737686344826,-1.3127318001111847,0.39983267896400415,0.8331916525805426,-0.0010400618610138523,0.5950128806144115
2,-2.60102463704631,-4.0609951682476035,7.1065112979725376,-2.6363921995622026,-2.404302059795599,0.9056170906332097,0.73663672333274
2,-1.971196297401656,-2.088128108433249,4.405762653124904,-2.0011880373896633,-2.0291064816354236,-0.04182746310158386,-0.41990420557904284
2,10.400329270864532,8.476285575749827,-16.73856265891936,6.183029958158946,7.185518432737327,-1.951048173643771,0.9884439174970419
2,1.742362372851551,2.3802856843111604,4.946768157436241,-1.9641715228749645,-1.9090765400768677,1.0467800688983167,1.8134545225002052
2,-8.82796711746309,-6.020225023758197,12.360573773736581,-5.332640432192801,-5.0809685797172754,1.6322521640464018,-0.7420957639748971
2,-1.4573800242204886,-3.5626913626870396,5.1807697125988525,-2.0241070193831856,-2.344866272366262,0.8473195314033386,-0.8539687989101962
2,10.057163608905315,16.605164652868588,-13.866644262628332,3.8874490296190576,8.300666061654393,0.6826931661677546,2.1690835997535434
2,-3.894680622522448,-9.201809728838974,7.131734115824748,-2.7000071822465537,-3.9978940717346916,0.37830072225272837,-0.7721449714709314
2,-1.9630959895901363,-0.7084945655653092,-3.49114118727971,1.1612379623806217,2.4037247681653398,-1.1528701062683344,-0.7544108346222742
2,4.794310640184054,7.967023667354756,-10.228077517886595,3.2457231874246233,3.5856343600418135,-0.4464953758761826,0.6949349344295253
2,-3.5243523407533166,-14.34318009441858,9.691249275588868,-1.4059097780353733,-6.930225617555212,-1.0310898656826666,-1.6770089054700679
2,2.7556712373301866,4.800183815973071,-5.559544687925874,1.622148645189416,3.504421774412279,-0.2644014559719859,0.7449072266484912
2,3.391598731605353,4.103582840664878,-7.274480362444253,3.012658891829863,2.1911541878556156,-0.954874817580569,0.8162780916099535
2,4.102632291729301,5.9916748848423875,-7.640982894035741,2.645724970055321,4.373485533166199,-0.5208865535151146,-0.2710855935413262
2,-2.9006722630887074,0.3928142402258227,7.878309654658315,-4.434554591558061,-3.3275459516905617,2.0756417735824106,0.5169300367185701
2,-0.4394128581203103,4.034974946942164,-0.017768884899091505,-0.8514591360699887,1.1279441393199974,1.0063010059360535,0.9674942710765518
2,-6.565175490363466,-12.793878948187293,12.906093116375043,-3.9366908720553764,-6.658883813970265,0.42881014396168665,-0.989590839157802
2,-6.915130022110572,1.2448750538150342,9.07716654396209,-4.953543929681309,-2.89372606607531,2.972219423394028,0.7219020302820565
2,10.270296122127943,18.0755478427072,-19.32128054595488,6.954272342829472,8.43935264879247,-0.7196832447582924,1.409982074696316
2,2.470820148966459,2.5124987550174933,-1.5276387521655697,0.2170932414799155,0.010448254885043515,0.26884000427847865,1.4033526470333693
2,5.273410550457375,0.86915590639784,-4.612823171662833,2.8309666007858314,0.7319729620749803,-1.7168718013433004,1.525836568510029
2,3.5157450646750217,6.775635771934258,-4.23558714682112,0.5109337312200826,2.977895579447367,0.3836345210591165,1.5026578320637465
2,-2.9945619931281007,-1.7634237022402566,3.2522891776740996,-1.65734234186486,-2.2207204000923455,0.7882697678092548,0.08825663008265339
2,2.922111400015661,-1.7164528703701876,-3.553721539663047,1.7983375595812578,1.5580939804143636,-1.296907384087369,-0.6897712275019823
2,8.244907235665298,12.300780777396447,-15.969298508444787,5.535212120147658,9.086875944639221,-0.4078897345878467,0.6923933641304378
2,5.647485095478313,7.174711945583563,-4.527376261226306,2.248435470892849,4.37227206950238,0.5592864281801246,1.2475732612167993
2,-6.468002750181105,-8.195590146052671,4.718066842871052,-1.8184827366128102,-3.468421942516982,-0.9796993837312133,-2.350267535683319
2,1.8045224999195404,-1.7708630716339413,0.25414605838167365,1.0881756533527194,-0.004867692791895327,-0.46664747980188803,0.9661467542446512
2,0.3314292624094744,6.366250340636592,-2.954263784495945,-0.1817830669863044,2.083771788408948,0.8936366124932676,-0.15554554002504073
2,3.4407212691611337,10.300834716982756,-9.202033231495928,2.359448897559196,4.963844367829624,-0.11662051154878467,0.38096318177762817
2,-4.1591813063718615,-2.4341041004325343,8.00024625657946,-3.447875286578742,-3.1936915791167317,0.7522030880873085,0.03535613373083074
2,4.770042534483508,7.115610714831291,-6.451513221066969,1.681282697405797,3.202089129279209,-0.499103081675895,0.7199592847277068
2,-5.23574291680561,-12.537463218451899,13.37282879352183,-4.723439909180058,-6.309808939670915,0.25186004137348744,-1.0828631932384518
2,-13.425306206616632,-10.463750519706409,17.46984134133749,-7.542099634073869,-6.966204125361068,2.2060242584533487,-2.13463250624259
2,-1.2593313583132717,-0.790004475827751,2.019483182738691,-1.5602442688458398,-1.214200304675695,0.5778337362934373,1.5466613913799547
2,4.209715186614288,-0.28782480627365203,-3.0954778542987302,1.825597359546634,0.12776169479502394,-0.9572837277289409,0.43451672138724434
2,-1.3257713497995132,0.09380093203775378,3.428090846332112,-1.4136944936532758,-0.9908997877500602,0.7373413178167589,-0.03075766323303991
2,5.938762249568437,5.434814197606606,-5.516135075720673,2.9607908518289565,3.180144732348142,-0.8306155435018978,1.6833908202727779
2,6.776645685462288,6.247417271222907,-8.023179175716898,3.44747943181077,3.1716338795719796,-0.07033437319210356,1.5474763999222096
2,-6.078405821714637,-9.75628235230848,9.602561228665865,-3.2154534431718784,-3.3500244368124275,0.3946913816442482,-1.5000800084647927
2,-1.392923646962433,-5.113243147524383,3.3817179280724545,-0.9112780423091097,-2.1715466029479678,-0.32297641082280276,-0.5816557083943004
2,11.026744999076335,14.651583810662965,-19.850294413454108,7.293329434197553,9.775953103359237,-1.0064861815118153,1.5863744606699532
2,2.2775850970297125,-0.4033265616091838,2.6826897250643493,-0.39756727690942856,-0.6554164549478984,0.16059118910875003,0.9196114605965166
2,-5.907050745178011,-10.59357299657048,8.439751297754563,-2.7707812005254415,-5.125671587922346,-0.6653696963919971,-2.349636450056232
2,-2.5262449187859213,-2.68134414071084,7.410699740877194,-2.4612534099698635,-2.3380420968006455,0.3752030368093021,0.5211569142791734
2,4.537587294970933,-2.281727833459696,1.5470252104022202,0.4944556871832806,-2.1328165759657858,-0.7826040406075703,0.9614258257125243
2,-4.0337285516689105,-7.805619962474516,6.824914088702607,-2.4239226370863762,-3.7575387660602098,-0.363416630216017,-1.1414385987982474
2,6.177348482714298,5.314336139471939,-5.81653169703836,2.203105614508804,2.056121057224895,-1.1596082490962478,1.8737582446608876
2,-9.54293977527387,-22.52119830544938,20.923390460195062,-6.0959850217388105,-12.60425626619643,-0.4959234023820427,-1.297442395832284
2,-3.3366359954804174,-3.970188556170917,6.698467840229039,-2.224813765816463,-2.4931459262220237,0.8942988351107832,-0.2662608881872563
2,6.654686218581915,3.946001737241305,-8.630203127093834,3.838534675180364,4.179784270909924,-1.6687995550429848,0.5593905069952798
2,-4.668404570965248,-3.623680703361412,3.9799387270842628,-1.98301188058773,-3.3105217919258054,0.44948074358518764,-1.4052554173639165
2,-4.803226037375744,-2.395450150817297,6.390226736440104,-3.1639098862476507,-3.0479304696770266,1.3654464171436378,-0.9740615484636685
2,0.4247055752396146,2.621504637800594,0.6913104554811147,-0.24818468920961678,0.5373235515884005,0.7881715435913103,0.22738450088965628
2,4.7600858780884865,4.372684309151969,-4.972405386012444,1.8918497537349737,2.247738990229124,0.1675822623642204,1.5486767689982932
2,-6.26552364042603,-4.308786260458831,5.616527915346167,-2.5855877402608773,-4.712009980319175,0.13215731565224445,-0.5171930664047474
2,-3.161557975864796,5.685144128908633,-4.889327487617412,0.2749904312012445,3.43633963549714,0.4978791817636026,-0.6935178019670798
2,1.0860290909893853,4.103199916914122,-2.3524010977317587,0.21623199884189578,2.7117755879803003,0.574035451861059,0.542524306809751
2,-3.5803405117400255,-7.089473169950978,10.995200897308628,-3.8183858783126525,-5.324351121931573,0.15065501971155792,-0.13238502373362523
2,-3.233787900150437,-5.445093553984471,7.765442049171076,-2.6919966500549624,-3.879548639626764,0.011731914563489876,0.5491628685075647
2,1.811512449859437,6.462364010014565,-9.062883313094003,2.283111022452408,3.935810126572057,-0.8515214390495751,-0.9740232544457997
2,-3.968363746634738,1.4517203547101347,-0.28273677472702635,-1.3072719669841852,0.5339878166323938,0.9126045029902918,-0.9376152224805432
2,12.643572764354994,17.08445476766696,-29.76311728554151,10.992761088305413,13.549947437482212,-2.733695041665084,0.23138457978861315
2,4.601197309091544,8.188488880518733,-13.282967466021008,5.374154683180043,5.093470527601376,-1.4249295804071684,0.3367154570480591
2,2.561586997108569,1.087215580926026,-2.787493927669452,1.2938793461570226,0.9733253450757994,-0.7795418568196103,0.5523384638876214
2,-1.5713873417887365,2.512843922082448,0.24595923790946506,-0.734749136387846,-1.7018475019219477,-0.16121742516460777,0.01909098359415498
2,-2.5878506343428658,4.853298065202679,-3.9024319141761596,-0.08088251817715657,3.0376578280979984,0.5476276980308569,-0.8986402925470408
2,-5.507095823751426,-7.420557144394069,9.444020119205007,-2.8036950966190193,-4.087080829495856,0.6530336697557829,-0.6290662940947037
2,1.9464654822339995,-5.004514801285681,-0.7220412246659822,2.008345037068149,-1.8204893537663485,-1.7026017502527726,-0.16384414242296316
2,-10.476323196307003,-16.371316774983523,17.68059548288489,-6.358675940662287,-8.917021600521371,0.8698130712204686,-2.5889675773450644
2,1.873508219301838,6.023978772938273,-6.469949831664301,1.7645460400576445,3.34557635182111,-0.47018768519357074,0.9046959854315685
2,-0.6592621101308098,-11.772055888517697,7.106228300577031,0.0031195137543606043,-3.43497400181972,-0.9582330106939188,0.26422794916821957
2,7.525383476572225,2.2792223571186194,-11.581055179098527,5.890091993403217,4.181099499328908,-1.5385405735139783,-0.44161455829568896
2,7.849279274243075,10.78395330017525,-12.482246842147028,3.8391020002816827,6.135466882829946,0.16915274520467338,0.9889521550845597
2,-4.286002810841923,-3.661937159141715,3.977424462522986,-2.418099749798565,-1.258145719784188,0.6784111243622101,-1.4828342313522178
2,5.338955310821885,3.260881099956011,-7.208672759136393,2.581354505696076,2.625620255700916,-1.0254072218349,0.7217260542002822
2,-9.883535070190034,-5.026793803967963,14.667377730380508,-7.339809239915622,-4.65966359902469,2.82922340911907,-1.0612246995074635
2,10.464401578363429,18.82104827096323,-21.580127797076184,6.923660551656394,9.271126951026973,-0.9322115822969448,0.6699648723734445
2,-0.5697092189224764,7.51633540981955,2.64603843448128,-2.3397378594089973,1.2706470434986181,2.571255288065015,1.0039002308210554
2,-10.432721579653748,-18.270502985001055,18.997297621089988,-5.527611229416772,-8.996234336748358,0.35013244295840296,-1.7867885461976312
2,-0.24519726365740138,1.2015294057734578,-0.8549680806341089,-0.23459224583539962,1.0018437855782696,0.010680695889039082,-0.716350924727813
2,-0.6410315833490202,1.2405241391801913,0.21568183989586165,-0.39185974104939103,0.8223818668030249,0.1622052157313016,-0.14830565754379849
2,-2.7869085454484073,-1.9445608037824287,6.590840847284425,-2.092255882539755,-2.689085096713877,0.3316729237659042,0.13140889939205674
2,0.04908586497938661,-3.21815703847455,1.4125503944640063,0.025465627677467483,-1.6206712066090911,-0.44094258552273813,0.3556132077678496
2,-8.595297999789024,-10.38194406824503,10.723890348325519,-3.662599255827037,-4.155266849472894,0.22213609129396894,-1.661478269774413
2,3.636217108943907,3.890438307148774,-7.976916316817016,3.3026308342085904,2.2040796410541628,-1.7100784524736348,-0.02045007515854065
2,4.992888159686978,0.7426773871988623,-7.426654988952135,4.250182286211195,2.0093470933864377,-1.7309261552699862,0.8529413175191584
2,-3.057754553766463,-2.2631331597488726,2.9797788875799442,-1.4262059267602134,-0.3806976053470001,0.4444122505602514,-0.9284864134768572
2,8.961339266721199,2.3298732304038907,-11.791267991103636,5.642410420026311,3.493117647781149,-1.8037397070279355,0.8444595070842306
2,-1.7941837346141547,-7.339393917406709,3.2183983595859504,0.06569321626230633,-1.2180664038161408,-0.5195044864092837,-2.577198484480053
2,1.4097619603455176,3.3029233314351605,-5.16715575992497,1.1069449692653839,3.0153150179532116,-0.3996238907443043,0.3495797039711956
2,6.601166916550148,3.7432336016620327,-8.883975069706185,2.956493586505995,3.934080904739456,-0.8371229505857121,0.6324311548142194
2,-8.939410730234956,-8.38245935144812,12.42005521099724,-4.8838611913662255,-5.456790425099925,0.7187676631689236,-1.1418016534079358
2,-6.852384707595136,-2.5709009396609304,11.32689130949762,-5.489435466034935,-4.460959249241081,2.0694990988694095,-0.44221787715908545
2,2.772818404012822,2.4788910803352104,2.2919431312882708,-0.6161229869013259,0.1323913601652221,0.7882603349675412,1.7786225626795762
2,-8.639978167788959,-3.5879634297932217,6.312113730243257,-3.376280333213915,-1.7411958195702824,1.0099903096394816,-0.5317449249583007
2,-19.777317122152265,-21.69668883375506,29.022065196551765,-11.225516215503399,-15.258316000966008,1.6222350417069142,-3.7661650986835564
2,0.5154695946647142,-4.591910513554043,-2.8248652979904625,2.6908986576658958,-0.027963277462228632,-2.087732480282563,-1.22520167259841
2,-3.044820787353218,-4.140550031519966,7.036031552763882,-2.0531845807162337,-3.1501802273804285,-0.09674973851118363,0.17685104779198205
2,-9.833418422152933,-7.165686472315641,7.961568908203797,-3.22353317294223,-4.244302201389505,-0.07694656489861684,-2.4544679656363337
2,11.201368349610084,21.229224706774396,-17.255438350415652,4.406934568906731,8.097406937315906,0.5313828162974404,2.4925375667082563
2,0.5297898695280645,0.8437997356541194,3.5404685429585516,-1.0161010511682869,-1.260418382412205,1.049524586556391,1.665561329101216
2,4.6452438100219196,0.45975391519180786,-6.889073973681802,3.2855619368534983,2.929112840547488,-1.4972336651228348,0.12446923898815841
2,0.49180583249166326,0.6435948681475322,-0.9247392565965635,0.27250848967788815,0.3068179515329745,-0.05500933183659223,0.36810041771802327
2,8.006835053562359,14.106151045807069,-14.700591625157996,5.017888204121988,6.7556916719271545,-0.3683043367829877,2.284556049328356
2,4.305102251813298,-0.7475321766392594,-6.09770580268599,3.088753072929172,2.5181777182909926,-1.4255352786981272,-0.607788931791542
2,-7.706801310460567,-11.643528575844131,10.981270914932967,-3.533937237551547,-5.354610995182046,0.5078675656337153,-1.9999036847012908
2,2.099068894391016,1.296877578282826,-0.6139257926746013,-0.11597850198086682,1.2437056720617212,0.29808449289756334,0.596765908322362
2,-8.40041620462005,-9.202161198985483,14.177341851682801,-5.58754454155252,-6.236710970347418,1.2524390716597893,-1.5897596014358695
2,2.015921865178652,1.2294652163718605,1.3705317448765404,-1.4040856902517336,-0.36687449633665453,1.177856089092181,1.322518904130812
2,3.75436783263258,11.151720005441573,-6.120460642897824,0.4185806510642147,2.2044304595840445,1.2953454100479225,1.7327713777430085
2,-9.767961478771651,-13.22830734218227,13.0845591375512,-4.7648814500771906,-5.770390841555376,0.6861045825970582,-2.135172646345807
2,-12.897500970232542,-13.715155330467638,14.548016294575596,-5.81487706641155,-7.036115255122069,0.20564504068765554,-3.5070503802336987
2,6.857739559254693,5.599414048139073,-9.618050628997045,4.473864319537752,5.018641729877329,-0.6064070061414213,1.8143065412611892
2,2.2582045616543023,0.29571426435435666,-3.023443756382388,1.8684616862328147,0.6022709318454161,-0.8729115169837913,-0.06032794303301065
2,0.36194120832804844,-1.086869595595478,0.7832162693750184,1.147395043817373,0.3959635598460046,-0.6875063463465116,1.0022025316308154
2,-0.8770878802586877,-2.179220950583478,2.7809879789759724,-0.5478881189118257,-1.1707716670296386,-0.10696818214120754,0.38155501477027565
2,3.1263727536723356,7.073048906022632,-1.5491263144741387,-0.8275648435897454,1.0443315024398052,0.6891208675246838,1.829115104863392
2,-2.364765738330109,-7.186935291524684,5.949481027948739,-1.534216584702003,-3.275847515959668,0.04560267335590025,-0.5514244368856878
2,-0.17280946883539058,9.60394820713464,-3.6785833443750633,0.25978011812670976,2.948806598900185,0.43320757518791253,1.192174838720529
2,-3.892906405892571,-8.99572275072943,6.773611579563753,-1.7366547266660988,-2.7491956283989833,-0.22027355027871043,-1.4422393810547822
2,4.38800230939224,1.071688334159919,-4.754784383978968,2.3801813715962714,0.9425828111628725,-0.6304858873307653,1.0869904704634739
2,2.65401991772227,0.31929928674858704,-3.86756330952996,1.7683732909478134,2.164718792357339,-0.960253000779786,-0.6179584288890864
2,-5.812703445292845,-8.250867699676093,12.479083840709782,-4.732654509558056,-5.04860005001782,1.5140207977435645,-0.12738176602463022
2,10.18609781986771,14.77490624869701,-12.061441283639656,3.625550870215273,6.52691767661609,0.10654169398896857,3.163368491674985
2,-8.03225596633284,-8.13491825614123,11.633379559822343,-4.052381182203926,-5.292822270576606,0.7576613374704959,-1.2035025518470894
2,0.827815573795262,-3.609014077731346,-2.885633122342859,1.9439495858823912,0.6258784466519374,-1.6210686113802497,-1.3501052904807447
2,2.9351972929606163,-5.1824444576722275,-4.295243163598751,2.97699886627872,-0.9314519238279102,-2.3651323789242538,-1.6893659220704789
2,1.288358718238048,8.412225968935257,0.19176134972768238,-1.1130475551910497,1.761655622047684,2.116372322581513,2.5194508457277514
2,13.52243319048924,20.967144282292296,-15.697763878630118,4.9206896841255805,9.269384499807739,0.7163272798699474,3.9691577043272708
2,0.016586651916930883,-2.0637231997127525,-0.7026667853355888,0.12238464782331385,-0.6814719031894344,-0.9818760634414876,-1.3088645312099034
2,-8.345101545585344,-19.93652906365484,17.036391792002142,-4.2036022117861975,-10.239383831471574,-0.05421142412587293,-2.577332870912211
2,10.844519500814108,17.6880449526107,-15.142721803819192,4.438912693447863,10.18412656969183,0.5205380952689445,3.1591962563888294
2,7.9941870700578574,10.34664750691914,-12.23895743240584,4.547090801399147,6.943628904631332,-0.7901010954258841,0.8649842297309218
2,-6.416318405343387,-7.907464557111415,10.752176372452938,-4.5553370453855155,-6.200105336487868,0.7658934341801862,-1.5885244110401129
2,1.7295282345808929,14.758815368673035,-5.494973610318862,-0.02113985412908147,5.649542897789605,2.050070102412401,2.06693684007433
2,7.001614588375057,7.74761767570194,-9.767298250266162,4.268977930596389,4.808439636363317,-0.9766392233182937,1.1683876091426735
2,4.602551639895849,10.22019122012788,-4.3300165014611425,0.3041228267464538,4.8761202735395095,1.7813191130897077,2.8663046650205213
2,-8.069440672466394,-5.237857202275609,13.516837386037619,-6.254996914336766,-5.763002952285312,1.848036360025655,-0.21706480182213106
2,-3.4507484974226066,3.337793091501505,3.9219082699832635,-2.4267460517099124,-2.122679068002298,1.085306450555086,0.6212277650932155
2,-2.289191845605446,-13.842922119663145,2.3292286838058387,0.9621529799627179,-2.5193012354236592,-2.510409140400565,-3.3971642600099026
2,7.092452609528223,2.3806268452135084,-8.618103593699681,4.162739505259918,4.131333288733392,-1.9011144942239473,-0.6406181571054252
2,1.1196669516446969,-2.3681744937312628,0.5695244457893954,-0.19996329894373926,-0.22709250263947878,0.06864102837616373,-0.030298181181832057
2,14.629037596490786,10.823609905337198,-24.043883479671756,9.782217889035168,9.704390594123877,-3.167403676645059,0.20275912807377228
2,8.389884432750206,11.337277106234025,-15.714426027909663,5.9264333816574055,7.895816205900227,-0.913496728206216,1.1787840308303295
2,-15.32871585731464,-19.11130646876137,22.938352021668347,-8.150442187812981,-10.181560207614346,1.6213288416286495,-2.6377082779241428
2,6.867340981407047,3.5788846112054213,-4.369433088079519,2.2456906460802606,2.4259076209611834,0.14603848828567167,1.7960356908894692
2,-3.962292271089348,1.236537819874444,1.5682475093596622,-1.1206692264737836,-0.5632862561530461,0.6948110855956067,-1.0949206031231657
2,5.25169125550527,17.091795120717297,-6.09412033303114,-0.5103403657028466,4.791827128962207,2.204684800887053,3.432682107023287
2,24.487409965742344,31.738060191817613,-30.788730611117956,11.564446800264347,14.426307538806245,-0.570608169113002,7.8394552404222715
2,4.0506823611981275,-0.34193362770749136,-4.157195118101233,2.7999696346925074,1.239735785701499,-0.9054433597574043,-0.4950282921059917
2,-17.201870251346172,-19.96592965147408,23.50479364936607,-8.358480470486905,-11.236701117941722,1.7672681362703897,-2.3484007507159035
2,6.965425908693446,3.888501883020336,-8.09756372880683,4.082368524750296,4.2812546380886,-1.0260842687378517,0.9093384984794536
2,4.9970014163002014,7.1600474725309855,-6.489216348775466,2.3339154972069034,3.989328518343891,0.19537492741046475,0.9102282355378829
2,-5.97593905169807,-11.20891837050379,10.952795380533694,-3.441379564055751,-6.666573279830851,0.31357750572718124,-1.8337554602618384
2,4.578551174992706,7.952859988847367,-3.8398825340824603,1.350596381396397,1.483453142357544,0.6142773584970713,1.7828674233376867
2,-8.45524989031473,-5.373324700603436,14.33817546023647,-6.921124965757865,-5.932945264667261,1.7958854395877717,-1.0848035317084033
2,-8.0439896723279,-5.226307942775899,16.927389224805843,-7.108125070130569,-5.223600346317311,3.008863096343349,0.4185119777871806
2,10.213118487441063,16.147660425172425,-15.438672989287618,4.60738729176189,8.500328012692073,-0.32654251046638655,1.8950415703459447
2,2.242473112260395,-1.0524152422475663,-1.2576487290017966,1.3687075359053749,0.8731311071788758,-0.6861208418369596,0.15349798251918845
2,-7.806941976551894,-3.604373690545893,4.895407021019415,-2.6760495694703037,-2.14430846626312,-0.4087834742092014,-2.194570949144399
2,3.528929492201887,14.452952800562192,-4.9905750153207125,0.05661626615909687,4.1897781301760135,2.1003827174108602,3.0806397697826915
2,5.829548842212786,-0.6215968684987605,-4.740607114010994,3.1703399662462397,3.0479951993026986,-0.8974468821368257,0.5135061511929959
2,-14.14897639196696,-21.806659434409397,23.32675565362818,-7.737624907759747,-13.095726195070558,0.6577050855298074,-3.6031223606875993
2,13.423370016816293,11.94651061326434,-23.551170551235714,10.407128700888133,11.760125773687141,-3.1848968867367677,1.3951992372374173
2,-3.126580898589805,-5.371327677773318,5.574541939756675,-1.1021469935995967,-3.6926618427644917,0.35060959511411466,-0.9735433861825166
2,0.41370323126451486,-3.4700822554809467,-1.461143769644118,1.0477637133056539,0.06895167815302868,-0.9218275827964325,-1.4934289705255996
2,-13.655847615637672,-12.31656115845434,21.679156279128094,-8.292927785379607,-9.341603140018496,2.317667066701445,-1.4138224649687032
2,-17.848393013484394,-22.660155556262495,27.05665639161445,-10.099932222731221,-12.775651364840588,1.9359609042728865,-3.620414797864477
2,3.3660755073592927,-8.149967624388278,-0.7075171623993328,2.645490743306633,-1.847965522022945,-2.153210322118956,-1.0670579592044678
2,-3.5500984430251656,-7.544166547718552,7.433119640129999,-1.9786330409229438,-3.7069586891433723,-0.007242349547831737,-1.3169057010529943
2,5.303844719794049,17.909203579564714,-11.152906955368799,2.093917183913609,6.531628649382222,1.5051118143082378,3.024165490562627
2,-13.943695193515694,-24.2792787453307,22.605770072538867,-6.861690592295747,-12.682522610043065,0.20516662487303694,-3.9113956186754764
2,-8.210323011586716,-11.363301078841648,13.78507965225135,-5.221932902262754,-6.393861479448165,1.018207607052952,-1.7098500015511
2,1.002686452516069,-6.583395815049817,2.046479866763159,0.06442328516981749,-1.3771288874967613,-0.25748753044835354,-1.0970488062282682
2,4.780038837009088,10.091988463178348,-8.701575091011277,2.2953156938787207,5.181242833135576,0.6314870626827291,1.0603140197647554
2,3.2460413347496027,-3.444962367605797,-2.113869805044095,2.6150481822993625,0.9581119903192656,-1.0879027667202892,-0.7730542529933012
2,-8.139280128032762,-3.593320752635952,11.389522634183507,-4.9247348468490095,-4.670246632530723,1.611083825374743,-0.16912236552583487
2,8.567252028380441,15.051671134707586,-19.764104051160796,6.024611434671151,8.268721127424568,-1.1724729985788531,1.1530819978093907
2,-11.547312062894623,-20.964109436440427,20.728925534052973,-4.876112412237434,-10.210756505722138,-0.15819043163999022,-3.4048655713198017
2,6.076456014453505,6.854318590637574,-5.027061465186997,2.22589143026349,5.107585858836016,0.5096077949802649,1.5515222715925416
2,10.51028838907117,16.19239587094932,-18.1639386964514,5.815968237567998,9.508142787685115,-0.6299233439765044,2.0532817575269933
2,2.4678203258928244,12.649477747743324,-5.234069093130066,0.10691386858300811,2.9513415810718366,1.3396785198793646,2.1094462066545145
2,12.998043456948462,15.499772507948467,-17.599689740868026,6.264439522637282,9.305838561781812,-0.8588314943852557,2.645732416837513
2,4.721025163208118,3.6984655433110043,-7.57447238897114,3.043791493419471,2.74515514865308,-0.8789356075108009,0.4574288922274747
2,6.826223655378931,6.331917158443743,-11.37167597329011,4.190798201570638,5.900822071804729,-0.6423960240766914,0.5748816266922477
2,-7.194265322191836,-11.13372092676432,11.280504533039394,-4.160541681246553,-6.6258652906189806,0.03481307086832122,-1.4470951284279807
2,-10.313711026410585,-10.922104852517926,11.69956492860667,-4.26530862469994,-7.425991543816356,0.24433515062502048,-1.295097304590687
2,5.8637213436877875,7.0392029732152395,-7.697172811005759,2.3169964484474397,4.922050928609247,0.4944064561557632,0.7316793416102819
