,0,1,2,3,4
1,-4.427720239721834,-1.6772394238172552,0.5248872368498106,0.3983289968994367,1.1701502664500893
1,1.6033773250757295,1.1404569405586942,-0.2888388022724945,-0.516888081474279,-0.14879596692768746
1,-4.581839177683137,-0.9961095601667871,0.8222327778108407,0.8822156833542858,0.4806063130961338
1,3.015738647482496,0.30059119709610044,-0.07600685210387889,0.3224695178634701,-1.9496952432616252
1,0.3040440232734619,0.10008075325529349,-0.23044698408229458,-0.6247289443224455,0.866344029656687
1,11.353055637176592,3.1626066361183054,-2.013271974210818,-3.3005356941142217,-0.6921876086003019
1,-4.425193061124694,-0.6364391026313655,0.6115871924429672,2.0673256318951005,-0.22811009629331802
1,7.698156606886813,2.1212133609528445,-0.45993242420583913,-1.940151212642175,0.0584477565640395
1,-0.7673736027118163,-1.1847559533840413,-0.006433896745012491,1.386115940311449,-1.5027453978949368
1,-11.513235671986466,-2.580324411888068,1.6579944288087343,4.259720341236045,-0.4910481079001063
1,2.412665771843101,0.20780148404086515,-0.4269313320545851,-1.1611200765223375,0.07496807365094468
1,6.087421423512519,1.7795941292373527,-0.4731499171802943,-1.8277958743413185,0.0940059882943175
1,3.0124390977430484,0.9438285695744614,-0.5631350991817192,-1.1303878716678295,-0.46255291541598426
1,-6.9672855460647005,-1.8988767608723134,0.3033829483122381,0.6842940914895888,1.1967403973177273
1,6.2782837633004664,2.2553576483064006,-1.029676950117361,-1.1603930052806155,-0.05373356270201573
1,-0.37057000144577584,1.004664837653704,-0.572425752802003,-0.47407843778375414,1.3484656524032297
1,-1.5455153224770832,-0.6731184840737103,-0.5222702739233523,-0.9210916522590846,0.7674204175015273
1,-0.5196290910841281,0.04212308269749944,-0.8932237531084325,-0.5562138972898899,-0.46397552789149854
1,7.142528629874288,2.3583026864977192,-1.8595397307014978,-3.640899376049031,1.3983855933802298
1,5.977197945889768,1.686678173164026,-1.6000004490308197,-1.7367790360924371,0.4889262872852745
1,3.1579766765621193,1.35267177644713,-0.7356827341023102,-0.3551690048561111,-0.14437191691494422
1,5.131251744036326,2.25861054565451,-0.4557839091353969,-0.05769593021370422,-0.8325471547597904
1,-5.348726157625409,-1.4433132787151302,0.3653663368170474,0.2357032016054424,0.7884324469583497
1,0.6701199706201397,-0.32160449041245187,0.5900720189503417,0.10608315727466858,-1.2036968697055463
1,-0.8181433815192826,0.2604733746830722,0.008517530595284262,-0.20310369052490845,0.6371849034924826
1,-6.189269809413696,-1.9674410973543457,0.5907744142531615,0.3658425080309161,0.7662397522718878
1,2.368948184371292,0.521134764131652,-0.6941418326456159,-0.9704360749087737,-0.09191061104180029
1,-5.163891904435425,-1.5169783474291045,0.5613843401216883,0.10846769143496762,1.5671838466566685
1,-3.6160270368259653,-0.9112944312317356,0.8206920886887151,1.6931355387945233,-0.411149022089945
1,-0.4298678015263882,0.7438138510675087,-0.5994390364464774,-0.028535179960873527,0.8851043640291512
1,3.137171785978923,1.0977114096145686,-0.35118480809159225,0.877356637077594,-0.29801114593214967
1,-2.9145542512742244,-1.9084054336588379,0.26108601097079964,1.0527719628923133,-1.195790076308534
1,6.443001924059982,1.253937414095634,-1.026772508345914,-1.8907759224823795,-0.13540810889778954
1,-6.2411714231375175,-1.632055850095163,0.8579780933805552,2.6860092508428606,-0.5227510067514198
1,5.237858858343243,1.337742831156127,-0.8767840934613275,-1.2686533532618027,-0.9987466718236558
1,-8.994226347663455,-2.289331989644939,0.5908010223278373,1.4650402733316525,0.9935109490902374
1,3.8524087293351887,0.8866243229479472,-0.3220997042981123,-0.8194778175950811,0.15562450140685496
1,6.313386684706631,3.1640609642618607,-1.5392660873029733,-1.8267810172890169,1.144127887603446
1,-7.830187115463316,-1.8990045556070694,0.7467976941273269,1.3683503203357714,0.8240138257935811
1,-6.461713344142406,-2.1809683280995418,0.7710299579766048,1.0446851186947088,-0.10950742686302599
1,4.752480972808628,1.0828612469875778,-0.766345767467557,-0.3962379960098377,-0.8474919429406821
1,1.7450403926060691,0.10791602687706854,0.27560969053953865,0.9308199266987939,-1.7602077584640936
1,2.8926508233464263,2.01332243143106,-0.9046487840864218,-0.745878778572855,0.6943242859332273
1,5.5738471270389045,1.2325507652516263,-0.7616958409720798,-1.2257261763192429,-0.27209257712469653
1,0.7433317478449877,0.8747745344592135,-0.8011263152342927,-0.9339835385408987,1.6868289384137019
1,-1.3281270692454388,0.11901185856230394,-0.02003877413605179,0.4527782757798227,0.882660086223844
1,1.3683574642747645,0.6047123720187196,-0.4803635662567388,-0.9597995473509867,0.6593819195763889
1,1.438848910155727,0.13296455253288095,0.01664178617280876,1.0738500469963075,-1.0509370980111226
1,-3.071614203245929,-0.8368878071136169,0.42006189609954653,0.6843134850078477,0.9069656305651951
1,-0.6039352651646889,-0.40519337878138334,0.339848543182268,0.9179249171350277,-0.10499251031196885
1,9.66803544970491,3.163492067779645,-0.8881893284590464,-1.5922544003986268,-0.8033657789156836
1,-15.321445047004534,-4.413774322923639,2.2473045316847062,4.104057600826973,0.42830663708820915
1,-2.403867557829127,0.4083638067615732,0.05255208170249884,0.21223275677454795,0.9323212589763317
1,0.953242415323454,0.008577617997015424,-0.09747012485233353,-0.5846109174977444,0.1528844525179857
1,-3.030765019476046,-1.7999536177752455,0.08360523635874978,-0.3898416864638968,0.672813527198396
1,-8.426412978560064,-2.2773194765973024,0.6603492589604556,1.7262997150725325,1.075591189531501
1,17.18546675758961,5.652981516151087,-2.387150687423314,-4.337848235896932,-0.2700081762101964
1,1.5328528801663306,1.258553472018352,-0.07958221732449833,-0.028733477435025148,0.2678152423262245
1,-5.323012462933069,-0.8483904106961969,1.2236054639838738,0.991478261790733,1.0071914386656236
1,7.743092720047215,2.362759103412839,-0.9841873057780621,-3.3316636648775297,1.3790923484695254
1,2.0387888860902916,0.39337386420277554,-0.04920113753114819,-0.5539496406743585,0.16783031078284746
1,4.225430141717359,0.6499350234601913,-0.5403987769010822,-2.4036663968060727,0.4225678108666577
1,-3.6078426608219263,-0.5665005155255015,0.42077210909387697,0.28473768271150307,1.2769724602546741
1,-9.217155701552413,-3.159222023056024,1.7511793965607947,2.047422808739441,-0.1872526028779426
1,-1.3763476143931355,0.6600283153420484,0.3224931202090357,1.1555496732459465,0.2370423323876923
1,3.124249707575168,2.3155909741432197,-0.4169403186240846,-0.4442644868069535,1.2181863737110423
1,8.653516750617502,1.3792700412446446,-1.4250602983597074,-2.4592804706684954,-1.4954208615348394
1,3.9406130758576974,0.48652078873166016,-0.4769520467371582,-0.44183808280741943,-0.6989931761383507
1,6.939285002022064,1.9163444131545517,-0.8171626521588614,-2.132536563445999,0.0962329970554999
1,-1.0028588231422748,0.23238099280142693,-0.513955986517452,0.4507995181954544,0.19138173178195927
1,-0.633095399987231,0.14641109405906824,0.17120367037013884,0.090019816535907,0.6973367409794713
1,-2.763457173013328,-0.31950546906328464,0.20898909021906878,0.5757381211871946,0.8766629336858479
1,0.3729737119913237,-0.7253010289084967,0.6129748321556993,-0.428861610073494,-1.2048802072870572
1,-5.937583422932151,-1.7012205336668351,2.1959793463581425,3.462303851560961,-0.7594810153835837
1,4.459249651428039,2.3736004130811694,-1.3401327241560477,-2.280213309781951,1.1567250871788877
1,-8.729181696701737,-1.620846247121901,0.8921459968850813,2.251157377765027,0.5158358652401651
1,7.59795395028139,3.2970225109782896,-0.8332830964452317,-0.898857198018253,-0.43425888904866244
1,-1.9400528761042293,0.5584503446920311,0.3518409957167662,1.8094369415799902,-0.1432734049958713
1,-8.531496129567646,-1.5531210920391936,1.2891051760976866,2.786161642823286,-0.16058868079777183
1,0.9911579109059727,-1.6103226664127221,0.5031696014366495,0.3974893653892401,-2.1253684503055688
1,-6.846697011017441,-1.0030899884309676,0.7311959706463217,2.0396140294409486,1.7309073869026448
1,-1.3480700531749656,-1.2246530660964416,1.1143312490019577,0.6443155150876574,-1.5028327524093115
1,-6.292777779635076,-2.081335540015499,0.6163654780044394,0.774166264334851,0.6096168312064094
1,2.3770172499972526,1.0455170546885193,-0.32854375123615753,0.8529938506479471,0.28781023508851566
1,4.6249603047435635,2.2565597724617077,-1.6446987649716736,-1.9428945832005016,1.3375676010732986
1,-4.753523714154203,-1.6700364097261091,0.791279770063498,1.33229874800063,0.22503236193786344
1,1.1211314034176432,-0.6560031380209,0.4037585468869755,-0.4316540142295175,-0.3350998170747734
1,1.3372955627808856,-0.8363887283719666,0.607606306045879,-0.29212221793407034,-1.0812490894873517
1,-5.029171922648308,-1.2825677287801023,0.9069243402826861,2.0713680461844954,-1.0228571116196932
1,-10.819167334308716,-2.6338093115273744,1.507214876289784,1.4573402287176418,2.6900459069123204
1,3.1789947349128576,0.3193147130188452,-1.1136411007194253,-2.2481223989866734,0.2461187300932151
1,-5.291455936346605,-2.1946890636409684,0.6967342940853753,0.7896774927232775,0.206425158393189
1,-11.475755005468278,-3.320530271208569,1.6426573501240884,2.905903573146053,0.15778543039316056
1,-3.9536965319594404,-1.6050436301853297,1.2688029977647304,2.1760431504933564,-1.331276991099095
1,7.10411941424762,0.5904923217801975,-0.6348065585351493,-1.4893943810820056,-1.8416462447955906
1,-3.153304429103838,0.22153762565474955,0.8291619444573084,1.4278791686207202,0.4925014664625073
1,-1.4832563113339385,-1.533949984499408,-0.09380202423169715,-0.6613051280701873,-0.1675022915842455
1,17.70737705208754,4.154077691502871,-3.4390718583427597,-5.888512072356185,-0.14442723583303382
1,-0.40823004845564365,-0.1295803283968691,0.7222560384677613,0.4910505213071244,0.07330295748160318
1,-5.147431405553728,-1.638207072458037,1.0180560402918888,0.09040073685004807,1.7207680459754815
1,-12.46822473796135,-3.804946124795727,2.1930053507595777,3.985570901597885,0.2140374042147809
1,-6.8285414696723175,-1.0799429256262727,0.36712174122901203,2.0412482314825184,0.5190414740674337
1,-0.8621754466812759,-1.3026529141860377,0.5925278239004841,0.1827553914572611,-0.20116956797736238
1,3.0719743532919925,-0.011072629720134529,-0.34255147160705746,-1.4297285720973323,-0.5316346157092101
1,-0.7926275371057051,0.0966938139846564,0.5134643422625776,0.05312969495339434,0.10832585453627
1,0.013588132923135342,0.13993029896187814,0.11102173120289267,0.5254064697849161,0.08054214677209647
1,-6.175842719835124,-3.3665503694178875,1.3684132657085755,1.5362598306349868,-0.7856382693554684
1,5.3392281652082065,2.8391393223759422,-0.3262517354544281,0.03521319833145303,-0.7970192844462587
1,8.926149172808651,2.821341599324875,-1.5367424152417903,-2.6734886433113902,0.7750401002829801
1,3.102699921418318,0.8461103385395006,-0.7585743969526143,-1.4601088437976204,0.364379680930102
1,-1.8300979488923104,0.5157808476563783,0.25470127844446067,-0.12456216568237563,1.325809337323176
1,-14.635292724937115,-4.329229408500105,1.8569234617955894,2.7378867233001,1.544051959615272
1,-7.352131700666543,-1.6737877331836089,1.153424057756731,2.886648061557125,0.04898558707880778
1,4.837388186890538,1.6215405560978964,-0.2618127143491729,-0.8791049237548438,-0.2817562804078301
1,2.2776907194410767,0.43317801579306814,-0.09902157899472361,-0.5878363132941209,-0.6505681285144559
1,3.3407833520253494,0.9163965849905882,-0.41134275384545754,-0.7056409314364502,0.2953825247847673
1,5.148489875515569,2.570469725880137,-0.8228523007247435,-1.523110213587619,1.2534488542851459
1,12.338175400836457,4.3061661241214315,-2.368743277220818,-2.4957053763562933,-0.9141413056948838
1,-2.9204386774846562,0.775370691636917,0.1913129284637789,1.2823017398362961,1.2235505278562744
1,-4.620509654158769,-1.3350088551006112,0.957377474101154,2.1375092803683717,-0.13454440261112185
1,-4.102761965199789,0.2581571078343077,0.8254397286451951,2.1551590227217385,-0.24858923822760803
1,9.415339875729265,3.2126017858392846,-1.2533683045019604,-2.2131426725997696,0.058523002876028116
1,-7.725253792615408,-2.3983783571414916,1.2022486623019786,2.274890881198878,-0.30655719149572613
1,6.824769843991883,0.09471941156114294,-0.9081876513586402,-2.4200941604019595,-1.414304796828836
1,5.7173707485312875,2.2632337716530437,-2.0082359105430365,-2.7315726529133,0.7666809012889397
1,-2.818403246437691,-1.83334652819295,-0.037731527667397055,-0.27397417430586457,-0.21214265659000744
1,-3.324547135212339,-0.13720635219323005,0.8003595077539316,0.46199921928354803,1.3567694787987543
1,-3.4751780251351216,-0.7144079618678602,0.6078139304087705,-0.06192798464326987,1.0645416493034527
1,-6.273567017783923,-2.168724961372585,1.3851332135810228,1.8115273452479157,-0.16490866330726947
1,0.643651143594414,0.5065616574936476,-0.3522199418227124,-0.4936025642301809,0.865071915242279
1,-7.09020566528437,-2.8392307830329693,0.9413243149921848,1.8932010792174936,-0.27876662892965665
1,12.883214331377848,3.91125736619629,-1.7985084102120414,-2.464816698030866,-0.9978349575400043
1,0.07799762638914526,-0.46452541986197304,0.20669329809824427,-0.04153514998393569,-0.4394230936418328
1,2.9257849179458506,0.035025396972694745,-0.1497598966696651,-0.595604396337123,-0.732824668585687
1,13.388918751710975,4.044219580060812,-2.988255779888492,-4.16585503532176,0.5615958278463512
1,-2.601987721423998,-1.3400898023125738,0.21349172647616432,-0.021401420236998092,-1.239000944811046
1,0.33654491541096837,0.047348319611838316,-0.06963813945632745,-0.2186210756378363,0.595726590720284
1,9.68371810629614,2.9085576580086645,-0.741836675248689,-1.2884330675199545,-1.1648213301226131
1,-2.8019689148549634,-1.4777543446916876,0.47331223452259197,0.3100582759021713,-0.3196438541443142
1,6.171388296325826,2.5665800525106985,-0.4145550653888397,-1.1595755182053207,-0.06368894142013384
1,0.023964271584809394,-0.0282614406638189,-0.1660456052000307,-0.17621514629814708,0.3533806902153859
1,-8.287680680861776,-1.7765601659040025,0.9717744383188224,2.2627408375982236,1.0222163733997665
1,4.856525384047315,1.589336269038103,-0.7135291980426773,-0.8404137113179555,0.2259509304214774
1,0.204332570943304,-0.20594955815458588,0.22221799643061496,-0.19578354185497382,0.5266118424817068
1,4.927647704799212,1.7668051940031704,-0.5119505121646348,-1.2576912206658517,0.028950366656119234
1,-0.8505697200965685,0.9992213998083499,-0.8927044557121596,0.3755011371872458,0.9375223752583646
1,-8.803970612849353,-1.2202705511729812,1.6935689212124068,4.441745488114525,-0.5792266676154412
1,0.799197995227822,0.6897684575361349,-0.03328981676002862,-0.14825098401395864,0.1520334969904621
1,0.8348303708931565,-0.7336545898582015,0.03806733384432261,-0.24253088747613316,-0.5662376815375354
1,-8.911608846566573,-2.1858485880928424,0.5285284065751377,2.6421496673714273,0.9448405635674058
1,7.96180764226661,1.9414670498687214,-1.5577663912982225,-2.538231725900054,0.39550943342972467
1,5.222370482017117,2.1354962351081737,-1.1517179719264408,-1.046036819507302,0.18463631544154602
1,-3.3176904347590317,-0.9049374444866979,0.7902070538626828,1.9031032055954722,-0.6188579950514995
1,-1.4193057635517652,-0.8446177184165297,0.2534330470186271,0.274299276445797,-0.04830067991340933
1,-3.6139556187341952,-1.1110973720003372,-0.3233808975445489,0.24348445240620425,0.7714690631132558
1,-14.016956743202396,-5.333571985068215,2.2968686689031483,3.4961501114594817,0.155631589059453
1,-0.6860053410161506,-0.6420091803331934,0.22788226803147588,1.6316074173960797,-1.656437265320922
1,0.36874719208137896,0.24559386654579196,0.04667949207226498,0.5128379244479622,-0.7425730896187482
1,-19.57234058943708,-5.004725514080685,2.3669631784075955,6.343937956863632,0.31773095505557225
1,-1.5137313518607027,-1.041970382561098,-0.18125300800215047,-0.8565567499233164,-0.1118726984725716
1,-4.462449454810424,-1.2205318627611133,0.6446724682125623,1.1370133724079285,-0.2297796637753724
1,6.9515175154216635,1.574467214557514,-1.1942415386201466,-2.4515333940292803,-0.7755265615148556
1,3.299225432627499,1.4707194083892206,-0.32715638940864256,-0.22113335778682336,0.49686750092877974
1,-9.864173458858945,-2.2010233262842385,1.0416260205442962,2.1084695985484,0.3719404111146055
1,1.6614573688176704,1.0175391508611003,-0.1959490769195916,-0.321739581799302,-0.11199076522162453
1,3.6298192099403224,0.8562787041462144,-0.652414251740212,-0.752202608318698,-0.20652741191165938
1,-2.8433724046783935,-1.237111750498356,0.9291492053824103,1.3922745802259804,-1.04640627431927
1,0.9300986969357896,0.5912565940579972,-0.7501057540907677,0.03852769288068322,0.4696973090099212
1,8.471774771788306,3.4852056211745825,-1.4048333277428278,-1.7742343300297472,0.42767951319238945
1,3.333424092013782,1.205945223115819,-0.9728621835111854,-1.2928196706376176,0.8161286193150183
1,-0.8550859470558502,-0.0876493478006295,0.4404176850573455,1.7530363713099368,-1.4582276068243731
1,-4.028157782404797,-0.43674246770167374,-0.10071554707409537,0.13550329094046393,1.2338424887714818
1,-4.247882768294847,-2.448432280112626,1.234380013468607,1.1535876711188486,-1.118489483004157
1,4.22363569775461,0.7032526133885028,-0.11998632833603456,-0.6052344199965767,-1.0997443201412291
1,6.383875668621805,1.9241603136453491,-0.9594604834476834,-1.6224052490610166,-0.10567719969109349
1,2.6388547067061294,-0.40685879201018227,-0.42033102315869086,-1.445488622915728,0.15713715058566902
1,12.328432363439696,2.2089745169742896,-1.9511377849128142,-4.036535129276688,-0.8513983259531549
1,5.807916352321458,0.873357321049498,-0.21782988847207002,-1.5172608553453777,-1.3011338788452127
1,7.8761295724628155,2.9999794963938147,-1.0039837468219426,-3.670141792836996,1.6183113320994644
1,-1.8705358042949525,-0.18126744356497343,-0.24514917437115108,1.1628671705900733,0.05588984955892551
1,6.7244303855124095,-0.04002965867775968,-0.3759801160866869,-1.2796939575914252,-2.164334748712441
1,-1.7433678724980632,-0.3349784040400479,-0.02712644683371608,-0.28613982799459275,1.0339525052657212
1,-4.362269205285552,-0.6022816582083519,0.3190688356411185,0.8220359092619042,0.720951614428142
1,2.2893004782956567,0.05798239117078949,-0.01759922605971903,-0.1839467648427107,-0.10649032510017095
1,7.82569994301244,1.4581800076148814,-1.3245616584014008,-3.0074753221911874,0.10349734147114244
1,-1.3688357633798622,0.9415283655570557,0.002348762800767068,-0.2946337991266318,1.6669921909375418
1,0.043098115249932616,-2.4138248784421186,0.3876549779472174,-0.4686678458047163,-1.3806829741959301
1,-8.251288325671311,-3.698797727081156,1.2350117553891293,2.049133864136309,-1.058246588500273
1,3.922889394653267,0.19424457459949582,-0.16462068247872014,-0.02727436755181291,-1.8126834557242124
1,-3.0648515019557996,-0.7666443340277271,0.5106241742344034,1.0102532162583835,0.05759492964923803
1,-16.223312919858163,-4.408376900706137,2.176036666818176,3.003784755747583,1.7454401548313174
1,-10.518405823326956,-1.108016576155378,1.2844412861485335,3.7217007964790634,0.42129891606900016
1,8.203855613137513,2.517887519719598,-1.3090954971912023,-1.7572133906287324,-0.4107488693038623
1,-0.30036987254071446,0.8643952586793338,-0.32863909594945995,0.5324897403817153,0.9819917132975853
1,11.028967288740633,1.952043079819909,-1.585901863976734,-4.22339209288746,0.4316604573003828
1,-2.715272040096822,-1.2293136476572553,0.7235459618222473,0.5165372139259614,0.1567120020486222
1,-0.892076935848459,-0.1645155319490451,-0.2590557232105224,-0.39886830871517626,0.20963962955656618
1,8.342470269323375,2.3421413607955763,-1.3473526449174638,-2.2177164665872255,0.24324523913741739
1,1.2830513099729108,0.996949607572897,-0.3093241637875247,-0.18753255247720063,-0.06491515586562557
1,-2.994637169796821,0.564997506034119,0.2359398968278898,0.040228077749959346,1.342747177145182
1,-0.9942178044492981,-0.5174577674419968,0.1871405062720799,0.29772160014431154,0.035994430644198876
1,-1.904418511155862,-0.3203263374566421,0.20140112300636695,0.2675261404434445,-0.3284347095468887
1,-1.6906501095353303,0.4660529437718213,-0.11830431589833694,0.7631524964567489,0.5292426962040723
1,-0.6172092544848625,-1.018140346389191,0.40242443098298875,0.4824620402112637,-0.5413364658401155
1,1.076162142698813,1.0817542057947902,-0.4460389298501768,-0.808615456091021,0.9811843019445267
1,1.7955671156950344,1.3760664186500382,0.13887612279678316,-0.040218931060748295,0.8471491535651341
1,6.587978840655358,2.0010863222312207,-1.3657925320903452,-2.212062505464165,0.900840095802079
1,0.9757948335649532,1.0846115930293638,0.06280887379442579,-0.1645030228602442,-0.22829637165896205
1,1.421996957612648,0.46101913555035734,-0.06076611222581596,-1.070242909571905,0.7973681289065226
1,-5.224016598477146,-1.0771630444443239,1.1184380440072421,2.259109425908252,-0.23470667458985028
1,-2.72963811565073,0.8412619315792647,0.18612853102453872,0.5932467387071718,1.4165345030576137
1,2.5662130122348508,0.8909514571982197,-0.6264913219729276,-1.3265575588787955,0.9475476641051118
1,-1.8587464341644098,-0.8330501485703237,0.5556421381412816,-0.06829264016732574,1.0898479890224433
1,9.381511610500947,1.5771306314418256,-1.2864392484348701,-2.8442274578640894,-0.825417917678865
1,-4.505103775660583,-2.947200858785952,1.042487085373515,1.4957843995978488,-1.8309234822006801
1,-8.779727264378684,-2.850656418774682,1.0070439576494283,1.7150313136268942,0.149963501023736
1,1.2146570735541702,0.014770034946441052,-0.025967825680005246,0.3905143724200154,-0.5771813001257796
1,-1.5098896229936756,-1.3130638754303756,0.041815789923842814,-0.3295043978979971,-0.810483813881144
1,-3.352420618180253,-1.7669770467453898,0.9349114585149682,1.759122906522329,-0.5745513317283065
1,-5.076506775831201,-1.5383610120040654,1.0440573531475168,1.4372864570969632,0.33583640678813526
1,-3.4065297499246885,-0.693605924694124,0.3158162179990886,0.7511402190842145,0.20674662734885993
1,-0.14228079186178277,0.1592107916135572,0.2819609039900477,0.028903767760211738,0.7594429660961054
1,0.2639869155920797,0.8765994674580819,-0.22050593771144422,0.32679685404677217,-0.01284152233271027
1,6.813495844887132,1.336048019964571,-0.7266832366311915,-0.931796804222792,-1.7272836542685657
1,5.508196239095624,1.7989870288169807,-1.0421376097535902,-0.656151723723173,-1.4113276924441596
1,3.2751130062615768,0.1931997519654336,-0.7477152395470472,-1.8623422538142802,0.2834130985910491
1,8.887400448569878,3.193188480158117,-1.2001421840010942,-2.3276908891925507,0.8747878867092875
1,2.9982995006903126,0.8639909722944145,-0.24429957761197305,-0.13204843767099594,0.062207579925297324
1,1.4781859638811283,1.152134192256775,-0.2662480174099028,0.43058257067436856,-0.5569975933497425
1,0.38081140165161775,-0.20759239409179597,-0.07854902237481375,-0.47124267599206615,-0.6259840208644316
1,1.798692699793125,0.6137654765953929,-0.8633125727867224,-1.5732064838136246,0.9782247710723541
1,4.122077621028513,1.5154989007176742,-0.22898046275553582,-0.4760717991861684,0.45822204311517417
1,8.478007557860698,2.6493151597852904,-1.179506248075323,-2.450691739061306,0.24113610935830176
1,5.905115817728136,2.107217790347288,-1.1599112494572428,-1.1639924231741114,-0.31209417313938187
1,-2.461021165325931,-0.4413765665830625,0.649215430959857,1.7241936414270655,-0.1140019191324553
1,-5.610520836833862,-1.3264368375571494,1.0579315549529034,2.09382405154543,0.19139463948206145
1,-9.922098830491487,-2.8249380455742106,1.0625157967641645,1.5596251287460567,1.390005806486681
1,-0.4009269736291693,0.1511882179477574,0.5241649887982842,0.2861439051440483,0.38497525575463815
1,1.2066175700294972,0.05712918720920879,0.10970010254982794,-2.320358933919734,2.3342860552098212
1,-8.313246777477106,-1.4723729922333983,1.029684346855803,2.8669185011531617,0.8348187314879686
1,-10.19307893138715,-1.529320295499606,1.2397109112204001,3.0426917794739845,1.6734116581959935
1,-2.4858890985100484,-0.4753724992866332,0.4018708654671611,0.4904863673029449,0.05097575925357928
1,-1.2287996772469658,-0.8865736353672754,-0.0049620094786483465,-0.47041708731866855,0.4196342515434205
1,2.569149431256901,0.016346084039244035,-0.3158584219417966,-0.5109189223154751,-0.4111656079114152
1,1.410531701668491,-0.23963690422145995,-0.08552098890016246,-0.349826865656884,-0.7381228757861074
1,11.82728474523461,3.8968156730927013,-1.3126495337220714,-2.534427175724956,-0.8525548147676475
1,-4.132459181915656,-0.6372486766784551,0.5664778134590109,1.23384483771244,-0.7891955497212699
1,8.06899474914714,1.8358010311381603,-0.8447546951926076,-2.544846282314042,-0.4206742900021321
1,-3.840895367750294,-0.7147509766308158,1.303514409541821,1.8596232962004382,-0.07909906359045879
1,-0.6532230984240897,-0.6500595550336721,-0.20023103326625505,0.6054951738217751,-0.23111925246510964
2,-0.5808014650001836,-0.6994882660058204,-0.2147333352484484,0.0008004184849267765,0.7015385172937624
2,2.876537784200004,-0.1528093060536885,0.5966908592373912,0.350313168001072,2.5537237082145365
2,-1.5490810226483702,-1.4359998753258414,0.7712281152268116,1.9365806869742386,2.9548533688431102
2,-7.1389417326497755,-1.4300435237303026,1.4852224486147572,1.977690673537426,-1.1129815700235703
2,8.434639745848962,2.3749697779737584,-1.66961056242741,-2.5504742854456293,-0.1748575489389625
2,7.287706776202267,1.4851198693784629,-0.97442860239049,-1.7349987210309823,1.3078357833602754
2,9.776623689931291,2.0872915593662293,-1.512556329558893,-3.2574140739589095,-0.27198653409800944
2,-0.20506225543391152,0.3460079987802077,0.4171449949426943,1.0148215664779134,0.2863991478856154
2,13.960194285166972,1.5393951757172355,-0.5230621717162284,-2.7651818745671704,5.7435622574823135
2,3.626828233397282,1.1902019172125315,-0.036342379915608125,-0.3839694371455894,2.202387057379213
2,3.4255442472831823,0.23790827429892847,-0.40998250345987297,-0.27535837304995425,1.445088887804383
2,8.801658605315701,1.509556995398257,-0.17529087507401342,-1.335549254036451,3.7302571578559123
2,8.742805548698716,1.7867197071739094,-0.7384402147340523,-1.7184713888392698,3.644844600522727
2,0.9172729547361209,0.8646274627461639,-0.6563764514576104,-1.3175993534130626,-0.8707687376970854
2,-1.1982230853174187,0.4068047584088774,-0.04330446515392812,0.676700833781505,-1.0860685039053548
2,6.784730459416522,1.3635852896533962,-1.147146825191696,-1.629525645773191,0.49806892138160547
2,-4.259218250847323,-1.891935664417898,1.3187775999195561,1.2034036231486043,1.37544816047632
2,-8.367383855429699,-3.232807753543058,1.6245642676914651,3.2548199062973158,1.1771609205114024
2,-8.86031400027765,-2.820039864160351,1.2547415169805989,1.9555566966652351,0.6882120633610987
2,4.367507723313,0.9516648326804218,-0.6691247240360298,-1.2594399415916266,0.721437272548153
2,-2.3149468663777193,-0.3628838351165606,0.4949740883749136,1.253557802531889,0.4040416345530603
2,-0.8280344051994211,0.955290379793314,-0.03996369944017261,0.45504450280808795,-0.634159302471085
2,13.298051440262125,2.5596877544824412,-1.278306496171874,-2.48631311810191,2.968319564808572
2,-1.7276926296377937,-1.5079308414032464,0.08352928744054397,-1.3004512747682229,-0.9413610686013956
2,15.55543779004598,4.338430271207023,-2.1218741699079566,-4.409208284194033,1.891158114549129
2,2.845145002402824,-0.5651687305674428,-0.30667438890055143,-0.7856520228275664,2.879462807087343
2,-14.746470934451033,-3.6779327237842634,2.1279022279235837,4.884159582119563,0.31832516936846456
2,4.2619185922589224,1.7927721849222353,-0.528370653713783,-1.365818798618553,-1.9012349877046788
2,-4.5882469822966545,-1.8104163546203433,1.442191515643188,2.151568923603413,1.763489000968745
2,4.05711661264158,0.26392986810842756,-0.3865672476838481,-0.9823676349715895,1.4092024773537066
2,1.8259772648881885,0.5172974873603768,-1.267722715641645,-0.8417545658733618,-0.5788288485850848
2,-0.9307318078271315,0.3788923582677365,0.05662095039129249,0.7771523398872044,0.44490701167843727
2,-4.337168389556699,-0.7249189442872708,0.09560430275159437,0.9756548927580061,-2.383163751758992
2,-6.455860587625349,-1.4427448499759337,0.721895214999376,1.5356036469717416,-0.7208105751583262
2,-16.920010613064623,-4.222631947320017,2.8837469052870044,4.308324690224744,-2.140603227757178
2,-3.102930627647528,-1.8925242573491303,0.9068137082632366,1.7498149180007099,1.8577370875368606
2,3.3717459792268354,2.268973427962387,-0.8969031308695639,-1.7088099703423993,-2.558805891545058
2,1.0865756633590775,0.4654647417773705,-0.6475090842639049,-1.0940796148101979,-0.0573032771523471
2,5.851646063983613,-0.1289748363174698,-0.3453389467222793,0.04808441383351901,5.593857565304942
2,9.709535294993692,0.8039299090895304,-0.043666004347452145,-1.0201816412545595,5.125999262182782
2,4.958759582428365,1.5381896383799205,-0.8447665847758196,-1.2946593603183008,0.02566816115388624
2,1.882119292538748,1.1952066693839667,-0.2533694029207035,-0.022773409748208295,0.43816342215781534
2,-2.084651539183603,-0.8288750739807034,0.01665049426531276,0.7322685281400044,0.036480662022476865
2,2.9589774722420135,0.9878391588476442,-0.7038753342161094,-0.004829673475357066,0.6220599211281541
2,-6.864005086030692,-1.4817215373241188,0.871548882836802,1.8734881242038333,-0.5548186483139613
2,0.7927797528957301,-0.329802123692573,-0.3556694038446411,-0.7106505015561932,0.8660740007372804
2,-0.7838380734576388,0.8393292183140753,-0.17147633348234817,-0.197591479135898,-2.426498392497458
2,18.514834560417658,5.107050064593766,-3.478028859191981,-5.9404790190290395,-0.026358555704085976
2,8.57041677524917,1.6084521688144415,-0.6748600579027622,0.023577298486122236,4.901127182713418
2,1.014925825621615,0.7023426891959321,-0.5939816569048494,-0.2637806183603912,-0.16989526597163185
2,-12.309888132107167,-2.0923740431916986,1.3322116902703638,3.6821216270126977,-1.3686166900423682
2,-9.002592264770835,-1.4508307669688605,0.5124582404946452,0.4589812274693076,-5.098648033184595
2,2.6701531776374074,0.24625813748809597,0.2983279634592624,-0.5593687163238086,1.33380392157805
2,-6.114539234761777,-2.651631357390499,1.250439682234272,1.1713739792404068,0.7175241604414038
2,-2.4940536642756883,-0.4415933143299671,0.12345548446694393,1.1374553839806965,0.4776333579028468
2,-1.215132979074502,-1.1080593057570254,-0.36684140328639053,0.3796587644235529,0.9040108721409591
2,10.183633738367107,1.6331723224087566,-1.0370765754433438,-2.506822446566708,2.6097226208972146
2,1.6831547086063823,-0.21874733349211434,-0.13299325759142752,-0.9798445727678101,-0.12675036256227917
2,-3.043063139870369,0.08652272927737958,0.678256697771138,0.6969666962184531,-1.558088180010306
2,0.7384439968354374,-0.9119666555585406,-0.5321826378397484,-1.1794783071016288,0.7620952413849971
2,-0.5682098832366587,1.3918502307555,0.19685840080437078,0.6099769218586792,-1.2341400984564705
2,2.2653585478247673,0.9401283720411336,-0.546165730473073,0.6933133563024981,1.66406242120339
2,-0.21065641798884072,-1.3192070364851247,0.46812875627460854,-0.4950966638272529,2.0098651601554947
2,10.182301285828157,3.916134343193132,-2.2684849671351888,-3.1548043547910067,-2.2426014637878526
2,-7.331086414088758,-3.271984732192873,1.8999947343706414,3.3511115740047335,2.7262850693648724
2,-3.9013723564027356,-1.9149215104765531,0.913688643396509,1.2911562940112637,0.5542092716297459
2,1.3195932058372841,0.5119887696682925,-0.6806972488772274,-0.552628068416962,0.36724767507624684
2,2.9105307664548934,0.2251368642419135,-0.1338290412827437,0.5369478108364982,1.8233683279852553
2,-14.232141838443914,-3.347212802822928,1.6538476751788411,4.00403524670232,-1.5636392312683558
2,4.670420080540663,1.5473072661694178,-1.2116315534597193,-1.1970994892820508,-1.0582536615503462
2,0.044878407854729505,-0.14934478907188864,-0.369849932084639,-1.355185760217918,-0.40494811784323065
2,-0.37467955029957994,-1.0988034887501714,0.3627099300801819,0.3797022804018423,2.3778188455911677
2,-7.964407934683941,-3.7911042224154112,1.8376730585368548,0.777153060914157,-0.5060524529942343
2,3.8747938099343306,-0.165220129590481,-1.177723837038655,-2.1161268700012554,0.3530027267601791
2,0.9748127346254631,-0.9569213209572576,0.12697258707131243,1.1452262470714363,2.505961921363162
2,-5.320342462697369,0.4146301237043833,0.21415270222602756,1.9150525823073596,-3.4602451433648165
2,-5.508033278361216,-1.5954680525485365,0.7014357759508592,1.8317216946424582,1.3184063802077615
2,5.436606084195697,1.7806958136865185,-1.467939936969451,-2.2743503882153364,-0.3569604946217075
2,-4.861020085790327,-0.1479357176854479,0.47288104127551256,1.9739585204101324,-0.3506078305306023
2,-1.6533334769904768,-1.1936490342765018,0.6893512040423635,1.5688218045036428,1.9452538233409966
2,-6.622089472148396,0.1484602136121947,0.7938223637602934,1.6443996387358424,-2.763444400045088
2,12.530822123937325,4.3027750959148845,-2.3480604755538015,-3.164641475426517,-0.4343171363311025
2,5.167124781718039,3.5694126451568273,-0.7637879243093213,-0.4297791515426772,-1.0788977863712366
2,-2.770127871467515,-0.7451476435295377,0.44663168297544675,0.8364620141954014,0.18094045442383622
2,1.0268559768363041,-0.2484120399249422,-0.04371695026020929,0.8957344680233085,2.4762352947880846
2,6.652117932871259,2.721069521701621,-1.4329389198632267,-2.4856866959033406,-2.1560105086147927
2,8.635489757793446,1.3436690952692227,-0.8467098195518915,-2.452257107633409,2.845165914305753
2,-3.287719580287622,-0.40497963957418803,0.19841648526220024,0.7272111328645097,-0.6137891227632652
2,0.039391136684012104,1.1404954480645122,-0.37428606303953854,-0.5422503588905666,-2.7152920304727237
2,-0.4608229834010086,-0.3923233984279191,-0.37444388774541754,-0.44626007845367727,0.485154838734856
2,3.1917571781472516,1.4321001748780808,-1.2189643835816621,-0.979507103787257,-0.9028360423411339
2,8.784809904986966,1.2712810257053668,-0.748652621560277,-1.2633728436020397,3.6038434955707483
2,-8.086615562163725,-2.3490572175653783,0.7494261508935646,0.49537893499259866,-2.0099663863707113
2,-17.196761822471405,-4.805307458403403,2.51766391874761,4.136878914024475,-1.7699768704823517
2,-3.065478673078093,-1.7827812202089324,1.4449056326670984,2.003134820520736,1.673636553351791
2,-1.2943381112925665,-0.7406184426400816,1.306034070060366,2.488552513190093,2.3119885657035013
2,7.64000187075337,2.65845154005133,-1.5090213703180537,-2.72556619897859,-1.4068235187182754
2,5.127617851087942,1.6340602237223598,-1.1664285227310225,-2.7440596014310525,-1.144359966279627
2,4.174841022363621,0.5973856517157236,-0.049621188459427035,-0.27314333568681654,1.8691933776772107
2,4.987767855114164,2.1745433911621204,-0.6543318497459851,-1.3312620515859397,-1.553917490512227
2,-3.193511666349141,-0.6567829223635998,0.19116090680370085,0.12225318030591065,-1.0340883726307932
2,-7.186353009568069,-1.2152026969652487,1.0287476505984126,1.7272634664413649,-2.2274970930828246
2,2.894604586611125,0.9534447501184266,0.07182554728377927,-0.2261689489578307,1.394749994585204
2,3.4438700434880696,1.9042886191520856,-0.7107669199226331,-0.17606713832172147,-0.9869763560419358
2,3.491539340248317,1.4853590931831853,-0.9337381368555264,-0.9554262798036878,-1.0647416307279765
2,-5.835436558065835,0.7902664459836883,0.2749711814397168,-0.39774303991704957,-5.2975441594015855
2,1.492767348120601,-0.13681651019021607,0.1707951869546815,-0.7594480306531203,-0.43034187592964795
2,-6.695892449501831,-1.8722004613478789,0.8137234360226949,1.5472412148660146,0.05889030376792737
2,-5.276818972850099,-1.9961902551478614,1.2078367685180083,0.40942277092200563,-0.9755775142131256
2,2.7754620537839467,-0.7034627553121149,-0.29799735945362676,-0.8477398992387073,1.421562842102825
2,3.4003195568403326,2.8373886855573143,-1.1148589810155787,-0.7463338623759753,-2.371677299227548
2,-9.227889357339736,-1.8297582868571531,0.5772744126422897,2.717367493277929,-1.5879326533730087
2,-0.7889420906404816,0.13697199406573704,-0.23751010449116433,-1.4016325797883806,-3.0366008891310052
2,-1.133699216120477,-1.1208935484187885,0.7175061993705658,1.1821064659093015,2.048851643859414
2,3.197609445363147,-0.4635945483538338,0.7754348512604756,-0.3120713446206532,2.238254117571393
2,1.861293053108394,1.4839812930318361,-0.669976617878711,-1.8803729680402945,-2.87716292469513
2,7.1491960273291095,3.0004932686356667,-1.0680316469742883,-2.2255744365339183,-1.8201990803009365
2,4.966485323848258,1.1829832435163918,-0.6478154410771225,-0.8648660787702759,0.3098691502509777
2,-2.4680194392596015,-0.40031481646387074,1.120528681711772,1.7157833836299399,0.9919690909813977
2,-6.277199008033172,-1.612256392899566,1.1426551025068916,1.5828789592514263,0.2895349251391793
2,-6.0180839799981225,-2.4783796617428484,1.4512716399633587,1.762783253348074,0.9597304348693906
2,-3.0192036683392214,-0.48888282362447405,0.5603868077378316,0.8357814772942812,-1.140452469274664
2,-2.6111837048798994,-0.9641223444985998,0.998545810177601,-0.5905908513279765,-0.5294794637072217
2,9.98624086567866,1.6535165170447945,-1.6381192251823136,-2.036390754573884,2.780132159310403
2,-2.333032570825233,-0.9027002417971022,-0.5266458076366436,-0.35670348123621853,-1.6015470187834622
2,7.627732300368519,2.4545129752047528,-0.26229708731375695,-1.9548471879796603,1.2330465137575206
2,-5.984819176160598,-1.6822437053099042,0.059322363598916135,-0.2842888283336523,-2.631505029644505
2,-9.471416766527595,-2.9566096442319068,2.1844992803427847,3.4439445193282627,1.4637297230004
2,1.647961552889829,-0.6232230964622685,0.519848808433448,-0.7117893611254289,2.093488351894445
2,1.556796931343845,1.395408709522981,-0.9302294619862612,-1.3395255515979334,-1.4272898088445092
2,10.753855121458372,1.815945427061783,-0.7417583024463428,-1.0160794238071944,4.778778726744634
2,5.0953667715526985,1.2432460558130343,0.1902361272869989,0.23096996263371766,3.6053533156057203
2,14.525651547098109,1.4980522684436695,-1.862145688349086,-3.8094586178990277,4.584291276215506
2,4.957666781893648,-0.007281002132901018,0.1719492006366738,0.3330731536345322,4.420650247958604
2,1.2551762939499411,-0.505030923891636,-0.14399404939416482,-0.6010766103419978,0.9207919931592202
2,-7.590761829228723,-2.1029281722825166,0.8991932099622395,1.2472191141669695,-0.7935621965063735
2,11.141175333048222,3.111455718760836,-1.1515734298800726,-2.255395747697966,1.036843501222556
2,13.335716631738736,2.4408161741297247,-1.2053476104069945,-3.028830797216879,3.2071195383368813
2,0.9293411231223755,0.09768022665182421,-0.1564216968513817,-1.1638152128739132,-1.473314396777697
2,-5.320094480501646,-0.6096828508952529,0.06545325767173343,1.0265971109185554,-1.7515541377867414
2,-8.535100446162925,-1.5689847880461174,1.2024766659865473,1.610150228121604,-1.8608920662339747
2,-5.641774339886735,-0.6081926899301897,0.7166576586198954,1.216677128553957,-1.7607145319570054
2,-3.67281517128785,-1.8925830029773203,1.2636595468762737,2.6088766497489813,2.5740427052370514
2,2.964142526760688,0.7476399276304877,-0.4892534176396808,-1.141879511711395,-0.9259761547778834
2,1.3742750423861754,-0.08537914958347496,-0.11187284031624892,0.16101094999295634,1.2639879794689233
2,2.7673713037542322,-0.3362438247704814,-0.5435371008083911,-0.308411202557902,2.547777237253372
2,3.9188148085016863,1.1448554393922261,-0.8136663004166487,-1.017397463239912,0.6609326117655266
2,2.8186101285878613,-0.4906996834588096,-0.9782758418977611,-3.390601513080511,-0.7297411506059363
2,-2.079234275544706,-0.7630174716636323,0.1454376183382323,0.6939540402787944,-0.5719519503114097
2,-1.012929022699042,1.0066144892692923,0.4304189525020116,0.6071616903885668,-1.5996782718004192
2,-3.7809152364894505,0.3490753617904305,0.09350198217722822,-0.9142096958756719,-3.940566045355017
2,15.274895845143222,3.2107640636128023,-1.5989902691289262,-3.9584371870321187,3.190925383916077
2,-1.4930259032847124,0.06735723741958502,0.5718241921276751,2.459167010025268,1.984952470175615
2,3.682278497840559,0.7826911956629099,-0.33865685465576495,0.14356866610730185,2.210545181520589
2,1.584203402954715,-0.8701856780501821,0.3468475620110557,-0.5828306215467265,0.5438176819531834
2,6.634261851484812,0.9113669936674484,-1.1437385221590728,-2.45080856250957,0.3508855045517137
2,-0.20128828629571305,0.3308017418474852,0.2870671334744641,1.7497659362646087,1.8233903325379608
2,3.0628762240812963,-0.24403583912774413,-0.35182064328772167,-0.40855410816645404,1.1803924112159667
2,0.7907334572159145,0.2179320492192048,-0.4390335927426384,-0.29379125790103844,0.27449241726447604
2,3.951819771802801,2.51060546257008,-0.4791340732177043,-0.020453621528824673,-0.9384006975744156
2,0.0065893852656721125,-1.9074417801606938,0.7028176774358317,2.246719899581324,5.284196828355279
2,1.4863700557994817,-0.4319596942622549,0.049665234486219415,-1.3106643874746382,0.5452470518228202
2,5.444459132408991,1.0917951815575724,-0.7418320039319546,-1.3015474122909017,1.2056815249113355
2,-13.222807997904852,-3.6618197060019066,1.7921881195956177,3.921576792391936,-0.8887116757467696
2,5.961460320645875,0.5831248596488033,-1.0360741619682963,-2.1925258069366773,1.5376638738691788
2,-3.4547914534207673,-0.8334177037961289,0.15603112162018531,-0.36960364087397574,-2.116152901615224
2,-6.22375553053304,-1.6401592056745262,1.2516994356652913,1.7651062369979407,-0.42853766251872044
2,1.6081932156840433,-0.2688609061896498,0.7455877930201418,1.9185253278425718,4.463207063611109
2,2.6053307012818387,0.8384232431302163,-0.589398189959413,-0.9233104480983793,-0.9327072818489457
2,-3.786399949263366,-0.07531073669591734,-0.22643941659653802,-0.5774309952318503,-3.740625695163036
2,-15.260407311790141,-2.4110239770906814,1.397359442594133,2.6115936233061725,-4.815746706235726
2,-0.80262041231465,-1.6831545245092427,0.2253336163908255,1.2572264015565722,2.4104741322099104
2,3.748016551021001,1.0345498223106304,-0.3936330151970446,-0.82522893000963,-0.12385023250049701
2,2.8879689384462854,-0.041832517355445575,-0.09428987375862741,2.0515146143222998,5.672601447644026
2,2.642471835385105,1.1572776555249646,-0.591875020868277,-1.5136867950074018,-2.4517775720786563
2,-14.695454246125141,-3.5619179773349825,1.9878962617812208,4.269716853236573,-2.3345925381185864
2,0.46381501207814185,-2.2591854935275237,0.5356424379702452,0.24699079397184143,4.209465056994375
2,7.762847097516154,0.5114858812035601,0.008896373776298712,-1.235822513875256,3.4082030227403046
2,2.4155947433058924,0.6556116795814074,-0.9034036286949976,-1.0165378927667075,0.050451046484911034
2,10.214854069175784,0.9120122849014298,-0.9658956784812088,-3.0309907599055603,3.25553258984808
2,-4.258522055191504,-0.32534280416698536,0.3462429577038205,-0.09283774147371882,-3.437305585588572
2,-4.246050031529657,-1.349910372713378,0.48548266014739766,1.4339339439467,0.9821714540856914
2,1.588145726240014,0.8275042543768452,-0.3097822943871982,0.48188518086245813,0.7666932417931822
2,5.386090559437551,1.4147045338318964,-0.6590322982525277,-1.148047630107443,1.2028104745871588
2,6.016065166286789,-0.10418735425574954,0.5429622307278782,-0.4760155442617229,3.3862329957075863
2,-2.181709956242803,-0.20590292061933713,0.7628918715209626,1.184085689022769,-0.2581817108865263
2,-8.676661243121247,-0.26301099748103335,0.5446134581780799,0.9692624559299255,-5.1924207129658475
2,3.1863167793313836,1.8086149936502474,-0.3538339191004877,-0.3864587777490592,1.241695343718316
2,-1.9160284148283977,-1.5121631322954665,0.6211995695693846,0.5081538336650694,1.7872848414673363
2,-2.629004644850797,-1.4501333617660586,0.1263062984815837,-0.8911520019389416,-1.790837261213459
2,11.072926292875788,2.120350056344369,-0.6587537335044025,-2.03863578064664,2.5409349627250615
2,0.4116503380222023,-2.3841734073796603,0.20442481090764397,-0.6490449286566484,1.0170918786100804
2,-0.3182755471558666,-0.06158308152541825,-0.2359666397629096,-1.4388467565566159,-1.7920681484886236
2,-1.3456755932560598,0.10973739105954818,-0.3051221790792358,-0.8257051973579519,-1.9620387843766207
2,14.128838627972208,3.587712706198515,-1.527956746066345,-2.830658681212832,2.2956984953404365
2,3.389012406628825,0.9281865321384196,-0.13922513287952537,1.3956911788941744,3.1581753927065734
2,4.077261208554767,2.2275911168020537,-0.33475839085580833,0.16020043609155463,0.04052580195892424
2,6.8274263501344326,1.8206683710816172,-0.7532713910924674,-1.0621405655817135,1.1989887565183792
2,-4.115027569638702,-1.3451350256127683,0.9777093482024837,3.0091757240394,1.3262609262628002
2,8.787145293544393,2.7866732689078875,-1.9058650397774342,-3.332328070893114,-0.42157085612606077
2,-2.269894162831588,-1.5533168070982928,0.04659496161093869,0.22388919531801516,1.7631318980366908
2,2.2805119165694747,-0.45958407759923725,0.4585211618386794,0.6227723236197399,4.714369246837047
2,-11.701280858056059,-2.1821496521658146,1.5043285697110378,3.7315493763880228,-0.7258281996386579
2,-19.374864909946687,-5.095739150609131,2.0402044361413876,3.5914212083052286,-3.6760706175052813
2,2.0662893369701965,-1.0088839619895833,0.0633804229231206,0.5931075360240353,3.499345969459939
2,-2.8968531338282015,-0.13231866039655893,-0.39089957462771285,0.8934598517912984,-1.2114204413000305
2,2.6606615446696216,1.0836035120407137,-0.6834298222572689,-0.6329741765846121,-0.5109404309097273
2,5.068111514527679,1.9014783260583237,-0.6904687469403858,-2.455824159944005,-1.4025824284732076
2,-4.4301629031570435,0.3122862987102545,-0.3230604315190395,-0.31028384755842947,-4.77196057945437
2,15.255711205529797,2.3719955642098887,-1.4173413462996651,-3.3370955131885753,4.663933201421753
2,3.657247685948043,-0.13968590505130052,-0.2948466510532338,-0.2192036287154979,2.503955980068352
2,3.3441779120944357,1.5599458216724944,-1.0028213309628908,-1.8221049226487447,-1.4692058205662344
2,-10.250780065764921,-3.2926622214963195,1.5401009345773653,2.031063245460371,-0.41824818784804707
2,8.808036145933661,2.207808543947711,-1.055411422867101,-3.310449056131776,0.10800494912387908
2,-9.250629068054979,-2.471136011855278,1.372924308213941,3.2959851815356127,0.24789299362699674
2,8.187753691288183,0.8514293219231661,-0.026650918615442,-1.3950803204614224,4.879186671018907
2,-1.0614422102280487,-0.7111897475806276,-0.7749530002342608,-1.4813174219535954,-2.1125711323181804
2,-0.9290413615897066,-0.03804900800507294,0.6281611045822912,1.028627669721299,0.16116473261721218
2,-0.21330609482912588,-0.8050641871117097,0.47212035250610906,-0.37230720020924585,-0.27682270462622693
2,-12.1236958280483,-2.705597638597922,1.2785098334469047,2.429590975846352,-1.493315296734148
2,-2.426455120477873,-0.2875158292543613,0.1373116468700605,1.1093383197985902,-0.11307407431844219
2,7.193646184144803,2.643324670700577,-1.8068282699433296,-3.1004105312126793,-1.3017571008782511
2,-1.2114210172561664,0.11526958904555111,-0.14636141494403193,-0.46636541040384966,-1.9504585722401393
2,9.80786688313644,1.970026018081125,-1.3331691049104482,-3.268695840701455,0.1954694376253626
2,-6.630340527151338,-1.9853962918839327,0.9337237886713905,1.8364097810929172,-0.34503460978598915
2,13.90320552024119,1.5358836405967295,-0.6534245110832525,-1.380420340903256,6.645505978800884
2,-4.410902952058758,-0.6276372244135695,1.2965393110472552,1.6957330409866582,-0.2685641789160619
2,-8.406832796314118,-2.0175878322523113,0.32215447555002136,1.418278269034392,-1.940008510629741
2,17.078627318916748,3.453339776739271,-2.7525385791348,-4.954220837447415,2.063635341108597
2,-4.394449040105871,0.7519587451473193,0.2005816436256294,0.2891468284152372,-3.2620179559695166
2,-0.556589270836368,-1.558272390064855,0.8537646184937302,-0.018434688381164827,2.1334421871255285
2,2.579057845638068,0.8062685979108385,-0.28616302363232204,-0.7772057340151347,0.46487857085281187
2,4.514517509234997,0.4445839491771144,0.5693434009917382,-0.011168309226648632,2.7750329839913506
2,-0.963451258770185,-0.029541801288680548,-0.6923793312725991,-0.9249571348257992,-0.9391245692824053
2,-0.10772465153590627,0.7662800905378986,-0.13201379960143916,-0.010148340556175452,-1.1289798858047722
2,-0.5524924792028219,0.4939783632327358,-1.0574918265938196,-1.162615569477131,-2.9756779372113353
2,5.243524206317875,0.24669155353607836,-0.3382644958713579,-0.9390189651505075,1.8979015024940427
2,10.602657043113979,2.4066335100319893,-1.077129352412658,-2.150496872063252,2.6059193701039245
2,4.841457294233772,0.6555849168636472,-0.40849722058886184,-1.349513853219149,1.7400507870851067
2,-0.8761888649438653,-1.3214759345531601,0.3368588804150766,-0.17651751901395396,0.9717439800373926
2,3.492561596084609,0.29747423584020005,0.33690026025827924,0.5546932891566908,4.020751964699671
2,-13.839720857233443,-2.163302661309709,1.5579829051041991,4.703645572673442,-1.2191305771259735
2,-5.639337476202955,-1.3475895275653296,0.8506535388171047,0.8805845472432745,-0.647637488658491
2,5.127486696077783,0.7792655566528871,0.4338200841025638,-0.8258432727394885,1.2149981206416591
2,5.459699521741608,0.9075628300797546,-0.5296985056551323,-1.4376375353800759,0.32864561463020403
2,10.615317041563923,3.254428010205421,-1.3464914891177964,-1.459424116111592,1.3526989709253772
2,0.6921202218446559,-0.5647305637583085,0.46448424652309583,0.25422255937612515,1.4410712669880363
2,-10.48096274688422,-2.4041940952328194,1.1630856527164932,2.1198113214341037,-1.5036603653417207
2,-3.3028897373132318,-1.4648757826887238,0.20561961573701323,-1.7770333760332298,-2.8062855431742535
2,8.37995259341077,1.7394686891387585,-1.3402233417784573,-3.7571160444656297,-0.47910737843433243
