,0,1,2,3,4
1,-3.189846165485207,-5.588771561482733,0.1675385571232765,-0.06719597161789165,1.0229967855298654
1,1.749866545052487,-2.9307807200349005,-1.9904317573152068,0.10535854951615098,1.8565366452660808
1,-6.281777758357573,7.072441628513581,6.511418718343198,-0.8009412256656816,-2.1102116097675947
1,0.08117965316402567,9.715132196690318,3.3351612388470713,-0.5005553767641915,-2.093670070108862
1,3.5161457590483014,-13.471533745906338,-7.170872018374265,1.4015426061511478,2.3397251759152895
1,1.092142191012678,7.193988529141647,1.3644453033889556,-0.046080520588013346,-0.9232138027418919
1,-5.015406698655282,4.8783715519133795,5.679525047535412,-0.5527409134587307,-1.6665954330995079
1,-3.232289543129536,0.6486734866470116,2.2777875315517204,-0.9629530026490726,-0.18897222778643918
1,3.5875490387178655,1.505316909996468,-2.6225955862510952,0.34002799462570926,0.4581081778670538
1,0.25963515602581805,-4.203903837669329,-1.5754691323150305,-0.00803715301673208,0.5941539043947885
1,-2.8454869466784607,3.061310409907963,3.3170583513628675,-0.04162623810921995,-0.8298986843317621
1,-0.4395167824612252,5.009000342324411,1.985438995731447,-0.34088548289658915,-0.4418770732455888
1,-0.18798900969603058,-0.05768885047071183,0.5448090236471236,0.4826488716968058,-0.2874007424525959
1,-1.1552035600200472,6.5845706578600876,2.763675254958177,-0.985900684341125,-0.8240865358521958
1,2.600035538534997,-6.431625868779869,-3.7893674521973075,0.887819401924298,1.3009792942863976
1,-6.710909709333583,10.503156911236779,7.954785343415587,-1.0721564162996813,-2.194615352452552
1,-4.01567544773562,7.262243221622963,4.6638398435290815,-1.3583932387720328,-1.4674535855790214
1,-5.671008001319941,9.699658202451177,6.853464015882943,-0.8354666660096348,-2.2688089121700155
1,-2.7249304167860338,4.231373521104146,3.3284982234435962,-0.4710994101429452,-0.7916007420087363
1,-4.552817103462151,6.018196108874867,4.689531406772136,-1.0940175494030537,-1.1925253800848132
1,0.004010834488805589,4.021443844583239,1.6801978708667422,0.13244058945392798,-0.9362553408418715
1,-2.532549738140822,-4.818138777880857,0.7395037318577979,-0.24444494593490565,0.7997572954688122
1,-1.3491395191553082,6.752587305087437,3.2869365139408977,-0.4923465765763334,-1.0735222926709616
1,1.3348600506911537,-3.9947481344494045,-2.4733209273627264,0.8636666785913795,0.3911507802324308
1,0.3767821236760203,-5.126336567845929,-1.6988895886042745,-0.04470161278639869,1.490833480763303
1,-4.403584995944225,8.725856914160147,5.955350344739591,-0.974365279763477,-1.7258317409569377
1,-0.06324380571989417,-9.464972961158137,-3.406382541747361,0.36544209771724234,1.5547342994479265
1,0.7073770127897522,-2.3054041026531418,-1.0349099213578596,0.595159275237012,0.2074379549191817
1,-2.523146277820223,3.835925953158383,3.0439394090762693,-0.7456541657633602,-0.8921264554571577
1,2.0237416828658668,-6.680755804250852,-3.7612815021719967,0.5645604044132314,1.163796824877272
1,-0.8791928512292811,-6.312788664101976,-1.1753622297415858,0.3332191481909351,0.7392960674775773
1,2.2548119808852536,-15.487669222965078,-6.432007967544682,2.0590225896590617,1.9820713824447234
1,5.560154601816855,-6.30005899005764,-5.569665888119516,0.689301813560817,1.7403289614733235
1,-1.6916150166855761,1.669606148426779,2.3179409038522496,0.18805140862340963,-0.6658175521531473
1,-3.992353758482815,7.549004118211042,5.272140885295404,-0.5873679830512872,-2.275581247334576
1,2.0268484357958276,-6.525177714986868,-3.555955412307592,0.5369495720437375,1.5153386095197616
1,2.80321216534762,-10.34851389917159,-5.044413634537323,0.6561779420420333,2.105227493705662
1,-6.2109118318710275,15.579630130946686,9.604826183371443,-1.8979687621258965,-3.0505440548492904
1,-0.5025536928460118,3.7315643432194427,1.6271037762214922,-0.24369629991829275,-0.4371599454165564
1,4.9288950079746625,-18.353942214972843,-9.735972923781793,2.3538934841875694,2.9535065071755513
1,0.3298262349538938,1.1621969485032835,-0.3753721036852187,0.05932077933669502,0.0839148101382564
1,2.5148456588548047,-3.8714016826227216,-2.721739661987643,0.4005922959746997,1.4159563240327602
1,-7.578475608040259,14.189352991772394,10.142985483341388,-1.6491253484788015,-3.09750890261219
1,0.5850305590487573,3.297756266603796,1.278188875023282,0.1959074499266606,-0.7078978471320347
1,-2.2775409587195634,9.415417330798444,4.72009679666935,-0.9388345993194446,-2.0590512426397356
1,-0.564134621295648,0.22115026544732486,0.46491726490855784,-0.023195497311703395,0.3684958641431668
1,1.230372218314853,-5.219798884345701,-2.048506449330034,0.00285673354861693,1.070459866593586
1,-4.008690687139116,15.122979614555367,7.987697601891583,-2.0416860777809123,-2.448306678131191
1,-1.5702789866418732,3.6869094102876385,2.6381822294967767,-0.16271021130629715,-0.47832387231877815
1,1.200639587641584,-18.287769495107373,-6.4322275943987846,1.0680920195798318,3.0367995721867045
1,0.9710585426332696,-3.275404625105589,-1.715598159780098,0.28547898937555877,0.1162538366992755
1,-5.693180766556406,5.254826908623645,6.343950441968106,-0.225913151123132,-2.0279734680539376
1,-7.440805350423567,12.523767919722202,8.813529380842855,-1.4385016836534057,-2.9942056378365978
1,4.2440665544024805,-2.800755081011798,-3.7818684171391057,0.8025187728982787,0.5865902315499852
1,3.7049801994703015,-0.9133079570608206,-3.1487352275912435,0.18370398073417607,0.8719315208930318
1,-5.241130286135788,7.833591696837577,6.056274884141254,-0.9406309897022728,-1.5839916236467964
1,0.1241194832375783,7.176657595865669,1.985097160031342,-0.5776472903619161,-1.1415796339378745
1,5.8768499961682314,-12.464299888806089,-8.271771921265927,2.4264719047614354,1.4746726178177774
1,-3.71580651532114,-3.3369405820166844,1.1246264026155783,-0.12585681673894078,-0.40109762625413725
1,-2.903867845135151,5.519303608111695,3.937389910341753,-0.3265894390148132,-1.048637431613768
1,3.9205218243357085,-11.030204502183123,-6.000511926049655,1.1756928749107027,2.7380321661534173
1,1.3070884421146118,-7.091218237250435,-3.250266293842755,0.7174843679323314,0.8052484159214909
1,0.3261816085690602,-1.1941720829216291,-0.9993614677211157,0.11991262310874058,0.7078998181493596
1,0.8926268990139935,-6.593575196350014,-2.755855431742124,0.5835610048042765,1.1746299653860532
1,1.1324424557900439,2.9047491737326445,0.5924222163192607,-0.5012200176788686,-0.18813199816010548
1,-3.7987414655605507,9.907541454502683,5.692423150896837,-0.41490650887469543,-1.878670014144148
1,6.731842527708127,-17.899114743051825,-11.028657629315362,2.2735434144026128,3.746750869857203
1,8.348080701137874,-26.593024669369004,-14.658458477825112,2.243287872383517,5.76421482240563
1,-0.405271072984815,15.387030590911834,5.736978823001149,-1.6583579514416091,-2.2773884906102952
1,-1.3677422639603345,3.692842354568123,1.6802513748662413,-0.13565371361870682,-1.311083542889552
1,-6.113061186500533,16.37235084962315,8.822656110332176,-1.43424149503692,-3.2898034974537844
1,-1.7120440271743398,5.710150314766678,2.514405409895041,-0.8233949589650837,-1.3317506488328477
1,0.18148351113128552,-0.20690560628832302,-0.5686822647077073,0.979454052863213,-0.8973533502445483
1,0.015567831144469807,5.096760687337668,1.7359028778293606,0.10243461379953486,-1.3306816745234316
1,2.476051034178983,-0.19044645080625022,-1.609778598414488,0.5857014524941638,-0.271358579187715
1,-1.322009040408521,-1.5767238627131739,0.71314183389991,-0.34646615004317327,0.061440528535919275
1,0.10723299776254881,13.159697239299566,4.788529180180668,-1.5431608561836998,-1.87498824676471
1,0.6571200569848007,-1.915294249392363,-0.8182829957579302,0.5645071843353169,-0.26737943874561343
1,-0.8250107718655023,3.4112138724058907,1.5059415908260834,-0.33882876581121213,-0.5757588752483156
1,6.7540794520725385,-18.244326169404353,-11.017610695852191,1.423472115964191,3.936147659126671
1,-1.3058277109292453,2.866051588424597,2.391995676138764,-0.01837591047814856,-1.1114846403108027
1,3.640038002952818,-1.4981727871101282,-2.4928513845387013,0.8241924429806072,-0.022493799504355018
1,-1.3649009143019226,3.246698065167352,2.6687180685403433,-0.8669911239774831,-0.6681613629247811
1,2.5271376813580293,-15.427357817657226,-6.272645367781429,1.5619612691499534,2.2593577630845676
1,-0.22429747143230253,5.700520364959735,2.219405295681003,-0.7437419915427972,-0.21530987785346328
1,-1.5984829102919194,6.03782806730268,3.2124050326803917,-1.020279334903423,-0.826215118742047
1,3.2521041209055674,-5.507178266250839,-4.135053481537762,1.0154323577638098,1.2882616953033015
1,-0.6508615044847371,5.816082727126959,1.7566560455048836,-0.6994488334921529,-0.7907318790059846
1,2.9498830106555496,1.0649318171160558,-1.869250626877573,-0.906688251586889,1.0305824955954597
1,-2.7443942443680456,3.706156944019514,3.3274984299817296,-0.6169331200067701,-0.8121013290683243
1,-2.2352004894550292,-3.2827279707330383,0.21102560223204095,0.18711666866653368,0.35237516001194663
1,3.0284427716238165,-5.8280713918350715,-3.8082047515371005,1.2454382095612457,0.7779717711494862
1,-0.14108543664290363,2.8107555485944786,0.9732515194461708,0.20436864333724158,-1.3334409036390849
1,5.964634393121249,-12.344962891029052,-8.248630877856337,1.7371845563196193,3.0440357045388415
1,-2.0709300543508187,5.873651764911816,3.422150009285338,-0.6113393809410013,-1.7195187107041405
1,-0.530660450523857,-2.7642723263776388,-0.714513139936583,-0.04216921276525265,-0.026664593811916243
1,-3.397518262137099,11.160628432519331,5.916533603428268,-1.7889402355527617,-1.543887274876603
1,7.009193726488132,-2.875914560897423,-5.809101416402368,0.5264760033582181,1.4998032042601943
1,-1.6419394421812474,-2.641022222439573,0.7915554889323263,-0.17812508497492072,0.1463329396565457
1,2.262516010652921,-7.226072178271053,-3.8798702172035013,1.2442339749223639,1.0258674679261848
2,0.5467572329670535,1.609902052616619,-0.45173619659142206,0.3756455056253819,-0.7980918280155318
2,2.8060698346450454,10.085809446620003,-8.073124842171893,0.7737254024575695,2.4410820886377214
2,-6.202742368694054,-15.088203237411545,7.589791339280684,-2.448257478261621,0.8339835694710147
2,2.4236253791250157,4.576756534343478,-5.549252805231305,0.553942187994332,2.210646115555269
2,-2.762849739630542,-7.918888409196559,5.975778285776683,-0.024116341344302107,-2.4306341853339304
2,3.709424073984604,8.686925371731759,-2.8679816919391086,0.7327155859786859,-0.30966255087856065
2,-0.8712289016400483,-0.5631157151718545,-2.559847973744696,-0.015945057957797618,1.9447272280847545
2,-0.5847739622984547,-0.8741895004953908,1.5914532186445964,0.05433267576626673,-1.201446488365991
2,-3.5523260138440773,-10.135561438794403,9.518491598396771,-1.2100198537270992,-2.9872249941374163
2,2.0376496489576343,7.016284733970178,-7.362713957702539,1.3622754369141106,2.3032961214702126
2,-0.8192936648282972,-5.155966026463211,6.32868240528451,-1.428747619778396,-1.2579897558056108
2,3.15947852961548,8.698325308757763,-6.137165497876744,1.1033208998392356,1.0583854757521516
2,-4.136376457703525,-11.05502831286587,15.417618777015408,-0.9332805267212003,-7.406440931020855
2,0.21087851100027796,1.7168876837746894,-3.331389917369272,0.7229369899474629,1.3681809439262644
2,-1.7232466322698379,-5.226728628970991,5.873776302248799,0.35079205291158433,-3.1767052529709283
2,-3.98284019574821,-11.01977389204528,13.73174332129048,-1.5638574366104339,-5.981372105445375
2,-1.0321858137722488,-0.5998097622677907,-4.183276825907131,1.1746076101506895,1.8100220538603715
2,-0.7592566946490941,-1.026722342140661,5.642455447196335,-0.9159355759616867,-2.6073024002039187
2,5.99185251474845,14.141120935839112,-3.276544314080914,0.17842267339814444,-0.8370090469722018
2,1.2269536103894465,3.9273404446960978,-3.0836883451144046,-0.6959644134163143,1.6122187903295788
2,0.9700203510506116,2.2571855184986274,1.0468184524141237,-0.5912884231187191,-0.6317980579023509
2,-0.30475499825665886,-1.0883947931958657,-2.1671825803421356,1.0894868597022045,0.44729937732719716
2,-1.1710499397652587,-1.9494253886868524,-0.675607076636644,0.9206518380292287,-0.4698324178534818
2,1.0323657436439408,3.373170455673936,-3.9477168762066244,0.930563053932534,1.9915117335531116
2,-5.139139974101977,-15.874427397176936,14.129034175353235,-0.9630531635411748,-5.067056409099913
2,-0.3491594061412152,-1.354496385852851,-2.0132522476612893,0.5398335615407001,1.416668297224608
2,2.7784975477395784,7.594999771421759,-3.3927864548017928,-0.2142473611776773,0.8588785439754002
2,3.07560523282828,9.305588752516096,-7.834023074710589,0.29865124549859473,3.124888896436071
2,2.861547950634216,6.052421412008429,-5.924713516497418,1.568220074897421,1.3863958109274024
2,-0.09069838510250552,0.4778441422845129,-4.142579116594683,0.6748951896171703,1.6668949164556386
2,2.644807414260064,7.161737347913529,-0.1394450123401896,0.17815856315998702,-1.7893243314488785
2,-1.290275429719319,-4.12480973042432,6.929002585695798,-0.8614294963272628,-2.472943057318433
2,-2.941755690232644,-4.44615108498049,3.1581361518900044,-0.2931205438447628,-0.5970427844055686
2,2.7382034642627966,3.9368191509442023,2.3543528017904567,-0.5634603220488014,-0.8578309916360277
2,-1.6136739651952152,-4.384072102687726,7.764512539304385,-0.7304961346521585,-3.0507795835544638
2,-4.925584882531075,-13.127574939106855,12.227180463825364,-1.2999937066792586,-3.706768564903836
2,-1.2101641589506371,-1.2591109676759609,3.3619236682908054,-0.12046123621143189,-1.9416576040134417
2,-1.328256177838164,-6.961339877332952,1.5698510916520674,0.49167407739521474,-0.1796454598855362
2,-0.6628049849151172,-3.3210343142141046,-2.0608649714577894,0.6268678681996969,1.3309116593890766
2,-0.34266559605674946,-2.1850120419387684,-0.7025867798594452,1.343066006706032,-1.0778541310847851
2,5.079023820635818,10.70666129673481,0.6517573178315375,1.0772659832752456,-4.143253831189724
2,2.0422222412101427,5.353208908788767,-3.829357002483978,0.5437225195702103,1.1581364469950979
2,-0.5544612979251776,-3.5089688246607316,0.13897435146325274,0.016361965660984204,0.5975928187327455
2,3.705306360442908,8.50000398317536,-4.961828543624613,-0.28676967110142915,1.221200751684116
2,-1.0166506565769216,-2.545855566336718,4.819314895616328,-0.036490428746596776,-2.5761140606992
2,0.19546424288272993,-1.1422010879347801,4.227831407355836,-0.27322313081967403,-2.401213985273365
2,-0.31548682602091327,-1.2430732390233346,0.9673302959518074,-0.6258663929477488,0.4449959541489765
2,0.432352441094352,-0.6449076731491276,1.691277201969922,-0.5715360469309568,0.3041796241953108
2,2.0164199334306887,5.052326362690703,3.357679535695124,0.34325031759587715,-3.7599363702862414
2,0.05092525312879462,0.19740482715286034,0.9737713131699997,-0.4285125468501946,0.052523803396425456
2,2.7071761816139155,3.8162740360575484,-0.14457850963730492,1.2326479556627006,-1.033975897266822
2,3.879758692522463,9.786719872580889,-8.735723934326765,1.4945394619442598,2.7139196337375218
2,2.615308191336218,9.383855806126554,-10.437781214969677,0.1500806794158537,4.644184087301537
2,-0.9025241445958667,-2.2095712054645387,1.312681974459149,-1.0175419603185136,0.9479051599399722
2,0.5265737958377015,-0.8995397384615601,-4.086113347186775,0.10389365732720957,2.350871726890025
2,4.831475409432349,13.877313426691904,-5.4156967489778784,-0.19609483812248088,1.044178670320583
2,-1.3322077120935873,-4.515841686866007,6.5484452281873375,-0.6690103677774497,-2.38919348202342
2,1.6450974206722193,5.613610708941103,-4.327174891369585,-0.18388957619690202,1.9628433226591255
2,-7.139451304423875,-19.599424771183216,20.02095256321348,-1.8967865896459886,-7.2466826531598425
2,-1.623409717738631,-0.09904354273799593,-4.441263994222962,0.8791943047606688,1.840364021397078
2,-1.3988432246728446,-5.126888870329059,4.3973307657930185,-0.545114719812741,-1.5492336814503747
2,0.08502981747046859,-0.6548674674072084,2.57023269100101,-0.08221420781691652,-1.7302872939591096
2,-4.159331858120683,-10.304199794522699,9.737361756044553,-1.563561012823156,-3.231231659342232
2,-1.4305756312735005,-3.8912872315671914,4.83076852597002,-1.4753222369266767,-0.5811750830133686
2,-3.127907808632475,-9.078841508215843,0.04177358279872418,0.7988051426221808,1.4159598074696638
2,-2.433361073303706,-6.877419450669001,7.370509152801193,-1.2592421138587921,-2.401256374649816
2,4.486844420053502,13.103643997783324,-9.939873131243328,1.1280034230773905,2.6550146649456554
2,-1.4646456664198944,-3.1346608834613425,3.706578957340184,0.6417553575189286,-2.1568903470805147
2,0.30314431703520106,2.201460211264494,-7.486200770268655,0.5489532049809094,3.986362667312884
2,-2.0902570539710688,-3.1876795817939394,-7.873455688671163,0.6770808942080868,4.330490391377816
2,2.2948414089900147,6.8805706358730365,-0.28523727527524706,-0.03852396973970382,-0.8761521551182914
2,3.393971335384806,9.304697302986188,-4.601200473044433,-0.49293010873125087,1.1115840940767785
2,-2.6895251093061203,-6.982299206478189,9.496485411648136,-1.6358693488961673,-2.958284366390265
2,0.6982932690706358,2.4113184357329134,-2.950488852571057,1.2523787658136993,0.5556430029655797
2,-1.008897727239968,-4.040477522523344,3.5803024949034143,-1.4308071276520775,0.06701747041583841
2,-1.99271574124386,-5.796283849242539,8.323892025534354,-1.6861516870350468,-3.118310265984627
2,-0.7980018713642997,-1.6117876539628024,2.270263867687622,0.23579175163464094,-2.2154931700954488
2,-0.2955982673998778,0.7171784904161141,6.300473382430309,-1.336377074570528,-3.390210486959122
2,4.025850499130941,9.06787741665725,-1.6016616598160964,0.021510775368046596,-0.6146067267535864
2,0.3430233076044596,1.0399282948959303,3.6104361834776175,-1.5308707558567973,-1.1342804237042665
2,0.7581258238155256,3.0147291106733003,-5.418255721998458,1.5255970306786792,1.7541400486088305
2,-3.453080415723603,-9.425975675664876,12.675156244313973,-2.3862420468218257,-4.088337277725321
2,-3.251233125750723,-10.303838069756653,11.014526383723513,-1.71532556157935,-3.3782734041508387
2,2.0592214059638163,8.761073072295414,-8.339990967321762,1.0006315769794978,2.427028902994045
2,-0.555377659698471,-2.5651880598536883,3.167787289062586,-1.2453354549920614,-0.6766302763830898
2,-1.1025258499865667,-2.58726389552892,-0.6884682266078745,-1.3375894123343832,2.1755619165903743
2,-1.4319267487752043,-5.843230665617453,5.892071641591353,-0.42295765851429445,-2.2593850585127875
2,2.2550764495493234,7.090662673321838,-6.157596754493024,0.7972831201961974,2.169025766855794
2,4.158595909247938,12.234356398061154,-9.021109847622961,0.41815033565353,3.2653404628408733
2,-6.261675898637809,-17.61115619148561,14.015120362630494,-0.8532419241260558,-5.070873773780119
2,-1.2102556633863106,-0.057032459419703155,-7.293788008531173,1.0585569378740654,3.5983483735247526
2,1.9504171272198296,5.7022979809066605,-5.3327904698633395,1.279445065020413,0.7696087322663928
2,-2.2285911484684817,-3.0216502884252767,-5.833004960932331,0.38765895359162283,4.447740837740139
2,-0.2370029586110138,0.14968833828229,-3.1734620670480895,1.3159702188418034,0.23833239851303137
2,-2.7389431838236393,-8.09805167507895,8.577445400160538,-0.5161530493628066,-3.5024029886000148
2,2.704940128748578,8.698311118730226,-6.427107283336003,1.3346295421418144,1.0805417593665831
2,-0.180186806631641,-1.1646336409311697,5.886773880174565,-0.8159786337175571,-3.1438767584256446
2,-0.8594343410540961,-4.4029352240262805,3.827666337276001,-0.0077214043683152545,-2.0927535021954977
2,-1.279601233593767,-4.834085386590529,7.697532373791035,-0.2989905309089941,-3.4621220599773537
2,4.804651631326126,10.912915759995787,-5.315294939310769,1.2816408475472958,0.3074010478265453
