,0,1,2,3,4,5
1,-0.9365635579103084,1.5214153027761088,1.1346970358704107,0.739130017888797,-0.08307094045842167,-0.7004345646610328
1,1.1780363765247743,1.8533271026099376,0.00026421098717095606,-0.5824536072361963,1.1484292391772313,0.7810475570968636
1,-0.47717431806305405,-0.9911368634719406,-0.09122643604536466,-2.3073986839436897,-2.030942462968955,-0.22182207131566578
1,-0.7944452328879966,-3.053680540495148,-0.21128348713166908,1.0632720153419981,-0.9605293720689355,0.35655843358921
1,-1.7300838471438225,-3.028906761439715,0.0030067167109087967,0.43589586528811414,-1.8020930346568793,-2.166665273082824
1,-0.10713391738399552,-0.4165301888441917,-0.5862999785375983,-0.03352999008377597,-1.9641917106880744,-0.9738877322469474
1,2.138725045417589,0.7459150458549706,-1.3621761125695209,1.1501484731454288,-1.4960864469241724,-0.19711114911074956
1,0.8913235673940659,0.9368378595650975,0.9595511500077927,-1.1039359029352824,0.751185628468812,3.0573075817927795
1,-0.38326350854354546,-0.9779459241731996,-1.248593426087162,2.0987664733023244,-0.22207987212280933,-1.06259987783914
1,1.236228067212039,1.2910296380132775,0.7368688155863831,0.26075015943399815,-0.3519279476437276,-0.6784109149647777
1,-0.6312168857345463,-1.3344473320124774,-0.3824029033892,-1.0916751594521168,-0.4571971273335458,-0.34753832755354974
1,0.8473389979679753,-0.3969451922826113,-0.43377936904028513,-0.32912769923629737,1.4875935732554844,1.2587425767746567
1,-0.937101101327579,0.7015461984061895,0.6233565829897013,-1.2351334929263085,2.0331800911684943,1.267021757817408
1,-0.4220503536096809,0.7613718518420827,-2.38523950394973,2.126599537257725,0.8057354120122839,0.7666841719894056
1,1.636938027642029,1.0567237422923017,-2.0901544860833137,0.3902325400096371,-0.06905619234172511,-0.1325193372226042
1,-0.679503745094166,-0.7698195600814128,-2.0799913603993265,1.3683444045193494,-0.9833776637992505,-1.5515404374464838
1,0.5241495166922217,-0.2650895754406889,-0.7322655327874906,1.5500476590819783,-0.2924876205106101,-1.6600448490204303
1,0.7758086302100072,-0.4187133755439393,-0.4354743731113064,0.07014095947643728,-1.2008033323104321,1.232319013871194
1,0.9839182575950272,1.6582884412880474,1.3172018562761114,-2.2647580190536787,0.8751495122129752,1.5051310961057023
1,0.5275322375046534,0.6630300616884679,-0.2045702477776438,1.407414419029689,0.5300889443581427,0.24285058233843004
1,-0.889489889806692,0.2773783893880953,2.6498205223181124,0.8010634526619032,1.2606283199705786,1.5353871149387506
1,0.5297603724711051,0.06888835572451349,-1.0465547886724385,1.096501978896955,0.1521649660990258,0.6735524846858701
1,0.7029338418576563,0.7234092751933441,0.4051685629367664,1.4409118890749606,0.561096138520046,-2.5938279595177773
1,-0.8189420472898331,-1.3238153368377372,0.9081972427537589,-0.4547524518738967,-1.7586089876713578,-0.8767139923049527
1,1.3743151843215191,-0.7164839824123665,-0.6898046755175168,1.5041537936396796,-1.9486159989379621,-1.126727867317002
1,2.193459526882427,1.1299623967630428,1.4897501402347484,-0.9180704481417012,-0.05574914239440154,0.7905394378237818
1,-0.5684358387740865,1.0322264702353503,-0.3868941819504289,0.8745522354538554,0.1123864182698906,-0.9695615616255251
1,0.03719658691844119,3.430305172249602,0.654860872268835,0.16983946915825587,0.43211993183734665,-0.7215880259794706
1,-0.48466221508700313,-0.2955123647887889,0.6732494441497366,-0.597847271129081,-1.2436898081176864,-0.0332058194994497
1,0.4350611446486262,-1.3899977088527635,0.06844038199350096,-0.49390338415868296,-1.7257267149260969,-0.7679191280107073
1,-2.9707229459451336,-2.469677581032321,0.08057742322068254,0.5419755929292096,-0.943473549285074,-0.2327212993184139
1,0.7901813244897318,-0.7111363389409209,-0.57748125204171,0.9056290149931119,-1.284075401909244,-3.3613459998664146
1,1.4540811045804514,1.641809271642861,-2.35220476038027,1.6451990244832777,-0.4714732240116792,-2.3563427545191997
1,1.9848599610940891,0.160050538427064,-0.3076096836707979,0.6560985256502158,-0.2824810550426673,-0.25038632852723314
1,1.0208813724114896,1.6683998734028584,0.02611787897006773,0.21824484458316895,-1.3692951021924484,-0.15004394915075236
1,-1.3289243176775845,-1.289485500081918,1.1816684295784132,-0.7056799358187769,-0.8131942823355108,-0.1805568408019819
1,-0.6224880442783535,0.31722382027533846,0.10401951329101533,0.4300071430907748,0.3205700699853269,-0.8815957672161312
1,-0.145141671196124,-0.8508876785674541,-1.0106370593752394,1.2219316945700682,-0.9949016354440412,-0.16629392623146205
1,-0.491712063476168,0.008751306713435603,0.6572739265051892,0.4028281817076281,1.3431226570410422,0.4361908753117637
1,2.0418386972426457,2.6333775297441724,0.8149186388897375,0.5365770183851272,2.371120641562157,1.3881962221722277
1,-0.585557601948011,-1.6984569125081643,-0.7485582581472512,-1.0959709019992434,0.6042865977656774,0.24281995185211958
1,-1.1002078022035593,-2.684236174757199,0.13288775272007985,-1.4259524842295535,-2.534684029398889,-0.4298815330008299
1,0.7534452407401607,1.5442010285381766,0.7594552743307766,0.08111431636084337,1.3726756108846117,0.7109823514489372
1,-0.8096679545856303,0.2527811500266655,-0.7438077698769636,-0.22183136817836555,0.6837845775479778,1.8343077937568784
1,0.19953658975581373,0.2997405562625673,-0.7282868057520215,0.7505318923270352,-2.598574729249019,-1.5687236124283652
1,-0.5476817740479157,-1.1062053694183054,0.2807481394702702,0.6234120963214993,-0.3950541317071315,-1.8842785016122534
1,-0.06907574389329471,-0.9056803362322883,-1.5161875597035606,0.9614937185147748,-0.6769275834592061,-0.27072540484341967
1,-1.3373172098199206,-1.7645741762531806,0.2720205492468637,-0.96989423600697,-1.6518384328587787,-2.2571643924311107
1,-0.7793541937235229,-0.4203544353376819,-0.6322317646745466,0.34442294566894177,-0.8058999136698766,-1.3471472734532757
1,-0.18663819727495537,-1.492312110659797,-1.3319132272468346,1.39438581338219,-1.3380894271168278,-0.47139961964426924
1,0.36495236202546216,0.026136211609732056,-2.13830084440009,1.1168169284378475,-1.149587538952143,-1.846836537987521
1,-1.4598865079774506,-0.21156544849067888,-0.5676914658668507,-0.24869474883399417,-1.0402881210462425,-0.6531478995540758
1,0.029855916250174405,-1.1682712022508153,0.31047331033591286,-0.22727505067923162,-1.139418070726876,0.9355992233650565
1,-0.4219956667753323,0.9452390267989144,0.8668400746085503,-0.9319043061158129,1.7723857304572248,0.3384285848248545
1,0.6712539311867733,0.2479025178957891,-1.1211649894552094,-1.1755717015824863,1.4281410247576125,1.4755096977130833
1,-0.21455196996450698,0.7320845389977172,1.1806897729665393,1.7911345035961763,1.0156176651128248,-0.6450781656277541
1,0.4152657731540486,-0.9751559833489359,-0.11846984009947312,2.0507040406998094,0.2650703295256679,-0.7168204676685324
1,0.9527019855472922,-0.18149086867189226,-0.6115369661966388,-1.0170013571789356,0.21247145695588954,1.3857437762661804
1,0.3919666043758841,0.03391683072267909,1.636344702158404,-0.21928715285577996,-1.0042221358196668,-0.7780711387423255
1,-0.8347045110556743,-0.5704508899706027,0.8741923909462364,0.7375811827387867,-0.5228615328245474,1.1082624600127495
1,-0.16646426158369754,-1.635151761257764,-1.7475567049608987,1.5517251319397805,-0.754152543888798,-1.6866675363864663
1,-0.09879197514416713,-0.465785932671457,2.1015701232480244,-0.7279240589732296,-0.22266685667527375,0.4268294135477954
1,-1.3291085981953625,-1.3419747580978525,0.56424458752094,-1.4341908281559301,-0.6817094321089086,0.45261216965043405
1,-0.6286747703591522,-0.273421026629503,0.6551100611938886,-0.8938912166548554,0.6056784871478207,1.6858184801396505
1,0.09205288953247398,-0.6684701484721065,1.3289529356060625,-1.2195399957963111,-0.7860738838435729,-0.4468571560724088
1,-0.8555060305096958,-1.5764729354732796,0.1091760804110247,-1.0189441870527995,0.30197817642084496,0.7731826929409185
1,-0.16645896025627765,-0.255942413247589,0.48158309032121394,-0.7835327502511482,0.008979858339919655,-1.6153790626740783
1,0.3985672466790758,-0.7905190205892919,-1.7250885637263231,-0.7135441559891746,0.4911341608217561,0.1515916460515988
1,1.281383422623671,0.5906145742435629,-2.5576313599547333,0.7443652077989114,-1.6396945091915334,0.06078324301294141
1,0.4417517989810601,0.5950733164524755,1.7714438830129438,-0.22944190102248915,0.79393830035056,-0.7596901162046059
1,0.5523169292663854,0.8016311801651421,-0.4345026891712789,-1.8183413846207332,0.49753704849608155,1.0188641377727352
1,0.6368475737652575,-0.3898489933699435,-2.4728873477865805,1.7080450521743098,-0.3056583757213828,-1.426613963634036
1,0.9597395874865469,0.6895653648189548,-0.08791586590162105,-0.869668855896017,-0.6590280160385313,-0.9088343557329674
1,0.7184189465871457,0.40776888967362523,-0.4326425106856783,0.28018401104197477,-0.045975802545262456,1.2077412099348737
1,-0.20804156577240712,0.43817172848932273,-0.5416352135440228,0.5068806483418462,0.08634918176458081,-0.2378776181916656
1,0.7031929457709784,-0.026795073706835787,0.2476391797571633,-1.8478216682947057,-0.11197929969990561,0.7841237011259963
1,-1.0149584360300914,-1.6572370349096996,1.8484265599683605,-1.595474331053567,0.42725732644101966,1.322813212999966
1,0.6203506547901222,0.06592680550434636,0.5739187443147338,-1.2807775157453676,-0.5047464738350166,0.15481968494208398
1,-1.6579046752966065,0.7159924233589228,0.3747401660336491,0.5723074921592965,-0.6339251098731321,-1.31970572650496
1,-0.20097261107267306,-1.3662364677759506,0.2871360725466855,1.4840507328589987,0.3973320874289613,-1.0860066029449107
1,-0.4613282035349841,0.6936995782974966,0.7010203512287049,1.2832642347368513,0.7725904311757001,-0.368055444807652
1,-0.8235690066762541,0.8029140068941316,1.5789638221158422,-0.34438266195588846,0.06993946645253649,-0.5519505767747902
1,-1.511082048836518,-1.3212265602963162,0.6202368621045674,1.1302127388315286,-1.5715697219701728,0.44835194094201547
1,-0.23400121824115697,-0.08902553860519047,1.1326270600698,-1.9533341991321955,0.14584046624544922,2.499787503133676
1,-0.009867195284573832,-1.5812057609751968,-1.312041196468602,0.2998518340167479,-0.19265307060620285,-0.7931942189857473
1,-0.8956213767637363,-1.9166828124214401,0.29406374765817966,0.7327285405255552,-1.0370711463229454,-2.517552278843458
1,-2.0339020690314524,-1.6885253892179786,0.03702464023237446,1.9485860695287491,-0.6554732479910875,-2.0545608526303836
1,-0.8838281594648063,0.09044318607625929,0.4978565145404191,-1.782449034313757,-0.654448077803799,0.24202858630241103
1,-0.23547455800445827,-1.6905774212706004,-0.1430375423576078,-0.3106328285263884,-1.151065093951886,0.14088618857796537
1,1.7284465834275125,0.15163181238057608,-0.3880765396410116,-0.21826725195646696,-1.2554287534596196,0.6530246047666515
1,0.0629953708381304,0.11515886348797322,-0.37782345695027203,0.12362072654120337,0.3679151626186963,1.197132828708239
1,2.3057873506216082,2.469235485368385,-2.2199117437211404,0.9421793071219812,1.1790647168487889,-0.07024534587491667
1,-2.2615769676776156,0.39142531072485376,2.227016939596287,-1.6937718883441895,-0.33243881446819434,-0.4394006030431009
1,0.6317757363359032,-0.8126529369427893,-0.26695203926796307,-0.6535264719483966,-1.9825230982056108,-0.3900537090813845
1,0.027647040215979295,0.8045212998540737,0.5756009608424872,0.029881933153973833,1.1352712347729956,-0.09785179303096742
1,-1.0108077447253978,-0.6754425338448526,-0.5891242877460929,0.07931332516196665,-1.0372986335609868,-1.1969864374882908
1,0.5272159164249272,0.07044112217565365,-0.5490837127566269,-0.35607812584067755,0.6639175573872451,0.2832755474489583
1,-0.38776031381004017,-0.2027137229940123,-0.015721197293788056,-0.0019216459072653042,0.15418626183247827,0.6553431040134721
1,-0.9827353893058532,-1.7985941513509056,0.6998639277164781,0.5856631014183104,-1.2244703121930884,-0.9835575826123172
1,0.18596408799491962,0.5764485123041266,0.284868623283451,0.8799692586459834,-0.3443757863176247,-0.8842414093956444
1,0.4464375368799541,0.40467375544806666,1.4620232067558854,-1.1349519170057554,-0.4531325959590523,1.5547213325339997
1,0.6803716118112266,-1.3263595532662782,-0.12479609115242668,0.07700772403208189,-1.1002939265722054,0.7704679753629202
1,-0.5253111660468786,-0.7442664734167753,-1.2175219621421218,1.3851990598923136,-1.1767394161353621,-2.656691683717839
1,0.38519602946961756,0.06851222762770806,-2.2914084117450364,1.8511137536518198,-0.06867285317989313,-1.6568198648766626
1,1.0619119363518583,-0.0867548632773662,-0.04143858883419208,0.47890329899371914,0.052114492290871436,0.2693763542930684
1,-1.0990161561913676,1.581452358418718,1.5514550366848454,-1.051126628193913,0.7567761399748225,2.4767183057728888
1,0.1100789692759234,0.1933408762447375,-0.8581381935492091,-1.143046942584795,-0.9764811174467968,0.594465426899634
1,-1.3405901656798072,-0.9737462064183782,-0.6222791581285533,-1.338332873311995,-0.3801883395023057,0.9056970723587163
1,-0.2193082089209792,-0.5047945435236753,2.29041707664526,-1.6933384927490305,0.11154592168581287,0.868721814800972
1,-0.41056770242444773,-0.9917893675204268,0.9632040985484603,-0.5110745173941554,-0.1652441111754614,0.5988375150420122
1,0.8312070934096315,-0.4357548910290296,1.2508487145414888,-2.1805193470327175,0.8539525488819637,2.63102092982732
1,-1.2824015368118031,-2.6118200097541657,1.2213709603906338,-0.6361468567820727,0.5298238561719719,1.4592745080628955
1,-0.19507999662020958,0.8881171649105084,0.4407913088680423,-1.0439039244207626,1.5232271472733625,1.3911135534860677
1,0.959770972110387,0.30329694634584337,-0.4859831167838253,-0.28371205280360606,0.771180741555269,0.5010745835238503
1,-1.5564975342518819,-0.5516909566164305,1.510533049307127,-0.8761047715997667,-0.5042297593796002,1.0274146178930639
1,-0.4231997070524878,2.19283501844341,-1.5118595829561734,0.2616407418158225,-0.11518199530176154,-1.3155465954678525
1,-0.8740509331904753,-0.6239693578539725,-0.02955480345545769,-0.09480393223403383,1.8449472386754062,0.003376930334247241
1,0.7616795525621187,-0.37013706768855964,-0.06685341926072617,-0.303763817354033,0.05162163956808043,0.5806614841660965
1,-0.3917172017057781,0.5046887370316759,-2.6000906012878837,0.6039514150769537,0.410289046305883,-1.630817017999234
1,0.7753989189121377,0.6479599210764919,0.5791498403653011,-0.9253267334046615,0.0777253724574713,2.4964057951612366
1,-1.268183232816052,-0.6960731875120064,0.4098226977054742,-0.6119927250043016,-0.789650527161271,-0.27667195256295724
1,-0.948866880255658,-0.5711966147981522,2.011752801811133,-1.3128194499042365,-1.6315331112505127,0.0982968256001579
1,0.4039244669242118,-0.6387630794150483,-0.23135494837605758,-0.861661776104378,-0.0393040631772891,1.1336409694109544
1,-0.48230191643373327,-0.8682036488712194,0.48973750143873473,-0.22577162075866908,-0.24450301694227708,-0.5236743862113378
1,0.31945109488540946,1.3163269010591419,0.7643445278710078,0.7780965558148449,-0.040300627720610716,-0.7486700837879013
1,-0.495795184074055,0.6730877517034899,0.6138409372432958,0.6183151533378864,0.1357949024969447,1.6339747448175483
1,-0.9630312622273065,-1.271346101141488,-1.7839964719618935,-1.011275840025253,-1.8631361965020479,-0.4199474937678527
1,-0.5179311692645595,-0.457707514563381,0.13573291273802285,0.7347230645263252,-1.5578749785890575,-0.7637623818350106
1,-0.823797209748024,-0.7633252063973115,0.0034132770788441666,0.7136022101339294,-0.31636359835811356,0.09165346566551169
1,1.8578430808023538,0.05441547751279551,0.3184404735826018,-0.08927768178968706,1.2264593845587746,2.090704636083658
1,-0.4939322186781175,2.440539095671943,-0.9550505951394548,-0.04721663390860198,0.46260746597932073,-0.7239775186440208
1,-0.0836330117560031,-1.1479894781808841,-0.659429545806599,1.2261351356175325,0.6123086013330582,1.4966783604472624
1,0.10919179435770218,0.8359704929873906,0.00949019285613939,-0.05881623484344367,-0.34158241741901413,1.9210598396530685
1,0.11264891332599428,-1.3380581237654803,-0.6536903092088436,0.5409592673697593,-0.927798985639535,-0.2507583799768036
1,1.2555996682022854,-1.0459065487428107,0.3259357752416009,-1.0119968455008608,-1.2256308887859495,-0.3490416091084702
1,-0.020330581326671045,-0.09363469246744267,-0.4079130741483059,-0.797525059410876,-0.6064117025467854,-0.25507913994891235
1,0.32030480289468,-0.9580655878274736,-1.2721347416690596,1.3406382544728899,-1.5677340943506741,-2.2989864971391554
1,0.30701624833308905,-1.3021814581884479,-1.680149412403671,1.6274169942113599,-1.7755388076505674,-1.1297756535374255
1,-0.6867863513885555,-0.12704717391659237,0.1517198270104532,0.23250883953377627,-0.18123390173903062,0.32241143080741147
1,-0.28869138916335224,1.9928291421837965,1.3294358273548708,0.6176525480756032,2.902687984685964,1.4859099680980583
1,-3.0080859359045875,-1.3915907920828074,1.4768795230850655,-1.2445981369536843,-0.6081871923346842,-0.018741896697029213
1,0.4869987390601257,-1.8871671982553961,0.21191332360054477,-0.9194459965388604,-0.954276777021088,0.6651794908209714
1,1.286402984267157,0.22973270515824962,-0.07490722169591353,0.18152245750568854,0.9668046934542022,1.6527110441472055
1,0.9163847501047735,-2.1962864605590755,-0.1607231181346283,-0.43451811996148754,-1.7160032727529186,-0.7937709564949327
1,-1.5089430297958468,-2.2090006160852598,0.13582890191216745,-0.029632085013935106,-0.15005280268846258,0.5653855734762734
1,-0.40220987642723405,-0.1498219487177731,1.554134309834138,0.2820359254973267,0.5477963575207135,-1.2038503778824365
1,0.640678316911764,-0.2389759052806267,-0.027852473108052368,0.8038423803208787,0.1083384623729752,0.5661133111886928
1,-0.3562388190192189,-1.2350090039861747,-0.7635037481987319,1.377765835703465,0.08032355791115757,-0.060617274976914076
1,1.9014092148706097,0.3587071834315006,-0.6545725101369874,0.7352890572423791,0.40356828613761897,0.6749686670080848
1,0.7446447839797062,-0.7200185515230347,-1.7022816467034823,0.0936335615503554,-0.44813007950769973,0.6504193006995633
1,1.7335421977722472,0.19659228559491593,-1.653031927755498,-0.6683870280288939,-2.42170073431104,-0.9421126649869406
1,0.3411949240515008,1.8435662133463802,0.9896603742748247,0.9323721707743617,2.325882696490882,1.2961290119534095
1,-0.5587706399406884,-0.5114692435587815,-0.5831078029195189,1.0161896547612588,1.1665935623553174,-0.5544798633886848
1,0.7755167314521032,1.0925351871358908,-0.9526612295063223,-0.6093348740832116,-0.10694340939086898,0.36195648680880615
1,-1.0080456504766322,-1.8582008120891427,0.8190118987465163,-2.5798825735774464,-0.4678992316555438,2.511939099452959
1,0.9064085019161212,1.8818054574169099,0.49287075927108465,-0.3851387432248896,1.1587890212008374,0.8546686641243855
1,0.8811471649416196,2.6287670633121007,-0.5986989155667432,0.24699462770219235,1.6180738080912487,-1.2256968052322845
1,-0.04084561814648924,1.8744169614419148,0.5041146873353922,1.255506901559039,0.33579671736280714,-0.7832931881491723
1,0.6534797825228604,1.6788838356668374,-0.7484795338036541,0.29187516991943274,1.1706598148929275,1.5432390997820526
1,0.151440956745012,0.9153076570812376,0.5958303066579294,-0.9795153814538933,2.0712133240693555,0.6655020868685317
1,-0.508129685511669,0.91387274312906,1.604235696475207,-0.8732471212331717,1.2853961476979294,1.2433395626960821
1,-1.5896045702851427,0.7137461728209575,-2.498597672293271,0.02032794284902406,-0.557099155271016,-0.09403669464804881
1,-0.7138889634348982,-0.28307724608538337,-0.900296171712903,-0.4853986527793618,-0.3417230237561456,1.6125961899936723
1,0.1388890091168652,0.9222571938210488,0.8086574590376554,-1.9014083453040165,0.00496776416214284,-0.21934719999045166
1,-0.29439801449858505,-2.5518993139810684,0.6121779325116282,0.021721746351148097,-0.3950328489041749,-0.3504052801463143
1,-2.458894952609775,-3.1449108109680712,0.46386198522607647,1.8057523251123428,-1.4439302979268387,-1.4614239973994867
1,-0.6591317324724107,-1.9058197886664785,-0.13604123507441815,-1.0040660397093908,0.17554357398688264,0.6264931842542254
1,-1.375052264032617,-0.8979064325268211,0.36936323792377823,-0.8309533919562955,-0.0877670030467082,-0.27747420147309826
1,1.5763904625687897,0.08682729386772378,0.773087056385181,-1.7170980438235715,-0.335783246163746,1.5694625636762198
1,-0.6550977750644442,-0.3945753216409692,0.5424375967902172,-0.25399085110142294,1.1730350040516446,-0.33881490444914086
1,-0.515280158566638,-0.46987452248210826,0.20749219665674334,1.2624487303811978,-1.231936852734078,-1.6591024739376874
1,-0.6047142625155163,0.9636735578768126,3.2491697280988676,-2.208780882742094,0.5510717915001209,1.7580804201749363
1,-0.9989770545444561,1.4461057742728622,-0.06903840829677067,0.7656043322394616,-1.4467958536171688,-2.469218823382146
1,-2.7286054867365808,-1.4651622551697339,-2.2079031892345853,2.141399416062563,0.43512009413534125,-2.5131173337113957
1,0.7374053069324314,1.6358197822915004,0.2746895905961914,-1.4577767751056045,0.10849323801469678,0.09485284614507933
1,-0.7297436725643132,-1.6909124589900562,-0.03351700829279801,-0.07353237355012487,0.10015234423896491,-1.1118773969907827
1,-0.09307995758783885,0.6527679313722554,-0.34570154682243814,-0.09480693864680137,-0.8028764575810979,-1.3716813767916411
1,0.5961219770724394,0.13718259568874366,-0.059804030740003525,-0.5999187476799807,-0.8189081428505562,-0.24764714303433197
1,-0.5203769362390573,-0.7394087909712803,0.6714161160375831,0.9728208997903414,-0.17306677077749955,-0.97085450093006
1,0.898941599837878,-1.2963780493807673,0.24467211558463536,0.6335073619634118,-0.4402841079501944,0.10380164340143437
1,1.0864159940129843,-0.5573759355428286,-1.1775240493771226,0.6045985767395625,-1.293115143121357,-1.0776541337422114
1,-1.9483720740384045,-0.9921294988315739,1.6315165605225856,0.37389778771351234,-0.6702829122317644,-0.17701306170788478
1,0.9700728520764133,1.9865574878670822,-1.1388966123972573,0.3122604591293956,-0.5487948723854069,-2.4135561117875826
1,1.0703707533163778,2.186342191766832,-2.794767110728753,1.0387324312130966,1.5728228130339652,0.831247658206779
1,0.5915610091108666,1.3207598770918394,-1.389986227811636,1.3643511529133068,0.5770330108355914,0.17867520178456803
1,-0.24042275220034398,0.734979744679918,0.40427411280609493,1.895679007751799,-0.2503198133811143,-0.23217481520351835
1,-1.619805968361283,-0.9930178575558005,-0.26101115685482124,-1.0045411923471481,-1.0301973033715706,0.25496402689469105
1,-1.691840843394498,-1.0716376063190287,0.7827726585417648,-1.1520159453145788,-1.9138464354417561,0.622170089035036
1,-0.06494292143243567,-0.1290545291780712,3.7189009778128272,-0.5614046181184317,0.7433682364263631,1.000908457670716
1,0.3650207334545346,1.0375924842957067,-0.633586149646045,1.1322655593473827,-0.30127371520974056,-1.401089996258909
1,1.4218444190880417,0.051473719343783655,-1.8983611264444469,3.1327662387244626,0.4620972748120997,-1.3114187240479025
1,0.005780661557693904,0.49061847533572966,-0.6560085139616088,0.8848537508828047,0.32780471105280673,-0.11316910284970993
1,2.090812480131866,1.9525837110653395,0.5862117787743422,-1.700428694074027,1.1978505908714072,1.600489330966427
1,3.6951467132664995,3.128063852210358,-0.34385407735628415,0.3791400335546825,1.085001589392336,0.021749790493899884
1,-0.7529248781303559,-0.45091447233245424,1.3091334034218445,-1.9974598680987063,-0.11584221459360111,2.2186890476189776
1,-0.8061493824177353,-0.5876464118419978,1.424920258732994,0.12647061463512443,-0.08278015831468967,-0.1434356881162932
1,-0.36196748292558406,-0.6595475038585099,2.0337773214761197,-0.018454469892096648,0.23986480219418163,0.8730501563872554
1,-0.3977262951722269,-0.1688753281843974,1.6588375331848717,0.6598136633042224,1.052510344202799,0.662648650189904
1,-1.0138728099525454,0.3699279506494475,0.6257838793412324,-1.094906742672208,-0.1754310428612767,-0.06063533548486122
1,1.4102234804111091,1.8835480313269126,0.6215307283660051,0.09380186069021243,1.4430851559671787,-0.8060235082437818
1,-1.6152455316180527,0.011443234253230327,0.9655457664765026,0.24690950059446745,1.3421512028070388,0.5264376274350963
1,-1.624987386466127,0.5756739902709999,2.0027723200708447,-0.9910280745738343,-2.3505186227242523,-2.0980930866193788
1,0.44217028149934834,-0.5152124789486149,-1.6762119280884207,-0.03676832988192938,0.5036547603688497,1.2350407836017911
1,-0.244104410645627,1.0090075052263359,0.8262384318770635,0.8806834027512263,1.755050662577452,-0.5457064135920726
1,0.358472923778795,-0.5402333177112193,-0.10008396000492988,1.2816430735993647,0.36591112870958764,-0.46006605753815066
1,0.5472472705825423,0.00373174695670464,0.38201512781082075,0.4150107978843083,0.44785388519269864,2.203507194736257
1,0.06932887993589408,1.8018074269551265,-1.1595622463114812,0.9576666742590276,1.1422447745215825,0.2760090953758558
1,-0.16735621424372502,1.1218165979723258,0.8158254563938384,-0.9414938457651499,1.2721210963405307,1.1744247706163538
1,0.11033817208238139,-0.7756316127108869,0.5638221627953207,0.7566613723536262,0.31441163251024634,0.07996174436808548
1,-1.2887015489089204,-2.2508952607774986,0.5746806285921608,0.6879978056671062,-1.21255935920543,0.16712243808840263
1,-0.8385535935061321,-2.555790667363817,-1.1435869279574962,-0.28033328241605604,-1.1377550534624565,-0.3587134563167622
1,0.3342735104888972,-1.1851950525629893,-0.3742749046501753,-0.6424153769857763,0.01657253943739758,2.076501215410178
1,1.8129618242086591,-0.2816100146486653,-0.9159341558072787,1.271721765601511,-0.187702837445152,0.5035584887786558
1,-0.565468998394303,0.5509822434767927,-0.03936270745099377,0.45571056822752737,-1.1946211488355323,0.40801103024783697
1,0.1694129819294965,1.5878610197352045,0.9960569804604059,-0.15723056281681377,1.1252346991899131,0.11995767455659992
1,-1.3691839517900648,1.4841557589132162,0.4354818150002531,-0.423015554583435,1.0518599206685166,-0.5826385080860845
1,-1.2946024666319618,-0.3147182573312813,-0.3812900252380582,0.39033197992729124,-0.16910635291525467,0.8612777460557343
1,0.644595215337858,-1.4442467647940314,-0.21602235926616475,-1.7070461003329063,-0.8217898252910357,0.35979469546653353
1,0.327859946567284,-1.1795502049474627,0.5378546693503187,-1.8917116451167122,-0.6439579611887544,0.3802977309508069
1,-1.1925963386001226,1.2605994554850521,1.0933549945550878,-2.7098318339549605,1.0130691687506586,2.126624902372228
1,-1.0043094071292311,0.8099843553087714,0.26521865109065734,-0.962461825175045,-0.19701386488055297,0.3742322289000999
1,-1.0309463081793715,1.3534891134584863,0.980088576108866,-1.1402766294851707,1.3098570336197024,2.3780460600338555
1,-0.7396212362516377,0.4906285065509991,-0.8737086234696494,-1.173206920005594,0.11546883502069369,-0.04818676551166182
1,1.7282431863529433,2.8334120823630817,-0.5190417528544781,1.105497566135139,1.9727984843592008,1.2815774419979025
1,0.9888263401109669,1.154422341513146,1.1992525573799075,-1.0537827854346737,1.1440230278817067,2.7610741988318837
1,1.4305675328456138,0.260261990473707,1.0135389301857838,-1.3528980255029277,-0.005072563940650809,2.8078489874087142
1,3.2502105763737816,1.4127357823860958,-1.9995409297791074,0.03590652978564971,0.613343843489663,1.5255815808301276
1,0.13885395680548718,2.712692893050476,0.4908290043490328,-1.1279235786950208,1.341042820828249,0.3581080805114312
1,0.35893979253142894,0.5233910735201568,2.0376394295013047,0.1965944759605247,0.23669635484953233,0.3818512790254434
1,-0.5389971474577924,-0.3547388791276834,0.7481934596201204,0.19268324516294316,0.4367883949566296,1.7047658098724834
1,1.3404867456513467,1.2392270118200714,-0.6304248944014285,0.38548007463903206,1.590202169384939,0.15637552430362517
1,0.14696810968287885,-0.07299316034411932,0.9056214677990881,-1.8306650738861672,-0.8967213131591081,0.005141423050931265
1,1.7399505928197405,0.6476998190489442,-0.6999083747187036,0.5285619945697279,0.045426233747159275,0.06179493164772724
1,-0.10737307072608909,-1.0132448472387194,-1.9125362109765847,0.13237503760942443,-0.8922313842243041,-0.4276090764891791
1,-0.07106021973014037,0.8639824651014889,-0.649212153868385,0.1258170568073457,0.5432853969758452,0.06939642833477977
1,1.709967383078809,2.9801673956969057,-1.2825342605752026,-1.4164572818574315,3.0157596199177292,1.7710663061962266
1,0.5802229447315087,0.5154395300792561,-0.5491782971032236,-2.1234314519276856,0.8927223586522665,3.729462197982842
1,0.8128814867565197,0.9733372543043206,0.4657190561635223,-0.7313630682026228,-0.3027187211979456,-0.1197771972519661
1,0.6686257952475007,-0.47760644179558565,-0.1911455076943826,0.7914193637753903,-0.4055835028394987,0.08159248359835411
1,-0.12341428068562524,0.15369894331387313,-0.14590226102276527,-0.27009136976348747,-0.0531575953822018,0.5143790632997085
1,2.4928182210992333,1.4898090518297042,1.6174486576718359,-1.2404134452309425,0.510199020115322,0.06429851270084513
1,-0.7323707292665648,-0.9705997381122738,-0.5257348708533475,-0.0957902443214882,0.9353176153911612,1.369325968187768
1,-0.5478844258679377,-0.48582157842849727,-1.142987545838347,1.1591432441196696,-0.5151796376163558,-0.10371441286842231
1,0.49389178933296285,1.5812282729440283,0.8255532939894198,-1.3661184698987248,1.357420730730396,2.525339205966855
1,-0.013166140698249687,-0.30507561970888764,0.7005544068804817,1.2920785627000164,-0.9231200218068206,-1.754087905063039
1,-0.7206946175935847,-0.3636519644314441,0.019260804255976153,0.24720250188117981,-0.33007357673745896,-1.1989681095475415
1,0.23391684033442778,-1.3651925713017516,0.6504867629015814,0.5217884546074967,-1.6700041215727108,-0.20852763556919363
1,1.2009055118928211,1.1425303354584786,-1.1398383803569403,-0.624911069410229,0.24404994976251473,1.5100739589034577
1,0.5049274751670288,1.1640354344473574,-1.088867016298737,1.2373575748741825,-0.24286752766415257,-2.1881489089374186
1,0.0208225285611037,-0.9139694762506771,-0.15682506105934324,2.0829409863321224,-0.0013093522628842141,-1.1313246605515062
1,0.9124821999245352,-0.047392317554278626,0.6301365708139066,0.18442257202702345,-0.11524279097380241,0.47387600031196475
1,1.8384083259091353,-0.4842532317566649,-0.2049453896969494,-1.0508673300652167,0.16375726808209634,0.7579376301709594
1,-0.8865917827293666,0.6428885095161887,0.7713387102842181,0.19855876274976303,-0.6785228947436682,-1.7320916982698509
1,0.5249035594067066,0.48684060365029436,0.5383147588988927,0.8670583450459428,0.1547286410483928,-0.939347799678721
1,-0.5100733639166349,-0.8296589135739232,0.692368473268359,-0.1863294802489337,0.7991464932697265,1.0169764767705685
1,2.093418969561546,1.6745680530251137,-0.10974626526367257,-1.0735914153402033,-0.11850368379126157,0.33996246692847515
1,-0.23912559851824752,-0.5742135087648037,-2.245914790592262,1.1596752454096695,-0.3148184124519331,0.6000569345814568
1,0.4268904619849955,1.8369588477938663,0.5186427291534241,0.2039566404653244,0.26157474176451967,-1.0971935528967243
1,-0.42669443002025725,0.7071468505851722,-0.21470568082075472,-0.20044065076587703,0.3534871987892715,0.05373903174506196
1,0.07283155820555928,0.009983213919433354,-1.715589485661342,-0.10863586752312593,0.19571821836016645,-0.3679897933131052
1,0.1769051784227911,-0.39076069808435315,-0.9120549898298809,-0.6184048064295021,-0.11060625047242859,1.4354870462405205
1,-0.9591776052687095,1.7724331132922602,0.34165522278768984,0.1677392238393416,1.5097345633639574,-1.0707855302593834
1,0.1131758819782956,0.31612146961253795,-0.3971367521961676,1.385792007719449,-0.13691129531434482,-0.8151950972746519
1,0.14156267994970945,1.651781664284194,1.1527449373646241,-0.09441478422057299,0.5434862628214719,-0.7063428634811427
1,-0.1880915336163091,2.4722433533395023,-2.3407203002438646,0.9360814296042881,1.4979237805688885,-0.11282620469527557
1,0.7711646874983187,-1.9641355076086693,-0.568042297675961,1.0298219549935699,-0.7702577700217158,1.0855225600370162
1,1.7416149433523587,2.0986693282117352,-0.4899966428970711,0.2828793865012547,0.8334911450643574,-0.5705888983613591
1,-0.14034349451369924,-0.09749357284082144,-1.912085221990079,1.556401464203547,-0.3254869011824551,0.30692191381091743
1,1.1371198095310044,1.0252445484746795,-1.0371000379617656,0.07637598216118627,0.041127809373952204,0.184759083155148
1,0.6357784886507304,2.1201728335044963,0.6110070474845386,-0.7158605401165006,1.5657463113807293,0.8140222408450095
1,-0.43301062080495,2.263271470023644,1.4252452635721748,-0.6220244393469548,1.3064446258578961,-0.36300813104757435
1,0.0175571305946204,-2.000842152056647,-0.5676079987201845,0.7527020502474162,-1.260774668015431,1.0624477035216175
1,-1.2220890694010074,-0.7538035805750688,-0.1479526420506952,0.3204227105281038,0.2014016247517783,1.366787849159854
1,-0.7606248587232962,1.1233076294719482,0.9994436862260809,0.6680756672383115,1.3640861246874763,0.25142744131962913
1,0.6287686881093322,0.19838448051346402,0.4872083915809714,0.40532948328465057,0.49373088973882073,-0.6671961362053844
1,-0.8691799296932017,-0.884367758346387,-1.1657557733884347,1.7441038677839464,0.0747373291248299,-0.5999402026374889
1,-1.9955902790431241,0.31197667737165313,0.026209444867255294,0.006939544840066425,-0.5109747158454421,-0.38269099769290843
1,-0.6152617931541757,1.396256295317769,0.07015623481883533,-0.08588164691444733,2.2111154325319147,1.5283118993125944
1,1.722440602621389,0.12567237362783978,-0.14454002452625977,-1.47528307090833,0.38687796423640924,0.9384659023087434
1,0.34579435036710626,-0.5831737249419182,-0.7564431747195561,0.3658859155591403,-1.031844813273789,-3.288223183576447
1,-0.35365101660754716,2.18515861049966,-0.20887289952939636,-0.035745749259837645,1.404648827442947,0.24127090196501483
1,0.1437715332217816,0.9141235972438503,-1.8970183473554239,-0.07381337877086316,0.04663028777795969,0.7748454239067999
1,-0.2111395815459076,-1.0547562531174992,0.7078610690287451,-1.6821348959739817,-1.155784340601092,1.195448987703885
1,0.5532690216704491,0.9595157547901674,-1.0346596165199207,-0.7090494574919619,0.3458206354241165,1.2389454401065796
1,-0.7435624881516547,0.21706794094926668,-0.5912149866534927,-1.0449052008531616,0.14823952011689762,2.054163013203879
1,-0.27446126718957,-0.4868605811300294,-1.0904134965295902,1.0766595481603276,-1.2840679276744773,-0.4215503241264966
1,-1.9060893126628498,-2.4635665200582544,-2.3808933619086434,2.8071890785585025,-2.712223079252106,-3.5791322973026305
1,-1.1134667601000077,-0.17502013631704277,-1.1319267659357704,0.6307888099262462,-0.03941629795000412,-1.6417114189341078
1,-0.08562557437188505,-0.8451293878979875,2.887479492443584,-2.6591332250473654,-0.7850675749506211,1.3598174106348928
1,-3.0846648643774097,-2.382612766016392,1.250512115541264,-0.7126127117399326,-0.03384381127253028,0.08144631812650072
1,0.3196114233511162,0.11380345506497977,0.22939744104232543,-1.1048142457562697,-0.9374137963607686,1.1102709587043684
1,-0.6476203022167845,1.2172723000023007,1.3215784509063595,-0.39697445316351687,-0.04564703796269762,-0.6544601511015306
1,0.23966313753285198,-0.15597971602450153,0.9510063268696639,-0.9166294327283898,1.0512157229306334,2.3512181186247307
1,0.2046164280596618,-0.011929449945416563,-1.15912033654875,0.30737179789006613,0.13998719096651588,0.3702843597996556
1,-0.265092263096915,-0.4307274810945045,1.093592501234009,0.5911835591255887,0.3969101885320249,0.03733102917725662
1,-0.01921335296569128,1.951530647049702,-0.1716143692554714,0.840665895101031,-0.13287858687732293,-2.0854400671061657
1,-1.5896479762274451,-0.784246774091143,3.0455503890866487,-2.428071926316538,0.3611950716384321,1.8543822999574682
1,-0.6752974110023984,-0.9438549056532425,0.6499984670977507,0.12418025865924487,-1.557170298738772,1.7782889655266372
1,0.697298689069239,1.5186609596710154,0.28396468943355535,-1.2862324906912643,1.2084900127244182,0.3623429289860148
1,-2.2112694167660503,-2.833281166749254,1.868019557700288,-2.323837817619211,-2.6529376150214494,2.1764994370686113
1,-1.6646921230763474,0.04695602350325373,-0.4223421357563209,0.6001093862808597,-0.10845899066689904,-0.04488687605216213
1,-0.7130947198370329,-0.8748234254586394,0.5766605736705745,0.5822966423403454,-1.31653048204449,-1.4547030366496438
1,0.1864948781690114,0.4373090861898282,0.5975074507093127,-1.2826230163908772,-0.5679475989237637,-0.32478462121944346
1,0.20379397787023057,2.0320628418774564,0.537667754513713,-1.5824657749835482,1.0021520281990812,0.7573583395377406
1,-0.6697017339094377,-0.6822500099661244,2.6658335303215797,-0.29196410374595955,1.7477611634266388,1.1302833297019992
1,1.7597415053481562,0.40810876429404336,-0.3896734355358369,0.9646539072730187,1.3253492273825735,0.600573042952504
1,-0.47583909943948083,-0.6808311355250121,0.6562765489710314,-0.4575158669757226,0.4331104439733705,-0.31409494617751627
1,1.5000269009843537,0.5404265645284114,0.3276721969885095,-0.6633498188241592,0.7411507103630326,2.751034696357413
1,-0.5049968973446148,0.607434131276875,0.3180730707559961,-0.9438958142691709,2.579607698606655,1.0119776064761785
1,-0.7089597222678327,-0.6858386063361678,-1.5851932802787125,0.44826799196613115,0.13263507718457493,0.49308947210597676
1,-0.21439568221672448,-0.8129268731957929,1.54234927915364,-0.4395597215671979,-1.1608348656362668,-1.164021598070826
1,0.15931885611024454,0.349089666283982,-0.44649950212915,2.307626957460798,0.48839551768136186,-0.48348749746226743
1,0.2662059904338561,0.4476888532023657,-0.43098320916672284,1.5266141153510557,0.8014874106697715,-1.2119517646167528
1,0.17766838032491106,-0.25952210617281457,0.9995444371445301,0.28395452526684817,0.33126283638476495,-0.03100955753680243
1,-0.7936742664770544,0.6162467872383115,-0.5728156879330868,0.7631486106692167,0.014872559576890432,-0.304053049295503
1,0.7469487847963353,-0.6799394590419373,-1.610282147627227,1.6754126414068957,-0.9128874743121691,0.2806141521499505
1,-2.813372337568063,-2.657585488743085,1.3750817173124874,-0.6039593005348531,-1.1605677422187837,-2.1006279955759637
1,-0.8721198625918374,-0.2811966573774408,1.4805593199594842,-1.650042699065065,0.6029940884537107,0.14138651640926025
1,-0.07607893994222112,-0.5453953010826524,0.1640925494809881,-0.8503127591647963,0.3837647202286617,2.0735048236680624
1,0.9711564839907111,-1.5843620784940178,-1.3868690002511324,-0.7305394772057181,-0.81355720672993,1.261105061683545
1,-0.5392308092445885,-0.618027261987155,0.8661998803379125,-0.5793428551652944,-0.9585350539584669,0.5676981572459616
1,1.4341697360871513,-0.8990060313256633,-0.6699015661409216,1.6891627093172157,0.4268108026751435,0.9046513902853724
1,0.3063441824168192,-0.7978434420793519,-2.549653125411342,2.4176527387203968,-1.0109828261404965,-3.0980994769582786
1,-0.9511295458532372,1.1550358814565693,0.6049144279300185,-0.21951491935121067,0.5098418509305656,0.17461646923197985
1,1.0281926137042559,0.44408970650804047,-0.545267538499826,1.1337897539981674,-0.7947259047695001,-2.7925746793263833
1,0.2584093552994514,0.043962858604908804,-0.46604564007190835,-0.2202481421921419,0.9136326937741498,1.8482936110669672
1,-1.068002194908096,0.9270242209317865,-1.2027479906534948,0.576468915538445,0.6948067525802444,-0.8809072351346163
1,0.607862139041257,1.3398790846455213,-0.6676284822028109,-0.7267117103291356,1.5761097919668328,0.48357205511016665
1,0.4824890407867114,-0.3123698332655554,-1.6613661720304524,0.8059358096733125,0.21819791368619548,-0.5130291743366725
1,-0.7170473259905374,-0.019544783774824992,0.6249135771020751,1.99147343902877,-0.9690682826286598,-2.2491917111484296
1,-0.5934442418982719,0.16016804719858896,1.9726190319074373,-0.009675251534783547,-1.3044552690147992,-0.7948046600284964
1,-0.5026037279138839,-2.09354183033712,-2.0528515055871854,2.5934541421015327,-0.24091833651017405,0.16836941845832087
1,-1.6626427280931217,-1.8540488681519567,-0.3687545026917951,1.6869926687985977,-0.9308637290055133,-1.293408006521368
1,-1.3815333069504527,-1.9569368105165115,0.5067411163476254,-1.0748978866492218,-0.8516966951020875,0.4816746228431332
1,-0.8250777517198852,0.16911783933167063,-0.296620430559144,-0.36377586718609756,1.09391885395119,0.7431135598400289
1,1.7603878253024023,2.349498389736926,-1.486612596195773,-0.8328620906104691,1.1971752212832751,1.393125726782935
1,0.1769130541675654,-0.3253616709794016,-0.42635654191795913,-0.13255864035836123,0.4968984777314717,0.4815605797871616
1,-0.07185172643648156,-0.09978504305010685,-1.4560943303944844,0.061508576248851914,0.09414245401539084,0.7695142764154909
1,-1.4270485657553897,-3.015459452126153,1.017896519766007,0.2801029114810342,-0.03529849504045812,0.0004331408275136117
1,0.4505466161130636,1.8262951674188597,1.1300162559964464,-0.1962654282759045,1.6531294111407726,1.3438094299254022
1,-1.4729953215991425,0.8291509897991508,0.5044288383375715,0.6793092289851379,0.13437906838699093,-0.932897977373623
1,0.9927013512495806,2.5008622256641235,-1.6043133173870647,0.5940242594399195,0.14195269392401333,0.6292112351909946
1,-0.3091910592822189,-2.1484803802284667,2.1496155937765837,-0.9120564091600968,-0.9021977485991858,1.4994524689406104
1,-1.2331879145295956,-2.4641459285661638,-0.5113331711235771,1.777609168076861,-1.1664924105370615,-2.4923134226133956
1,-1.804540893846754,-0.9071603590651218,1.568047815065472,0.851660758159551,-0.15528444890858967,0.19042992295642494
1,-2.1688553169169853,-1.3176852051390746,2.147474054565598,-1.953892569293104,-2.155890990640698,-1.2057966983749584
1,-1.4845983610646583,-1.2918667038358667,0.5224406491999949,-1.2596839429911675,-0.8548404322682273,-0.9445196456306328
1,0.7422004333393277,0.44681973784265416,-1.109920785603495,-0.5359602073557577,1.1267268188338946,1.189069802882408
1,1.1183820870400214,0.8134223294640067,1.7492130310890988,-0.4997425495768008,-0.6777067807422527,-1.416928994182891
1,-0.037451452499964226,-0.5219814257105735,-1.4626343967572413,1.1489052439548604,-0.3467028546230522,-0.6533543442587038
1,-0.2930687163501709,0.7998022199547288,0.28456744093876013,-0.5946691955376977,0.2961613895320037,-0.049432306856860536
1,0.6383452392217026,-0.31979158455872303,0.3399093022210941,0.22210804825444508,1.4698635060255332,-0.4290203028183783
1,-0.9748876971929755,0.149732805275497,-0.3006726450988957,1.0722956323262975,-0.7334262006304305,-2.747878763128598
1,-0.4835843331647629,1.2703035750365534,0.8876173860624295,-1.4658774037282558,0.7339217496763101,1.0556461516801534
1,-1.0373820484995762,-2.2388324131896034,1.2088834353114237,-0.7482662558784043,-0.7775974656755158,-0.4999364602845952
1,-1.1626692992617502,0.1659602209375601,-0.16432457418199314,0.3947146077757696,0.07462545226631398,-0.08613292421841207
1,-0.38741357458666015,-0.6886851803120744,1.4275870945771458,0.25550126091847436,0.5912501653683415,-2.0013132809469374
1,-0.7342381287556639,-1.3015955393651368,0.6050867401021527,-0.8775997533816446,-0.5317116297848936,-2.0075905957326716
1,-1.5855414784933306,0.2901436455180898,2.7081353609607013,-1.9801882301685412,1.3796477690477809,2.7130929515612845
1,-0.913134020972738,0.03508726892526115,1.3986014257953565,-0.1415283841428362,-0.43853835924596396,0.5827123753352386
1,-0.3698771324242024,-0.6193848566475154,-1.9756386606235754,1.230182570963124,-0.047458438699693926,-0.44517965036871165
1,0.3202678422627058,0.2514312521838127,-0.13485719685551167,0.2139359512695299,0.3270467393769059,0.6172388679633728
1,-0.9486854122600502,-0.379383766985195,-0.5902387915896345,-0.3075745904951452,-1.0605063341211434,0.7514059928879533
1,-0.026418350887991937,-0.24944467020375077,0.6830400374370306,-0.7794941267999994,-0.36871851855614185,-1.4131384533766735
1,0.8794760280872723,0.3519658159060331,0.5319929074966143,1.2859336330921596,0.1319791836134313,-0.2506799390907575
1,0.1267704697798469,0.2466666453072784,0.5075929461053762,-1.3586602837077786,1.2951296850544198,0.9779291452197205
1,-2.3584322155533406,-1.1282333662939479,0.18011018079960767,0.6327362179752007,0.09081532401186393,0.9278046288358209
1,0.939428802539211,-0.7683838956386175,-1.9200487767474168,2.429742669430334,-0.44892537868472915,-0.713090864044578
1,-1.1295231341388365,0.6113125459793287,-0.3920677410356968,-0.8615887758064967,1.3996802819210226,2.427690410620713
1,1.7131448505953148,1.247206112932917,-1.0118645408750493,1.1752817131606579,1.8587254619368858,0.5356385619035212
1,0.5471902795872009,2.079365448864463,-0.9572307953366708,0.9761941762271072,0.12485770222644985,-2.4813094271331475
1,0.40391657147415316,0.18794113190641065,-2.0698279108246673,0.7394630794033002,0.16972160584348145,-0.9109584912612135
1,-1.1804600161292236,1.96584117818984,-1.4733597037806876,1.4294386695992707,1.3588675452558507,0.2703704471581881
1,0.3632352274194499,0.7297145331973361,-2.6707687767937065,0.34340700263293333,2.177759319418853,-0.40267899394267703
1,0.6316936917304098,0.6304258535254632,-0.5018084089902789,-0.216836345625769,0.8119880827523167,1.901372173265115
1,-0.8450177028353865,-1.2006114268680643,1.0514362202065861,-1.674053014130795,0.2142068766100954,2.353405445966335
1,1.071788372685524,2.3007357226096214,-0.7246685168669716,-1.7181845191686722,1.5714206937764867,2.6397147930682356
1,0.34127385564417756,0.5364773122345144,-1.011850584063428,-0.4283953030422678,0.15938455214318403,1.3176414955512306
1,2.283140958003785,1.5059077902765594,0.6506733557623944,-1.3429457685384185,1.5417728959172479,0.45141623566489075
1,0.41975884804626534,0.36468673749363933,-0.11981511779129794,0.4436544549846532,-1.083425368424521,0.8103525620529843
1,0.5563216898702876,0.07100100469229467,0.47783863494298284,-0.8524745284795103,-0.4345972297184806,-0.6376818981935742
1,0.7719951833626223,-1.7522361767554222,-0.3894881498187742,0.34341023058088394,-0.08134011711150727,0.9373644873682726
1,-0.30354771904968625,-0.5987409253866798,-0.23293396044837897,1.5248749590797916,1.0340129975646921,0.5805170372973235
1,1.7676168699905301,-0.6209829861385201,-0.5577758231318077,-1.092489483055388,-0.015979704603229394,2.1163586086163466
1,-1.608791490370784,0.9411769941779309,0.2938876691472386,-0.8356243864379889,-0.9492456061973382,-0.48526540812311053
1,1.522179216712627,-1.0163166693143184,-1.1796084811201186,0.6714826685038253,1.4307861287188126,0.0069360847801144265
1,0.9026108656924243,-0.16283317498027267,0.28097743639684924,-0.3988815513014927,0.3736799922165071,-0.6802940855721167
1,-1.020547369490598,-1.7343547658292187,2.1946632235799863,-0.49040153643776774,-0.5375047938358465,0.07510526733053932
1,0.11369796958399798,-0.29133147172297685,-0.5867571055434293,-0.19567305263125923,-1.417359643649845,-2.1328175389684034
1,-1.0174025516903713,0.6227761629350062,-0.1724475813759897,2.15744813748408,-0.9473392513514587,-2.8380464795674563
1,-1.1254749629173952,-0.2822421905702447,1.453260282462459,-0.4916177317829953,0.2394533232498064,0.6014780714067068
1,-0.011551497650191644,-1.2773417794661368,0.6559276230658759,-1.8693826105571951,0.9730940786406601,1.2665569328307913
1,0.4303718373854111,0.918411136471105,-0.8352163809191211,-1.1941016229976706,0.4879025746912878,-2.0791190234515837
1,1.0620974506215266,1.2757299012525627,0.4584915916541262,-0.7205976120725827,0.046619484576205766,0.5550128157247656
1,1.0333843329750128,0.2090204052202651,-0.9778323645009553,0.3537544680435458,0.18333087278532434,-0.37805054525665893
1,0.5355360568181018,-2.2844271790006747,0.7571152842587514,-0.8884895205134244,-1.4240195670470706,-0.36559266934005347
1,-0.4595935293745964,-0.9020816795616514,1.5552086967027896,-0.7854829551745544,-1.5283158001820016,-1.9780872652789991
1,0.4621737392914885,0.6503804920421434,-1.094404342132447,0.3436049803651035,1.8791248620167833,0.8785002534129299
1,0.5408463223355882,1.0184867821216963,1.1281060157691758,-1.4665387323304513,-0.31173113973554684,0.49551914883494186
1,-2.138007770001377,-0.48566056106313626,0.46785538119085035,-0.707982745767346,-1.179464333494482,0.4104149260852855
1,-0.6073520903300811,0.3815073945083951,0.09357755923377448,-0.26606220538097486,-0.46777377521837066,-0.6126337313612026
1,1.635225692976981,1.4009809972958005,-0.5029531719916338,0.6740363422221589,0.4659023724857456,-1.0901340243903117
1,-0.14969631591115173,-1.690509015867609,0.6295827427435844,-0.007689685547132702,-1.283035381943304,-1.4278341930375207
1,-2.3461973373453846,-0.731626928982649,2.3550007361520753,-0.8317129934712727,-0.2745826321057585,-0.3739056057542068
1,0.9243345308585001,1.0202006881777501,1.491805847592883,-1.2877557490993363,0.8110976846520062,1.60283613931095
1,-1.1150582739736927,-2.312755313412376,0.42078842430267355,-0.4766941890109372,-2.237979705145317,-0.2417773066857851
1,0.4895449507951837,1.1585753407617627,0.20942220898633404,1.6266250878121642,-0.8859767102931566,-1.2222680890048396
1,1.1337495903333652,0.07972228020161787,-1.566751991154875,0.13535411452745816,-0.14869534258473105,-0.5957531603441124
1,-0.6065305319458947,-0.06649729665119175,-0.18241118780792323,0.7181560167985578,-1.033455965090673,0.8159103893504431
1,-1.0226154167940649,-0.726912902018825,3.5932746426268363,-2.025715154329362,0.4057210102378386,1.7618640363171496
1,0.8496060401133516,0.6815023873253601,-0.08635719691894247,1.4382102280967222,1.1436045023765844,1.2363050879734987
1,1.1376195808740401,-0.05827809878396872,-1.9390153341416076,2.470964751837367,1.2527933673456633,-0.2133142413225851
1,1.3194534714001094,1.5187722440030789,-0.5364965556652723,-0.7007761492527427,1.4108483457334713,1.178314897365624
1,0.7313287661369362,1.3372460298358944,-0.666952024940945,0.8442638488828897,1.3932634366733119,0.3300167311069311
1,1.0765154150721274,1.0591161667145983,-0.12573169974271703,0.570746754239961,0.5130711914951599,-0.7173572501429171
1,1.1895608172461702,0.052795189111815355,-0.6226376085854377,0.7904829613123383,0.2160490747135223,-1.4194069575900006
1,1.303925443100651,1.0218527118618375,0.08258566008234614,-0.3390270443661206,0.8535531325621946,1.2559240932168247
1,-0.9348813450757375,-1.6260217093779294,-1.7562818283010213,2.4286152133484773,-1.7429519258990502,-3.472332753830374
1,1.5226376620610549,1.4006535853316366,0.16172867800408386,-1.663699417649208,1.6152065416349848,2.38435237861199
1,-0.5200108184857387,-0.36122740530436664,-1.49606231914009,1.6988077244534934,-0.6165607835311187,-0.20337535491933567
1,1.717415800207995,1.265222059707487,-1.3089223709525675,0.11471187603740952,1.2904664155663315,2.569163414203661
1,0.4618117400788847,0.8643047366389411,0.8963329709993894,0.5090535199828459,-0.2541481912293374,-1.313665740903772
1,-1.9629065408313966,-0.5542418662322299,0.2812396682918179,0.32007636893848224,-1.0507169859957228,-0.7285987981227322
1,0.8269256097514945,0.05860840372523496,-0.3685763277349682,-0.8400072508676719,0.6679528502912472,-0.028937934646419305
1,-0.7984623479184725,-0.7728938867024441,0.5823203997610796,-1.4287885062613175,-0.9087870857387363,-0.3464563834886002
1,-1.004988966873653,-1.7568289869903664,-1.1056974061504765,1.1531385692304876,-0.23234877491686273,-0.36758656780020105
1,-1.223768681413621,-0.6074396862256453,-0.5671666740123273,0.4577014283374866,-0.8518892546624429,-1.6882617558620514
1,-2.045751499513159,0.18582155481529758,0.11965495890634482,-0.9641958537076077,-0.8264207254509386,-0.5759016223555425
1,-0.5376316367642067,-0.7541040434288855,0.18167173699539949,1.072207391816491,-1.96848654186863,-2.618178400223576
1,0.04920597118513809,0.06714503316727843,0.5542198276701992,-0.39849772239983927,-0.014919922510599593,-1.6521143845052462
1,1.057116287990815,-0.2931988636446144,0.6547812348070452,-1.1745365983642002,-0.8576959616686644,-0.3035858749724045
1,-0.24594561255559264,-2.0361005363238887,0.13396537277424903,0.21775408982693623,-0.9581766141706936,0.04306587183541634
1,-0.9794325403032731,-0.8256738663178105,1.4411841053616834,-0.7039009567526764,0.3919402552551192,-1.059963553818416
1,-0.2866170033151283,-0.269012042817534,-0.31527696844842995,1.3434781912156744,-0.1308741715685161,-0.17135469403332979
1,-0.04680105427719207,0.1853599096913971,-1.1011352942927815,1.2085771342021168,0.5469711804814734,-1.2232913321423835
1,-0.024067493808831164,0.5762512181271343,0.8485595386756598,1.396928646073783,0.3689594147054802,-1.2931076404227435
1,-0.27100436324107147,-2.835116581074979,-0.3180024130180933,1.6067701049301497,-1.6750005482392745,-0.6813438418425419
1,0.8978629399199233,1.065576931446059,-1.4479050284997552,0.8920546957583937,0.8695908157225458,-1.8592607121028226
1,0.40080557658095484,-0.5935430067749864,-0.029014500748171683,0.5660303485335162,-1.2154067990189463,-1.6946696554272342
1,-1.5371538036612369,1.4586440519831867,-0.7889219999108318,1.851141874899121,1.4013423057918375,-1.8830050654413963
1,-1.5406878731596145,-1.0695412052098863,-1.3680936790046259,-0.41450205790322464,0.39239868775416964,0.09701688300237432
1,-1.9644676794146747,-2.4996113604644012,1.0125777754056446,0.12598412514834426,-1.6144318888053724,-0.3830071969140127
1,-0.01985208744185136,0.41900415760226,-0.5140639180326345,0.42820617153789764,1.0769843700117958,0.8088366748467435
1,-0.46116742604707434,-0.3735726987062048,-0.24093725214318845,0.20637058910038447,0.02824748250590081,-1.3684829437593427
1,-0.5589581069093345,-0.9562195030943966,1.0676195676519862,-0.528416289529662,-1.5374786027056215,-0.15892902838432807
1,0.17962301604231165,-1.0708961873094511,-0.49700386584142253,-0.1652665705535054,-0.929484635115158,-0.7511582551054515
1,0.20505075918830207,-1.2851105442301312,1.0110333000778264,-2.3629440444036067,-0.11489509058670777,1.4559245048593619
1,-1.9623771197983062,-1.89846193346276,2.4237380318108834,-0.29730937516886047,-1.4340151373411232,1.0722428462032108
1,0.10194695337679247,0.38175093496050133,-0.4794427320550742,-0.7294306029604182,1.1742791340118217,0.3342156624569448
1,-2.429455478138063,0.5796830027831124,-0.988515084703405,0.8675477349670591,-0.41768929588558373,-1.368499551320069
1,-0.45302495139194704,3.415984876341872,0.8202385987864099,-2.812003615821232,2.1585362386863105,2.7741722166738763
1,-1.6795832523738832,-0.453744277656452,1.062148095674271,0.09262926852146292,-0.9355611094927541,0.32082149249062586
1,1.479070421675668,-1.8224081440123499,1.0002807370095215,-0.23172348768902068,-1.3778222844401813,0.2679022262696009
1,0.8464082882258854,-0.835595816876684,0.21364052890626592,-0.46070975966587185,0.4522936190025123,0.7398800625983011
1,0.11706907413270175,-0.45862592910891686,-0.6985922529591159,-1.064015221014039,-0.7280824800405468,-0.5675945955013804
1,-2.3623472236537273,-0.6953678905399943,-0.05451940262926285,1.345029450062524,-0.14746140954000167,-0.8850158325257824
1,0.5582729369674245,0.4902312822677316,-0.6016200404007387,1.1991128060476695,1.0606594980201152,-0.4408324192312054
1,-1.71540209858569,-0.5775296895951585,-1.1144299917337126,0.5462926574991427,0.05046907195511985,-2.4523789210555145
1,0.7416401741753654,1.1851590511835075,-0.48947590988751927,-0.7295408084718241,-0.23881296369630375,-0.16970861982800517
1,0.04442338852732361,-1.028894146526033,0.4325495670655876,-0.21628974725407452,-0.5815906007090537,1.4875921236569516
1,-0.8848606267337705,-1.988189296311897,0.1580374798741734,-1.3522314690189856,-1.2210225566288946,-0.8715168881028723
1,1.1859177426433596,-1.5612323151739893,-1.323980908514166,0.6665659149851101,-1.143408674572507,0.0024681161172696343
1,0.5515568667409454,-1.1074507742944122,-0.9883045200561156,-0.01188932779293117,0.6539733871559976,1.2522975776044074
1,-0.5002198916656964,-0.9014391299748972,-1.205810494844432,-0.7394223824050786,1.3357874125395393,1.3396167670390218
1,0.17589349098247045,-2.094263920871476,1.1489041802760995,0.4986341687571063,-1.4373392623303485,-0.12181366903714615
1,-0.007052117184018186,-0.1572963518081385,0.8105678338680357,2.0344862603543103,-0.23233909706503733,-3.1315612773679473
1,0.249549690050911,0.06396250325823505,-1.0374664305305779,-0.8368217566475668,-0.03984925084740909,2.4406178050550373
1,-1.0223651534318883,-1.3975589206955608,0.46463618394088874,-0.7484996354398555,-1.3909666764594861,-0.531733283604778
1,0.057818860154632765,-0.7762543596763405,-0.14733153517412537,-0.7610756451794964,0.19334779479619307,1.1540218044170265
1,-0.11850803853613129,2.5444157403482848,-2.818605249634762,1.2231910857318415,0.9897531160789871,-1.1015856418871355
1,-0.5503804087193889,0.756432273182003,2.1580460315701044,-1.5525919176059513,0.27826626930287907,1.3838204889811334
1,0.05670999425229159,-0.4861747557881951,2.574480305776979,-0.926619420985421,-0.7125669891772557,1.6587161759834301
1,-0.7918501096215607,0.8590448210328402,1.1851653998304226,0.03302742631609662,1.3490262750094661,-0.8552437690643255
1,-0.6045124739173457,0.43706861983759143,0.15646619172527512,0.08088628377184015,1.1632009080284988,-0.2354583145730314
1,2.2312605649590678,0.6470801907078472,-1.5363291943905075,1.0324624442127963,0.28180984988772984,0.6234542671962495
1,1.1303619565272855,0.5617007737668207,-0.5849792153920396,-0.7279043239645457,0.5934707701072537,1.0625669238491253
1,0.3873154014473121,1.2144815635107318,0.2273303155092502,-0.40258050120963307,0.5420237596338523,0.5300824635047375
1,1.7935644365604335,1.490960240379862,-2.5136174141955285,1.9230878404337421,0.4190380850580268,-3.146181632682475
1,0.2545146219454804,0.4380000769639058,-0.23519966136800502,-1.6611235933299993,0.6561078774321467,1.230083155150029
1,0.08784323555391757,-0.692663568217834,0.13441564967727032,0.5806162615014738,0.5777736851267404,0.24030259105023238
1,-0.10455428085778636,-1.4646209308146603,-0.6220998311485816,-0.4824586990461279,-0.23045439948595303,0.7470542375479218
1,0.4316661102693516,-0.7638053185254375,-1.434885635159714,3.0439945513648903,0.2696918109398268,-2.5686464448184325
1,-0.0035339100280888727,-0.36610391171661605,-1.4518237927756286,0.6219248864511255,0.7201166867311837,1.7223937083329277
1,-0.09803995184641376,0.709807284319545,0.8359822384090797,0.742676100161513,0.3166476620735743,-0.2905313196523598
1,0.684189995759476,-0.6428095815852045,-0.882295682208621,2.2825796452036613,-0.4356630427685624,-1.1318294686105115
1,-1.148308723829952,1.2481657217437896,-0.2390495418813329,0.3511295991507052,1.6105292669895266,0.7000549597424855
1,0.48038964359535813,-1.034678251925164,0.1071680223103319,-0.1279543004491894,0.03779059650375072,0.3376950947923891
1,-0.5799885415596977,-3.4063519739463493,0.4578365534503445,1.4546273411293862,-1.0322223712960266,0.4504043656115789
1,0.7054136818940505,0.41321882063284954,-0.7328062104853414,1.1880007803508688,0.8687438279975226,-1.2314410045219548
1,-0.797846069515339,-0.8309555959669161,1.7311273195391748,-1.7120804393722857,-0.7284126495715507,0.9509886314847349
1,-0.8824506628887985,0.43784742107753194,0.7053066484418098,-1.6548509178078055,-0.44698886984086705,0.9852768078443489
1,0.6252591723801474,0.6240997132572995,0.4149248005871615,0.6171171857479234,-0.3421468863799093,-2.4311047990355585
1,-0.23261826206315875,-0.36539176956212294,0.23204292674852423,-0.0857048659358914,-0.9309424264602135,-0.6622007867367472
1,1.9104470088125929,0.24759307772931205,-0.9204999344940383,-1.2492919893272634,1.059913291178111,2.0692398949307758
1,0.19951860807264638,-0.7102416272840185,0.6352621596540843,0.7002606534129564,-0.48842458969410285,0.03334137052272981
1,-0.40513840326689976,-0.9855828271415877,0.49215684687163014,-0.13247620386941084,-0.7638849224967253,-1.080840049949472
1,1.7335136043097201,1.8026554889039437,-0.22503351555712658,0.48049004677313634,1.0266459506548826,-2.095358958326443
1,1.958868944509002,3.991931843303794,-1.1869863066251907,-0.9562152639613879,4.03744669551411,1.9087240654082636
1,-1.0056929292470658,-0.12786718466085692,0.6791475868576405,1.2571431742310772,2.028746738628798,1.21398488124079
1,-0.23629522525880098,-1.4332940935390226,-0.2679247579028727,-0.8659188101178358,-1.3933703379267293,-0.8379642025809583
2,-0.6367819034432134,0.07572035522312924,1.124221437412039,-0.21160175862078173,0.009226563638666307,0.4929170487796417
2,0.9781028194812472,-0.6953173128752783,-3.8884881186135187,0.8452663060654045,-0.03340833441074026,-1.0548117888009703
2,0.5381473804557224,0.3362283197231817,-0.32701419839431134,2.0296834798955445,-0.06899427331595494,-2.1062983836772387
2,-0.7530943968454289,-1.1640316171577174,-0.23010469817089738,1.0239106316046718,-0.5482144877534721,-0.9411113633394579
2,-1.471727286132522,-1.2838518030821868,-1.9510907730484104,1.0518194731848542,0.5938906505693049,-0.36150314308633924
2,-0.4797279616312691,-1.316061453735776,-2.648309453402294,0.5286521992534863,0.6468113351049416,-1.4966674531196285
2,0.1667331118175066,-0.36751589798685014,-1.4292745167740746,-0.06765156804965022,0.8094758016199088,0.297524829990484
2,0.33730278837347405,-1.190930827117284,1.7075939241867946,-0.862033727473441,-1.1066482747288353,1.1613752095772862
2,-1.145479163938189,-1.4188314519175784,-2.2230041471005437,1.2391874906111082,-0.25977640975757793,-0.43819340347592917
2,-0.45799756316838536,-0.15134562598039863,0.7846193152449269,0.20315478908274004,0.4927666483866596,-0.5757722455021073
2,-0.954669317504662,0.7604861551726854,4.799566216094718,-1.2221423342820341,1.2794977058296293,0.3301491726870488
2,0.5013368889534802,0.9270343043344047,0.944440623204787,3.0672671984494992,0.07447505104932528,-0.227367067070666
2,0.6126764095955212,3.055025314573728,-1.6793837511812488,1.3336388275894295,1.5118320926604243,0.06162581496200381
2,-1.1987391437312265,-1.2033093246539786,3.463680021911296,0.9141898040048507,-1.3537916960023832,-1.6319302474377313
2,-0.8187903274174682,-1.9533602392895195,-2.3274454179736037,0.2006157680211982,-0.5731253141208004,-0.4738821351524432
2,-2.0300712206449925,1.0100750503355522,3.9850695866733385,0.2941946944766419,-0.5249889961004388,-0.8612732226056949
2,-1.0904186976171095,0.6465855907490308,3.9201244724724935,1.1267850486906694,0.6753556658068609,-0.607704477377739
2,0.5241272144524814,0.25241092776680374,1.3454090267960217,-0.46039397363369966,-1.7943398866320353,0.11243084500316403
2,-0.9158276208750753,-2.057165917596349,0.6483583286983899,-0.25195003825606177,-1.289066833078518,-0.4261607809449034
2,-0.4797674995044109,1.8425614521443912,0.7348126226843033,-0.011354049528371601,2.217931918407793,-1.064170611927583
2,1.4183543565262022,0.0075713978831460915,-3.5814337268801797,0.1349171210305411,0.5633466786230833,-1.0400433486010034
2,1.7075121935107216,1.152120673464487,-3.491834479624856,-0.21760387140507503,-0.061653950507581934,1.8598903207658415
2,-1.2658745531371434,0.4826936100897053,1.4318260144422013,-1.4760172632827877,-1.3039479651817012,-1.0401929141556623
2,-1.140061227194199,-1.8581896950658023,5.115433288893117,-0.8847207414567274,-2.429752346172279,-1.413200466631563
2,0.0567639590129582,0.20311139440048487,7.798023080758823,-1.0807530036777362,-0.23890797618508225,0.357321609104321
2,1.7225442641461766,2.4416404104810456,0.34901371528488395,1.2774651226745108,1.879183801586267,-0.9313137443602526
2,-1.0951256576937995,-0.8628778487829399,-2.0833128216195123,0.011633659825461561,-1.0428855088114588,-1.033596141357643
2,-0.10030904335430144,1.3126683011170348,-0.11168101192959197,0.4996661584034586,0.6279743856048932,-0.5685006211126216
2,0.707701476430042,0.18429961207437578,2.56443773353893,0.14030373886793918,0.5927230536993108,-1.3406318216663946
2,-0.4124770681273172,-1.3182882542201753,2.7283163748899857,0.022717099916096967,-1.0783798914176121,0.8361607771873473
2,0.6552416751716225,2.4919350126273154,-0.3772084507842891,-0.447963422983189,-0.061793831434986624,0.2582412124933969
2,-0.037796748866107455,-0.15700166153259038,-1.3111045561891617,-0.5306289752967723,1.3826393397318526,0.05450471400139262
2,-0.4113262907023767,-1.1089999373026633,1.068575857217533,-0.203377336046422,0.3579742890464056,-0.5515034880506333
2,0.7596527295938059,0.4451322806606994,2.722411103075497,-0.7471740864987325,-0.7217177148721174,-0.3636057509349628
2,0.4088937333467195,1.0000147015394285,2.7761958445636115,-0.6609900222252465,0.5798068962296492,-0.008691412429996298
2,-1.035074647373947,-0.3625452075305042,-0.6919585145454652,0.9979765824219287,0.869438920336473,-1.592870138798198
2,-1.011702574330782,-0.11618364271423853,-0.6670962675238576,-1.1476472229091252,0.41533395644367443,-0.48116860746654033
2,0.6677497699615187,-0.22541918571777497,0.3061849530489672,-0.7836878750840119,-0.2334359486254981,-0.5983939694259337
2,-0.18587432808354437,-0.8929300369510899,-1.8903955354664246,-0.2812374124908884,-0.31482700539756153,1.0163951224216823
2,-0.12878483243970135,-1.622048905273226,-2.491788196062023,0.9888900749868083,0.06173142765764977,-0.16339397109764076
2,-1.0803626004910223,0.050351441736319585,-0.581632340756596,0.37829576166102125,2.135425067322094,1.482390650547254
2,0.30434195571852957,1.8733929724104086,-1.708859163963843,-0.5795923287124057,1.0177298354581752,0.14772247209638734
2,-0.39713194971873444,-0.7432437767231884,0.34215033440970233,0.0016153389206647606,1.0031626857859186,1.4899804651128083
2,0.16022393842738356,-1.2787208565692803,-4.415165144797453,-0.04356338706932361,0.5034849346673171,-0.849374736983703
2,-0.19403651431059976,-0.950060968080541,3.1681944686601335,-0.5908523193381503,-0.48959448559967567,-0.10247901428412559
2,-2.0813611571470845,-1.7595906492898394,-2.9928490309556883,0.933675477158509,0.017488480738667572,0.6891615259306687
2,0.11242841147600435,-0.7522338310677457,3.249764014641024,0.412058502341045,-1.1134220879525303,2.2676050219776402
2,0.7165231158871578,1.3061095246457837,0.8600307420055687,-0.5549603750751457,1.0559756719437534,1.655385747787734
2,-1.2482784394707047,-0.6572928380175713,1.2349259294328514,1.7859593099673394,-1.069855939442808,-1.7965766444600082
2,1.7578979010626938,2.1116705477428854,-1.0511786203645654,-0.6855759388363688,2.0141647334769317,-0.46310454321228556
2,-0.25149168058521754,3.4043701785432905,-0.27100840447172553,-1.2882361753724867,1.1033264125730584,1.2678443577968044
2,-0.624927373202667,0.7000741319949242,-3.4934632326012753,0.4139755281500651,0.7364364247352456,-1.8182336759830617
2,3.062439763098038,1.3483676810249352,-4.8166876364893,-1.0500109320969333,0.5176164815041298,1.1674006481544055
2,-1.3516781710099905,-1.3055945585808553,-1.2008903630420844,0.5426263047794444,-0.15396710018724263,0.2950967836208334
2,-1.409847398849241,-0.04828457114321488,-1.3895883391483999,-0.7741355084356067,-0.25448866141808524,1.545199045238034
2,0.03430475921003173,-0.9402022611333938,3.2223599196860153,0.5149574549657674,-1.4567503629562932,-1.4481316846797485
2,0.4926192435179092,-0.642348801390694,-1.798681717486974,-0.36512750892258483,-0.13549446951739355,0.4244182625389751
2,0.5798159957999413,0.9158390044599791,2.875156188100778,-0.6743339645142243,-0.42650897479904604,-0.7811532888513795
2,0.23183620918634737,-0.6362791697695802,-1.3439307892746335,-1.5513439783440879,-1.1773534058070942,2.6756243445718932
2,1.7236327742171287,0.8226073124652915,-4.259243168481715,1.3594099474775112,1.5877154407168492,-0.18391297234364062
2,1.1216427805640765,-0.30604917040373514,-4.740517113767317,0.07247667045305944,-0.02322613028874183,0.9092891775346278
2,0.38918897667212793,-0.14144701905019277,-3.4545449447629952,-0.19742528513834925,0.8430703797554207,-0.06521110371586447
2,0.4627817933892435,0.6146449504213531,0.6426579447975668,0.1945543463017283,-0.43944959548398405,0.5854073374868662
2,0.9052807689230007,-0.9262119257096935,-0.8215937420514929,0.4864425150149974,0.5847848468812725,0.023916496531796505
2,1.6037310692663138,0.6652468935627529,-0.2176965796406454,-0.19527066926240877,-0.04519238066603462,-0.3241595810881274
2,-0.477848096081831,0.3488069788466668,2.530247735902449,0.034034279288062644,0.2419750628595563,-0.12802370863806922
2,-0.3504103087288306,-0.7021620080269756,-0.47228917058110853,-0.3704648730861851,0.5664855141725248,0.8157040185079187
2,0.5842982541241069,-1.0301184056081607,-0.8058526747291739,0.8116682865454725,-1.2143637662278859,0.0796343266436495
2,-2.0372935892867616,-1.1743535660852393,-0.9330243796344734,-0.03626982275341328,0.34571083345780945,-0.7213317214838157
2,-0.7802288014625649,0.2069572484294921,-1.2414518052152583,0.005083493581145432,1.3974281010970238,-0.04420664159379653
2,-0.5136390625028707,-0.2455015898473037,5.166169978054334,0.1239478079079534,-0.04739561056695596,-1.781234071745688
2,0.4820174152398109,-0.6857838705285221,-0.1718617955024103,1.7277836126648123,-0.29020042552682696,-0.07237805772453079
2,-0.7776016008160145,0.053449569974550915,-0.15188227985176223,-1.7473906825917704,-1.4628240182394543,0.30462153655021434
2,-0.8614866858746293,-1.0164075128175065,-3.4494406614238238,0.07989044718840282,-0.4387139114187707,0.33268800425860745
2,-0.9277000215410769,-0.11502982757211716,0.6376913248763655,1.6112668093679394,-0.1232963742921434,-0.2394765973490799
2,0.6259664860490242,0.22408884533971574,3.994720430857478,0.5477312908352533,1.8117358708062563,0.38052243453044293
2,0.317155841427672,0.28104859944842997,1.935414331714136,-0.8605548886095973,-0.6354753213809821,-0.7022529220038323
2,1.4134035462190613,0.04592023928030775,-0.8166404504543932,0.1514001525972279,0.12069350354744085,1.393909578478998
2,-0.39274760481652665,-0.8223636763642901,3.707334718388797,0.640522055129347,-0.527156226427788,-0.1999021308440867
2,-0.38803742252839724,0.8551960950419324,3.969572291842562,-1.632754831177233,0.07738570135321143,-1.7247168406103603
2,1.8868970569190762,1.2038445358138659,-0.06040256086173907,-1.0171232980603238,1.2389616290214795,2.6280149222748324
2,0.6999834218690151,-0.2931406673103347,-0.33836414488809563,-0.7907904030068007,0.13931746603042078,0.12354569799326381
2,0.35563211390974414,-0.524715657025937,-3.514426461971742,1.143133324226383,1.0863809371215638,-0.07195424437216064
2,-2.3764279875243925,-3.5372469387163954,-0.38281264517058466,0.36257861135843916,-3.3589727697644802,-2.0234379939559726
2,-1.4441170219635997,-4.155644864258856,0.040117578988899553,1.0479027798749379,-2.625480285754358,-1.566179212625831
2,-0.13108515686836408,-0.2033833867666615,-2.1971289244482604,-1.7770778482718483,-1.8900666118245313,-0.8247826776060441
2,1.1430093853816894,2.1108067828864563,-1.7925840179093484,-0.35851742010151116,0.09014410690303881,-0.004811885511312702
2,0.252941592134443,0.16276791165866789,1.3861757576290037,-0.7797587547013649,-0.7442921691454794,0.8481625708006648
2,-0.9466931325493615,-0.45106992040447885,0.8228355750461632,0.43090910646577274,-1.5942471786605414,-1.7757505109255864
2,-0.46061898904391263,1.7270807236914347,0.8678270788139905,1.2373003164651517,1.182906320494273,-0.506235819113112
2,-0.6810284563526947,1.7156634739050423,-0.9848615787622103,0.016656329491697805,1.4869403819117955,0.4529407118877242
2,-0.17658637867552926,-1.5537916244342955,0.20744267089622656,0.6502326513899888,-2.088735787645338,-2.6941395691977976
2,0.6901551791035409,0.0985504283846328,2.7601178426392394,-1.0339051622565407,-0.40082694320464823,-0.3456410367010383
2,0.3658243209851575,0.11920244493141208,2.2344623001010664,1.256057735413488,0.3882758755932393,-1.316797357297149
2,-0.9287086995070976,-1.0160279543460866,0.6851353249230197,-0.9641572188449468,-0.6584034160086992,0.29643340456821654
2,0.1787226528496065,-0.29849352479266106,-0.7596847898426118,0.665483124515776,-0.6371957408964577,-0.6461305067157105
2,2.120339326225217,0.779558052981664,1.6942947476637171,-1.262683808019634,-0.5178916442397677,0.9664964601793564
2,-1.083427808775378,-0.4626776928565005,2.17848396376746,-0.8024005985136105,0.17058651087649243,1.670483432286014
2,0.7848545521037712,0.4643631076239433,1.1963142015015313,1.1305648388268592,0.06315689286130818,-2.2159297254681403
2,0.2819586173664495,2.3751319511712103,-2.797593782992236,-0.6181946974477904,0.6908226040280374,0.7799290018040635
2,-0.2086458167631831,-1.0402900285189622,4.550305697525499,-1.0764737168380214,-0.3212680076752058,1.310035454170726
2,-1.1415195940775553,0.254990812100398,-4.2276865243862645,1.614766842249822,0.6337649013286557,-0.8410689182763447
2,-1.0001087566373605,-2.806218617306679,3.354385374578201,-1.7118765022081575,-1.8008250976773155,-1.3786067563728925
2,0.6688704936001129,0.19941947759154474,-0.2732069468869061,0.17102690011746383,-0.5840474112150201,-0.6009344748079404
2,0.2548266099711599,0.16917508556603456,-4.646326875127327,-0.9598162196603446,0.44272582783668535,0.4053227439994733
2,-1.2333559312001232,-0.37868593506943116,0.8517724359786534,-1.9182920147871358,0.523442093701588,0.9797925077731026
2,1.7429871766482519,1.2602611752751456,0.14524533270737403,-1.5657381315779915,0.4924611827721966,0.6818282112263552
2,-1.5447398904459342,-0.04933855752551952,0.4225518010389637,0.8925863325178612,-1.5316751555582835,-1.1722549244889047
2,-0.8270243447395276,-1.9288859969630932,-0.06976509131403663,2.815273142992351,0.7306229291127924,-0.949929981513912
2,-0.401102806104885,1.6353765650913736,0.7340652290165334,0.27583915837261896,0.2932927980619498,-0.10053187263984154
2,-1.3512106840599123,-1.6118105676081234,2.4181884974425762,-2.2232346116314003,0.043081217344261846,1.8283217566869088
2,-0.34801113325800254,-0.1360126022872754,-2.547632710968433,-0.06450062082717051,-2.396848943933633,-1.3889239314460722
2,1.4250766843181204,1.2494057341657159,1.257811535636405,-1.7447587093874568,-0.37248232162674594,1.8224384597294734
2,0.49035279994555575,-1.0101305297937249,-0.592527107413084,-0.3510925056087786,0.5320616379681442,2.838876234005421
2,-1.1840902515943181,-1.2374595622478657,-3.5305101994551125,0.871164863448529,-0.40841438957529613,-0.3354399568855647
2,0.9258312296585105,1.4784240659059873,-0.8159038763372809,-0.8803956011218282,-0.20712852208491506,0.7306428378273782
2,0.973495328095644,1.6747057038789097,-1.9664642177233909,-0.2945614513563075,0.9078920179621722,0.9257560925345318
2,-0.4518319270464003,0.565962894828917,0.3997145631874748,-1.3907178691952398,0.3609798090934958,-0.16540978175814214
2,-0.36397391424995806,-0.07169843179526281,0.8428048254175191,1.0434880326295732,-0.2022490041719514,1.0933943414147709
2,1.2015346891980752,0.09747962894054871,2.3198367758708915,0.15953972945321065,-0.4388380552451142,0.2498527424573102
2,1.5111984962787544,-0.13675665469982523,0.029532351374932674,1.9494333854877826,0.4386943999995281,-1.2288026908956642
2,1.0079639183925355,0.5000914937704244,-4.770446100863784,0.8631625244663521,0.5101826813952122,1.1206087544209635
2,-0.09068132822381778,-0.23205017287792545,-3.0294664071390947,0.12910056235340078,0.6303838537050674,1.8393501897192377
2,2.379371854531569,-0.2941694993857022,-5.139813340007141,1.9972675391319663,-0.37924454834942056,-0.11854528123078925
2,0.4286101697268397,-0.05235104773570662,0.6440458105910353,0.18044504266499287,-0.1292506309453539,-0.9300231588823079
2,1.9319908208021692,1.535046691418146,-0.6220148447803832,0.36153459484846806,-0.1398230800042381,0.31271746334723494
2,-0.1910230257356407,-0.6617177436549185,-2.838623062150416,-0.2997138048551772,0.9184429122442194,0.9221408289709234
2,1.3038288656660628,1.2543403534822768,-2.51112612015054,-0.9786058423657505,0.9203546415991549,0.8242792370390779
2,-0.9739065411742281,-0.298517911409178,-2.0171911184967,-1.4213751768569853,-0.9885854576512334,-0.18364325315818236
2,-1.4866250999436463,-2.7463968910968988,0.38229710453506166,-0.5925978460898499,-1.1235511663553241,1.0171830067994396
2,-1.026978435837281,-1.0845711589577136,1.6646359332548684,-1.1902637601943271,-0.7198559680387797,-1.5017137544539283
2,0.0016886900450379383,0.10990175918987746,4.001605497569362,-1.9692490017036217,-0.3627798466406774,1.9642249298189978
2,-0.3137205142971441,-0.31950096222732505,-1.1844765292394916,-1.4181447945758046,-0.18737502197425332,-0.11841896284457354
2,0.30843582650345885,0.11118029701502191,4.25952357071004,-1.8884978621649229,0.40320721494309675,1.3752222887683123
2,-2.098818943348849,0.5598212602335875,-0.3375307631544185,1.0355888681331546,-0.5223396602477748,-1.8835943262965862
2,-0.82103271199275,0.12361350923025555,-0.7569228536235859,1.093836480151616,-0.2518996451992341,-0.021255475568345117
2,0.3573832551218584,-0.7380470385638175,0.5478169744429797,1.6188843663214212,0.6205084858421677,-0.643871487456372
2,-0.7085943763508138,0.538017918073802,-0.8027032946217094,1.259676478885288,-0.0884434911495578,-2.222494989823972
2,-0.8798499024348349,-0.5983900077689847,-3.5133322974739443,0.3005815949562157,1.5880137539376609,0.3832644587869164
2,0.04466745222840213,-0.7051979356555681,1.6796611037403377,0.55027992047276,-0.6793571249949972,-1.1681518808763187
2,3.1627398260990534,1.6472457228596074,-2.016731410065331,-1.7602839922482731,1.5347639567752076,1.3243616388293242
2,0.6708167362231765,0.3448320397336274,2.265687406552693,0.5475899703188769,-0.20207428343413572,0.17372846606274617
2,0.6840516352352578,1.016319842735016,-5.966046829125134,1.646053270252701,0.5331381516727528,-1.3781086239510598
2,-1.1345781104498422,-0.7605722864895476,-1.6655056667645773,0.657900611281797,0.3299832380899741,0.087969733183496
2,-3.721361606450014,-2.602244155239742,5.425679097413715,0.1504613519015625,-1.0478633955107421,-2.2511924244392056
2,0.8896690468884929,1.5355237596501832,2.592050728107542,1.0688739047895126,-0.35064557989003536,-1.2006722792737357
2,-1.9264834128784003,-0.40994395510781756,-1.1559339222855536,1.2386231285998501,-0.5739787572376527,-1.5001189553941827
2,0.8974575987340824,-0.7072768557792966,0.5400579205558113,-1.488625060812917,-2.1094546416115465,-0.11306509645018303
2,1.4739250563935333,1.2725721649182826,-5.876187013339602,1.5777728959366843,-0.27543873625578746,0.06476660097864312
2,1.4873818458287542,0.1062664616987132,-2.1448337397377006,-1.4384626941538206,-0.6965745043867856,1.12001455957211
2,-0.7558375179373656,-0.47436905057145223,-2.746982014479912,1.206493288007057,-0.1038654186310914,-1.1431080696026306
2,0.9105258753689538,-0.09266321506187725,-4.472750146776095,-0.6637926203929752,0.018789683210860497,-0.7148935020925966
2,0.3453467246564302,0.16417019313751469,-1.6107634730234632,0.6132737923009608,0.9177251029461213,0.5819714708325099
2,0.28602531377492335,-0.5367261596962554,3.32914323598526,0.2280061856656535,1.5124837055610099,-0.27157044558839916
2,-1.5023916296350157,-0.7458139209588481,3.999618993515084,-1.107036438698651,-1.8707385393305218,-0.24022649393074158
2,-0.7156601138103726,-1.4044994221605571,0.6113422483460004,0.8123910306809644,-1.0539474111843814,-0.7444698742848243
2,0.489160731273946,-0.34475030794300343,-4.084238447957726,-1.4058962906837515,-0.5244482249431102,2.5661106053821343
2,1.451902223931054,0.034394909400600304,1.9986266182982946,-0.6318073515255883,0.5989665748497642,0.66638716604395
2,-0.8602413980887894,-0.07851264448560893,1.3564260852908192,0.31872194718104113,0.045441876985181984,-1.2674226841857947
2,-1.1214340291431164,0.706517814328514,0.40766329604061236,-1.0738646197548334,0.43416596832799587,1.3244263444875122
2,0.5878528387803671,0.7389355219301352,-0.03036701905683287,1.1455371440405249,0.6004182057769936,0.21210590648216104
2,-1.6304928350092518,0.6641110072031393,-0.5136115993575067,0.9252173729859593,1.3333405448733038,0.5979290768696717
2,-0.12546264318386194,0.8524561111282478,1.2081172646108056,0.39420465260540954,-1.1636489559406527,-0.1476798684017201
2,0.10759520053523168,-1.9397624235325257,3.1515003610257386,0.5265553893474408,-0.7797611365806917,1.376977716961249
2,0.5990503204518922,-0.32403133168604015,0.4844891441521492,-0.4341465247197353,-1.5649615331935216,1.7279420866577198
2,-1.2010154003890763,-0.7346071840949931,0.6191931965414801,0.03998538111148551,0.16391964472502657,0.33052223931303404
2,-0.05416621995031684,-0.3281349061762719,0.7401524785331938,0.14965767632574067,-1.8579367197030696,-0.18484719882079625
2,2.064264307278215,0.7395473522308688,4.105714102095109,-0.8485462088993756,2.0996976760433412,2.938355246165575
2,-0.4476712129286984,-1.352569747886364,-0.11877875407165642,-1.5446222238743366,-1.143816223248755,0.6843848296684778
2,-0.5283901479821841,1.4872071954258725,2.804908709040203,0.17609183949393306,-0.26389545614124793,-2.105301134836061
2,-0.053680114606362093,-0.10008327826815476,-0.6107833162602728,-0.9153291435313091,-0.29410038937523847,0.48329327147535384
2,-0.4960993110167252,1.2317514557426494,1.1953521064187518,1.0064589891869669,-0.3696112856773064,-0.4322625273280765
2,0.43144862741300377,-0.5402237276860067,-2.860672122705799,0.6666833844610813,-0.7199178801701287,-1.6549233119250035
2,-0.4691212561158319,1.1830500831501796,1.0112348480210376,0.7568061756856577,-1.0623192827117183,-2.721720557824569
2,1.0245624262813309,1.1490545145001585,2.1922357548309837,0.1763053106925313,0.7244724220671694,-0.43269937279004833
2,-0.8556186951673042,0.9293955931089062,-3.987801206861244,-0.3975781722961454,1.1657454984258973,1.1000321047001331
2,-0.3663578714524144,-2.5827599608289216,3.7535978718802445,-0.004225393192222931,-2.8726478588608897,-1.5276369630030475
2,-0.19238368921848042,-1.0026176860383709,-1.290420039215876,-2.4382640459862572,-0.3210209576570461,0.4211508524705821
2,-1.8416504293487121,-3.181529385752961,2.0425365718867674,-0.36284919169404845,-2.0678824598009364,0.7824919507916376
2,-0.5308479142469195,1.2703358105316493,-4.019201741075284,0.49474726251170453,1.1528682807017538,0.32593891555828725
2,0.9569656821465268,2.1533393624754695,-5.804105999533313,-0.5340621396623019,1.5459021416370984,2.4797942188518873
2,0.30414506878818115,-0.34375720275665655,6.318247872117668,-0.3330350347529762,0.5835385898992929,0.5119243920127767
2,-1.435509306538139,-1.5326625759691717,1.2056941911234103,0.16941812857760988,-0.4024406647130029,0.7191248657663913
2,0.5166327387950285,1.0927270213460178,0.0009200173947440885,0.03527221949378018,1.2997237596364988,1.605574072784451
2,0.21837591873041773,-0.17474887745334314,2.2465581746822383,0.6587886019268198,-0.059268870596322305,-0.4357015768627323
2,0.24426384211092814,0.9946378051382668,1.1522532799474894,0.6660378147223639,-0.44215067610136144,-2.0457644559795862
2,-2.140818748301473,-0.15327353481822042,-2.8181519488638456,1.43152950975744,0.9145629922512692,-2.570882694576996
2,-2.7219394650091115,-3.4916503652836157,2.084084671914335,-0.30951001391629934,-1.855798162915907,-0.21957423736441378
2,0.45257947058375125,0.14559835987958036,-4.984489413570832,0.9938871277614821,0.2282260745372895,-0.9764248392989663
2,-0.20759689054361294,-0.5615618965691969,-5.119751727159147,0.348168688641978,0.12529865160460096,-1.2250223604299901
2,1.9515576463699749,0.9987290780977898,-1.5929833366315975,0.8373924772654,0.050676427687682435,-1.54746912141731
2,-0.8874447358964354,-0.18361023930306758,-0.6755165295621657,-1.6082348583298944,-0.7981481299005462,1.399568434086666
2,0.43830865485897186,0.8182181624762975,-0.9044806779700534,-0.7554132021609807,0.4781225728407622,0.6130833484999992
2,0.8416586761064277,2.5870623020767116,-0.15525156155493677,0.06658841604664095,1.0346044100240739,0.1339492386561402
2,0.5265060074254674,-1.3054549121157935,-0.6736873256432947,-1.293034795851897,0.9062793780751921,2.3903016466921394
2,0.5064266000713882,-0.14991152965211663,0.32060046659093316,-1.469403306943049,-0.873923186717854,1.8529123889290833
2,1.3271791028480535,1.27276838552525,0.40522453382326046,0.8858733712138598,-1.0768075157404997,0.16579560422570128
2,-2.1437208877672607,-1.2941518175624087,-0.293927314752635,-0.5286463846092048,-0.11273742369505496,-0.8812189792131732
2,1.2369552396951091,0.46664436898967115,-4.514626295856547,0.761426908096491,0.5344997698342989,0.31099676508205415
2,2.334655393300469,0.3569302751665081,0.1493672589875032,-2.998304447103564,-0.47760319832919274,1.8293343696788056
