,0,1,2,3,4,5,6,7,8,9,10,11,12,13,14,15
1,2.059224049543673,-2.3932888067433713,0.4974468786536701,-1.372772167887368,0.3909548656525851,1.1603645987268298,-0.4899136184576027,-0.2459716987724187,-1.7727493357282902,15.222043452203865,-1.03056008070249,-3.216017717522866,-8.145281942218059,-3.6142213622735397,-0.2461744990980326,37.486011115702276
1,-0.03967565837443932,-3.0959145114308932,1.9858705881222638,3.2527694372726494,-0.406743525341275,-1.3699187357732194,-1.464177708843691,-1.6245035832510923,0.34783114447541774,7.681164376618945,0.6823847216996836,-2.317978273376081,-2.7166649426238862,-0.35602542521256864,-1.8244982919878858,12.175963810455416
1,-2.6354459902924314,-3.5446713709935085,-0.1255064942266259,-1.0471521263846308,1.0855833346276305,1.4101738838771933,-1.7359474813955051,-1.0983069303083495,-1.1855666426379061,1.6649030219307677,-1.311164453676619,1.0927465149158977,-1.5718991784026413,4.533410748448093,0.4150199478734134,-8.618244796847947
1,0.7804337275340304,-5.645405024858271,2.897560480106327,-3.518226702170047,-1.1503791358836009,0.8436188034733342,-3.6197367951359483,-2.2721837999281838,-0.9033062874694464,14.200838231983958,1.0390633260872189,-4.936262716047648,-6.309395996293461,-1.8024765027054321,0.2571670511572836,22.981202535308807
1,2.2239695265676187,6.3255809067708455,-0.48174691942143655,1.0614857714729815,1.5826170239062431,-0.685019382094641,2.1509327162450216,0.2724384436573029,-2.073889650016224,-1.4340584460009556,0.05381812227226477,-0.2663177478327363,0.9681455940284053,-6.3422415528794565,1.1261595009477983,14.493217928608955
1,2.418395162242385,-5.588403410924649,3.690933172368454,-1.34851008465598,-1.0971620126045922,-0.3507520466718931,-3.3035973186871916,-1.9661954230354985,-1.000949915519007,24.522354423938665,2.325249155464434,-8.464795865272771,-10.880311047387671,-2.6196851883349974,1.8989977921071863,46.70702871735477
1,1.3467190430275562,0.6011163030527065,1.1943544193887625,-3.5946860393635784,-2.1354491387903187,-0.05331169004753957,0.12044357894966873,-0.5799816754397634,-0.9003998400728654,0.1662262811069758,-1.8848637336705034,-2.5146030563866026,1.5641325616636035,-3.0242255967906724,-0.6697119449123787,3.7212061444545688
1,1.6791294365494018,0.945403866064889,0.47213805325856417,-2.2512904798933246,-0.37060482676939355,0.34432339069445655,4.057223465206377,0.3203157472103661,-0.9029278033580815,1.1005226773851486,-0.7502868433145475,-1.1039378168624432,0.1443461344591536,-3.845677441972901,-1.0184295347720695,14.56971729147303
1,0.60539950842204,3.883132317291704,-3.0451558313816327,7.660673027531449,1.1150281141729097,-2.8450602918577323,6.992002430459304,2.729013963075168,0.39266996305152646,-18.635902830049446,-0.42648994086564496,2.6486682744929153,8.019615633441347,-0.6843740329392094,0.39129000746593967,-20.609876484849654
1,1.6507634302902239,-0.335797687472176,2.1136572656611983,0.319232268866566,0.14727310593507156,-0.0999204556839064,0.9901376932331706,0.19896123574551705,1.0789442299428385,7.369679304967246,-0.6260372113401931,-2.518167589219796,-2.0904683943601245,-3.3137076978566133,0.07032088663281588,21.83869995121783
1,-1.0217077612284688,-3.0979053599835447,1.3679217820169627,-5.490728361372349,-1.5411312532137653,2.1082045577382944,-3.582827743595941,-1.9254568514745625,-1.0466946775915922,9.229282212401948,-2.624078548785313,-1.9106976200746162,-4.832338800079792,2.3271737058615556,-1.4348563349737304,5.043656074770984
1,-0.9491534458390846,8.02231502698178,-0.2031415434482384,3.3657354111291924,0.9525181384472894,-1.3756829438798053,2.579251830897203,1.7635430013282534,-0.8803326692126219,-22.06243911398441,-0.9799757502326322,6.7752504179240765,12.284689613427709,3.046331201466716,-1.7370090649147656,-44.0373687426689
1,-1.260579815966396,2.6387947403636525,1.3135260572624685,-7.86141079318642,-3.9130505232961887,1.4831966434348318,1.3725197741115227,0.38424924356920237,-1.0133504116398881,-11.609984302206302,1.323432938099113,2.5773942005144623,8.181579057771062,2.2576900486650673,-0.7670892623924123,-23.935442730984086
1,0.1646139086721711,2.806812536276669,-0.45381617763426724,-0.883377059280934,0.0029375904128336947,0.03900248536420828,2.471539610166796,1.0346032463662753,0.7816142566203315,-5.390029516668665,-0.7187046245580261,1.8673930165610764,2.8726569186231705,0.8872605480222093,-0.0756135166195766,-8.134204564067746
1,1.0845895578809526,-2.4205763168245733,1.8699626583039257,-3.0387811210222946,-0.4556999052673853,1.631792579786153,-1.5557273530954383,-0.5262387509722158,-0.002106338329334782,10.780969435127348,0.9080018732936396,-3.463836547518203,-5.980952509083401,-1.2106164384092064,-0.5903945466650541,21.1233433180961
1,1.9842262423708754,-0.09236045405185547,0.11929968988148143,4.191323817697187,2.1022800158052855,0.13687374031694705,1.3618437165092874,0.5607739329586908,0.26782373750048544,3.2304941081547973,-1.1933031730510106,-0.29739137759289064,-2.031569233088817,-4.851027555256704,1.9137588987302228,18.558856433811634
1,0.7934884811748911,1.5747829725556342,-1.8367034563099058,-0.39452525796734944,0.6288312111690063,1.236744615636269,2.079538140622846,1.4014003170723093,0.6734923922942644,0.09377195410906757,0.3716410861024385,-0.35195834422500155,-2.1140562013732285,-0.9091643374967135,-2.0138894319709904,6.054277314519929
1,-1.3539494241898864,4.784557661259507,-0.8822480005894537,-0.20471160420627393,0.42166914064155775,0.484315372067975,1.263919586485391,1.1470163735364591,1.0052180465214249,-9.076127754645125,2.522139998742794,3.213913213391989,3.7560012292295615,2.005188388909831,-1.7560232583383881,-18.034556209867738
1,-0.3533757490229444,3.5710402258541727,-1.0035514147393616,8.272783629507547,1.4928382145210393,-2.6596751417900384,1.029070592897154,0.535624995984717,1.794410785635738,-11.811114019905876,0.06259124735212285,3.038809113851095,5.9646466608844335,0.773597627270224,-1.700277606388653,-24.176875992805254
1,-2.5118379715895474,-4.704216518532503,3.928789786737911,4.9384685951904155,0.3338027664569522,-1.9434802062889993,-3.0622642285785044,-1.3717664608088584,0.7363925817918199,5.428639825109531,0.23026940441719687,-1.272817026596545,0.1157237675989322,5.176682629184146,-0.9460573403071987,-2.1461579482654387
1,0.22083481590765786,-9.483039899889995,5.048359011746096,6.431833695213365,1.6008375049314214,-1.8626837701588055,-3.7767792333916232,-3.396532328278909,-3.2257035889088654,29.808244028998086,-1.0820463036182686,-8.054519174120452,-14.327731885886505,0.9243132415219751,1.1329256844376236,52.23897143766309
1,0.06955083553431912,4.762547613066505,-2.83992935237291,-6.253738910033008,-0.2937891154767078,2.9798280343598798,2.7108691240806957,1.4887298672848253,-0.7790645015857188,-7.505948690482957,1.0748947815795766,4.125802813970402,3.153532531633846,2.425782030327844,-0.6747687254529438,-13.42669155160741
1,-0.49197067000513905,-0.7196079748191124,2.932482786629314,1.654064483591063,-0.6412478199305284,-1.2511290422987298,-5.496353172851644,-1.819890196517655,1.712291353824632,4.094763002046913,-0.5050533249369069,-1.4688052013309898,0.9800529714042815,1.8989975423361065,0.7278773407242426,-6.1455439050040015
1,0.27514386563573123,-0.15534803048782583,-1.6112380332766982,-0.8525753692238811,0.0777706563644602,-0.026612234726467447,-1.6336004204147592,0.5639297386379977,0.8024291057065233,-4.022251774027238,0.6037135754964351,-1.0781449279487936,-0.8219671631404865,-2.6967678783374773,-2.12817328611682,-8.77189825044743
1,0.5292317594143763,0.21670037914237256,-0.4035583397976408,3.0870181167363353,0.6444918588223175,-0.9081401673495255,0.6231595733334839,-0.4289372393866917,0.45501775912562686,6.26040382790023,-0.8996480307610765,-1.5775438512763964,-2.9115154808804973,1.4437593082568374,2.3445137969775875,12.06284149564733
1,0.17075125262549543,-3.201484565171907,1.031018827849123,-4.569070238721798,-2.2485499858659317,-0.6913659195221519,-1.9933306120233787,-0.9319405228634392,-2.4980945854854704,-3.97683531545011,2.1753300622870144,-1.6973995257698655,2.844987938703035,-0.26528800069926756,2.4302837041232084,-11.358808528647563
1,1.0475373065606464,10.687377179862251,-4.738443569772956,2.163835987082141,0.6262408209874235,0.330785920966691,8.517877964463324,3.975017107522713,0.72590608234024,-20.142373995777213,-2.554440885327915,8.128872482299748,7.4684476176110035,-1.405008232339443,2.471618947368349,-21.474104071246035
1,0.1951339037549614,3.6288440185284228,-0.8989605643012896,-4.699940704394715,0.17692514991546307,1.0157981594495977,3.535138155799968,1.1044271030439246,2.4262245309239967,-10.916966129551096,-0.66368583296582,4.208395781655105,7.237305117554179,-3.092338000492401,0.350674588818282,-10.93235780763078
1,0.130752439565608,4.861480684365378,-2.0380506213963874,2.8809324819486495,-0.23994355123673913,-1.5119514799606615,5.095783116109527,1.5036590625940691,-1.004133133112024,-21.11907877773674,-1.8640084852911973,5.642855307513683,11.246450108161913,-0.7514782746700812,0.07166808012197763,-31.026278595201372
1,-0.5044554707905641,0.02958580690904523,-1.299691987193224,3.6847202325528636,1.362416716345852,-1.9570150714526013,2.8042065729636176,0.8837212966824999,2.320077368397662,-5.330558214481716,-0.7706705992656538,1.2834212357581767,2.2797603666036017,2.244039050985163,0.21012562915962182,-8.80949954029316
1,-0.5342616536191032,5.684637133620838,-3.339277462565394,-4.821269084010818,-1.0674184459112444,1.0498448350546676,2.995913441018219,1.9374154628015752,0.8168307562916618,-17.84842915534098,-0.9610556438910753,4.122748817833483,8.17126507087183,1.4903758726590441,1.4866631950439728,-33.540333012629475
1,1.7953875787688307,-2.8386735822229823,1.682911943833015,1.056093584859707,-0.21337848961478964,-0.4144516547073905,0.5578205964135851,-0.2393254383245259,1.1718032721690004,14.425170177930488,-0.8798385783347095,-4.613805722218152,-6.499424214760967,-3.1948402877709694,1.629867915103902,34.33185003800686
1,0.539504560048221,-1.856939905481253,-1.171409058887768,2.1576368443669147,-2.2442469235569416,-2.2894287647386324,2.1020375679517405,0.7309485542046157,-1.0378525330638952,-11.911033827543823,-1.5190377440628395,-0.4218994425370344,6.858709437222641,-0.49260387719216203,-0.30045189335271694,-19.517672073563674
1,3.013429661697879,-3.834041580596287,0.17445417545173442,-8.331751462414323,-2.972319790576828,0.5753173210792731,-2.8235682146435526,-1.149306672607575,-0.2447879678022542,11.10037844389105,0.006255919474507767,-6.739775714379239,-8.207152772690062,-6.387067430493403,0.47817693950941287,28.141928398344387
1,-2.8383192521857894,5.890607782666435,0.648408233281753,3.3988503517449042,1.080665986213871,-0.585847372034052,-1.5745313584142953,1.1664595954771309,0.765903104519892,-13.657773384339501,-0.3947915650079433,7.2099003212598305,9.885926485393412,6.536619729663054,0.17233223763429387,-41.53063921292004
1,1.6143583163719015,2.774549138769186,-0.9630435292056689,-5.203135257646227,-0.8358163120488279,1.5407126655223484,-1.4412959339224198,0.5076764475090767,0.3831153286801638,5.658711675912809,-1.6308939539150535,-1.5719499307004396,-4.870663966341472,-2.2368289584016736,-1.2611123152685169,12.072786946793656
1,-0.27881053576415177,-3.7837584461359133,2.5549852320752344,-2.181892676907755,-0.2985861687079973,1.6359904377919703,-3.339753139090001,-1.6425339895264575,-2.6204635737917097,19.702229378556474,1.2001820432186987,-4.002353532034059,-9.61634451120532,-0.04205058922269515,-1.420280834415548,32.200909938027365
1,-0.7684716525578953,2.4506599162921763,-0.24801912043523078,1.9397732906784908,0.13747278451143252,-1.8339036454178284,2.000975469676161,0.0534048932074371,0.699751443548287,-13.503545730392009,-1.5527518955173256,3.683322522917881,7.780031985220589,-0.041410599957714976,0.23026953065620284,-23.633753704249905
1,-2.2736104275061653,0.28280621859253585,-3.7112877303493867,-0.5158435815477883,-0.0786155550451807,-0.13214692277209708,2.6940609338178327,0.569775677487708,-1.1177817381195805,-14.522726505598076,-0.8878629981110902,3.3120408397841827,5.105079262095394,6.614051266305194,-0.24967471882285777,-35.898873064018936
1,-0.8946943452224368,-4.800323035746476,1.616145730231551,5.917239568135214,2.660834676355285,0.04986604413373092,-1.1684927011822894,-0.48435982959362867,-0.830029521821563,16.16143385932095,0.13813800996189624,-1.4741340320268397,-8.370758951402804,2.244416001092935,1.6173138448393942,26.149217015733946
1,1.3385416063082702,3.3167035310288835,1.3117501250193737,2.992021443753848,0.6078232264721667,-0.5040791487352279,1.0262710199127985,0.21098864116593108,0.1657496830671026,-3.081558251022177,-0.7491253119502089,0.868504257133056,2.713582046719483,-2.812295194369188,2.7392541300857163,1.0892124118162516
1,1.095280464244397,2.354688880834893,0.9619274621006789,-0.21591756134541545,0.4488112650804753,-0.22526095690773976,-0.35077586786177267,-0.5668516182705455,1.1329184354864748,4.056490488054344,-0.04240299070175468,-0.7831749391772348,-2.5050291543613192,-2.8417798681443975,-0.27053252771992187,11.761742808551244
1,2.754267759954263,-2.775125479710015,0.08313620693882652,-0.37550875850953364,-1.487445620012131,-1.1077411193883115,2.4111677645276304,0.7112339684653785,1.1950166933751152,4.0255700804838375,-0.6250326918539276,-3.8626593226959196,-2.510153105856613,-5.34031509788189,-1.7402106063091938,21.20290705669526
1,-0.2510190626917694,-1.7439026101308182,-1.569764078323115,3.440753835856424,0.02258689898814245,-2.34951727044192,-1.48322744773952,-1.0085111130918074,-0.6871839379784698,-3.725342987773635,0.30702373173005315,-2.6336348314729947,1.1051125027297686,0.08460892605133971,-2.1359203269058478,-9.997161599278908
1,2.706493574838181,2.0295794464870394,-0.08903895964551893,-3.0239624066123723,-0.8004973881330527,-0.32075057104773597,-0.6506816923083503,-0.4032773611354571,-0.3766732095578958,4.280565009844794,0.6743607891185709,-3.015442740824175,-1.6291590680988242,-6.920416344298575,1.1326932676788977,18.263270714062642
1,2.1674227825474315,1.2104284701702015,-3.2690056624832065,-0.6061060840409241,-1.7981095872312127,-1.343494279699,0.34302166253489363,1.1589240974468467,-2.552609564872185,-14.067251790018052,0.7784519446745691,-1.516703726666423,5.441633024537305,-3.973628339317157,-1.923038929236694,-19.945950457962418
1,0.7792813482337161,-0.675997172702169,-0.699764348926084,-4.751007516790222,-1.2603988993125181,1.684953502388551,-1.3886760442417136,-0.3505168796562844,0.5596257101754656,7.629915173418868,1.3087122533956248,-3.2878178092649883,-3.9605658183561947,-2.3122569894256686,1.2876572889946838,17.877243834864597
1,-2.4545765639818677,-1.3839963356280733,0.7697902915891223,-4.6692563041343105,-1.3253192410224683,0.27324944875270846,-1.3547473322032575,-0.29939649072045527,2.3456255288251056,-9.12134018357093,-1.3409501249884208,2.2529845119427137,7.650912210789455,7.211291073659172,-1.3752651410248966,-33.780595038209086
1,-0.9242640926684376,2.704220082390244,-0.32596646290854925,1.2583367405454113,-1.6575299123432714,-2.8962839388292867,0.6199080633595271,0.410425545609627,-0.8240855675741646,-20.962558351528607,-1.0109250645657535,1.7384872502594009,10.743947043572804,2.4507462658200487,1.8070881663480718,-44.058963184524856
1,0.1660087832425741,0.7301108604442549,1.2310516625239123,-0.8987639894146647,-1.7171508153006463,-0.7043014719128882,3.809742578620273,0.4281509763204103,0.32200429869266955,-4.400987087584515,2.5967217053486644,0.021745146810534924,2.2149708173586338,1.4250451365235088,-2.196475769710829,-3.648925938269242
2,-2.3501007308738906,-0.5001691672338511,-1.3040475178399837,2.891189394483106,1.2295347023208145,0.19101953693383764,-1.8185547131397337,0.44002259803381827,0.5209601854359113,-0.25753283117273823,-2.536795747667666,3.760777901787715,2.4151360510936133,5.309937309926767,-0.05501563388371333,-11.674711177365888
2,0.3913288435538774,0.5247794980534617,-1.1980579868308647,-6.204553903868527,-2.996918144339666,0.3733480366527928,0.15384246909934166,0.37946185822368483,-0.7889899889437753,5.166277673281324,0.27582761081779344,0.5036790254929155,5.19026428494546,-1.3587211229101859,-0.005064405077321099,-2.31692993484596
2,1.7079503083496974,3.6761944352811797,0.10675193073179869,-2.602799268065308,-1.5046659880459805,1.9844987318160767,3.9131953194624565,0.24222099308294986,1.6794685690053197,-0.9344271497069275,1.6043133142824706,-0.46987043556575403,-0.7666483209655566,-3.4311368655177295,-1.5082202322386182,14.136187389326203
2,1.9638495732356875,4.406850019937607,-3.270080636130566,0.6529578069938151,-0.048449546902468624,-0.8384096809276695,5.477815375310186,2.228405036372444,0.36181322247323056,0.5839844533113706,-1.9275107571382102,2.5508635543990947,5.561829056076223,-6.234439199683549,0.4787856140630501,17.16330250762466
2,-0.8348261980008554,2.0920330615514153,-2.4991079594053898,0.9920837732465849,-0.6511416878362284,0.21063195833831772,-0.8904750561662513,0.8019966174889026,0.25335741849288257,0.06817435226868103,-0.2564904103365136,3.200469669646409,4.111623153797174,0.5017061794236787,-0.3252297075563506,-1.1649934280097567
2,-0.14511044796739386,-0.8316477608452636,0.6918910532246578,-0.7676391410664614,0.204314462403123,0.9738523392731039,2.2911440711735724,0.03515151804904204,-1.1862046522178777,-3.6747955029076236,-1.723457322364766,-1.3788483211361158,-4.093216717181589,0.42818062716093364,-2.66309903997343,7.5644512040530465
2,-0.46191378792325877,-7.497866771181303,2.388644273578808,-0.9375530970752465,0.8642143914260998,0.06049066727279606,-3.757890024564946,-1.3399142425381134,0.25450652544920294,-0.8106553000872676,1.099484740435443,-3.33860413343038,-7.054394193375851,-0.4089154080189386,0.6189067303828472,-6.487308022714937
2,-0.27534717481916704,-8.911842648842068,2.2997061586202863,-1.1582699791514715,-2.0728696737062684,-1.5756569280043116,-9.492089994589657,-2.3287208909178028,-0.34225156195625633,-3.6385811501348786,-1.7815907968903282,-6.159708797590754,-5.464141653060758,-0.6543826716323276,1.1101272373710653,-11.106786518649674
2,-0.8669384704722176,-1.6633077238561174,0.6603621366929009,-1.0356749997693702,-0.13010341291169109,-0.33162069113431447,-4.887143024310491,-0.7455041082183345,-0.6637983968776651,-2.989821725425709,0.8799204606850443,-1.616804393145821,-1.4796353205224615,2.2852082898421733,-1.0289449714341123,-10.722179716087789
2,1.7294234653677898,2.2255661399227455,0.9290826152631287,-6.832075275898715,-1.745105619044042,1.8387497130012707,0.21064196963393364,0.8747490391966438,-0.887865663640734,0.8202118649114519,-0.890926058392615,-0.3562383774562563,-0.584148887442955,-3.489879455747414,2.011926576954895,6.154370559461917
2,0.27617490556794355,-4.924843014069897,0.7283096785027262,-0.1320473060170983,-0.11773534638789349,-0.29195717231146384,-9.531869943103143,-2.602231279939293,0.54738146630212,-4.9483066830171465,1.8237518891036069,-4.483039392563489,-5.610445445505611,-0.06243241032241421,-2.101244566066809,-15.077969645087126
2,-3.635077885004498,-2.2552707587384546,1.6136168043815589,-2.664448740642465,-2.3519335988860357,-0.5309616728095546,-0.1900588332703304,-0.9758515130087778,-2.137765890909507,9.550178160254864,-1.128367960961429,2.084213187119962,7.86832756070562,6.605846296458053,0.9312799896594393,-20.825115049420905
2,1.7058428682261466,1.192556566052208,-3.386849967770618,2.2000522079184535,1.1498546597971995,-1.1504489226320405,2.3628906161147114,0.8041578645823138,0.7395260990493591,-7.024992145861766,0.4732014717872079,-1.379158500687996,-3.68909762722499,-4.729944659932395,1.7168660475387156,19.449076857909017
2,1.0211131804724172,-0.028635577731876315,0.12708916994120575,-4.8571422395285175,-0.8864135942653678,0.8541852430536323,-0.057330713879035454,-0.4110192442362991,0.03484161834968207,-4.417883489745341,1.4526365424835375,-2.656009654324547,-5.232353549842568,-3.089616961264716,-0.4912135468715901,9.781399925993
2,-0.8214271076029188,-0.33636507303716356,1.472718738493722,1.9299799322907722,2.775155538940863,0.8462251935673,-2.8133320836213778,-1.140697352800665,0.611442264597088,-2.3687081005549806,0.35674624508069525,-0.6679151229805912,-7.596825155296157,2.639403725196881,-1.7826612327598526,-7.909603140382073
2,1.49250222471201,-0.3760554653547487,-2.195636925105952,-2.9334597738689547,0.1352580396800019,1.4668040536820601,0.0966769433371524,-0.1960699249626233,1.1678497694866847,-9.312093087983621,-1.1627142706659013,-2.2405526838053085,-6.091070971884678,-1.9712161120723182,0.06518597346670155,11.731758785276918
2,0.7614224117555551,6.30867972743389,-0.9564333195897583,2.4613248745913636,3.6740881107072636,2.1235239865144218,1.0528155555350391,1.5826822034371817,0.2466200496014539,-7.905063985483036,-1.3101445752427272,1.764677965744008,-6.926580274671595,-0.11626023925082588,0.9964876166852652,10.771489709566499
2,-0.21151154762541272,5.584127295206509,-0.724166018541951,-0.5106691857678376,-0.041952072175875044,-0.1306951542371407,2.934161978856686,1.441942139326299,0.7485102211048966,5.621155607523447,0.0035820363928716187,5.121586502405032,7.396861325238821,-0.5189587760898194,-1.4490861188334483,-0.4080629703160255
2,-0.8531950262423725,-6.404929260767404,2.2754579919948092,-1.5268360862187733,-0.8339846886191716,0.0580753222071569,-7.7421351866422725,-2.3145876720157315,0.9120241607347687,1.6495534800915983,0.26593361282797656,-3.6721189133906678,-2.549662075435599,4.101958540333452,0.8478805457309353,-25.945776873369365
2,0.8119342049611327,-11.74971521008819,5.561838671649432,-0.6675921063708316,0.8202803249947491,0.045887998202287936,-2.3931716938666234,-2.425160440426258,-1.4139106499856422,-2.4055157489732397,-1.2085385596646754,-9.241329515894323,-14.55827748289608,-1.9315782172724483,-1.6937264261512777,-0.006442587951014626
2,-0.5079452297711113,5.022684272917016,-1.1950006094044052,-2.3851268183207712,-0.6283239306130374,0.30161525617118606,9.056589183224496,1.4669960578970367,-1.7989301584866557,3.8032512477519,0.06172073674393393,3.7570955534850854,7.802044595317089,1.2875655929006267,0.14281306270912547,12.821390297909861
2,-0.8311231257247577,-2.4391114633872877,-0.4499389441821113,-3.659411063272193,-2.722061402902,-0.6866630356346488,1.690473882220963,-0.09533158936776336,-0.5515825493171604,5.284700925932473,-0.1347714768547827,-0.032361477970249554,7.386079589888778,0.21151543703450154,2.615811254592287,-1.1224994791807306
2,1.840474389366799,-3.4889820318063345,-0.7962307901793583,6.928594815992707,3.016634794486053,0.24533227079989756,0.4846868987010362,-0.35783413246680496,-0.2487571728407607,-9.282439644273905,0.36714644400783225,-4.783580716677012,-11.65964694813634,-5.028759808804726,-1.0607850920581454,16.9591599688749
2,-0.184015048021112,1.7844156982911283,-0.6800540162923246,0.9202302815726962,1.7502603970042483,1.5281730891805694,-1.6373895514486274,-0.26233543002628346,-0.1290050544230792,-2.3732699689724868,3.2017308561089908,1.5977989147492953,-1.81214633577738,-1.6200028965977125,-1.2572090377481004,1.953167540234788
2,2.515275909779142,0.7569751796154489,2.1318736615778815,3.0563375767841965,0.946585225075715,-1.1067874970447606,2.8473470603022775,0.2625506281760392,0.9660992488563096,1.00070306399325,1.0816640127575579,-2.949300645005978,-3.927180608752029,-1.2932279505610884,1.4057891621037804,8.159781219783655
2,-1.4648745413538065,-4.036092240073925,1.1313784602911776,-4.996859109772578,-0.2940330671578699,3.733446239589748,1.1974301346365361,-1.3942516221049281,1.4022526556136916,-5.3895651625027385,1.1758216419327232,-2.593276065095748,-9.564107668760682,1.9362135800263838,-0.13960430176019323,3.0945302904389997
2,-1.4836607568054603,-0.357274467566972,4.162233676489838,0.49672264885772144,1.4989823769726893,0.8708669868503175,0.07842717419732897,-0.6422360784909238,-1.0702652184304826,5.47170041263019,-1.28569520338932,0.8960290911735709,-2.3033164157797796,4.956357718161074,2.675373961246836,-12.189648818344967
2,-1.7412735605980638,3.1986913793686087,-3.5109680664885023,3.1093150888314804,0.8310463029312825,0.024029091905823922,6.3587004076383185,1.7415150990617403,-1.2044177872356652,1.0652702838068755,-1.104237995975391,4.195785787888917,5.53835432536067,4.174958202427227,-0.9945076357239495,5.031759802779298
2,-0.9492095090618065,9.545083246411442,-0.9652659068755783,3.27398984895112,1.7392045380371213,0.4796019970582221,4.882375514406945,2.646502459113912,-0.13570858592269433,5.772981782481821,0.43441660902341506,9.273936007885101,8.508605014211703,3.8122767352010203,0.29829873204650337,-2.916952875750498
2,0.8450781502533128,-6.139188049041212,1.2015533631694792,-5.169148968159845,-2.8406642321611097,0.15984807149484456,-2.776201955091318,-1.5608196641820444,-1.6144111092742683,-1.2387344188022082,-0.4331875172107905,-4.972160613964441,-1.523147859665694,-1.5516911704160483,-1.0684876266743315,-0.15396691628201947
2,-0.9081353091935302,1.3039097888581257,-1.0910709093787665,4.957058368425509,3.1204331103089493,0.4982684984102205,5.573585310342043,1.7329938147066763,-1.0592818434629083,0.09554996866318305,-2.0250540804093555,3.2641914199856275,-0.24931147331772302,-0.7199058679872656,-2.816178064193895,11.124504183247609
2,-3.6031708960409214,4.162779645707203,1.6094793147477304,3.576129349138551,0.6317091509359837,-0.7950739628222766,3.080901950319747,-0.0878906704027528,0.42917882280757597,12.682112765555217,-0.12287457871835837,7.37525231423239,10.75138920560511,8.445743156554538,0.21224438658643288,-20.940750497181842
2,-0.13812791585354448,-0.2950459132986263,-0.5933096383161065,1.6968459005956258,-0.8696954552023035,-2.0353552194356745,0.8691713381170603,-0.8416773059529221,-0.3040199953172053,1.6189028578043387,-1.5827225664737206,-0.9580440233720169,3.6360084361195733,-0.25656407850340796,-3.0692710551218765,-0.04737166277630155
2,2.0460360713315953,2.8151126168291825,-0.16132353034251157,4.319883622688562,1.3715243669703214,-1.063710596031471,3.8068413670870465,1.3926138010629385,0.07230504231583627,-0.7344441461853392,-0.4029955669318274,-0.9308670853424064,-0.5409608157051297,-1.563222613089709,0.2880806285785605,9.448645549922713
2,0.2663102850500946,4.439465433266579,-2.5323546322868267,-2.130440454453961,-0.234501322637231,1.1604489308686516,1.1301701202531298,2.0974339685991628,0.6221669034251095,-2.7867829946008946,1.7491289221061312,3.5792647698072715,1.9520033947277475,-0.8524096134619261,1.401898354934535,6.3309594605462145
2,0.29942324593555253,-2.1957748748406734,0.6598899682809676,-4.077452016121239,0.5555084413983922,2.562263056713915,-5.458898707436654,-1.034195873965108,-0.2905681396194818,-5.694693691807646,-3.0954725140543036,-3.2580183578604216,-8.144402301461293,-0.689262719962553,-3.3943256956862555,-4.009085653455791
2,1.490384402284704,2.577419828365838,-0.4440988843519567,6.869087482669907,3.4191233978708606,-0.7371595913645363,1.3105469782270673,1.7564132721782502,1.6487401642668886,-3.9554504641030714,0.4505769754326379,1.8665626318299156,-3.896918912987103,-3.5578873798785775,1.149908182689151,11.719235369321522
2,2.5981708673487853,3.911667958097266,-3.274489932144805,4.153105598079507,0.569416025135435,-2.2844927611194352,-1.2690209017469105,0.9898985073845964,0.05691379200518813,-3.4399958842032587,1.5852594587449156,0.8849342365862226,4.027939750622137,-3.7543649584396555,-0.11658707918314937,6.700985646309383
2,-0.2290243207526427,5.58051252864622,-1.132401282200105,3.189880093866436,0.15126441928522213,-0.8170773944229657,-2.891852647001163,0.16346240299265627,-1.7694810247097628,7.0527926815739,-1.0418579679397357,3.078373770975338,7.3875430256613255,0.6885137666600027,-0.5577846785764097,-13.751851665581674
2,0.11548608795027324,-1.669415470035038,-2.13362306329868,-2.2144685329289473,-1.347125118410378,-0.50798616472653,-4.340990239968542,-1.001205420788634,-0.46627836650167,-4.66639449778294,-0.6099455032198262,-1.363690559637878,-1.1325295978544487,1.5537238793043244,-0.7991183101110101,-6.213373102777158
2,0.0336912960159733,-0.27696984869396624,-1.3750836369755235,-3.568933741517493,-2.443652374481389,-0.44649711942432835,2.236516980312208,-0.8747418062383752,0.09898702406273241,1.4833208616828997,0.2911143814400232,-0.38094287381650604,5.65328353498939,1.4395380185631845,2.7191826719261125,0.8145710263715623
2,1.224337684456068,8.219845771067469,-3.616857104820302,0.5950312772439925,-1.7691862484759073,-2.1620187422907207,2.3065810018776816,2.5386697610578906,0.0792496518537272,5.640059468677002,0.603174681727663,6.332193461099408,16.218548560294497,-2.850374736781189,0.5070550568643339,4.220888304260609
2,-1.515735127778015,1.8693273825384187,-2.352892376775355,4.354045458841039,1.5828496669027117,0.031490904858729886,2.1012431822927886,0.2906611338253081,-1.1565506959586718,-2.6659044586453766,-0.45796751145389164,3.2728501577391387,2.0450465621108296,4.1199435401746,-2.066525730733368,-1.7698132465882197
2,-0.07818791406062892,-1.4495523277397209,-0.2407154352959431,0.10452757508970884,0.5084021650003494,0.07427793095470973,-0.6385062518769158,-0.7747065340893564,-0.5248487544147387,-0.6624514107628262,1.7216688791608723,-1.293167144372415,-1.517724122760639,1.9657530929456926,0.14344474735146087,-2.624989650916569
2,-0.4993964319411885,-1.291178367434913,-1.7923903729310962,-1.0937642102171157,-1.0036840999553298,0.591492593166048,7.441402817739228,0.8123453914259969,0.7836302212122389,0.011627353625333224,-0.7628681999618969,-1.2195749607856452,-0.07221893254855818,2.9705663622541083,0.20303033292200437,8.798295340680284
2,1.8128926844163014,-4.138317166294791,3.068693067468984,-4.607156777087565,-0.8737689597778612,1.4604764868404927,-3.4208441151411035,-1.3715492881885205,2.6097972953518953,-4.23678651816428,0.7023225799440447,-4.361953571671172,-7.813558260517994,-2.440847150409528,1.5777645303290875,3.0831424474568943
2,0.9808816628392614,0.42121344685817136,0.02634538827744721,-1.2296769625157484,1.8701568393846446,1.9418015935760633,-0.8982649858213333,0.8979519053581231,0.6830613730413996,-4.065238024291975,-0.530467837046909,0.21439300145149845,-6.090209515368319,-3.1254691526021583,-1.158016238560232,8.822524396568202
2,0.17201266345931165,6.527252528520072,-0.5436081855532705,4.056812224683331,2.8510476498674064,-0.5465194434519071,3.935453432909109,1.590948423948348,1.1592106599606973,2.10106645235913,-0.9286363113502526,3.9366367902545867,1.8618660289821605,0.40607479994676127,-0.4006438880373881,4.42940340105666
2,-0.17983359469979393,4.433216782278046,-0.3896753512261498,0.9581527905819556,-1.15785178617241,-1.7937657560754672,1.6972722820332369,1.2049476024615,-0.6065399080291475,8.36129096836057,-0.3616468873451587,3.645954417699304,12.906341319485946,0.6590413246881753,0.0834262819416999,-5.929402758655511
2,-1.3975794001860362,-3.454992445119027,1.0099012871576094,2.4004462208353257,-0.31124566511109353,-2.157569562888428,2.0955961561706666,-0.33874723131533024,-0.34265805161234614,3.629693250049615,-0.022002930467980006,0.7323742671275325,3.9213588461646967,4.158374946668646,0.05472975553597308,-4.9713101393639
