,0,1,2,3,4,5,6,7,8,9,10,11,12,13,14,15,16,17,18,19,20
1,-28.542010073442004,-1.3704959635869585,-4.975315768524497,5.15397802471823,-2.058145360287401,17.673128565605552,0.4379294255489938,-0.5011090343117084,3.931052658786861,3.8720579172792293,-0.3550206649355082,-0.7940060642080137,-0.8847172453168313,0.59026150560041,3.193613659576458,-2.561009887190614,-0.3661272319602216,-7.737180140141202,1.4016597399219963,0.8674076576729862,1.7633391924303998
1,-12.79661826001156,-0.6669369241704686,0.5126283237004847,0.08419396291852307,0.49322555832368353,5.009014978162419,1.178107757421743,-0.3270788365778982,2.0678972695324522,-0.6724241251709353,-2.807202221333095,0.8924741901377651,1.2373401113527052,-0.7897023604005807,-0.7368015738785829,-5.091685588924108,0.14130565179027615,-0.5455710889242733,-0.7372614717951443,0.8011360795447354,-1.5899238895799652
1,-1.5550145463667284,-1.277469346978168,1.191216958752572,3.823513365868228,-0.3725174536553543,2.4477776686959407,-0.00013452056980060718,1.5515638903657252,-2.7735293245395725,-1.8254782933802298,0.07734204874137374,0.9443932789521383,1.0632962160755468,0.21413514834693767,-0.5037480696459748,-1.7640289662898097,-0.3015806521414907,3.055516764517494,0.4550759974465598,1.4123192966576332,2.011842368842212
1,-8.05639330160759,-0.7069620869497428,4.571839418900985,-1.7805124462518993,1.7835457050020895,-0.49351157431077153,0.10904705004206235,-0.3317288250130406,1.102963622609802,-0.3159706876266675,-1.3544798012091879,0.9817655579602848,-0.3170199861294578,0.10201663549817432,-2.1578598725865024,-1.4647835842206591,-0.14935197099077313,7.849415391058843,-1.0863146416011398,1.7428210516595044,-3.566997363412666
1,-2.268232804558517,1.811073254467972,0.3739290015591547,-2.8861838689910666,-0.6532973564709352,-1.1686329537127345,0.6265406711188566,-1.0252062134085511,1.9483643922734655,0.05982601611168538,-3.283964038051604,0.005589431380871611,-1.2896674615258183,-0.95628367288967,-0.6143208768307712,-6.0025392501236245,-0.37079304541586905,1.4434027210668545,-0.6784711951261626,0.7966143067624611,-1.9568639647672754
1,19.071487224936774,1.4646255335542218,-3.526294393218014,-5.641565866225634,-0.5820541474580039,-9.494417745263222,0.031841351922540784,0.6561559630033864,-0.45332090319085416,-0.002892778368239382,0.5042920838761958,0.48509200308081496,0.878265002953065,0.4358787179543897,2.0117012332998145,1.5515451266797864,2.036840549286235,-6.510115748425314,0.8254061985546293,1.0820558706595995,2.367454368076193
1,-23.151313537958966,0.7953915519189315,-2.488198323113539,2.4880196073597967,-0.0005763095820349656,12.249183469392861,0.040171558563261996,0.3525573853639067,3.73967179255776,-1.4959704275742627,-1.5803515440571558,1.6873238749424997,-0.7363075448491223,0.9000358189136385,1.665974617056104,-2.6993451012567458,-2.7866536282454084,-4.213590903406958,0.032732183657093405,-0.0713133495870307,-0.7747317079212749
1,-4.026317838681863,0.06154220767015444,-2.432488558881282,1.1928224088428039,0.5073732052009413,4.6953568810371955,0.004282650586412835,0.30379435997272175,0.5281948307830745,1.3848282571580282,2.917463949955302,0.8202881635500548,-0.6339621056785495,1.0300959199590731,2.2265969548907067,5.893942484783711,-0.2464534386848676,-4.618322888561512,0.7262769507718037,-1.612701597529315,1.2813803821336258
1,15.867939968246427,0.035198156576802316,6.88811302911348,-2.827993219096322,-0.4206804438626862,-11.636363602524614,-0.037021039610106214,1.2205326819905118,-3.860866884360372,-3.7819328895652045,0.9327599854726095,1.6343390658844346,1.1753015411036734,1.1382582046126928,-3.5517165015324683,1.562504106768313,0.5049785486149262,12.342678954062002,-0.7841282273710487,-0.7622005180563427,-1.9755521360158406
1,-13.330734137808058,-0.10080237600504885,-0.38385118295548337,2.805707528808492,1.062170755067425,7.018634461763508,1.5672418616829569,0.30088933240886456,1.610864290407536,0.7303775276843795,-4.896697165567769,-0.5206100356641881,0.1384892055173271,-0.4753129610867077,0.1908513178092605,-8.210176042700272,-0.8295245272695627,0.4664229188702667,0.47806512672387386,1.0863431394535927,-0.618366582108801
1,4.058954707802733,0.9584036214157529,-0.8407637563735423,0.4816672444563754,-0.5456819518334315,-2.119508472039466,0.5101856240239492,-0.9450114255040216,-1.5569945697342973,2.8274183710917797,-2.3063308471978594,-0.6602401257276029,0.595542499267813,-1.1795102686661068,0.8862067495665292,-4.710249592600287,-0.6442973786375473,-0.6610923537688164,0.7623175357914056,1.092560989210483,1.0376781011234222
1,15.017376461176937,2.0039733324399203,-8.912263622104197,1.2312790108754164,-0.9542129147097048,-2.2553733924998265,0.6004247556240422,0.24027577365447927,-1.7202559203496155,4.182924367112765,-1.1399122160236255,0.959478908885239,1.1453919148467304,-0.9698665559229184,3.7468834542554923,-3.6478188314096216,-0.6269811304879213,-14.020314897771543,2.432178566462962,-0.0040721922590281085,5.488218567403135
1,-9.23558344221091,-0.6493303899561655,1.6683287146357884,5.9523669833027375,-0.9313361536113237,6.522030436890107,-1.1406771543541336,1.809587240095717,-2.2504342354915674,-2.793078884002217,3.6188180176846534,-1.2729068012876361,-0.2094483882302546,-0.7817942360624816,0.26274644143507736,7.12298182802223,-2.1851661640839373,3.6248704940657617,0.32574935636193997,1.4573903743949224,1.2749552744454244
1,10.761838919539406,0.015233891637809558,2.7149407363933826,-2.569937982598671,-0.6140244408356405,-7.881121628124621,-2.503895046012519,-0.11172832589521137,-2.2917710797767428,-0.6968059207529994,6.923580071456506,1.2771367083341998,-0.8906449186847681,-0.6901006390226665,-1.9655402293064903,13.514474851773008,1.3592590637565019,6.82285553767308,-0.42581429772975626,-1.5872150282598785,-0.3850142269804839
1,-4.784930883579901,-0.6268764325404701,-5.091963042272536,5.936166534070325,0.6143673368389263,6.430873176996817,0.6383169564101221,-0.3042193027201705,-1.6008016866196437,3.2337242342654773,-2.6859495484628217,0.2010927075732297,-1.5235019874665727,-0.5974991330704773,2.2664895014190014,-4.560565794507501,-1.480099251541646,-6.07790501911544,1.522181279823312,2.092575312581011,3.4305533624234092
1,-26.955767802896926,-0.45359984670046766,-1.0514177089037098,1.62164975199231,1.082721464072316,12.651309464559677,0.07406318021226636,0.9829746228451748,4.286175666559925,-3.3051153037226957,-0.43058619853842567,-0.5497819435784751,-0.5905420446698053,-0.8594589948380343,0.2834374254263111,-1.2442052376518917,-0.5965050411042511,-0.9862582532140414,-0.36993030621264955,-1.0181553736240225,-2.071957652804908
1,-27.05456974896386,-0.3839409474413357,-1.3644321640656838,3.0458076699357943,1.7524390063181134,14.306933563138614,0.1240646078201081,-1.4934804513530366,3.9412022416417765,1.3724108631593572,-0.3279526623898224,0.5322590704643498,1.3065458280070423,-0.8906171834459915,0.5192512585965379,-0.515644383187186,-0.9562120293995221,-3.6177550751706007,-0.022335540007967836,-1.1542707318440377,-1.4425993065608345
1,0.5597656214365151,0.37758544038190156,-1.846610965924149,2.279302721467165,0.8840811145754933,0.8750590015316421,1.1901293762368845,-0.3855829560701354,-0.9116798183806156,1.7596663158867198,-3.529264029994929,-0.5252425960797424,0.17795913867262025,0.3516463848012739,0.9494961637092111,-6.370214423279782,-0.2804841411787121,-1.8391518791641996,0.5816435223097081,0.8427912650217432,1.5116423855635701
1,-4.88841820392768,-2.247693405925852,0.561761956880791,1.7280326616069464,-0.9077957673896144,2.8817581062845603,0.08403472889651685,0.24785533601751084,-0.1582552228668585,-0.4049299688090873,0.936673709977923,-1.4340267447713186,1.3172953092175181,-0.38017641805675645,-0.03128650779082476,1.054649246697107,0.7265673059576381,0.5599825792406982,0.11738884819646495,-0.5185395236311583,-0.25964029190334004
1,-33.228691421110064,-1.9628902021880095,-3.741443536702621,8.158521246612942,-0.23547976755068042,19.342632614041715,0.571563250164339,0.6302042889795286,2.6929407716917364,2.5349690810109453,-1.8915966489916602,-0.2716515995039741,-0.3902258893161493,1.0450005783629064,2.408896502941351,-3.3523523146246514,-1.7512265780050478,-6.083227424178929,1.632143523793044,-0.8576912740312076,0.7591516063950756
1,-0.30888758046443593,-0.20553988414555013,-3.694655259734459,6.382062000711252,-1.1453249482740424,4.809091614044371,-0.19111258698256497,-0.2370190847527218,-3.5746918719376883,3.683093109602496,-1.4163713801789657,-0.009220181048788993,-0.2531225099720777,0.7616775254938806,2.0947102471049,-3.380703976942853,-0.5957639226190008,-6.00915215096172,1.869246716763242,-0.6042258784769765,4.420426060677106
1,2.622423450002059,0.631207964238443,-0.6719981639555346,0.3016170452005266,0.06537891372360448,0.22138385927844487,-0.5212139162676657,0.07874168940513819,-0.30602161653326737,0.0855590675139341,1.1682039265875959,-0.1900633060868316,0.5722524949370861,-0.38076122521458605,0.8339333424743787,2.8581654250909745,0.02855375670403695,-4.793670143893868,0.1664963620115209,-0.870148660339134,1.223789473512283
1,27.455946455016385,-0.49369617887836886,3.043609033724323,-2.808375481368017,1.1294566644925128,-13.421178298965481,0.6510990605608565,-0.061761385406534336,-4.135508481413683,-0.7595679033265489,-0.36067381979348945,1.3388484523612696,1.4315014931297005,-0.23858630065572514,-1.648391198105665,-3.352171846302094,1.3242993789828914,5.307044394357174,-0.33181546928816136,0.6159652276051049,1.3900991922645327
1,-10.923945097549373,-1.3325555836459244,3.0940870884420155,2.3309263506112616,1.1718794752557316,5.088244699536027,-1.27508394297593,-0.8713847017684613,0.4397749576461997,1.2908469916017686,1.5145219142182034,0.34209961018547363,0.3716293183524237,0.6933150216707473,-1.2973209359812579,5.2800082127690935,-0.3163437114775314,5.881065466752149,-0.09297231117132948,-0.2858625063042279,-1.917949744257915
1,8.056593024273381,1.3121475404075844,-2.853475351126024,-1.1620570985274952,1.469943637762017,-2.3905654292287237,-0.7955277269632423,0.194335428630169,-1.0387562096131426,0.736906894198684,2.4693358966934538,0.39373275967256777,-0.45022704076751163,1.4093993562661267,0.8624250821786292,4.688863422527683,-0.3426800373064511,-5.77911626773245,0.5396719527987108,-1.5176521285793323,1.5324357635679355
1,8.403580532392535,2.537464049557406,-1.268022871448758,-5.004810456629221,1.9824069817704757,-4.647742548036165,-0.5307463189769457,0.5355524047106657,2.2956964179859227,-1.4345970729328597,1.066243014699973,-0.4923008400183965,0.15512088990349318,1.2269193603251465,1.8357821782380874,1.6886731475390848,1.4695264614224874,-3.228016846676834,-0.10422270276377343,1.2255663967749355,0.8825959045067486
1,-6.043580849293123,0.1619645944357128,-1.4947578804758483,0.8929441931353308,-0.9636969415596237,3.4890935908902896,-0.5453033098276318,-1.4276816348472168,0.5794991008534947,4.101355995070615,-0.2889636530022633,-1.3382194821957496,-0.6185588077407104,-0.06943458685803137,0.6483333702188401,-0.6488151497833954,-1.1542312645429993,-3.6267597991198013,-0.11601397655169382,-0.3927561512454266,0.2570490978716536
1,-9.625660400971494,-0.98016456642997,-0.11924834198628852,3.010065025116504,0.48969281375464746,4.785560716396491,0.5892055930084481,0.12348171422779976,0.10262946618599257,2.522602528154013,0.25457145904567136,-0.2195197064557344,-0.3944092658351856,-0.7037704442161571,0.12140258822429482,-1.4108642232113908,-0.45856240124167985,0.8388926669186355,0.6051743686908115,-0.11119031604113631,-0.28363403699164014
1,-14.130666527210913,-0.43391349966310366,-2.336488812319624,2.9363453919270843,-0.30074488764001106,8.317129628887908,0.5379435263799804,-0.24829336102803323,2.269596391662535,4.2794302542784655,0.04187266078039964,-1.9511105573972907,0.5440835953309231,-0.5714441863358667,1.032988862525118,0.38813292241018404,-0.6555003527904941,-4.216338373286434,0.6718076269401738,0.025967022231903225,-0.09376145901857544
1,-8.008289910458432,0.8966238730672232,-2.0504876911797423,-6.005122249953419,0.3664239818959518,2.698998860199001,-1.4958142262340415,1.2858819154843852,6.065555123109674,-4.5319458808027315,1.911094795249838,1.1235522116125054,0.2235519646966496,-0.3544528734759598,0.7199915939599775,4.961035188572616,0.2548257560294091,-3.1676640043667064,-0.6963151701835278,0.05564008256845831,-2.6984637619669263
1,-4.638566214431926,-2.2709434011585863,3.6764790728369436,4.366368837846112,-0.35761920256164087,1.8868967875656113,-0.4200930407970482,1.4592216859301255,-3.655466584929692,-2.79697560107221,1.6413127027547734,3.0172432309481705,-0.12639685835282852,0.8822454738455002,-2.270245661795086,3.017388709772184,-0.9608918187378291,6.734849587276883,-0.5994398916203689,-0.5248491118816933,-0.18834780497153
1,-17.735975264489806,-0.9593031990007014,-1.0541000101629583,3.1475319141353664,-1.639330971248435,10.80815160951147,-0.845309097585696,-0.5244303357709226,3.010008509097568,1.637460258398865,0.7233727771778075,-0.3055347136196899,-0.09465304435559711,-1.0330773832599969,0.672200717642546,0.2810156369415627,-0.8574734291201006,-1.8173915510755763,0.3548616858537017,-0.06319783814328715,-0.01064397031374455
1,-26.242339030519894,-4.37988907969248,-3.8919933015667465,10.572171747727458,-0.3032866491447176,18.07170396131526,-0.6175960353426947,-1.417736721124131,-0.3296099914277859,4.716912273458555,0.35372398727375404,-0.7481006260598929,-1.0650928358015181,0.2851600569219584,1.5730492595891745,-1.6298269143583077,0.030965874988608456,-7.178269050542167,0.9754643439667618,0.4328625560081602,1.7194974274159214
1,35.64293734788179,1.8863005159634285,8.393078240729434,-8.112036176265079,2.040328771229906,-22.95816749171534,0.10988763251236035,1.1575307366049408,-4.138026218017642,-5.198037235336078,-1.693591538185015,0.9003480994760491,-0.9168215008254084,-0.4881214075690013,-4.531427753713381,-3.8630811121185107,0.5119061392089328,14.353833258535355,-1.8403692699951721,-1.317519222595866,-2.3678624240387456
1,-6.557129175902707,-1.2584062538360536,2.8287691819703245,5.314888139808506,1.8289374732564188,3.116154341971076,0.8830620442652835,0.0040148584788692555,-3.923165099188365,-0.15168850347534443,-2.37640869611912,2.1042120860534004,0.0097262340968381,-1.139035522052236,-1.1707437439669686,-3.6570255795655404,-1.9156796786087558,6.82525082231377,-0.24329160211980244,-0.18962103596745353,0.30744081052309463
1,-14.879463058536718,-1.101393669686848,8.81555955559617,-0.5767608582687845,1.5030260322396545,1.1774851477327914,0.5128714321463398,0.008485143825117817,1.404953376194675,-3.9398681300713956,-0.43360861785681654,0.9828504452358123,0.23035177889831318,-0.1162027143828876,-4.846165819566012,0.20338309124612775,-0.5953552111001992,16.56849414178292,-2.163579545609064,-0.14286051172642186,-6.181218059741344
1,10.177212802638136,1.0544174023953812,-1.541201475358333,-0.033804641494209246,1.5665284156765924,-2.032756605092045,0.2766120699920866,-0.5902634512428545,-1.3572901381845384,2.5312908497288467,1.4432567397896698,-1.1769133269086625,-0.9792890096116612,0.33741401630184104,1.1001505421383286,3.85573744982739,-1.5794472910958561,-1.672512590321245,0.3237524374465412,0.1455675272183829,1.4319915538551733
1,7.517733120649189,-0.22834760490714784,0.5350961749583852,0.7648880658327577,3.0051437327981625,-4.30247079178375,0.33467333515866854,1.002567723391353,-2.8633376491752536,-1.0082856356361152,-1.5290493923238953,-0.7283129301673587,-1.9941921199069486,0.1229233309541088,-0.4267917487779648,-3.573942827962522,-0.9710524497052765,1.8486949226612153,0.2674924469118316,-0.04339523875265192,0.5429566536733454
1,17.540901512750253,0.634293803915309,4.200531831549156,-4.609744782437386,-0.16574400653457055,-10.26091182572007,0.007673434818198518,-0.1747658846573564,-0.6102014364886411,-0.27734124870252624,1.0067759349998038,0.21469130832957647,-0.6347382352384258,0.22003693166168942,-1.5194897588849745,2.14691294127748,0.7350981061654649,7.183557650338365,-0.8053776109222497,0.7034670675411935,-0.6667261422151936
1,-21.2129780442824,-0.7121116532975253,-5.799238724363122,5.987147599196044,0.037740531521169546,14.630206458362306,-0.33257006273111117,-1.0887911051939052,2.4271953010574587,5.854907837259607,-0.19260737110537612,2.214410539108537,0.6952505876688638,-0.15542228241377556,3.0868575813115084,-0.13292318939071923,0.11623225949760081,-9.7427274749288,1.8020145500338094,0.7989506705548899,2.0498377557702123
1,-9.938356953770361,-0.7510174604246598,1.8737561404339824,-0.1477155806453678,-2.608204601775105,4.8726666147283195,1.9130619181849404,1.2827608328872069,2.6760219433861017,-1.7315615436051814,-3.890290562496674,1.6198157426754636,-0.30951384388587694,0.9690007689734215,0.012459115132548979,-5.896645511337453,0.303416322859164,3.537264870583806,0.5011690197386174,-1.3770499105337206,-1.9686195102486046
1,29.649083691738465,1.9426039114098876,3.514452185393148,-6.4443339408278,-0.6812753305459215,-16.543701081366766,0.5180263101136148,0.43386810559276384,-2.537148499676255,-1.2319497215632302,-1.2235817887823381,1.8982182324409556,2.371375830875944e-05,-0.8997009528601673,-2.5474702545575933,-1.1830544192823023,0.22311025684414498,6.838001459110658,-0.9881351626695669,0.659448162925659,0.0014913095787076353
1,-2.7834334495940287,-1.7355522309638414,4.023730087058979,1.009856912306836,-0.5350985623714136,-0.7230492528360418,0.021355955960733423,1.8015093274708422,-1.01811538722197,-5.5864347327429,-0.19957504770981602,-1.3739540581563368,0.9107405468161484,-1.0865761141317587,-2.266359857839585,-0.7194236489653307,-0.8913165276887728,6.860875164280803,-1.0108621566059357,-0.8781242347554654,-2.671729353859628
1,12.647504121562141,0.5403217755176014,-1.697080564687151,1.1007314023107466,0.06630309947888911,-3.2349714233283535,0.9553496182753587,-0.4339246266863701,-2.143180921406102,4.591762756417229,-0.6044054814001399,0.28926499482896983,-0.25778033840514364,-0.7743537688318347,0.8550584971668888,0.25234793919745485,-0.559573043339272,-5.482273057308658,1.0963750426121943,0.7254688716302714,2.4192085852633896
1,3.333717363691724,0.20523242288722285,6.76860774872687,-0.47569805442085356,2.2295245787948423,-3.33348260489403,-0.20961853420316903,-0.6226144501867954,-2.3404267182637173,-0.6644855091230822,1.149812901238735,-0.23560978968924837,-1.2987669930062138,-2.6420531978642976,-3.001204194113568,1.987549615504333,0.3148447326851107,12.714811066402518,-0.34874556153040553,1.0899619741140896,-1.0380553009040867
1,-5.041726165016284,-0.017304089352609145,2.8499784016025456,-2.3613981476466233,1.8395628688705659,-0.36998922739940326,0.6028910236152922,-0.07430904309944678,1.904226432747245,-1.6341661737130757,-0.3705093187901116,-0.4157066276415109,1.1577469189539062,1.3751908072031187,-1.9896778743488899,1.7964237739821123,-0.23585894281776731,6.002852497479167,-1.0881799313161862,2.582955103828949,-2.9229833235093032
1,11.273732850983652,1.0886409094173903,0.9666931314896188,0.1884516241121349,2.3716066520275048,-4.424865303831998,-0.06331864383919791,-0.19905991446840923,-3.2113211938720165,1.4779916485988984,-0.24827012102432683,-2.157160079301648,-0.5198106680371308,0.04391119734442916,0.9121855144606325,-0.5268543959451292,-1.0676437094246967,0.088432076378687,0.7086140920024936,0.8124557486453858,2.06489682723961
1,-10.689943117693504,-1.906621620802666,1.561183435219337,3.057077046907884,-1.9890049114671926,4.7632800337982335,-0.8430899008882682,-1.043056238636624,0.4133151498014973,2.0615443508562845,2.470300829909248,-0.9719969429759734,-0.4596933054720856,-0.8061866736028791,-0.9483444204309512,4.617098350304709,0.362877781625076,1.0071353564129617,-0.032862425732269475,0.9743491874182446,-0.8760213287602205
1,5.054909237042486,-0.1642770501301543,8.684634109000518,-2.105494284099043,-0.06550849970626278,-6.4279387192678366,-1.3873618329586015,1.3152298753982707,-1.6942337485182004,-4.573316899463607,0.9295768804351688,0.3238830994787799,-0.11875653980247584,0.3390033689038339,-3.5367429788090394,2.556906318812205,0.3750794835614838,17.86490567104959,-1.52692675798862,1.8053690438359355,-3.111188676054287
1,-18.88664975183748,-0.06828475383831129,-1.9189941065354148,1.1290310986704437,-0.6488836297347987,9.3712491933862,-1.3164716539342523,0.6764321097039009,3.9925381438267564,-0.3449275423402644,2.6603439230822463,-1.2020734089352885,0.15356931609841049,-0.24410599952152148,1.4870722269299996,2.493730792469402,-0.04254560653200474,-2.7249689449309336,0.6164424756821375,0.20468279020585195,-0.8561137729034888
1,-1.3792016008432495,1.352427406926189,0.9576272595076153,-4.047596822937919,-1.1304316246296113,-2.46141171082872,-0.11948790338028849,0.7245766357419802,2.3596080907527206,-2.500728408436025,1.4021691071728821,-0.7419222398376939,-1.4557967728401306,1.5764884953235045,-0.3697937435181983,4.140888582680315,-0.09435621673122396,2.0478785953331506,-0.3269065995247611,1.1565535152791384,-2.3286414650510667
1,-20.089223419508745,-0.9263090014151134,-6.378939055481031,5.557590531658766,0.4304373579876038,14.439541555370067,-0.19897245482691497,-0.19880608489770132,2.047150336389326,3.1152901932732395,0.17990160062792956,1.7923000421427313,-0.8617084289773096,0.4375969920111699,3.795786434042206,-1.6585074130169117,-1.4406487328274407,-10.238943004779282,1.344562380910798,-2.0493543698935586,2.528101335733525
1,-33.14796279887851,-0.6892010726052926,-4.384235842495336,7.067147674725733,-1.052118668444966,18.95119452834431,0.1567601099753115,0.6437881915221149,4.990987272676712,0.470191869926111,1.5657049674366292,-0.16583310046357916,-0.13214187795132584,-0.2476838924059053,2.983307473030809,3.019756284588937,-1.5386299010178333,-7.265831713523343,1.130582117533239,0.6126203445852866,0.30088663621697187
1,7.902774873738033,0.6230862155083353,0.8307296449806554,-0.18838934677830824,-1.1501947031900104,-4.343785813418906,-0.11830535979615356,1.4776909416436779,-1.7457021622309157,-0.2387982787840807,-0.33590135451761133,-0.368719838349664,0.7939041556158024,-2.4360937131037774,-1.1347892148265584,-0.44081374785058774,0.06659147615406405,2.1606742683562623,0.47276124192693914,0.349476850882122,0.001161130430821002
1,5.0047749130435735,0.05723442689758561,-0.28330681564221133,-3.7419086118647593,0.9834793698314414,-4.095082443818596,1.4190645543609712,0.6347800772841917,2.0397015372505574,-0.7060136880693294,-2.4819753559445017,0.4554334740055896,-0.942038330715215,-0.5419395594408317,0.32560666265731575,-4.601752257971594,1.157269617991316,-2.8624560650649586,-0.10520306948865697,0.7941565976601078,-1.4888293368718508
1,5.392927447633572,-1.5490783159175339,4.020569951628829,0.3205357496575485,-1.231545493734182,-4.319275553849401,-0.31277233305880126,-0.29333675004012116,-3.0293520575268356,-0.01744484521992426,-0.8182808415292248,-1.380981937866875,0.7817618820802443,-0.3886848508045576,-2.5329249526985627,-0.8516938446180274,1.5918080565269228,8.17767571941393,-0.4936981994423768,-1.2988532907116856,-1.2125229844995205
1,-17.101608927893082,-0.46814042784569804,-2.2721011443450005,1.804388810725015,0.1942116626730172,9.217192987554899,0.4743273909144065,-0.5844801326661053,2.891412271268197,1.2726759613205454,-0.8823641994926732,2.513947189788371,0.7134266110801425,-0.4178546518147438,1.4085381505087866,-0.9378479279831974,-0.567592002293713,-3.823177959500148,-0.21757619257739969,-0.41417217362334857,-1.1538971901379544
1,-17.42443446991429,0.0887283461426825,-10.329673148879738,5.983165255052161,-0.41434430781217496,15.345443081762673,0.6439008286530525,-0.428329875132381,1.6243787994356655,6.6174216065703755,-0.08651259213566123,-2.64486248004262,0.18359871317472262,-1.4775538909993127,5.947477574962115,0.9774048376591465,-0.3190381478001486,-18.817239587312237,2.5860608770996665,0.24474935098124162,5.625055954261007
1,-11.620214323595109,-1.4091535883330042,2.9736478432350486,4.329226938884707,0.06298290829465462,5.84229403453543,0.17663046606039207,-0.2710107775073667,-1.0383694398697432,0.00032239969286550836,0.058202310193733564,-0.8528832281234089,0.6724857362049032,-0.8338766799833025,-1.658458609733688,-0.3631846454052232,-1.0207711591294706,6.871284057752857,-0.5492541448594541,-1.3790555380217684,-1.0050687067969137
1,-14.106427479596734,-0.6848035694670532,-5.225571092883332,4.423564584105131,-2.155632266367798,12.19106629117406,0.5376510477728019,1.6276309582901163,2.5551223669494596,-0.7280295153886294,-0.21657080942758547,0.32696559778625206,0.44048106893295286,0.996149414802834,3.7250823683991823,-0.25294796605864,0.847929624786485,-10.143194427041642,1.7151788974202293,1.1786606234792478,2.8517490516919692
1,7.310571141968523,-0.3934544493120758,-4.228600062335899,1.7230452424687452,0.6550649523077119,-0.06686653863451349,-1.043671591935257,-0.0281118420303519,-1.0550814832703133,1.2645322618286892,3.1956025874219787,0.6022703932100834,0.0914475345599107,1.187857396483913,2.622553293400213,3.843866613080084,0.5649722440326177,-7.466682778354342,0.5618509754699073,-0.7456800205789315,2.9834304199008748
1,-22.681021674213703,-0.4704399974649522,-3.2199512446860705,1.9448131720500508,-0.4551764670941851,12.33352819940161,-1.2260422294877493,0.15247039621874114,4.763718132104538,1.1479355684179542,1.9310603618056774,-0.03244912570762768,1.6276592929173013,-0.8906873679126507,0.9834738951872176,3.675616554426205,-0.6168742668399718,-4.088134438742839,0.4704424775603113,2.0704420400042416,-0.9393916046024617
1,3.730245877962103,2.886659845319028,1.5057245507354418,-3.4918435504922423,-0.7328650426690014,-3.931121246211654,-0.7984936201174996,-0.7899826777067611,1.2600158518579416,2.7498799291594542,-1.3847058244407355,-0.21141079356664522,-0.3903472616725219,-0.6405135115230401,-0.9282601010481447,-3.466385580074089,-0.4316558805287454,4.65438834945574,0.2407268513039681,-0.49049416520923683,-2.063868462481908
1,1.6951092114552326,0.7264253198559233,-2.721644144633599,-1.9491705715979213,0.582418794195203,0.199812325319327,1.5495431629594618,1.003446814746267,1.1080187992942105,-1.7410541060617934,-2.9421537402934614,-0.8976670164873415,0.7476213533483422,0.06030155763618201,2.120509397004367,-4.86683089275265,0.09468160784540541,-3.821957489785994,0.23614470868257323,-0.17590955713905243,1.1437776840821408
1,-19.331124534495128,-0.1414963648407422,0.41971105513934587,0.3855315061817053,0.8934329672928083,9.638843377825854,0.8079862617435573,0.7093706062731229,3.675881345845147,-0.4644487068152439,-1.4778071712796914,0.6022703652474369,-1.690859469615098,0.2818423888429177,0.8401815715073981,-2.4814673967219245,0.885935714995642,3.02768620093746,0.48366992715586765,-0.25646586868917837,-1.185119658705519
1,-31.5022569400089,-0.8579413088246235,1.747413460188133,2.386087464088748,1.0505916600823704,14.472406393848281,-0.19802893213761294,1.4272073254881958,6.343453124911843,-4.003692969532917,2.8836853990003637,0.36065234361373755,-0.6901669795035783,1.4121619474545961,-0.611124618673268,6.393954920307811,-0.7034034655833651,4.711115315140963,-0.46950348490309834,-0.7139480937617259,-3.363529441161491
1,15.352509549984918,1.9090824558674464,-1.2295937209747332,-2.348166712081015,-1.2974033064326853,-5.7233865691135755,1.994665506744598,-0.2851718602170336,-0.34772006340500655,1.8929879239904945,-3.6076358492694687,-0.5638370812694139,-0.6468764035575885,-1.0220753966472753,2.127334205755816,-8.212172679044976,-0.27471460742212434,-4.4357642287416,1.0056445781498018,-0.8372483289976337,2.502116965481161
1,-9.539025864360653,1.3874473939769767,-4.544987953719847,-0.09925024708692118,0.6122642971558611,6.885522685941654,-0.2760744943585109,0.7504937322739201,4.121924177620485,1.2561488985076508,3.6326245904753334,0.15542826042005492,-0.8010008132877401,0.05964712044646117,2.3558313064059972,6.882435436366729,-1.0408274479054893,-7.89711435341797,0.7789068273955945,-1.3697658526872998,0.8664683888886789
1,-0.8160666741944881,-0.42232253936020064,-2.057744938539442,3.8438503465625047,1.213782192214119,3.6293033181715812,1.2093486463007945,-0.8022582426407034,-1.4594256428631986,0.2519653221105201,-1.6955481365772058,0.2282422680120416,-0.9452391749156638,-1.6515458046229936,1.2705350846840942,-4.252620778364847,-0.6352555558777375,-5.350622435225889,-0.05400233151772402,-0.11225529409892827,2.083478508761924
1,5.251346694201372,-0.686779184033209,2.6599209098169982,-1.1705379797658055,0.5744322382435427,-3.8774119210519014,-0.9012430232898974,0.8250873254829699,-0.8441639429790686,-2.266257878220713,0.4737037051312384,2.9502959097878483,-0.11557559205944506,-1.0202950758364886,-1.3392751444398687,0.7905657771673921,0.344459910574482,4.884743960371198,-0.5206208551160683,0.8290252431776383,-1.0990167454724116
1,19.06785612613403,2.935709706176105,-0.2206582458639935,-7.1880900038444855,0.3135310195362387,-12.541956025976617,-0.4873408647019046,-0.1375619473179066,1.046008174021739,1.9906000633044545,0.17083758476260943,-1.6307529541128987,0.39707892724178884,-0.6092825962985634,0.25355820677585483,-0.8220335799109749,1.0486740149294143,-2.012177055211556,0.15814989495703838,-0.46697471258415973,-1.1903784787729523
1,-30.734862162096483,-2.5747530258991373,0.2050092343972487,4.372451298313893,1.6428605682906836,16.07149183061181,-1.7572401311665147,-0.7954602637747377,4.373429686114262,1.0732389535569151,2.167931637290628,0.15956945586942164,0.3529008586955528,-0.5991094178890379,0.18994225177783722,3.9520925490207013,-1.1048996832600118,-0.015550897899061472,-0.43548268131032164,-1.0046070276104284,-2.0612483042315906
1,5.694415938611777,0.16446605448412144,-3.9302380498587577,-1.6062367537998827,0.12241311908533045,-1.6524375487450216,1.8657431096310373,0.6260022407069065,1.4920243460953975,-0.8476734839294845,-2.1636438214901905,-0.15118351599096252,-0.27083154928103254,-0.42867626150654836,2.3438590603506984,-3.761343555619958,0.2719591821122676,-6.402978955649982,0.5666636912829244,-1.0391814950216134,1.6229807309041278
1,12.427287170366665,3.0193304197124795,3.8863708955967566,-6.035423121924022,0.16811999231846433,-9.734345864887288,-2.044432297077468,-1.2942606498069855,-0.6365956143228906,1.8128372908732395,3.2620104829141803,-0.23823741616264946,-0.5105509625965027,1.4448147808579137,-2.0361375894859433,7.937275004425426,-0.10630801250356471,9.527241591361358,-0.27248029939012214,-0.04782926508583111,-2.2174034440106176
1,-4.101364511037375,-0.6299847369010102,-4.588545392402218,5.219508548920121,2.7787218726305123,5.864776728387959,-0.21004523083216448,-0.1347123157858891,-2.00428601423583,1.4174101317962546,-0.6744116590062671,0.8969465905565537,0.4191133857594898,0.5127528016533408,1.7123047219128396,0.8798442234156016,-0.41139944456001826,-8.120021761542976,1.554824990366575,0.9247649416903841,3.723640688088995
1,-9.126654281252964,0.46744833985373496,-4.170784181138197,-0.2512966083850052,-0.012374425753954246,5.97966297773993,-1.1239762816139456,-0.20327711430276638,2.971937949731716,2.310466254513867,2.273624767340676,-1.1754716158605543,-0.20185932570657272,0.5630858178465359,1.8105945280911464,3.6934744308347325,0.49395304797898554,-7.336251252600547,0.5945352111431768,-0.7142771177712046,0.3172523196280529
1,-4.298519586415165,-1.2922835440637759,-1.0669057738022119,-1.1053005343574802,0.444679189556311,1.756126466857554,1.4605605546188483,0.2642315563063922,2.099550274184359,0.47673687514178337,-4.380435367965938,-0.6626418229830876,0.4299204992405742,-0.20520945375011332,0.8588126178741056,-10.007897148776413,0.9997248229906639,-2.1768661632579906,0.35556338604615595,-0.6189161319080192,-0.05019952010575116
1,0.5797564451599532,0.7364615207710532,2.5871114221770157,-1.1941478406877153,2.257482530807988,-2.212615618321781,1.123659315992842,-0.20458646530507618,-0.3107203459059587,1.8446252788296473,0.11193560461329832,0.720491944600156,-1.2400963907541145,0.742460722474698,-1.335187383205831,1.5211743785455434,-0.6948230737005439,4.469928559052683,0.011420709791650836,-0.39936374186399504,-1.4305631052332988
1,-16.705949148697112,-0.6052485985325746,6.654468753844093,0.19107819057635042,0.8825377946253601,4.425418151835438,0.6475169443195046,-0.3413584950189256,2.74709434064717,-0.2847455184464809,-1.0131957480402884,0.8835661534089285,0.2850818772460248,-1.144934739559327,-3.6349876193221897,-3.403004737485227,-1.167446260422581,13.038653549076935,-1.3136662452822865,1.6097828371714897,-4.799445157310229
1,-8.747589557985822,-0.49350454610758004,-1.4677123862871904,0.8702351052207394,-1.3518376539867836,5.30768508583612,-0.5802138191902497,0.006764628639839576,2.010199069402683,-0.5922961942856905,0.01899148725557274,1.6674245001827286,1.1442242889998315,-0.3297628603273375,1.6033767896421782,0.5156370882837936,0.41416044383086037,-1.5926894714651976,0.24742147304076426,0.3767168666077403,1.0212092089384222
1,-19.187077661958455,-2.985498480029472,3.2112404081683166,4.17146727477379,0.8411439474861235,7.729800569896546,-0.4118176675695875,-0.25454076456779623,-1.180100858912474,-3.077368034008046,1.6076142868210368,1.73567892068466,-0.025271446173729433,0.7490727239083087,-2.649357984773704,2.5120210552230393,-0.699206520855709,5.962181839909369,-1.5375574674876589,1.1599734229716023,-1.8344112646644748
1,3.978713895332304,-0.2746631492346301,-2.9881070287894156,-1.2536666735402342,1.9181248221896683,-0.27148390729241767,-0.45918544773053893,-0.9685341496304893,0.7763953953384579,1.415200985658019,2.6137795947504485,0.6299521678307369,0.6405266301122484,-0.8632217224688924,2.011676583338245,5.458731449848414,-0.11084647365795013,-4.855448396135697,0.09529852038857303,1.6522903639705175,1.0570858818685835
1,25.549499834505347,-0.0051572551661018895,4.225950656849259,-6.4453159178065516,-1.3625338430580607,-16.890647135283814,0.027545179932583232,0.6623829486074845,-2.931655880244344,-3.0664291071646113,-1.3250004840091052,-1.3137059369434714,0.5657920989286663,-0.5211628713734704,-2.7273672467627383,-3.2281278914739966,0.7372109273839879,7.708282888929738,-1.395825827967539,0.4445222636578553,-1.9272216334494743
1,-3.6915897017784367,1.4859999249053288,-2.65981011285438,2.605270345332124,0.5156078239596832,5.298164747271938,0.16927627999811978,-0.31310007228716874,0.4668119853206075,2.1526713368131323,-1.3766354709528652,-0.49100262432130254,1.0508743151715922,0.2528484514838202,1.2235805458121587,-2.51067150694103,-0.7751069419936477,-6.720065400604524,1.3322889179160207,0.046020938974331224,2.2024235660659346
1,-21.086999009966405,-0.7236499766114806,-0.813170355339929,4.280375867453316,1.2227032055596192,9.87727814033082,-0.6728378338815018,-0.29994862058070915,1.0020618120875042,2.0784062751915338,1.45317418952593,-0.014311600246345828,-0.46107912651217514,-0.5439204860954707,0.10691949758506816,0.7452030447756167,-0.2693160879929462,0.2663602766033881,0.632390770799677,0.27740562031815424,-0.8785320825394896
1,-9.447095667257257,-2.6622093449891633,-1.1758289260617338,5.988121428981279,0.9848822571143571,6.293235327695109,-0.24517499752153726,0.9933341081021911,-2.794904989306428,-0.709023485803755,0.04488862386080752,0.5000240303330672,-0.5576943146101067,-0.8524505350226774,-0.21384295205865617,-0.5898648380011022,-0.0886572113192735,-1.9356056082744844,0.6111580729253756,1.0989093515396013,0.9897171838646712
1,6.969380961763943,1.7880375048311088,-1.242337520220356,-3.4582619416433946,2.3044020711869977,-3.2862579765537725,0.6541338099850571,-0.46744326471623804,1.0166994352650616,0.4846552271492142,-0.462475526091627,-0.5095286876114332,-1.7964701358926831,-2.2103674479521196,1.6366497496346746,-2.400811331732438,0.009206029470587657,-4.967867323267926,-0.3331610418373664,1.0993557009357553,0.4348471945855425
1,-9.689437928678199,0.7476582191349963,-4.2783085217900005,2.731766788463615,-0.17067419430542774,6.880652262894031,-0.06694971858639426,0.6460514431293184,0.8138643228215022,0.44648972484460353,0.29264658986791736,-1.4755143304233544,0.41609423846953564,1.121263575844891,1.4159453757386165,0.9253676471289173,-0.804047792421047,-8.295553871548284,1.0647326162247923,0.3915948821019885,1.4206853059317055
1,-4.022839482645294,-0.841105551206961,3.8086306873284084,-2.8915665520372253,-0.3071675971602261,-1.3758885587339955,-0.7816469646154527,1.76381350268324,2.3137511215702995,-4.131272709730266,0.7427250919563676,0.04946668015843896,-0.18090587128895014,-1.215930539908011,-1.750993576563178,1.3956051968173315,0.5645366345310129,9.716705611730882,-0.8370055592024832,-2.6502340116908765,-2.37576272011628
1,5.0914008974912575,1.1557591679342334,-1.6923533570379239,-1.3971476168015051,-0.5733194132037414,-0.964615058818801,-0.2979392256647665,-0.36354696444046963,-0.33797406698866506,2.0357483133745937,1.7359764423529973,-1.9295937535522634,0.03985515083689713,-0.2538364572569362,1.1437543856207628,4.572914205390805,-0.6147241538204397,-3.264502204812783,0.3039211139669582,-0.5809659811143066,1.561095007016287
1,20.06833264306767,1.1515464476001072,4.531523999472889,-2.854927748932343,1.3232826308327261,-10.648519713166207,0.6017192592920189,-0.47662853881887984,-3.4302802329630717,-0.15861661887221568,-2.748554868807727,-1.5674554259846065,0.6815880073496443,1.8518758566704971,-3.1012485047014664,-4.454289549900128,-0.0049070206013983805,7.689220346793284,-0.4373591874461993,-0.564335831867657,-0.26395329232589626
1,-12.179742317977206,1.1525173701008655,3.644756244804007,-2.077725722654621,1.5842848091325121,3.4028462211197983,1.6472870916863591,-0.5657284137267674,3.9109868005176165,-1.52396401226872,-3.4846143798597806,1.7614061153229768,0.8922853686488783,1.225874643490591,-2.135084238873245,-8.008536857882655,-0.23276203967733566,5.917081066476171,-1.2679947844228527,-0.2550914987697547,-3.994634002902855
1,-24.921537078871708,-0.6555889915907153,-3.273604012896745,4.930627539087295,-0.1628791558450781,15.54493103770761,-0.12373887245297117,-0.6193185276584546,3.289712572919666,3.4746407216184365,0.9562319379826593,-0.2497604474427277,-1.1127444968008604,0.31068338873574586,2.0294380351664807,1.3376902613283632,-1.0976758320520412,-6.780927359902807,0.9610753468363846,-1.5794265697902736,0.898509602691806
1,3.1603795133643913,-0.7239555062086656,4.583273811485785,-0.5202730584363818,-0.053113159311993695,-3.3294854935205183,-0.3461885329198991,-0.061038602561453284,-1.8548264157606662,-1.4425773341888681,1.2931118892829483,-0.5588188502843875,-1.027644925591118,0.7973938612446939,-1.9694920572290013,2.982070342638405,0.3037627772805075,8.511043879815483,-0.6076238525607133,-0.4797621915565954,-0.8756208041996955
1,12.495763335468581,0.40269525751134805,5.274687182544931,-3.6880611503927554,1.2017676481282227,-11.002455427772352,-1.1321753137783366,-1.5277234244680833,-0.6178072865388757,-0.9856792972313025,2.2113706428625757,0.3914115057612718,-0.8646125288023757,-0.616636894551881,-3.331017773687248,4.344698819008107,0.1849829898854699,7.60888170406933,-1.6880910311918538,1.177865165797539,-3.4864980237061998
1,26.709720174020333,1.0612917798679007,-0.759676374379198,-2.985207818907526,-0.4470145955694499,-11.940107814392547,0.32307937603264164,0.03516054743357274,-3.7970627252544946,1.2158984369765313,-1.848117039709716,-0.2521254810449278,-0.6654044541752031,1.5387573256606764,0.6691444345634712,-2.1836523523150326,2.3136277978074125,-1.7965509792263874,1.2116505100943396,1.0958495017466667,3.1042749668676026
1,-6.101374887509062,1.8819041689141534,2.182905020878603,2.3228222735517177,2.1099427674248505,2.161024650897408,-0.692772382868326,3.221063498670868,-0.9315960166947623,-5.829554203639594,1.0067731399856155,0.31866278930002256,0.3611868190057168,2.5246437618106405,-0.5848473574862177,2.4915871894831727,-2.0087475681037286,3.0372438643077904,0.18839756680335656,0.4219376607187843,-1.0670988704514814
1,-10.313005207664254,0.9502386086359982,-1.1143964460814655,-4.002355081951861,0.40969563753302873,3.5068944028223337,-0.48202627536526904,-0.6261559328488343,5.407610338340578,-1.4897938240131685,0.7063509482324425,-0.8179344878670616,0.25260498073092125,1.0112005097283725,1.275430917642721,3.484264485270189,-0.07584424419593408,-2.6281129265718195,-1.150478067862538,-0.27426576495804855,-2.457338196582602
1,-14.363222048416072,-0.36137837599716827,-2.1513742528455393,0.3115109247720633,1.1755652248147337,6.618745989289839,0.21523074647947604,0.08548869216711606,3.7467850175758275,-1.0348156665606594,-1.7097062000869971,-0.20745273583353183,1.6499318223152732,0.975243573813774,1.1335337890426251,-1.3721132221488737,0.4906065273026563,-2.592661901588504,-0.2899394632165284,-0.6431242916944382,-1.3968060125621913
1,-8.40708344869267,-0.4177049953994741,-1.0632103507504536,-0.28826614511907533,-0.6810108891947885,1.934005866818478,-0.652645364729279,0.13406938737945143,1.8141323964004048,-0.2502258159278773,2.230612149106776,-0.46175159447373315,-0.1794210122375074,0.8568746952794771,-0.33871328519262445,5.3491160450690245,0.1832094815861094,-4.633833715477962,-0.23587391404494307,0.08402520898926504,-1.9093906390093087
2,-20.23300532800554,-0.47939797112428384,2.3570834074231404,-5.895382890673429,-1.2127930134909823,-16.202141534516798,-0.23119420619575914,-0.9356923518663539,-2.9024265154308684,-0.08105088112653079,1.200588551379895,-1.627773609380332,1.4920380125179735,-0.7336250579335599,-2.313969409619962,-0.25781958287647333,-0.5039884313321866,3.7396038431123517,-0.9569748398572907,-1.032371501229444,-1.0414733530521922
2,-20.729469943450276,1.2834952350333275,3.7553963800376597,-6.005737730886766,1.3834540361266183,-15.242699744151695,-0.8352289317430633,0.05948193258535448,-2.54528914754013,-0.32616865694962777,0.688411223668517,-0.4375241055048364,-0.0033296924619145747,-0.48933116223016976,-1.7967914407631902,-0.18698982462059288,0.16995824158917752,5.490588562698557,-0.35450079145711894,-0.8625207696083552,-0.9262017486693731
2,10.996229168203076,-0.3401083305265352,-4.006234998359734,3.460142349830661,-0.35673596722428774,1.7243940021055406,0.9375273941152467,0.18176349675816186,-2.9028505439686287,2.9735929273099444,-4.900002730701608,-0.8192251849965627,-1.081655815218689,0.2699488062883687,1.6981134528899662,-9.797727454491634,0.22920241756399848,-7.049771960937852,1.9363497234751474,-0.3435424001873809,4.292783069313341
2,-7.474092674486552,1.885578665227704,-0.672876090886277,-3.7509456826174103,0.8332064160690525,-11.23633701716415,-2.712468103285108,-1.4928233733649108,-2.30347365261069,4.099319502041536,4.887248109933573,-0.6777904887236011,-0.4327490881727003,1.2492385248733087,1.0692576908710036,9.479990551260704,0.8284409990391192,0.23504326045626364,0.7046785001945737,-0.7210516827833497,2.7215095070016497
2,-4.930945981767231,1.2210824800832225,-5.068903824916319,-5.393687122008868,-0.5015924817748459,-9.611239833181022,1.1640469741734887,-0.080263931718828,0.2807457706302525,3.2816937896261495,-2.9729085457079414,0.45201578275978865,0.24328357611600937,-0.9469514765830528,2.884722957631742,-5.424092901532696,0.7547282360718951,-10.155746142413602,0.8601906631903177,0.0823686921089824,2.786860147443491
2,-11.403952284553933,-0.9388252953756759,3.461884189314337,-0.6769374949820121,-0.4135609578218538,-10.428466500305445,-0.32449679737744125,0.23918406737904535,-3.912924228307166,-2.178987969850917,-0.32584935003477183,1.0133805484349523,-0.04754404097974587,0.4294681445373999,-1.599432932539296,-1.2486385721762787,0.2730456916977795,8.50722260381965,-0.6721648763766251,0.02980300199868115,0.2372019766319078
2,-3.5064650354190343,2.5324241146789923,-2.593772523517257,-5.382330774684734,-0.09605751093009979,-6.051567646789438,1.4980159379475073,-2.0496937934600674,2.1666349375077374,5.203691811877844,-2.0878720841502045,0.739422155864147,-0.12423307946220384,-0.14148831362318137,1.5065322852077583,-3.9316726865288216,0.3074558463294008,-4.288066492171181,0.16302105743628936,-0.41177939703042865,1.813541718136747
2,6.654496602623359,0.4617353682559264,0.8581680067865503,2.6006858245151125,0.49593502451123916,6.228855922472345,-0.045648840236415376,0.908732362410504,0.5521311112734055,-0.5818500594206851,-1.4969557027588394,-0.38615298191241426,0.8676796692154497,-0.38447319397346724,-0.09617776095630745,-3.117712751863529,-0.16105940059286225,-0.8219316948649268,0.025998180731258147,1.4242974469087382,-0.3810609410627583
2,-10.627747013155034,1.0002680520190486,-1.3094795498190457,-3.525702701898189,1.4269132160906295,-13.017318721813114,1.2960528025341198,-0.3558177024153624,-3.0152197469887017,3.280660690661543,-0.813832933780633,2.2056456224882877,1.0237770362642582,-0.5291235010135039,1.278875798825305,-1.5534294792158239,0.8288774254442218,-3.3153713013836374,1.3877489786826205,-1.1293546306077435,2.742317879555315
2,1.3686769236007101,1.1666344001082083,-1.766367405800064,2.6017860873903436,0.7253360766455447,0.16229213971095816,-0.09413125630040108,1.4794616422334785,-1.8635867207855794,-1.6636125271009472,-0.20580245342617184,-0.024758943541468497,1.0403446760202817,-0.736547737098991,0.8433419940506278,-0.7845831142232922,-0.5693606860994808,-5.03892505536517,0.44518594505607106,-2.1525805943140788,0.8907922491610969
2,-8.12171195627064,1.1425809389001798,-2.605010002028228,-3.7737438589305388,0.6913191283904213,-12.978256623546603,-1.3544039995069816,-2.1898069523597252,-3.012641053108083,7.225359954842044,0.6840990138479994,-0.2936852706372127,-0.7719923084454868,-1.2567086805373697,0.9525748339162072,0.5359382437010299,0.1879786528634326,-3.5908518650356154,0.6695714163983406,-0.12304804395247046,1.9908204718583344
2,-20.709503908520944,0.18897076316676858,4.241160758151402,-7.875162907930012,-1.4841349387880893,-12.93072765958857,-0.22183957210606284,2.053905391387116,-0.4401225222582766,-6.135285784999949,2.080468196864228,0.10913147391876543,0.7445705467726785,-2.5537631754659196,-3.3344353943324094,2.7458809438544574,0.9545493703967435,7.900498031998423,-1.457646798237473,-2.1394837734171035,-2.970324914097639
2,-7.572594065944844,0.6764268952030396,2.678782776984047,0.29731484422618293,1.0547766391956725,-3.821773660130979,0.7678655331404757,0.5862452079673927,-2.379626188503382,-3.930391844639835,-1.1583322493324955,0.5706749155572642,0.8484862730034364,-0.7916561528308091,-1.6352293450865154,0.13719340989125756,-0.3739429995323207,6.602917250876303,-1.071353913911779,-1.4105575938079227,-2.0713107080605084
2,6.397225344830381,-0.28890206675309726,0.12702627907999495,-1.551177053645644,-0.016654451323881825,6.309105015841374,-0.3180988316227622,0.8788135422437526,4.236010626869864,-2.447507280828771,-0.7770520649532302,0.4941880029694594,-1.49209557421505,-0.7482720577242703,0.6733085410807407,0.2736905970920891,-0.8972930602247919,-1.327259620575886,-0.5609018074362576,0.5370493383298189,-1.1737332411548969
2,-2.6937169893811683,1.7069901386662532,-4.31649404155735,-2.4409702122051344,0.9666644457761623,-2.735617609994203,1.0887330566764488,-0.2966267323392145,1.397142982812866,0.4282934414546715,-3.3387307101369696,-3.1054470259522873,-0.15077150337187656,0.026170971731974996,1.8838456600396274,-5.893984020743038,-0.18086547955060936,-7.218319276162059,0.17042061806763292,1.702737357993075,1.313778365483667
2,5.517566953877435,-1.449734808441587,-3.246818579336168,3.610281903050687,3.2568136620674957,2.671989468263207,0.8444670578398873,-1.3875258630106577,-2.516907090186901,5.590469333484852,-2.511597978256264,-1.0484310088157989,0.8142645509765186,-0.15272050675524093,1.700152357471916,-3.84776656272644,-0.27964700680797794,-6.160926615120727,0.7021039781843058,-0.7201465526278331,2.688891919852301
2,20.712592202533546,0.17023455064398438,-6.017844293970815,2.2536154052777193,-0.8876253720973766,11.407208817784458,-0.9345249658381617,-0.6850265973933735,3.583901828729874,5.484818575730287,1.347621143259797,0.8909934607971021,1.9478552921407033,-0.4089575999425456,3.5524815258186604,2.2154339934525304,-1.6694172201528479,-12.213207034961465,1.7258754677717665,-1.0819404237369383,2.752009275161702
2,-8.852497563585297,0.19558160819374168,2.401783291273882,-0.9634043836939202,-1.1195106350921793,-6.326803121479767,-0.6592597889966523,0.34066307222931685,-2.4522923830255148,-0.6257869223021834,1.2317853179164877,0.43412745161501665,0.08826551395765264,0.334504523753742,-1.3221724091538756,2.5308294505143936,-0.2812924104987869,3.7641118104693594,-1.044066357828557,-0.4843749738383831,-0.01963474767304971
2,-1.5843751065277905,1.0341875764120836,-4.580205381025009,-3.9563416257975774,1.8137273484568797,-0.9599560711024627,0.3523622785729492,-0.5109496064675269,3.6033448726129635,2.6611353647682185,-0.24224692540784593,0.12003707114045675,-0.3901281406139379,1.6646018027188365,3.3149936103099624,-0.5025459293751411,0.6041015997002537,-10.265137982073908,0.8034554843934691,0.46598783806363664,0.07120023532676921
2,-16.090754204136598,0.8482191235975098,1.938259056252226,-4.703753981849915,-0.07564138181783682,-15.33095705695382,0.8105749659028351,-0.15508290245791514,-3.749093319277809,-1.6788455359678949,-1.797696297460304,-0.6853624487873795,-0.801818378506022,-0.11609852953684416,-1.6952662047428655,-2.55478274012103,-0.3289492152309716,3.6013273993744,-0.1897893446949504,0.007381193392352734,0.5912340010993649
2,2.992023959694786,2.6390753210190345,-2.2003307470525924,-3.5142193624807954,-0.6490194646802682,7.571981749551992,-1.8951602016798264,0.2839781361680436,7.561561009800149,-2.511122244564867,1.7886027489769833,-1.6495481444970037,-2.0991019894537657,1.1039304305024,1.1142793486328422,4.730432968959261,-1.462224280608966,-2.6086030620132585,-0.9709826297314698,-1.543216038977002,-3.4128377253172784
2,2.7637736258440806,-1.0003739270186527,2.91327514109635,1.4950829568470512,1.4378878484975328,3.715179522138937,0.1232133327860817,0.0721849214626505,-0.058259395374630873,-0.3253191052301473,1.6176445462814326,-0.23457844952505977,0.07742298444448405,0.12968299916057094,-0.36370762659555017,4.380515362060457,0.5378511529839158,5.164083225433217,-0.06627440233637964,0.4919928139468071,-0.26308642127673804
2,-2.190491734380998,-0.27755380854331196,-0.06985073510216071,-1.5429303714559872,-0.14139865708455898,-6.602972094076224,-0.5503147367500236,-1.509321445165697,-1.2280350887672218,4.071532370556115,0.08702288367636932,1.6780028336632729,-1.1487488500093879,-0.5651060859084129,0.8271309166285747,1.9913260105432462,0.6167293590181877,-1.8171099576620238,0.6889780721663373,-0.6456202773421185,1.942925126508764
2,-2.6277029283419004,1.1711303291240587,-5.4102724387175085,-3.2609050401692885,-0.1351559081249143,-4.763270805734839,-1.2148373693313328,-0.2665465841375896,0.08700606528257103,3.1865652937088753,0.8052547178068244,0.7622494211742789,0.881255239241791,0.8938045243476274,2.4280855619579667,2.1354308354410376,1.182947503301176,-12.506782104228277,0.9371819461078335,0.5404918470501184,1.819127276796762
2,-8.958549524037252,-0.3670961115565036,2.9415022320276525,-0.005086774432627091,1.6389072812616472,-12.257766166161884,-0.39634976731507765,0.8186229742789344,-6.600400305760559,-0.4054223124945319,1.7930695342349785,-1.884933082979336,0.03126812377633457,-0.7723367719457692,-0.9661705157819038,2.233893692199854,0.8229965246818295,4.884462937171282,0.5532216699309432,-1.4462559689383572,2.9721995688463405
2,-7.08104397043378,0.09697213972334381,2.5035195482253,0.17612792936624153,0.712594966473845,-7.640817893477633,-0.839200296805915,0.9131601349292512,-4.2485360226682545,-3.8157937422875654,2.593587966797572,1.1779211687321138,-0.4429656033824842,0.856169667799776,-1.3289284829269898,4.868106196366052,0.3140043146151409,4.444133058832378,-0.880465865869781,0.6066847453508455,0.30644951454856867
2,-9.949402483990399,1.110313950107814,0.3944875304465611,-3.054584764422596,0.5024356519379313,-10.38514093576069,0.43060502644512,-0.9177876206015987,-2.5574540453256565,1.9703695197594349,-1.1714805726410817,-0.7384771779598642,0.40600365889627266,-0.08561961342027359,-0.21413771456425504,1.0715404289090924,0.026679488781758832,1.409667869379647,0.12930178503373974,-0.953520592368743,0.5780555917714221
2,7.485449424440032,0.594242682980204,-1.7702274152503867,1.8211504249894879,-0.6057029315987718,2.689550304108614,-1.0511327139082844,-0.5504962736496355,-0.5004900691918576,3.033240520742135,0.7282746905279833,1.5463256950708832,-0.41406093735998517,-0.5074268683700188,0.7894670072335473,1.3857318043051698,-0.5297788116497084,-2.131591383402953,0.6411063668904236,1.640885686755638,2.2138272035333753
2,-4.956105241111292,0.27459019673502744,-2.4491327481730663,-4.251893603982151,0.608502167201716,-5.349498760315621,-0.8200922592776171,-1.0695075557317235,1.2788990740133699,3.141802520399546,1.657680631764657,0.6247488393703516,0.2562676227159144,0.3873830483051532,1.1944718737430646,2.132525583717695,0.389021090186296,-5.308172533199096,0.046219286784121655,-0.09854956234642304,0.2627167314661552
2,-11.606232684784299,0.30441772323873295,6.231273643490821,-1.0633871581760685,-2.243968462108849,-4.386397879124119,-1.5294244352321407,-0.20655122100494144,-0.742992305811699,-2.9569445074451877,3.3015800140925347,-0.38594448078647786,0.24520992499429792,-0.919834894171257,-3.350612274293321,4.60943452841327,-0.25986658468840196,10.566171566651546,-1.0855579129643478,0.10979046675765848,-3.2982661693203155
2,-7.039590804562447,-0.2059147928743758,3.0064499144828747,-0.1785417630583306,0.031049999494884177,-6.283733968708091,0.3329339613329774,0.47871386407845107,-3.1991195234039003,-1.5509899842892796,-2.4070158353604008,-0.8470004983618951,-0.8742055220707987,1.6975260151564093,-1.6748078245290037,-6.166459006642703,-0.5582966872251778,4.909321082519776,-0.411141179709569,-1.8314551201824791,0.18248621696074255
2,1.4848419704239917,0.30107545182918477,-1.5291895812635294,0.777938817650935,-0.18849609131262102,-2.388915957857469,1.0625949239260353,-0.4615871716789736,-3.0298055633354632,2.464421558534655,-3.7288132101253453,4.158226903195288,-0.15896803740834806,1.0233017758559906,0.6356979172060103,-7.980441828990865,-0.01641992649083416,-5.181235874732512,0.7824068431986599,0.35819160255034627,2.2576000585187304
2,10.310341607066231,1.3239683341091362,-4.539324379518444,4.855356772563846,0.24983888835207269,1.8230288602875813,-1.071465739872913,-1.0461474744229144,-4.216692459063686,3.8929723498465187,1.5439863045095663,-1.3243837551763582,-0.6242568964235623,1.3125231158925796,2.350589770168145,3.876182074179985,0.3280684749954356,-7.4034625012225845,2.0435899388795997,-0.3920616970719706,4.9665458829713565
2,18.709936269254978,0.9613338516489282,-7.031743781660239,5.007017235756866,-0.907043710301325,6.59821900897048,-1.757891761839709,-0.45992517650739545,-2.4949767345477953,5.030623698708575,2.6594429641055446,-0.8495221073338518,-1.2229445216898103,-1.320193669577845,4.078963238520346,7.820705237590676,-0.7572592363059066,-9.59553442956297,1.710142967304118,-0.0498245794628621,5.725981412258554
2,-5.51108428245823,-0.8199590429112646,1.2100292958209693,0.6591035935520662,1.0227912470836684,-8.540373580235274,-0.44657255127620693,0.4886348808592668,-4.635727057191072,-0.2605066284140003,1.2601127997549273,0.28335520372731604,0.13725654566510226,-0.23441399346031294,-1.1157258316242262,3.2735096723654378,0.03661116655879623,1.7528937978906254,-0.16903493313858028,-1.1427219598142004,1.4987013435771395
2,-3.0984446666182337,0.8651935201802788,2.1908638237574536,0.6138626986891824,0.8063638803860648,-4.938914876780457,-0.43632447153008264,1.3987737683013188,-3.133697508767721,-3.1678020988341786,1.1988954538552805,0.8293364789336903,-0.008250370142379202,0.5613138416852527,-1.1333402181833665,3.5177203198095723,0.46647791727488297,4.986210405478137,0.19442541573971392,1.4457672108250827,0.49463223675800205
2,24.01210966114398,-0.6401583110044268,-1.4282268052293976,8.68345250395803,1.134582754685334,20.953848923916883,-0.2169950493043716,-1.844014884552602,1.7011803780809756,6.651395877653341,-1.2327555432851476,0.5626068134243586,-1.270191242357141,0.14782214465299479,0.9393296152993977,-3.2714063384804235,-1.2091182037372332,-1.9904113520028455,0.52454367850554,1.5163353731241056,0.1371320866113075
2,7.295457307028678,1.6771297489866657,-4.086773616987959,-0.06488200378552335,-2.2673981922568767,0.02664493362393099,0.41269828797779656,-0.4914253994425784,0.39456553160261126,4.3789458878533765,1.2521952672996153,-0.5021299899047241,-0.44156706300927595,-1.9084642217327632,3.0550788755893428,1.812288128046768,0.43903353144562013,-8.604868633929465,1.256955592254383,2.1137078171760217,2.8737303237521874
2,-4.320300736570523,0.31935189726396224,-1.4384297834286814,-4.75464945951278,-0.4200258229845983,-0.021163396498572677,0.5941860085024705,0.697416523514088,4.671167419175795,-3.0968302993851027,0.07322671369784343,-2.789287875617627,1.5636946725226506,-0.9042672221629937,0.4446758247187884,1.5237370994321555,0.1089545020395316,-2.644518162323403,-0.5588055802675475,-0.8033808061060121,-1.7661788548277353
2,13.621414793805778,0.5422882476490343,1.364526982158172,2.9896909694486067,0.22333543137138023,16.51248348331592,-0.036370995016552,1.3632626976801556,5.5326137899960965,-4.088869491653683,0.5356430103357057,-1.4588875187686074,-0.37703825671372737,1.2220202671478633,-1.3175289690862302,2.9768303178315736,-1.898896763740859,2.8203112846451046,-1.0792988816926214,1.2824465562830167,-3.827252620535483
2,17.567851879633334,-1.2345719967636322,-5.367199436551778,1.755181919534863,1.1043483153521265,15.671808971116207,-0.023762490040073626,-1.0502350617535654,7.474479627762445,3.030225690619423,0.09657015062658558,-1.301886117837732,-0.3414232191444896,0.11374147110448116,2.7459794525324455,-0.49977984471616826,0.12738382240469545,-10.429831609171154,0.6176586353191855,-1.2303956880753868,-2.0358417705119614
2,12.517947647333692,-0.6775768848944859,-6.927075621355076,-1.9915114858639542,0.04248988448971012,9.386267685943274,0.13612338650888856,0.7931938216747038,6.922822566647654,-0.01593928088960126,-0.6140636323675079,0.5601446978811969,0.8420611091947132,1.1106713968926258,4.037316541441388,0.3936463131694975,0.7425352247427783,-15.036863200160385,0.8783221520977155,0.6011561666837307,0.878615397573119
2,-3.291465357769478,-1.9971399820080398,3.9694260995500597,2.402115317916486,1.7893149729542763,-4.582856980814431,0.8526131956952422,0.39270960057675713,-4.862762273144205,-1.6865402956871693,-2.3009085790547124,1.4438892332508637,0.7885514195111331,-0.6138482929565263,-1.9315634250157077,-2.842119015695921,0.25649766937635543,6.46746247788785,-1.323836417500375,0.12489698011343046,-0.2181599874353356
2,-33.232897655076485,0.5005145673454817,6.736938406376413,-9.158399050278112,2.8887420675089355,-25.804662656066675,1.2595787744707891,1.9533238717470978,-4.4959028693472645,-5.137740041636795,-2.222327254449302,0.11850196520204323,-0.05087456229572873,0.8377469020915849,-3.5933888723468757,-2.6419902469510084,1.188071497939725,10.893860668639261,-0.797196549597286,1.9798726825009738,-1.7872426504991494
2,20.171327708081375,-3.551345374368328,-5.073073465536549,8.80446938943167,2.05982410350235,14.207515904866828,0.7569760525356469,0.788662200264481,-0.7274180533032918,0.8007753959121022,-0.22731874084561346,-1.8370376154819006,-0.4774194636235067,-0.8046113314703464,2.056663720182222,0.02493564548614547,-0.3259793296052827,-10.842520558953042,1.0947135390575118,-0.7900477344977908,2.389492775180969
2,4.6319961369748786,1.6484079610763986,-0.9075372844939955,2.477157611512433,1.909532951036979,5.46184204954879,-0.8653946516291142,-0.5736406286469916,0.2124768775352601,0.248882181272937,1.14659079868777,0.5959270403975635,-0.16899661217402182,-0.4407905939335371,-0.2653808731555612,2.7586436868773236,-0.9836630588048145,-2.7250242584684345,-0.27645729150163595,0.0656402920743451,-0.24246109849206207
2,8.604264123716979,1.4241288835984296,-2.952182157796621,0.2630361496797144,-2.193665043078861,3.4530423136071375,-1.1562599771885902,-0.45316040280561115,1.3434214641626838,1.4249505350207583,1.7755273150674848,0.5824231644163045,-1.125768005926367,-1.1556594095941795,2.1063584124770176,3.9924683956167137,-0.8230871338680043,-5.994192760843712,0.6703970717019488,-0.07900472655568778,1.3709701139055077
2,-18.467634389425665,3.3350063809856616,2.680960903666843,-7.938580329918185,-0.1791469378663124,-13.115768503941606,-0.7551767065575807,0.5856287725592609,1.2640364880682375,-3.80163161265444,2.1186030806552614,-1.1286796719029064,-0.957433862536305,0.012209606648461484,-1.9804486493609248,4.017201508577501,-0.9581337293830057,5.2721394683762615,-1.8357722318186733,-1.5012823360779666,-1.7012144038665662
2,-8.71233701386361,0.31997726256721254,3.3559443761398713,-2.37954708432025,-1.2122824521374291,-7.076378464555629,-0.2694037205975946,-2.224988692374428,-1.6682550662020676,4.285630856638134,0.7293874985804677,0.2036072094804871,-0.2305348110672014,0.41220799690179055,-1.3100240292900929,1.2812814790466467,0.4759024673210555,6.520417091896409,-0.36876266337206265,-0.28653845024158126,-0.3621215242961309
2,-5.195194234233596,-0.14200387113845653,-1.8670207839036954,2.339056734496434,0.9844131912886248,-9.256765357523998,0.13136814315853784,-0.1952522193433847,-7.24582281174678,3.2861404688668787,0.009002965186872885,-1.286957413746896,0.45196012560319115,-2.095837501110349,0.6319115307340331,0.24672931220424713,1.923135998923812,-2.542048287383536,1.1590510309006516,-0.08336749607965295,3.741238808311206
2,10.677439037938912,0.3559691590636051,-4.255190291681672,0.21601036995731998,-1.0985522289320324,6.618965526685627,-0.014552285002393098,-1.5935882788670375,4.009014194925659,7.3099006126424655,0.11214666133118385,-1.4996572337529082,0.8307688217635675,-1.5140880448430516,3.338177973222982,1.2462648278623354,0.006654470573027002,-7.327789393166924,1.319006633327922,-0.22825776517346746,1.0650842488632593
2,-1.3686294823069216,0.27215099102092843,-3.8747433105808944,-2.9010624864422914,-1.294148828634678,-0.5765812027142445,-1.2599991297749449,1.4110207371666286,2.7235254509681264,-1.6944748353956056,1.40377199536716,0.0958470054956892,0.33656115085497373,0.4280645976548179,1.5266155717152488,3.098383578088132,0.5137710841368774,-5.199444653503923,-0.04812526017047314,-0.2272512700779692,-0.5252456813807262
2,3.173303861993739,1.5368401486863408,-2.7516893639588864,-3.0084027140285654,2.648894651370759,1.8930551565797724,0.04475626640012436,-0.23902471407064424,3.2324924470142524,1.9789584718906899,-0.9525427811798731,-1.6417847897347755,-0.5173528970155804,-0.10677342473131231,1.5663528967349223,-1.0377298966645734,0.08336900797738497,-4.066064018779376,-0.07827109451683878,-1.072767799117412,-0.5015875870409832
2,-1.486650110736741,2.7516586370473823,-0.9922492170275415,-3.170409196261906,1.776757040726328,-0.7882094316251766,0.5804784082543392,-0.37261290619624576,3.3806880763554257,2.8476133247244473,-1.0712137139933036,-2.087511978135957,-0.22447329186357826,0.9287712001380676,0.8795012005487989,-2.4102109258073625,0.6716052049713006,-3.2809883827643933,0.4253019067248414,-0.0026358813112635844,-0.050605856410220036
2,-4.678140215173141,-0.801569245456074,-1.6299425926939735,-3.239818930738019,-1.8123743455178352,-6.98970546432044,-0.2556397989345298,-1.1357657215981216,-0.4700217478150303,3.5176245026336486,1.27583360267441,0.12393469187954645,-0.8962785058960867,-0.7030276533369353,1.0906153440824868,2.771857909650397,1.330120168420002,-3.6230566882025537,0.7067899230349979,0.3515892500912352,2.293147590443733
2,-6.227018479098443,-2.208809549621356,3.7733259813619866,-1.2205062840873768,0.3349869976560314,-2.2231187469146563,-0.555175737721674,-1.3329821195351022,0.006217291838587465,2.5122311450810244,0.9896461695381533,1.4236929557118645,-0.2846206455443148,0.3871902179765566,-1.4000252487517937,3.118549613525045,0.25576702126418244,5.942396928278387,0.34436782548834743,0.4527967699531283,-1.7252336119455924
2,-5.676103184476518,-2.514306025124403,2.275137114988159,0.7681776193119109,1.7915012368103898,-6.715023733745919,-0.6401667157464425,2.241022225389111,-4.219458161022425,-7.130681680201058,2.025688358297009,-0.11771758377079279,0.09244697478919985,0.25189589404097207,-1.3506458999808706,4.106261884945529,0.5176839773547314,2.6787670137181983,-1.009430438782607,-0.62424060819632,0.6302631182258782
2,-5.473894720024664,1.5340342167437713,-2.543921856502462,-5.30349543308273,0.7605179785249035,-7.08158261590309,-0.9196573901180335,-0.20425181857236932,0.8103732010955378,0.38588568344581914,0.1866978957026355,-0.7298350939399257,-0.7154484810178242,0.8641128246520288,0.8586943336672995,0.534028448012031,0.7159957631181507,-4.711955257741821,0.13647644553343813,-0.8154897806193229,0.6770889541792855
2,-1.1340513495416082,0.6515273532255146,3.6018315021358993,1.1252444324293027,-1.1549795951030613,-1.446671434588517,-0.043362161351105544,-0.454279665137153,-1.7506859469989973,-0.08189967738390448,-0.9559810848073432,0.7415926632120358,0.35467751366412376,0.42431294518631996,-2.056372612117297,-0.8675040584642371,-0.0821386382901181,6.849920596465841,-0.5651974142686439,-2.0003887499051407,-0.7563485801006353
2,17.758737512789335,0.18438520385067458,-4.80595997849614,5.204061352400352,-0.005997140165772602,10.317756084404259,0.417173200131876,0.8545767209587752,0.36013347764179054,-0.5740946535973817,-0.8698527992310593,-1.2569874820973608,0.25927441578303817,0.9279814148103106,2.503008562558617,-0.12020095329308064,-0.22274352670027953,-7.507273344592278,1.3652640787795507,2.5770263906214343,3.543218738222099
2,15.037076278988694,-1.421868361584428,-2.082489604982635,5.1649358101904435,-0.47423659219556613,11.643750798929364,0.7768941956518757,0.30790478796950305,1.3104079851188564,-0.5342741623050823,-0.10179162443281312,0.6049958331289489,-0.21109839851474188,-1.7059010063879612,1.222231074377092,0.2967568011170925,0.77727135160281,-1.564342218853754,0.07967058618442482,-1.2512434337033802,0.6630981893953038
2,-9.612148870669984,0.6503565175917967,-1.2012680167446084,-3.7816470045298116,-1.9355482411878007,-6.694944310798098,-1.0127581294876853,0.6428265099057365,-0.46629732771380067,-1.3440575029214663,4.314023070739486,-1.6903869498466753,-0.5568142097410522,-0.20284381910030005,0.03883127214347708,8.381094531002734,0.7722051353521017,-1.6852672782539113,0.462887784271966,-2.1730842568846627,-0.05804030818108021
2,-1.361274096249183,-1.8180921909519543,1.549743998189452,1.8256815407644496,-2.457667290203261,2.103909519712914,-0.15909335572638897,-0.38826736106904175,-1.0773219879759082,3.0003306832917405,-0.22831848580759817,-1.5429462162957794,-1.1821222348383686,-0.014628912241447616,-0.9009714641000527,0.35489662221898716,-0.1910955701673828,2.3335177716388844,-0.006585834673618618,1.7107596095105562,0.26627409693139914
2,17.54519404174263,-1.7626415043317059,-1.2862934507066928,4.216141429999061,-0.19481815686472692,12.75205477777271,-0.6622193278221351,1.138568968554817,1.9568997236268395,0.4806912769561526,1.6967988708673865,-1.434703936885165,0.20447691962593018,-0.30729633030945286,0.6685883311442227,3.5549904960294425,-0.22914851214692034,-2.7047647711542067,0.36290167960927516,0.43596630494691524,1.3124356642571362
2,4.984294037895797,0.38112434143395635,-1.4330568401364985,2.391197898801242,-0.3353766379407378,0.3695168606079035,-0.6647705660739922,0.4564306084292305,-2.669730243026629,0.12214147201435628,0.8819822845284019,2.0795667139854364,-0.10914939983363493,-1.1920953436731994,0.5506838108880621,1.6053956851089908,-0.6813351220569526,-2.726457894098686,0.4705428698477235,-0.537425996023844,1.7814573192419743
2,6.423620653427321,-0.6280812711015316,0.756674152220846,7.26728733663536,-1.5178538220116717,1.6713213357920838,1.643460903406561,0.9114387099338167,-6.718713908894718,1.3580697515263513,-1.835618777145798,-0.7322278826714065,2.2024436794216906,1.4457846392369404,-0.022317764314354106,-4.929888605514058,-0.5984628455592994,1.834584661011424,1.3418247522733744,1.4860452400060136,3.289858507249353
2,6.644220074836409,-2.0275638400732583,-1.0334944329149587,1.855480354250096,-0.3111341803438618,7.162698325880322,0.5555644708801851,-2.3219840269263683,1.2492362669515547,4.252833255619876,-1.1299536385063973,2.581449588578908,0.8533430532649571,0.32926590947462014,-0.13523271750454013,-4.572755586333258,-0.7433660892685299,-0.9364280941569868,-0.7135320694009821,1.1416841184231903,-0.9971904027844165
2,-1.1502127497837198,-2.166529250599625,5.259468124830875,1.2942911235858403,-0.8245015407216252,2.856063776340919,0.2629331069426026,-4.070084377839694,0.8410599949473467,4.881203445973815,0.5118830890756473,1.2334924228692918,-0.18987757050356582,1.3540912943335461,-2.1191203194204404,2.5234470401953013,-0.6777571890629263,7.61009636377482,-1.128448702162478,-0.9050352331561696,-2.839738457777638
2,10.790703303599905,-0.6665729111949694,-0.46487940006548245,3.691650529830518,2.1657383028445234,11.04230277858143,0.8343470626212123,-1.0632485905057738,1.2264858870312305,0.7792620361726907,-1.2790288520575817,0.16029240212045892,-0.687705762978515,0.1875122780250168,0.3226063941150623,-3.306730253094729,0.24162995539048018,-1.6429515187920136,-0.1267130419907784,1.7391772280838416,-0.7964105925855097
2,11.04138834782256,1.1051635126846047,-3.2677490596207077,5.2742917109792655,1.1459694554682072,9.979598464434384,-0.3091241796095943,-0.5405430424333125,0.33071770739072,3.094495391756442,1.3895919706914195,0.7020278378977187,1.268992762540306,-0.4542763965606695,1.6334324359402494,4.108778931838906,-0.9688109190916978,-6.2856037647281,1.0903080835563006,-0.052536419840124825,1.0182450237502263
2,9.639683533824716,-0.8378290481361901,-2.1826185098136714,3.4550069205132483,-0.7944214983188921,2.321441746680034,0.29394636932204693,2.2305018027053674,-3.000892229839212,-1.1473076006232568,-1.0766525594313527,-1.072903560269074,1.0522974605230977,1.3641532601745312,1.768697689881099,-0.4530614499232574,0.7703009924303136,-3.7915362964568238,1.5277745191953955,0.7046499550081072,3.827741837815404
2,3.3543721814041874,-0.5943080931358864,-2.2870988979419633,-1.2524323966184188,1.0433370262969783,5.585692479681628,2.3331160625890646,0.9323942993954646,5.331359651237649,-1.9352230321228026,-2.984604972716262,0.029461116381253007,0.48907567582900563,-0.13083495389669728,1.6269560096818025,-5.409748478222703,0.6401671541375463,-4.43878893724473,0.0466319639851882,-0.32830709030197447,-0.8476958951659272
2,2.2674151211445963,0.500323196393648,2.487052974865546,0.37299456582315893,0.7772955351999765,5.425833369771058,0.8474612418399773,-1.390749461563681,2.806471668479248,1.9049197592340423,-0.843887691948214,-0.293281343280989,0.026967317721702636,0.22177263161234922,-1.3355180978846366,-1.9597426897548726,-1.115217104186996,6.121588319723494,-0.9305725076214637,-0.015219529790294152,-2.7482837585309494
2,11.687556188263104,-1.7069407841314466,-3.1565649807932967,6.746226038567452,1.330808233506707,4.589031011789645,-0.5671099102140003,0.3728462506139337,-3.45441361447694,1.5903664404467515,1.5070356668490108,-2.1878098356230224,1.2889955021801789,-1.329355990356709,1.4985528624304236,3.0853408575561447,-1.7627370830418012,-4.765433249013362,1.2363024264534073,1.000608694325206,2.7620662661391204
2,-23.37490211870174,1.7538092417961324,3.9062312307952087,-5.675110936431464,-0.6664491866185206,-17.134090609251988,0.34809050139061876,2.8235250829113063,-4.0774508041717965,-7.928397317707497,-1.2732750265064732,1.4064311185623997,-0.3203219797885422,-0.06293661423198804,-2.6833781243415724,-2.5121579144813158,-0.036497823854041184,6.93755569742997,-1.548541097819601,1.6214822743086523,-1.4561907741885318
2,-3.104769692719863,2.4137311892089546,0.17886963536793196,-1.5695055769390067,-2.035285477662003,-4.695916766221412,1.9606305682335905,-1.0431405045461317,-0.7484060925863203,2.0285752851602092,-2.539385285181986,-0.3339258166313131,0.2252571595671031,0.4760687095610133,-0.2889155744437302,-4.831566037955938,-0.9644278061183199,0.5114510053924392,0.1937256691074283,0.8321440406118049,0.2583633050835456
2,-7.625857618793737,0.113959917567293,2.8960699527356915,-0.48117169380146185,1.028637801735649,-4.747155260919217,0.28007573545115727,-0.40359777179943723,-2.4296914673063807,-2.2813153980255625,-0.43722746711842875,-0.16281699300138294,-1.049628649566662,-1.1556434471099377,-1.7385892297350471,-2.523517942864626,0.34554634535694434,8.178021782211934,-1.1980675718919438,0.8080596427088816,-0.6313590633000158
2,-5.531858735413053,-1.1716391175323462,0.978508393677215,2.2004316021375105,0.762638440145643,-5.421619878776801,-1.519488188224019,-0.687320507647146,-4.8116300806268875,-1.5109725746361264,2.91470498075715,1.6287193199122836,-0.02596808747573327,-0.4171699593953414,-0.7544718050611775,6.752870725052314,-0.29091050466477747,-0.26043050035909754,-0.4743346205634648,-0.08096202505031645,1.1187744684587415
2,-4.120773556400774,0.7247577060612362,2.3001945210595967,-0.3693162414041652,0.043590736218201455,-7.528340971812726,-1.0218145211014884,0.791413819063186,-2.472949050242318,0.1075456570674485,1.1087867473823665,1.3195842920359586,0.5894372070815133,0.707254703091816,-1.0406555310948307,1.8699515063182113,0.9101519232352672,3.2048679151304778,0.1977011662759314,-0.31870933728043066,1.015741647949949
2,-4.196811610034128,1.159635634961685,2.1172635963032556,-1.6355166911975114,-0.4171259719416243,2.3723775238715357,0.08301020027099862,0.360964440773316,2.621204369893265,-5.087474971828334,0.36258056037379877,-0.2410967605866789,0.462518665584173,-0.6330110506387157,-1.7190994881315211,-0.6346286745847189,-0.08563026719018658,2.552713834753658,-1.9695719031349908,0.03134144683777526,-3.1897886538572773
2,-7.387788561343681,-0.23941646239537653,1.8092456243639197,0.7833365715453614,-2.2334170457009783,-10.257827273653756,0.3204044090878221,0.8583623725237725,-5.55365910263179,-0.4050066858960197,-1.6995912999833678,-1.3008237988654823,-0.7142551344198491,0.4684517069511636,-0.8703470056795255,-1.9692203340170875,0.8282422604229768,4.0613967845311585,0.5421692728819578,-0.40670802432101566,2.364494712652528
2,11.259838968732032,-0.3166617608138286,-2.215297305729859,1.337387499881149,1.6938944573689925,11.53543814350199,0.26056321115684483,1.500445195770352,5.30485846040683,-3.1752147194191593,1.1195298689996804,0.5322512819499083,-1.4739855482217141,-0.7487355829626913,1.5620221051328802,2.9329981873178625,-1.6742891335276804,-4.084789782898873,-0.44040996577360836,-1.6130388748925277,-1.5182609109045966
2,-14.069324949544365,1.1878905711515653,0.6404383678761779,-5.7854934289245605,-0.41522090662085254,-13.722049115250114,-0.8319484582421681,1.5886901860013196,-1.504244912184939,-2.7537542454223645,1.5641111555153797,-1.7038660718101748,-0.1723810523381042,1.5861612081736696,-0.2586816828408741,0.4469601926907327,-0.21069564498854698,2.8823138812714104,0.1226528230570848,-0.8774744062467452,0.30152969450107975
2,-19.84980845158696,-0.8941593455229506,5.321356250274714,-3.8350837923346623,-1.2655266330005923,-18.321938609099533,0.5494641812202313,0.5649350823114201,-6.732731528175559,-0.8849365893178247,-1.45097050587035,-0.7101111272594373,-0.36627577200333683,-0.038136860810452686,-3.702484747777869,-2.734836757005989,-0.5636624189026079,10.371453106583429,-1.0106009403994742,-1.0497206222450022,-0.08288823343339816
2,-13.785350786663557,1.8055503594510773,-2.940583124350009,-7.261221460093342,-0.8873338340304006,-13.231963401486372,0.39863533965672826,-2.7934049726238794,-0.13041854134323072,6.206106857035159,-0.29264076951899126,0.49601392823549884,-0.9316618568869316,-0.24386096523848677,0.8766097406826614,0.5460982070262119,0.9112701004528335,-4.436711308054663,0.015244910772392262,-0.0007977077196284498,0.8547491755928296
2,-1.2082766241552259,-0.8301003679773504,-3.6209533686885,1.5285528688900487,0.49467539902076046,-6.117973934813728,-0.21841656032614842,-1.193554051457588,-4.6532345073208665,3.9818020410398196,0.661173969285548,0.9608018552823521,1.054920040765845,-0.14699299216881764,1.6181787084957093,1.6670040294565442,0.07461800258480084,-7.651201778317985,0.5169304601352678,0.6231278610295977,3.531764527319291
2,9.762200811460518,0.109801739041696,-1.4472140414796462,2.750759307082437,1.2013889353901126,5.57235833042765,0.03268313847202513,0.1822117283323732,1.0856100640047506,0.8423988036586527,0.9564213323445236,-1.5991714401967223,0.05075127217484425,0.5199978098475174,1.5749277147498433,2.4732768146067534,0.9918077427061573,-2.606218243564425,0.5699677974096509,0.11052752253130416,1.6164628007706057
2,1.1208012324593193,0.19625529028743338,0.5843132939136787,-0.6320835447060299,1.0427412032730865,-1.0789281436215221,-0.1476841380843058,-0.5257378519656276,-0.14047431805052601,2.2544342368224486,2.594922993087554,-0.9256246848296454,0.4684283312113215,0.5734865918722009,0.06034437978561098,6.015993670612505,0.8020268683547653,-0.4702303976519037,0.5780360278046002,0.2678763482704227,0.6314829093483829
2,-21.128884695683432,1.6129772252407983,1.5237399383001122,-6.354769157899828,1.9126816603130004,-18.2488018353956,1.580392397203157,0.22979142519514675,-3.48018251623363,-1.2996462947348393,-1.1192970077924407,-0.026541403185633573,-0.3432305570886079,-0.052809185168528644,-1.3822588858797933,-3.8149076692605317,-0.2116026922471761,4.777398263513323,-0.8384355086772575,-1.1469292701271265,-0.474371340474563
2,-32.55586246567797,2.1025689631528284,5.634386481185988,-9.436891492862859,2.8244183569004586,-23.11892876943822,0.7794141958935328,1.4200565201729314,-3.5037072729094505,-5.3255751411118855,-0.14984720432864196,1.1094259538888875,0.3542893489154911,-0.5363284057004742,-3.917386088056766,-1.6586928817485183,-0.25593342405034347,9.205642787151923,-1.104734329798334,0.3645283290821747,-2.277916789472332
2,-0.9342443546815091,1.6022783316359326,0.4712705406333755,1.475210358475754,-1.752883350805822,-4.754477546099414,0.19442463515439692,-0.6537007522323602,-3.9883063325199437,0.7274479439125087,-2.310535345946189,-0.40923385933402523,1.545179875380314,-1.4472639532193943,-0.025670773453862032,-4.796148924729983,0.1490248912236155,1.9460286653874181,0.22346860059226042,1.1456852604234053,1.3750845591547738
2,5.057069530316079,-1.18815522759375,-1.6512516113933058,1.772148044825189,1.315712775981129,2.1882991968634555,-1.2283067144773134,-0.8990838460143712,0.009192325919013585,4.011707237767794,1.6727529234758682,0.8119413916886652,-0.8703649483696108,-0.1920959463017492,1.5168513897191007,3.345010967991218,-1.0714736447482744,-0.2811133256981665,0.5795008230751979,0.02964234969980146,1.3386230780335389
2,6.458513169466523,-0.35755362001719476,-2.8754873740746674,2.293718829288829,-0.31761608021433024,2.8187535689547207,0.3360878814831997,-1.3233328616433435,-0.8659129116334261,4.9156818800154705,0.7363430953297201,1.3825394037772294,-0.059501092958309285,1.2671473191930158,1.3163864572567558,-0.4520337357727078,0.3171457378499402,-5.476722882159638,0.29470469908569863,0.9479206181393299,1.1325454664775823
2,1.141461239428281,-2.18498981548285,1.1251986985768214,1.3277933968155646,-0.08884203787112653,4.357828451242663,-0.17071027829589044,0.754262188290205,1.0607818974951952,-1.1093644397452687,1.7580556240635081,0.8907487824872569,-0.48718470572180783,0.041063787369594464,-0.4151461503779838,4.276020401688617,0.3087922000658417,1.8626493459449567,0.2635709036215972,0.5508317912640149,-1.5097160381902772
2,-0.3425998430412811,-0.5102723704210832,1.2909072423899846,4.463843623292723,0.9948814351067962,-2.3937212174852944,0.5132677921804383,0.7251907020229079,-5.265413767943012,-0.759933271183512,-1.0564764849079498,-0.27923928313036167,-0.33167063705428107,-1.4397635215693319,-0.2115522532521788,1.4548376180968532,-0.7091938258403783,1.5230285359986309,-0.14367518047856342,-0.01853525542694628,1.6983738521608547
2,14.719254969604386,-0.361612132660611,-4.595442055409373,3.2501752710547778,-0.09393760896454016,11.97481319468945,-0.1926973877336761,0.9638555188153525,2.5778107808426443,-0.7528843062303134,0.7555098790629832,-1.3441918512933348,-0.18781670134037284,0.052176122721900794,2.0626337674940802,1.4388570291129783,0.8120627976612861,-9.709215191905,0.29681531248114545,-0.11571547820654675,0.7504944685491031
2,25.264571939210317,-1.5536124793832125,-4.334927518207918,9.668801166748313,0.4835364611085165,17.909725928677453,0.4167559034603642,1.8596170874665667,-0.7249133919104066,-1.5452067596433494,1.150181007767602,1.7594664456535,-0.5442436188289439,-0.5590145227545259,2.625808826730327,3.2216930066559994,-0.6367181094576192,-7.159192643445941,1.6249959046463847,0.8200965945444496,2.71663940618447
2,2.9449521269196333,0.6100310808536185,-0.2801851385916262,2.5232980949487978,0.1599957666479063,-0.33455097644436116,-0.09829924224018587,0.6727009429788406,-3.0668617812110415,-0.8523506085891372,-0.29919376489919797,0.6472688488135532,-0.4509018769426367,0.688450573444349,0.2259839807683503,-2.106150696555605,-0.15631286021511823,-0.5599549011975651,0.3764404351461059,0.30954884141921174,0.9736547256775501
2,-13.093064838423885,0.5713768147306928,3.4475273708353744,-2.55631474159587,1.1528667539571829,-10.284687782323589,1.053699174728308,0.10180624680869367,-2.9982124329303788,-2.823639010131356,-4.289661712904579,-1.4236101577574276,-1.9350613799161671,0.11008272377028643,-2.44805269194241,-6.461202435388644,0.8036632019590753,4.460760200388869,-0.5073109850338382,0.7648744696059939,-0.961761560117248
2,8.906989271642189,-1.3390578672996187,-5.771667278367042,1.4241425307124262,0.15894644368944405,0.8537930408036439,0.3267021460886171,-1.1103297083224297,-0.7717807872723832,6.066798978884277,-1.3215456382202493,1.320747189327971,-0.5302594168522032,-0.4252830960286837,2.7809802228570697,-1.1001629372903377,0.9979825359767831,-8.86487414169742,1.3146356521545959,-1.760079680000904,3.423330969960668
