,0,1,2,3,4,5,6,7,8,9,10,11,12,13,14,15,16,17,18,19,20
1,1.7138903433100112,4.979347071636952,1.3564150489779374,4.29253166022037,23.30436734018038,-2.0509910359827206,0.400163752136959,0.4103675920041777,-10.875230587083662,0.7231016627566506,8.392667679024257,1.152841279041439,0.5002563791007753,15.78446337234422,0.7363142252487869,37.6292403342409,-2.6499489938875285,5.899092987788059,2.4148185546589525,1.7031995403630529,2.426044355177387
1,-7.438785264896516,-9.063411657285261,0.4293733785214658,-4.675399412243352,-24.568852928315916,2.591469254343716,-0.576591949212973,-0.7730525978076433,19.877916356386518,8.380283991931492,-3.0471426951866527,0.13035973293002714,-4.176111958868624,-20.011914793035814,-0.7162142122735514,-19.498354600527442,3.3242960678316695,-2.6027110940623106,2.4949338759381616,-2.0341412805146364,-0.34938649661757476
1,-4.7169298474181005,-2.4719001837488417,2.597282330727493,-10.053397957287315,22.09384066205608,-5.617728934359726,-1.8771902231372772,-0.9833810061540325,8.784087346387038,-4.334191861382717,11.349249107095146,-3.454844136821938,-1.7928789191481511,7.876793202337844,-1.7593951973554496,42.43273736521118,-11.487968299346267,9.50365144467523,-5.040996960491558,0.47502949432567854,1.2366138595499663
1,0.8196157607481451,2.842656368798032,3.670380327857993,-2.7492568841384193,18.456911584908855,-3.276730780096176,0.16670902234319945,1.1464759840673646,-0.5149045866208801,-6.704167520739885,9.20913204524875,-2.4174195668398624,1.622474479735747,10.334479958575065,-0.06228359670185168,29.846508785926414,-6.199449386068295,6.963925835666372,-5.002256902970914,2.2281984368183076,0.04665854135636996
1,0.8099406611807173,-1.0198534023840293,-3.022886254823413,4.7534671923369105,-31.35827624298568,5.925315623371504,0.1644912052112469,-0.6512389614479355,-1.2209936526461915,14.087288836904598,-11.930525745435515,3.6038207190558964,-0.2591174537235462,-13.835382653628082,1.3875098553966512,-43.0387487199423,11.307240313281818,-10.879025588154853,9.305286988178572,-4.185371005326754,0.015028337655079063
1,9.282710460345497,1.9450374123101144,-3.673327564408491,16.941944794667865,-61.24305036776544,12.664364666410687,1.402114938919646,1.8141969750568954,-3.8878343473622246,20.57028453942363,-25.421387232918224,6.298417162816645,2.5509410140584725,-26.90361579583636,3.156894539775234,-92.49015562483238,22.595282325351217,-21.779417665057835,18.662102053349564,-2.475516754767371,-0.561741472875209
1,-4.323245578967285,-8.37770972343807,-0.29098922139588446,-0.35364174260495584,-25.505467703662088,3.7899819005634034,-2.5729635121761585,-2.284531370510134,18.69343453561338,13.187776863305356,1.4034787812804475,3.0307423203163704,-3.3190472155913118,-12.144146320834645,1.4725713618015241,-2.139132847916554,7.482987293343622,1.5131828735391442,6.7214878140901435,-5.860191220342879,0.46240675060350384
1,5.122317562888843,5.6957236716897715,0.3758321417340637,8.779066199970618,-1.2593857008877039,2.7209200010769203,-0.7331648302635071,0.9451830280379641,-13.78068338093243,10.353652332005074,-3.0729584492155877,2.6181990626500506,2.111718383166454,6.0323995144435845,1.3522986409653532,0.6635429917998159,5.1102849854915515,-2.407116020255241,7.998281267043311,0.954043638750634,2.1158738522081553
1,5.1146138075509695,0.8691855667199555,-5.024226097686288,21.12559036762139,-91.21876323702253,17.622461833619663,-1.7319583565799588,2.3991882405626743,-7.027385149638062,29.84072401409761,-40.98135675835019,9.344044634121628,2.7575500617583293,-43.731023324353345,2.628448498792018,-148.52655455756175,31.547969200011003,-33.918680027627886,24.157066009292066,-1.4218281340450754,-1.1609229626619877
1,6.598653794550094,6.2119922177304625,0.18115983496593516,4.568990425177317,12.230494849897982,-3.262323135484746,-3.5845674465213833,2.091478472927117,-14.030378335218423,-14.380830009582777,-1.1145516329766827,-1.5093404324625737,4.171577068295881,8.812450968098142,0.056771590320582176,0.09580120451027341,-7.813568138365186,-0.36958681490489614,-4.615428507693833,3.122873787820197,-0.49065240319966824
1,10.68735969076951,8.028221290967927,0.3238577851405168,6.662667404449478,13.156417627444618,-0.4597066092060979,-0.44817080596082864,2.602809627847546,-18.772167246339844,-8.708044227984352,-0.4177707022719265,0.12012838946798683,5.204006581803217,13.507816869577635,0.11885317068401097,6.609832506899916,-0.8403267675428762,-0.4960552705452526,-0.6508389835279316,1.9461481068259814,0.4758787651260221
1,-4.4928480687162216,-5.28560830240256,-0.7009920610436555,-3.831858161152644,-18.846495222511834,3.123399951592484,0.6955468078163243,-1.3627511759499102,13.178657415925516,1.1282735942566193,-5.664043641080561,-0.13816001420602544,-1.999697183887707,-13.994608463502681,-0.8915355212185813,-23.362585300764867,6.211863385454923,-3.5915533106114808,0.07480753395427983,0.20865499331729026,-1.8131927723706185
1,-0.09372579127515392,-0.7142183437820097,-2.9535901068013053,7.131633589098446,-31.610323174202577,7.080824204885792,0.021025091672099653,0.5612440438805922,-0.7531450674224615,14.076684708816275,-23.415322982840028,3.298871886371013,0.0841096174200143,-21.84708939757859,-0.5076808413782341,-76.94812783245052,12.374878964361205,-16.27856430910087,10.518521745887755,3.544862835273088,-1.09801864834594
1,-6.73040673103528,-10.607225558963629,-1.3495168850690613,2.114501358390301,-49.87680893466267,7.747071913776089,1.1597761840445446,-2.5268590833693305,20.559147432629814,20.76783490204103,-12.68598530575829,3.32876178354677,-4.087999194962616,-30.149942846213335,0.3598389398797072,-54.32635866455756,11.904573611956575,-9.796303673897299,10.419757799606609,-2.874471462347293,-1.547960121815401
1,5.5931555613197395,4.800580252402795,-1.6524926134287619,1.2708669707094413,-1.9088816007295017,0.18066659402366173,-1.030072190466405,1.8300031570737385,-13.047788932158287,2.256111542979,-5.438679878376029,-0.16631178502003174,1.271558213231612,2.089636916607794,1.155481334590964,-16.92527747623374,-0.439554950886915,-5.329072281947146,2.3278531215587352,0.05953959997721649,1.3113525024877273
1,2.1942616991568396,5.041137921176847,0.7657900130832503,4.593128713589386,7.629708525137139,0.09495235910744973,-0.9026632464197366,1.703587970105851,-8.391925225680982,-5.653941470477768,1.2713212387387312,-0.4342867166548066,2.320028870498951,8.374082271502083,-0.6128983162968824,5.122893901118186,0.149393153640966,-0.0626486153661732,-1.8661633711348837,0.21758932558753247,-0.4795574096932838
1,0.7162248287482145,4.691184772892564,-1.726873610568066,5.759363431728752,-17.920648336837903,4.746883642624757,-0.15617656707364388,1.8646926810242797,-8.032626880451922,11.515410724174254,-16.158159329752614,2.3467087599929513,1.0691342154789656,-10.40959536369327,0.4326013179416311,-52.082676862883275,7.387498212254379,-12.778176112517206,9.391513312054384,2.953480410403062,1.185140860640929
1,-2.193141143899599,-3.8284384776755553,-0.5985614338375924,0.1632889997253399,-16.510249329536958,2.449331905630476,1.001745830280903,-1.3504347837940578,3.462080035540633,13.92102204783487,-4.3093261238982565,1.440363679413073,-2.6940721390095375,-9.182575000086093,1.0263913417184163,-13.161181248655836,4.404884008672525,-4.160364091047076,6.0763441828285885,-2.3657099351051842,0.6880631603046803
1,2.9076922080543817,4.369459050025322,-0.8319230258868272,7.07531017713842,-0.07753479244920525,3.2154982118873163,1.832264979884817,0.9085776730241455,-15.587707409458696,5.623495633703204,-6.866399039713741,2.844124855341754,1.6369410557915784,4.395517154190578,0.8489010331612423,-13.150374788896217,3.828948466046014,-5.184309443436201,5.788681617014691,1.1778943756377327,0.002790983222166657
1,-0.92669304191104,0.3350733402961586,1.3002066337582288,-3.5561380629627175,18.278073440831754,-4.168245770251414,-1.5673254773345773,0.2593193375941235,3.989066965868696,-6.527790182710364,7.73265754124979,-1.728415103484375,0.40536063329514344,6.101647401997871,-0.9241934556703008,23.095224115344575,-9.597149159291217,5.86980717794327,-3.919683589041126,3.2014271075839784,0.7269559411507867
1,-5.204024754417841,-4.000627850244909,0.3706488974093021,-0.7445602617027632,6.6635143230282035,0.30280644328859235,0.4925312103561381,-0.8894553147777705,6.078105169053359,-0.1335845931612694,5.305992598049577,0.4683385610869155,-1.736652200522948,-0.34377589445955586,-1.0740321682457221,15.886813642984476,-0.8989227275041786,3.9492578559450737,-1.3131327368813202,2.037027088219102,0.17180289915406316
1,-3.3687358285114604,-3.6146080606350286,1.826123413451196,-5.049216401462004,4.9836169368771674,-2.426640490506228,0.49384032830735747,0.45869888360088124,10.201921918845443,-4.644971840022588,6.602560613750262,-1.4517661981177854,-1.1876577262962265,-1.8648411477165883,-0.4216904658976846,16.673552516191123,-3.6746332472664394,4.245170946850916,-4.568260307908988,0.6403730325376463,-0.4583795300048666
1,-1.0421895786843463,1.3357262892936705,-1.1273401677879495,7.4822867499462085,-33.37469743186029,7.887649426098901,1.2199078657293885,0.37372573634214223,0.11857392172273704,19.951035246089177,-19.105531833164235,3.2036490480293147,0.46531271989663125,-18.870766265495373,-1.386597859539043,-63.22278564749706,14.946928155102148,-13.38075344093384,13.779261345202155,0.37700921794418074,-0.19573356196730105
1,11.450118624360776,10.125108513266516,2.8643533486344417,9.407491174238132,27.0764615134366,-3.315102985876437,-1.8352695909883447,3.132522835812068,-15.282652782116722,-10.285726782603012,6.975599762517075,-0.37834408280815224,5.131864043742011,19.21569825951335,-0.27074613361878547,26.846985339781906,-2.8842195757307247,4.7841221186674785,-3.295687368190725,4.486939824035114,0.581366558148356
1,-2.199832459851209,2.2372181234685113,2.974816690575336,-10.411788601964977,64.68678065834027,-11.997320985793301,0.5750528260299473,-0.08237954139673084,-7.0363328730606085,-18.87085746840957,31.28959501469433,-4.4605584535689955,-1.6594611638842214,35.68628596955677,-0.21027248625670347,111.516529988342,-19.497725138758238,22.87873631454697,-14.31893812099322,1.960003827380148,2.66482404342018
1,-1.268006956160122,1.7084650263202665,2.857170740742465,-6.0829006369970315,48.4623435564939,-8.552843111218781,-1.8729579986209712,0.36397090905703644,-1.660193504172816,-16.295814740705005,20.10507066541983,-4.093419588559562,0.2380033974993805,25.53183180945736,-1.7823309710822701,74.74318995398416,-15.625567058709994,16.786264703522765,-11.689730793252108,0.9968232842029815,1.4170829943407544
1,10.302466587567304,13.07721284255284,-2.439998163771247,19.843076834929118,-19.496132793678715,8.502877761224097,-0.3496867532111794,1.2196814197640398,-31.950906590313995,17.64748730265589,-19.96827663188278,4.919663357178399,4.963493680836598,0.05090694521823165,1.842898345245615,-56.70270597954114,13.568753414574198,-17.457003140930635,15.820073637589303,0.6017571328744369,0.4956086346215189
1,0.8121212051988225,3.1659371832672982,3.2388570909541627,-1.4803782529190264,24.342203289660535,-3.9433959590834466,-0.0031720748971986487,0.3685691530055554,-2.965024483976756,-4.2136152349809795,10.440491620798042,-2.582825963745731,0.8347717199502512,12.931400649973188,-0.6943482020261248,39.03400299863056,-8.076460162814444,7.465261397251401,-1.8065352480846948,1.29392751833344,1.747522812376049
1,8.141939760059225,3.362299530198169,1.4182360275742847,2.941352051575513,8.92340222042309,0.756494461764164,0.8428214540291278,1.305073801991213,-3.970107943805217,-2.6665002678606036,-0.8951335971175309,1.4314663829096825,2.204215425846761,7.188795125959738,0.4792358056242034,3.337490858785721,1.7767426468097136,2.137705379935345,1.6967550186699345,1.8175463136702408,0.17236718576878918
1,7.263609818266171,7.4790528160184255,0.830485067292701,10.78039216013815,-16.654947360356168,7.508073471758864,0.8663863251311467,2.6145641123479635,-17.321316583529278,8.94809340247291,-14.524347883441768,2.5627805655181493,4.7264510450121335,-5.385870389512882,0.04652477264189455,-46.29146029764648,14.564645735691021,-11.882230917420191,9.15474834699347,4.509177562297038,-1.3596198322775728
1,2.118591897511172,-1.974151785167219,1.3922850614346973,0.7092623529058466,-9.408326253311316,1.4275189604682579,1.283383199076059,-0.6385048920731072,7.5692566453009675,-4.443789385868854,1.6514658389243206,0.14829877951994355,0.7440712848068858,-3.4044589690108733,0.027860113838040088,1.2214265672339863,3.793143887163963,1.4239088108631008,-1.94627102103241,-0.27775263922632054,-1.1548058531409835
1,-0.9605119931907476,1.5734260804996918,1.022225320104791,3.155230546772971,21.30846044338476,-0.7585646599315565,-1.1286031010745134,-0.6441471354370721,-4.75107537932489,5.025218056823067,8.740610102496314,1.6312498872135364,-0.6316931911357989,13.263280177701603,0.3634100753381487,36.27836989100218,-1.594713072127044,7.376415572784112,1.7873357904929998,0.042436828790737936,1.8941021875472848
1,2.9798072699604132,7.381390245964469,4.427808736751816,-7.29751216925444,55.216385049560714,-8.514045212075457,1.1696158738653677,0.5372482162346787,-13.56881236646808,-20.93295150415722,15.969951773607987,-5.140175040870234,2.855165049127967,33.44937542613069,-1.9230726719845037,73.061627908422,-16.320186721251165,15.935360350231736,-11.960738404320267,1.6773769884086895,0.9671858921915486
1,-7.060860961110916,-6.848507715316659,-2.7443130126194952,-2.300282039008581,-41.72814074822797,7.5946294103882,-0.797775860801539,-1.62773394058443,14.97120504826943,25.463295910304964,-14.069197198944874,4.172058784576439,-6.084116901598002,-28.058281606349226,0.34280298466685294,-54.392542260920635,11.166461020117584,-12.257002988365283,12.119291115039415,-1.851077896583113,0.21486761563611081
1,-1.0364810529748778,-0.8988418354110054,-0.029763970968968115,-2.1837366685054658,6.290963643607411,-1.6626859448554092,1.158338492563925,-0.10860164546901144,3.475724349147513,-7.044008419380583,5.439707803057534,0.0097329773285927,-1.3215316487774746,3.069628969462455,-0.38425053145149174,14.583136727157477,-2.090092884668981,4.1790998555945595,-4.9895151929502255,-2.1860708792514454,-0.13386790023967138
1,-2.048602158987249,-1.4339642341487924,-1.6091473692383145,-6.1197135105158775,4.8099969641707325,-4.918591822841776,-0.1321453416814586,-0.13847431976911403,0.2583693008448876,-3.0592221668279476,0.48784178771290193,-1.288787675058903,-2.353599913312247,-0.23287420214353874,0.9735116778278078,0.17065770917143142,-5.207803246007728,0.5048447528854036,-5.357113220312664,-1.9134376956178472,0.1507871811700537
1,-13.271364979345995,-5.960323547002898,4.6891890658194395,-21.806801179634988,58.27203191697309,-12.48486578660098,1.8737320855572221,-1.540067859787277,13.030092270391032,-17.352771145933694,31.99686869722944,-6.671536334991968,-4.429933088761352,24.10711562821317,-2.7604143239465566,104.96141102390739,-21.29397760653409,25.0281215301111,-16.61269378013932,0.7558464306982385,1.281512399622539
1,-1.9057480522844077,-2.1790821389299238,1.7845002318924992,-3.358100750311458,2.4787821686739666,-0.5403696279271822,0.4891527559364511,-1.368312112003122,10.651327100288537,-1.5194465720222354,10.435797362530096,-1.085292098426032,-0.7756494712446707,1.8574268714665576,0.1720151380836216,31.093913389915095,-2.764945205134209,6.45088105459765,-1.5915033453170468,-0.4729856555561934,0.32962266032131815
1,1.5307933056559337,3.714390419994334,1.3167784574776786,-3.509024317029879,27.3366994830351,-5.105074638599207,-1.147655997416029,0.7944241901045422,-9.170729624885944,-7.731342739623826,14.404689674230639,-1.2778565782340217,0.24778242566008374,18.052817251960512,1.1242965268224996,49.12351101600837,-9.913271484169545,7.635830861676049,-4.520469611285463,-0.5691996243776768,2.8065249901723464
1,-3.1989926328488516,-1.0326624734687275,1.43935777044469,-7.51194382218041,36.45572525387859,-6.871261505920066,1.8268462005603272,0.40890878958956045,2.29546792812568,-20.895024476428347,13.49741253923616,-3.4184177960669864,-0.12073467065188723,14.881922636165779,-2.1582831111799887,45.4632955659039,-11.800521994173987,12.367401732344058,-13.965664202181358,4.10634315356567,-0.7020564041203082
1,-3.7381584415313607,-0.5934155504026213,0.4250334930884961,-8.13343667569325,32.27963780599396,-6.164608673729804,-2.4573711015794166,-1.5304248757939376,-2.738582865637841,-5.549956903824542,13.107470751661516,-1.9939852222641177,-2.6639696496369623,17.85808973600764,-0.5394756736537406,54.2666212199152,-10.388454220309056,11.82312349945459,-5.918996695781931,-1.7691764435026383,1.8624078449729582
1,-1.0041790402583937,-6.869856087172565,-5.584447304192069,12.570077513675926,-89.55051718889924,16.989474156347928,-1.4651081054840802,-0.6695140351503139,10.30732937410421,27.75559882821195,-39.160701259689425,8.046872127979164,0.0703158751434864,-51.239344897116645,-0.6192505206999266,-147.60129229636055,28.673754442218147,-30.190594816755386,18.915607035464465,-1.4827983488279468,-4.218055123557781
1,-1.0958910947851708,-3.268710346758163,-1.2453171945827515,-1.7443239696651294,-15.057502907741737,0.12225378318331453,1.8695014554459675,-0.6158115233978051,7.895518532251244,1.479569581060936,-2.8440699529925513,-0.6623675298409311,-0.7696911946606323,-9.638328238962147,0.6194689663549433,-14.967212182291386,2.270711580384326,-3.3575562737496383,-1.0033382064309542,-0.29349909275112485,-1.019472243698916
1,-0.039811782322441515,-2.1054895865527348,-2.705386763922623,4.2076961724055675,-36.42548268467827,7.5989996756776295,0.17206392989986052,0.48273221684146567,0.5713751190918979,20.102545440460933,-13.170993970667523,4.270391225983345,-1.8149564790503057,-21.002037940275667,2.1961849832270657,-57.107818648326706,13.270670704890833,-14.532270999989256,12.213979252794395,0.30166843009970706,-0.6160799208006813
1,4.425674728230466,3.6826202596445787,0.025522120517561798,2.575790767542589,-5.740382382250541,0.08851923742263935,-0.008681613311640673,0.46300257991109983,-9.287961905116433,2.004788617622432,-4.264781848599636,0.2993487063265317,2.444752469818068,-0.014949451728064181,0.32433955990014984,-14.384101075231833,2.4103195040223215,-4.46266865199799,3.238523102513297,-0.864226289057133,0.3310951948496864
1,-1.7774968498626584,-8.922390515017257,-2.7423026982642797,2.623343822532803,-49.158021852524456,7.73348274852609,-1.3923651733610973,-1.5065734335807095,18.034639914785306,15.830679597239213,-13.350416244022938,3.54549724444675,-3.4151497546722527,-29.857348947704,1.5255028754125943,-58.3123911744535,12.086261587340232,-11.840162178845036,9.02600940988407,-3.4538870540465187,-1.8238937523924543
1,-9.433991252384338,-5.527955784724458,4.244593254583226,-21.724914870885254,67.31346654941696,-14.040986449205796,0.6282865639100407,-2.9141080440918103,13.804545364666403,-25.67702794145601,39.14690832412804,-6.8758635530904035,-4.736849740618021,30.920891850330847,-1.4835060354895515,132.281499092838,-22.50500252006437,29.341621536904857,-20.592003555088525,0.0883430313570287,1.151620407962298
1,3.676542165294687,5.998000705336718,2.720361467488145,0.827941216691022,43.11154421753365,-5.3115593985933875,-0.10603498098552938,2.6658637891287364,-10.397102785911187,-24.87961140612464,15.033388710147907,-3.571370125458036,4.800691938834711,23.186695475658485,-1.9641063119349391,47.71267333437127,-8.13212320193453,11.775365315797428,-12.077888784214768,8.063573546644019,-1.0039353242216549
1,4.185991215246114,6.785943826705667,0.8317901543933307,-0.4560943337564079,26.552845538624407,-3.86990285877693,-1.1994850520824134,1.6570769991268313,-16.514981600378135,-5.104768358592407,5.822925467991947,-1.3396376034951376,2.775344351524064,17.837893040485806,0.8387976457841576,25.96327778470085,-8.225112112466176,3.8972104050286616,-2.4804593437622806,3.5311133277391935,2.4824914695160736
1,1.6169908450823813,-0.8628664612165555,-2.452593473797023,6.502731319553632,-37.16097343922366,6.5442537056593855,-1.0630334346730357,1.2524511815510406,-0.5141561220236996,15.254827540003966,-16.064842933356964,3.296786338337595,-0.6820879197819127,-18.92783761432895,1.909934608035516,-59.1338155779871,11.06549049223513,-12.915692117538836,10.299138580297978,-1.1348045099132753,-0.26046528284895115
2,-0.19875893860456006,-1.9316150247399642,1.220502225658005,-7.177992618777329,17.122873642296547,-5.877741027349219,0.8773347904914136,0.037676323185564284,1.4469556666882573,-4.973676125461103,11.127786914455257,-2.3472377063783285,-2.1159154643035767,10.946165001633451,1.45215301837371,42.15804845807416,-8.310026076393825,8.081225752417705,-6.01993559635339,-1.7630462853426032,1.5372617251817169
2,-2.754406238027395,-3.748044624375113,-1.737360578879591,-2.1192052150766476,-15.865848043160092,3.490573579366841,-1.5800321100564751,-1.4900146624016999,5.050934654585019,5.553101904027202,-5.3398277493276565,0.825099689960981,-1.3595394081071488,-10.815882364199767,-1.2409173924796222,-23.574505579810833,6.495728599982463,-4.5046270065335925,1.9279113038899003,-0.0031180690006386933,-1.3414365941325235
2,1.4759527844240505,0.5220574662965308,-0.7749998724721666,-2.396369277041762,-15.03387852931407,0.2660498379623202,1.0295514489474134,2.172010825836409,-3.767345174843447,1.3023992416375318,-14.233518558483745,-1.763618273061159,0.5905622386399522,-11.697667397764949,0.2804847241184408,-44.44176948349169,1.9853744361124772,-10.084804611599319,1.0781066774980896,2.1492066130407337,-0.33387524078195685
2,-3.9928625511409335,-3.709016484912335,0.07609525212463586,0.7084937194853528,-12.596557593030742,4.407289546384146,0.6033683368271214,-0.8403864214358726,6.839056845448021,8.591581442333277,-6.726548092905169,1.5168104204214117,-1.563879362407622,-11.820865997222514,-0.7711558908988958,-24.646719970950652,8.044837891381471,-3.816751833135763,3.6898781638576756,1.938465780671483,-0.5835163994140291
2,1.6488164229546252,-2.946873341900082,-5.339442546661393,11.135288437914921,-80.27410211713587,14.728045069198256,0.8000887264949148,-0.5603344957668308,0.8948487154355532,35.20596503864078,-37.22174315173402,6.958029309046986,-1.3093950942222217,-41.71152061189594,2.7097496686146165,-128.39316445460133,26.3115967763644,-28.8251252822112,20.828134361901686,-4.099348773906165,-1.3346785225966393
2,-4.445146285700315,-4.009666431844239,2.1649063118460927,-11.444109877654046,29.9875077550376,-7.031264643099715,-0.6233691096633666,-1.1416790106796622,9.355482586163886,-12.342556912562772,21.829451808937225,-3.1761104626454046,-2.616267656820691,16.625181824176806,0.8294660619164402,72.32540616934517,-12.38819095177972,16.76069787158836,-10.653555736672732,-2.4671270153195817,0.7841623496418048
2,-0.4787424008790722,1.788021612809417,1.3543106143154249,-1.1308757679228538,30.448453856514444,-4.860602691920258,-0.1401911194731697,0.7546689637730016,-1.5830736582079983,-13.356984756848107,8.245981823900742,-1.3729865058209998,1.480185576573258,13.837042741549185,-1.7313867972328025,32.275926876904876,-7.342807044137743,8.019868879766863,-6.9888989530263705,3.146238349948675,0.3113406770240462
2,-5.430397270267278,-7.472540558921699,-0.9993383633990931,-1.5803742684123945,-36.52532175570071,5.807036752057647,0.03685944029274891,-2.534812030738765,16.93149943481954,23.444114672782085,-8.329829955608181,3.203855287073791,-5.46046821602797,-21.75779153958324,1.972774325554127,-31.51706482364926,9.223667419022092,-6.798256972473529,10.059418043869744,-5.118254495679735,0.45314579293560214
2,1.5321696131422902,-1.7301347184447609,-3.9411322597645344,10.130163790392444,-58.7430162879568,11.050778487808934,1.6689712779936496,-0.0016559796407037248,-1.6458986039574435,14.258257147839947,-31.24207385961204,4.588985678525586,1.4990926449623205,-31.048412316639862,0.7306068753653165,-105.68566127961545,19.112547550982807,-22.792354870961386,12.921522661039498,-3.651117051436071,-2.151466393745107
2,-1.947494780277175,4.181585092341642,1.2637240133233727,-6.559135954963204,54.62422959668829,-9.954920419749428,3.357266215893275,-0.07976173718434053,-9.673167520492596,-15.46003330716302,21.192857385103924,-2.370347566751631,-0.38438000687992585,30.967518015799897,0.1291742720436978,82.06493559907628,-17.235855383572062,16.253879946470427,-10.910179832205854,-0.03809989455781812,2.7304888350039653
2,2.1156109240700416,10.280561073230828,5.87947844153503,-12.795737157001238,105.39233224836802,-18.540938590172566,0.1672473656804265,1.025560102132759,-16.887225281442564,-41.9957813256633,37.60078104942457,-9.379325517918907,3.781495728646539,57.39597206538632,-2.303228961995913,145.00719344113364,-31.745560294513965,31.237736169151624,-24.72373937308421,4.673733979442342,2.074585363214024
2,2.5508724618984138,-5.75929323340535,-6.379026743260671,12.574221759768536,-79.7155049455322,14.266914387098153,-2.0296809704415635,-0.3915810796538205,6.699235521238471,26.89092546422288,-32.3463515405257,7.276808385896104,-0.2702644866665967,-42.16831188023116,2.4369416945636373,-122.51511696280849,27.03719335013311,-26.28419710268617,18.254982093816544,-3.589408006758865,-2.006103539938752
2,0.5100696373625496,-2.7684120417298757,-2.741274979576366,2.211675815415756,-21.080053272106568,3.957502617046213,-0.8034156818166707,-1.9587350461008932,1.2380708528812168,13.244863299392986,-2.924399292685971,2.078613076117767,-1.633520620194514,-7.696016402966357,1.2830691987966347,-12.945459464957315,7.137367182472283,-5.222677348288106,5.9631885904279045,-4.384933652672372,0.2855166513015073
2,-4.37910720696186,-2.85604825962563,2.9217202970561487,-8.026841665098788,35.8309831689798,-7.336692419003687,1.0051063835309484,0.41856388689064145,11.014480750084354,-14.398391531158426,21.29540059074915,-2.6496270508075757,-2.1924072703184265,15.505550555200411,-1.120823592372517,67.80120919016868,-10.319667526811186,15.99951934828559,-11.438568131257592,1.5613576957021649,1.025594728766573
2,-2.1609578703651993,1.1822481463827164,1.310838347396142,3.820007550305989,-19.945597167708698,5.225570059449022,1.956446487752563,-1.1009284320187167,2.050527431643194,15.508476037975813,-14.408943589678563,2.3529303236475334,-0.45548577557980946,-12.908763515343413,-1.7609472890143596,-42.95462679562297,7.671537853326693,-8.233336749163584,9.901633641817002,0.31127367192921884,0.05884536993881989
2,3.7676690567441606,3.4330467755494447,-0.9576060049400983,5.109699570469191,-13.969639914846073,4.469369925036989,0.7085356233561373,-0.659140701531685,-4.380590844770183,8.177149723145233,-4.4522895754381855,2.8920906012202274,0.3172891143162924,-3.7702090398551475,1.4987142064463352,-17.144663171295463,7.605673417368734,-5.184573536229608,6.732991493422948,0.33593966721491886,1.0649594029866392
2,-0.8822024971088461,-2.7383538829702907,0.6555075494614135,0.7429462338537303,-13.110176068331052,2.425035782331089,-1.4132546963624255,0.43766441703860387,8.067018412003362,4.527160187078387,-1.5375430343759748,0.7941019506372948,-0.3409577452148704,-9.546994071148207,-0.3056031447451604,-16.51252312210355,2.442283580864194,-2.1994416965338504,2.6291529323562144,-0.03717812859647631,-0.7578520982647929
2,3.004313047113063,-0.7290329067534657,-4.67984774585222,13.646844635073348,-61.26482888483589,14.000442194446963,1.10877362005501,1.8307038448385695,-0.5979188497804155,23.233629391412563,-29.983082954707672,7.6892349020367154,0.7717371286793696,-31.934144497074914,1.1628954458693794,-107.07418225474919,26.398096234650495,-22.79095054697315,17.428406902400376,-0.19492709082775964,-0.8686067178720824
2,6.904871314938639,8.810910479530797,-0.6220792580410329,11.882886816095416,-17.423835274537147,5.2104352046316995,0.7770690191550994,1.1207110995176073,-19.445799031507548,10.814866560453657,-16.759791815244757,2.366965567194184,4.7338348920244355,-3.3650755075138603,0.3541774780406531,-47.10251407016595,10.764666674362902,-13.305927374118056,10.945685251952163,-0.49826897258555436,1.0893871157246933
2,1.4875625253658662,5.035830786929987,-1.2020935858418682,5.195724823010682,11.357061795660451,-0.2137586847693284,-0.12381797748273873,1.328616468393563,-14.354764842510537,-4.262993511867834,-4.342100446387294,0.6237897471601825,2.2267101801510036,7.7366468019919035,0.18264556830258669,-4.105890547138029,-2.2334157833751145,-2.97307999410359,-0.05702168397185457,1.6137929184586786,0.14361000855394235
2,-0.5921168058681396,-3.704513291540116,-3.6240210777317907,12.80774311387747,-89.04691785833045,18.3124024750536,0.5037255703497802,-0.7579228431894911,9.808415811119133,36.06957638481493,-41.64790646837332,7.274380625065763,0.48814078528631955,-52.734464428658455,-0.6125822811843903,-147.44641537202298,31.094814821688633,-32.139447227901584,24.737736069676636,1.4423749778995105,-2.1041802118565527
2,3.048838508858031,-1.2776365097118463,-1.5292036716607764,2.185887196197484,-32.07121630557499,3.9953555972286727,-0.7096742728363165,0.1744260627781721,4.13987780508998,11.7236508651681,-9.838488168296998,2.2492408910354023,-0.4541611462063515,-17.64056003669599,1.685045836841863,-43.62035369780667,5.65082028974019,-10.425483637030277,7.765621633326473,-2.655792896686453,0.210604711109045
2,-7.0718099981260965,-7.284387007704909,-0.3002473771119997,-3.986329505896656,-25.39058138790182,3.2780742824706275,-0.7831107136694501,-1.9512076116559647,20.414974891632102,7.814695588640828,-10.415631804225443,0.14500739054195444,-3.585539229569652,-23.540516929570405,-0.5354433486330185,-41.608918965240505,4.752307879134206,-6.060190268512315,2.0433409838199075,-0.4995593531868261,-1.0072548364841458
2,13.683535485462407,11.892186036969985,-2.636410109613221,18.323584034018634,0.18020914966491342,4.5461704486350145,0.11888359129470977,3.1465005923833402,-30.17301384931825,-1.8844482939716196,-15.49105950245003,3.435715916441587,7.235526139614818,7.166391198164881,0.5183307765107145,-42.35541699520144,7.040386949155532,-11.463849932451724,6.380613454947153,5.695927940297634,-0.680455899570298
2,-11.202365058771523,-9.032284616051856,-0.496573548403985,-8.798375151499354,-16.940294266796496,-0.12070879834715446,0.9594774217259037,-1.6808431539459674,19.59862774587252,10.142728159422752,0.4270127103889731,-0.3675805453557624,-4.8012469888185905,-14.03201469640086,-0.08876584560545267,-4.7917674524278935,0.7144441844803989,0.26821592881767725,1.0735481649672718,-2.9356082832294708,-0.049649980016798295
2,-3.1395451289349836,-3.006576906983465,-1.2566043982171666,-1.7992362114729095,-7.462262918547903,0.5603334955644529,-0.5258403404589509,-1.3002025365960455,4.768107623895616,3.342130471809605,1.0890404085663918,1.2274917671167414,-2.5761195442948437,-3.4390441577151503,0.8680463859424039,-0.6651159422971216,-1.3474204891741766,-0.19689593014088436,0.27502869093762716,-2.742899530383163,0.15917684193856188
2,7.882232139733837,8.486219445099804,0.6220567606951832,1.4723568544824543,38.25970118311548,-5.387443090069712,0.7489688003252413,1.1280068769773157,-17.967157875368446,-13.771529031430946,11.197856443740287,-1.7683450067739805,2.6342134123401078,26.84715469857862,1.3892163286310308,46.706198583927026,-11.651032715226446,8.405729101207761,-6.772457791877831,0.7958054165088885,0.7889138875563544
2,0.652944467455257,-1.901737815175343,-4.075259353171428,8.890042753898276,-67.06073495591617,14.625596262466052,0.33520754201439634,-1.010639840012038,0.09027459501578422,27.23854353842495,-28.671624496382428,6.458098155969944,-0.549050303390897,-32.19240851409741,1.3708421856475248,-99.89373321152749,25.021084065823043,-22.413272322966876,19.251837367000505,-3.9383420147582227,-1.1130624024966091
2,-1.8686903458362132,-4.189621052496593,0.06337718997434778,-1.3198619984412634,-7.997700748775403,-0.5993095086660231,-0.9138439536866637,-0.7650078465480019,7.638210178234618,1.5775231382979522,1.4004553342655095,0.3480087756389061,-0.8147588150525787,-5.7620774816883635,0.1630151131856891,-0.36324895222603454,0.2939198187151347,0.9115754773832364,0.43143637813152125,-1.6140797302373853,-0.192664503256994
2,9.206646359263145,7.933698571010608,-5.681602683275139,20.998723662174925,-57.16074698862987,14.43744377087774,-0.08998570211779985,1.773969437508276,-23.906480002979627,22.147291176234415,-37.035378890729575,7.369480262464947,4.834105348265765,-24.125789885444494,0.9133220814976926,-122.15510865467306,24.965677402527202,-29.790818305615034,20.534458098066157,2.084427471435962,-1.1901569805851977
2,2.606025294632578,2.0951689009083077,0.3412332456185521,-1.575678576833456,17.045962409357205,-2.8045486395462222,0.6570439652645683,0.1640347975733409,-7.634723555899356,-3.8143704306008597,7.714209266731093,-0.9788388005766441,0.12704797735465756,15.384763542601085,2.353533950633757,34.445639034819536,-3.7757941307512897,6.326953738205233,-2.1560388559433816,-4.785112963942312,1.8862605798005343
2,3.5028282122045535,1.0290731304763723,-0.9994823457741346,0.8712562808564369,-0.7878640641589784,-0.4780187764563363,-0.6192418612318511,-0.27660794784994924,-5.828969848380489,2.55137148555703,0.6114457406694336,1.2946488430227339,-0.23332588871881907,5.299713237206978,1.4048038609619715,11.359020332499751,-0.5285561013818789,0.9996775225777518,0.991935178156717,-3.003207540611196,0.6003433799871037
2,0.3764303677891466,3.944938806159842,0.5212559996252564,1.6768531798441786,3.385943527034763,0.2680114573297798,-1.8047387403523647,-0.043727140902089276,-6.8910481080618196,1.182413296511274,-2.75746901992995,-0.04835091822612192,1.0374925699901762,2.2996267755070554,-0.5917546629901008,-4.443051062127747,3.456661561232782,-2.2098565989319985,3.5291249847424004,2.508783305387264,0.9755139328345154
2,2.154628613246066,0.8351290270960546,2.3421605388920317,0.4849200726507706,15.653707274772199,-3.1903690063689414,2.238305385542821,1.3054354886638926,4.430514820172188,-9.163644802255982,12.070999663736849,-1.1975035873944853,2.068390344841497,9.200123171653383,-0.4098026408385946,34.61321295377182,-5.082070744076194,7.88652411464632,-4.76325403318239,1.903424795963245,0.3158049249900151
2,-2.1844070970860634,-1.1317932463122164,0.6672918178573605,-9.094140126967456,12.876595380386949,-4.752357527717202,1.3060332601221798,-1.6167373535052354,3.085840609685335,-7.889522027914598,12.803357698583042,-3.049519741733862,-1.2513250070015252,8.778448713615163,1.0977594190291062,39.507292375103454,-8.478334895691752,7.4229464779193615,-6.608078153315607,-2.488562900882593,0.5025168321994877
2,-5.336072193908337,-5.444492368412701,0.4182382476145472,-12.463647395294602,24.643839154779492,-6.4593907585374986,-1.2415226757466518,-0.1288252098741727,7.990874889433207,-10.576404873692743,11.5939299079975,-3.8271025624155137,-3.5737994310454226,5.637211594278757,0.1143302507699671,35.60714185356836,-11.179319483082283,8.775354264124703,-11.081216503910916,1.3573019844288543,0.08267023967751302
2,6.52306307695096,10.565842087535515,2.1346696628256594,4.591148306960151,59.2381441763373,-8.238628919892495,0.7602621020375958,1.6634840630554568,-21.24276368520729,-25.865289335752365,21.041323463437145,-3.32313992312719,4.839550424432401,41.70566098921351,-0.3175219100263435,85.48770538345222,-13.069693339018352,17.125642539213,-12.785732211688035,1.6162760056597048,1.2538854265847126
2,-3.6469026840793366,-3.9259126552433994,-1.0579653633920736,-2.3012826758500395,-20.58098055805377,3.0125853166650804,1.522174499891658,-2.27907726725006,9.460850596926768,15.048301912304458,-1.333162278943814,2.5979528822258833,-3.5913913130035593,-10.20088829734062,1.6698106634870569,-9.691543054550921,3.2172560315225764,-2.5535842816054166,6.656118154443849,-5.624821003016806,0.8820370371862736
2,-8.154189398120058,-6.134932409278448,3.7949384082578153,-8.998228005758552,18.450838823960545,-3.7231918522105194,-1.1129199840188002,-1.7357478327501374,14.854703530100952,-5.2428469848327,15.974228994444,-1.3611979603600166,-3.4144623155235414,7.985632124284939,-0.3185098076612444,58.81446003315581,-6.053235260881806,13.56378777935163,-5.001411659826522,-1.5476405040299641,1.668773877118748
2,-2.786248656797624,1.1231624695730391,1.7028073863094308,-5.012446402010344,33.90355805666883,-6.7183901627123035,-1.4108843693825455,-0.21697099167345474,-4.989644961958695,-17.261487150035315,13.431368533967008,-3.642150390098603,0.4622198480269781,18.885019802547802,0.06818538640680136,48.89596526349102,-11.926162269250597,10.958459684259156,-11.503253731236136,-0.8058954331525204,-0.16682771317541156
2,-0.9704574531676874,-1.8152626102860818,1.3629644394191562,-4.462273809415896,24.524640163272114,-6.30317482355248,-0.06368041430237514,0.3840022482332195,5.77165751892993,-9.591170404050837,6.781112546536216,-3.083186401023704,-0.6402166317418897,7.64796172909163,-0.7669245408017665,27.4374915781165,-11.774561384902336,7.48347212045729,-7.66027273445918,3.8298326703754157,-0.11405098583424006
2,-1.765118782039208,1.3738807653264171,2.921525205056159,-5.017170425214722,37.47494977577752,-7.5718868696015145,-3.366190654136109,1.6862756147281375,-0.5649783589022291,-17.499609535754395,13.812278458617788,-3.7399183272191516,1.4424304520224185,16.97653573474805,-1.8609261899674994,47.94578135199079,-14.444829611210311,12.049556161618947,-10.735751261149144,3.2528927026004206,0.4982077479959352
2,-5.746803076316803,-2.7428786672653738,2.212217259150902,-11.153049265923306,29.500329308727483,-6.742956587586539,-1.7057694657228906,-2.055848040070149,9.222067403665704,-12.350897414822603,15.272515691808456,-4.200290828071588,-2.6981280853475953,12.8082041498673,-1.0467419142226952,56.877457551604415,-11.463819039269165,13.237703679507385,-9.350269463321691,-2.985542893011054,0.5717761175487799
2,-8.579256828939018,-9.322861435164711,-0.06804787429223091,-2.5369424454631884,-14.349912184787632,1.206318226595103,-0.4290207068919558,-2.1738102677093374,18.973868547525967,11.59964748656392,3.416138359006968,1.7081857647340652,-5.324192592338727,-11.34284765387971,0.47027429680966604,5.684173996082621,0.9098909089326443,3.5097653200827374,2.658292716624781,-4.224971990159793,0.9931497967590156
2,-1.113061910309021,-0.1564576689051265,0.07777146704271064,-0.5841835352700617,12.226328506250404,-1.9400749703951472,1.721072588317151,-0.7998234631890302,1.335082454941331,-0.5190256954603134,12.590745472752449,0.49558115459838764,-1.3597136767427644,11.41522669630226,1.6127946190635498,41.11287604495706,-2.0495803198196554,7.933751024175877,-1.2710767814822344,-1.235691193327277,1.7893030863901604
2,11.220303888501853,10.68431294967346,-2.2177826014672744,11.291566211439049,-15.863854507581648,4.620221213886701,-0.8014473986786511,3.985230450524147,-26.346544775626114,-1.8339462009113126,-22.55653771765155,1.0938611548951944,7.394428130545137,-3.359116061390176,0.6301272287913532,-67.22645516750735,7.565529170879135,-16.482025946220375,5.710083930848787,3.414653348621278,-1.234606418725225
2,-0.7370564249190524,1.7179671760804966,1.7847725676813109,-9.019545716263638,38.845972497913316,-7.934610219730604,-1.0228760502958012,-0.09998631259332287,-7.160157778246584,-13.332380340757902,18.84660879632401,-2.8761547567398296,0.209549606392414,23.048421783357043,-0.21045890536591494,70.05931999633665,-14.426769348505989,13.621337357380861,-9.327620899464264,-1.8243223076502622,1.8562310110779308
2,9.11367963625662,7.062105556513841,-1.2733182206624645,5.778747711993549,14.831861586286475,-1.844339132131853,1.4822378516721644,0.6242194851406729,-19.78080655100648,0.4799240843037105,5.72792454385638,1.463318937806921,1.257799827413016,18.137415959858327,4.081962350297958,28.717024031477433,-0.9314612836049596,1.652837069026543,1.819318464262979,-3.7566307379189188,2.433766180143725
2,-0.5892614920692295,3.3377515993671842,3.080858277591915,-3.9995371780199576,29.91586217716179,-4.66865837281617,-1.3025410044371546,-0.5581860220673556,-8.755685968315559,-5.992776037444897,9.571576746704622,-2.773459949279633,-0.4142747026727268,19.608339170034768,-0.13155247191183153,49.28369638351131,-8.360768819076123,9.32589914764342,-3.1957121646071855,-0.6332436439885397,2.005251437653337
2,-0.22129669344477435,1.330510360553994,1.4649290870313925,1.0756421198928776,18.877142816026147,-2.44797960960834,0.7925374163882347,-0.010159289648941666,0.6590708868779338,-15.131932964210296,6.395084105157381,-1.5866203626973872,1.8564679220161446,9.767001603475267,-1.613208045369453,24.570363902839564,-3.7363730451838837,6.1218674877249954,-8.098948903883759,1.7655715463943416,-0.8083190516002763
