,0,1,2,3,4
1,-2.9073728261708793,-3.868130288322138,0.9209074845218945,-3.4880122503048736,-0.7698898067914202
1,2.1486735524414398,-0.6432531900795923,1.3673737320650226,-0.717929316354719,-1.1594131314251435
1,-1.4272163377273712,-10.684227432564516,4.457693504541726,-6.957841936056767,-1.833879400594633
1,4.8313978424223905,-0.8698942101408906,2.4086322937523024,-0.5768407731417475,-1.8642239291352507
1,3.7155831084820807,1.2875565088988086,-0.15437017865845093,-0.019037945277002977,-0.7606073703956957
1,0.4309691370374523,3.9044043431323776,-2.8773094454539625,3.5348685222464464,1.5755106747485463
1,1.4039994164778984,-4.363829080365074,1.864386146602626,-1.9364386942881067,-0.5384669928634807
1,-0.8853974669302925,2.011861379371559,-0.7875961281114834,0.7013551450255153,0.968345923847466
1,-2.132889245515923,-0.822730429231826,0.22636989666185459,-0.48990394894562284,0.5899872098549703
1,-2.699720870260517,-1.6160736669315263,0.23753356656982208,-1.4751768118899986,0.13671600876391507
1,0.03993514200317032,-1.2165582600407396,0.33135272860241,-0.8567098312238152,-0.33536988180736904
1,-3.042484167733428,-6.920064332624731,2.047818342757848,-4.3718307886066174,-0.6918035357469386
1,1.6150868102494211,5.69917352154743,-1.9862447714700882,4.848202109247905,0.22229973734902364
1,-1.1499475279103304,-2.6482695402197596,0.9634243202681788,-1.7764240976815582,-0.04407899395622027
1,-1.3736741744151073,-7.280603597753303,3.111101051948,-4.581051903949225,-1.0549505998705155
1,-0.24184749137211364,-0.5127935929708344,0.3787866332741207,-0.46689619995335013,-0.32764864296960905
1,-0.5670591347093615,3.2408130045703576,-2.1170035275283707,2.481608679331798,1.3235426039207718
1,-5.488395972194414,2.1001344801383275,-2.51772700767695,1.622056407892618,1.686248502475148
1,-0.12074730522321417,-3.444481724142384,2.059008823998342,-2.62795106894586,-1.6902017097568114
1,2.4013144014292247,5.074838633677403,-1.8125652220739317,2.5241782591363506,0.4292522868194415
1,-2.2927291666088823,3.8639711830700634,-1.693111871361878,1.8263433308502393,1.5944078382768756
1,0.9564582416825961,-2.398289811832921,1.2678253285118817,-1.3409695892602806,-1.377685283646388
1,-1.3269057227519292,-0.9992375557847074,0.5111132889727064,-0.9859909217379637,-0.30735658856961884
1,-2.3016035789139493,-3.0218793741920544,-0.4593871687838362,-1.2740993344970937,0.7813470240180596
1,3.4617466194280104,-0.7521293382861703,0.7898284279070944,-0.25828007188866403,-1.6880228529036327
1,-0.9386316736904166,5.765891585175421,-2.5518522577860407,3.172135213048289,0.8270402323072026
1,0.8427427267504661,1.932150351604253,-0.6637095695932217,1.6777815260931863,0.3698604999742875
1,-1.936047148127314,1.7945649805101584,-1.7496827304631821,1.2773686089579983,0.9700511647778074
1,1.8739142808995366,-0.5097190364252658,-0.24290040620734066,0.1699356857473307,0.49886188681568083
1,-2.293458628704532,-7.7839095919422805,3.0842855741151065,-4.48262383687592,-1.5822592698122542
1,-0.01188500079026555,-5.123967116911331,1.9030475837664818,-3.513674974661733,-1.9968742214932211
1,0.1683838773856966,-9.249373352329782,4.2360021502736975,-5.4953994654517215,-1.6106517651910803
1,3.8949254239009217,7.163824210167937,-1.6502934301719212,4.002282500891225,0.7180802532873218
1,-2.7382251417464345,-4.188281012384632,2.1306750902564975,-3.3917972495807,-0.2821228223609098
1,-3.288203123542782,-10.624692594684328,3.806516647263591,-6.936940570401082,-1.6552540605392019
1,0.5545026172589904,4.14952962002589,-1.4519303487757327,3.36159540628228,1.360846545268176
1,0.8670317886939435,2.1565394847439854,-0.07352720730172481,0.6410827435810765,-0.30648372376154237
1,1.8976047073774598,6.213576253142177,-2.195342310393061,4.452356200837221,1.6439334055227874
1,-1.011875688478084,-6.32912698000646,2.5410614726724994,-3.5766004374079223,-0.42181147973112587
1,-3.2952492891503486,-0.5720159603361974,-0.972188706581602,-0.06980494241911046,0.6258840291499482
1,-2.9129011136302907,-3.2759460030110907,1.0463440692920234,-2.622393255897021,-0.3769691567594262
1,3.7593957707585433,0.3964584797770965,0.26243239833656357,0.8597290001828983,-0.8363296668425891
1,-3.23734615679842,-12.3228642357552,4.4130234898138605,-7.1945701142455425,-1.9825845567564087
1,1.9594344987568277,-4.278728022245397,1.7594902688219547,-2.4604899619854,-2.3296773518369958
1,1.6851120533581045,7.8383925350485315,-1.8551249035452502,5.007937277648516,2.1013306143302146
1,0.5477424366051586,1.279031618857327,-0.6489619841121632,1.4700537763331287,1.1896317447341747
1,-1.245496351639727,0.39624035556520104,-0.6201111698501788,0.9723648429439367,1.3388373228290826
1,0.5765970687262972,2.6626073667555983,-0.8612223285180804,1.34505164923086,1.312508997223338
1,0.7187744230658171,2.1042458567024336,-0.7530077304434392,1.4587772113640458,1.1289765070415634
1,3.071394108775593,4.084895517500343,-1.2094843570624616,2.4327281138848234,0.8209027094751402
2,1.1484286569223505,-8.699370503714963,3.4037237362645834,-5.401918716819962,-1.9688226445766102
2,-1.6613701873716873,-2.310267983656458,1.1563798277277135,-2.2057050073329942,-0.6239613317529298
2,0.597746805321949,6.130765281651791,-2.3800432710894417,3.5077086276400764,1.0823144091923902
2,0.40360671726037095,4.554700636876352,-2.0529047031967433,3.397167804861231,0.7726280104744051
2,4.75903933226715,-0.8415211568718626,2.1387468886684613,-0.7807000440731362,-1.3813575238874034
2,-0.12713275212501954,0.5452292205271204,0.06851220798367119,-1.1335467263191465,-0.4328885958462413
2,0.7889674138965107,0.7359064222126047,-0.567762416947811,0.3096180644711753,-0.3688331256248031
2,-5.59681313261342,-8.863224841223946,1.6916589980622199,-5.989834684471864,0.957363319652843
2,2.5347412737638626,5.791165504886254,-2.0390111599304923,3.6159592873496638,0.44584348744618585
2,5.866688242865593,10.903004657587271,-4.860626983831981,7.69967814470243,0.30288574587344885
2,-0.5761477111598627,-11.515402203299479,5.78811701877537,-7.796833407729952,-1.7173816993995747
2,-3.6047268281791394,0.8530099698953655,-1.5242920028472722,1.96190466280463,2.9514448267079256
2,-0.10068848943000719,8.230935283491382,-3.69920246017448,5.495773793648552,2.5322737893185474
2,-0.04009760473683374,-0.9578269347950511,0.978819576163834,-0.8822621031795403,-1.279835556798073
2,4.309015580433383,1.5074713772910566,0.5144000477705112,1.0630848117270877,-0.549308230018515
2,0.3596818270355685,-1.2285306372619789,-0.916751788614814,0.830365854804952,1.0837315445217497
2,0.7103523073232385,5.212805686830196,-2.5686858511508386,3.603679712483219,0.052227002613168164
2,0.021562520365767154,-1.162494948244364,0.8900625622613407,-0.9782445890262439,-0.4607713955758206
2,-1.1060355591489561,-1.245497840894777,-0.9136154245000925,-0.29607477163297297,0.29091252273654067
2,5.161526658177907,3.2923069603761994,-0.8750989038701912,2.773325724099111,-1.0756061669115995
2,-0.25696200172871614,-6.707044712250869,3.1753952142396322,-4.565459920469569,-2.4425936635461643
2,5.05900079851235,7.110156949485152,-1.135334959951928,4.138316746487821,-0.3759262336968624
2,2.5032041865227637,5.825947859550346,-2.3655189207082583,3.7231296116174497,-0.03667281631047698
2,-1.709945847909966,3.00831466647127,-1.172069093889617,1.5879229257012166,1.5005238778686052
2,-0.7650987865390981,-3.5934965258381153,1.4631015124414044,-2.925798546937463,-1.15513331370349
2,1.1324210112638107,4.305371248881698,-1.8519915323575775,2.6512456257816535,0.6979796375577291
2,-1.9768468438753821,0.3007231106412196,-1.540856971202453,1.8157380959159093,0.4336571079723901
2,-0.8392977181045134,7.467858977673145,-2.392099884285999,3.9338187662676356,0.8505294468346698
2,-0.5598854599303107,-3.6679600512425687,0.8715743168831885,-1.3471790303386335,-0.5529369238204965
2,2.5631977345313386,-3.882317520750197,1.0364324059045575,-0.9035061779704077,-1.8101343685669058
2,-3.2367647205422188,-6.252489204710172,1.5156063242215465,-4.067088709050641,-0.9473854887267059
2,5.956102530303776,10.751473070543788,-2.878968020248712,7.643631358985099,1.3561366495372997
2,-1.0112935292168095,-7.188533417601528,1.9725297962590895,-4.96972188322575,-1.7107472950078215
2,-1.0187033215177603,1.0521056114375205,-1.6399548080018855,1.699092879265568,0.5837528986008673
2,5.063502661603276,6.206428298471681,-3.0224335222985865,5.330566094413075,-0.4982912782878399
2,-5.121274705134839,-3.298651829049842,0.20350097503403894,-1.9661736924823883,1.1959086754582056
2,0.09912944419525581,5.000968673797505,-2.0931909396197175,3.4811513161925296,0.52880151406538
2,0.7467476864346757,3.4820191403485876,-1.13813552251714,1.6306862598304108,-0.13703050861885097
2,-4.508388276535209,-8.893070346020771,2.6367096574658158,-5.544577553842105,0.2795474441335416
2,-3.438830792821838,-11.619891803236227,3.721185897286895,-7.09635921153221,-1.4749855632973528
2,-2.7426239334607767,-6.681958473413635,1.944130934246375,-4.4782065304283325,-1.2200793690739482
2,3.959766153593594,4.069750058659936,-2.0036436555122887,3.594470302655706,-1.0744271495861284
2,1.5500551552154513,-1.3534888440400181,1.6919040009784165,-1.6326192101624435,-1.2765798383449516
2,3.927809722810156,5.780760287064284,-1.1194774646531256,4.557382263798487,1.0107613499796941
2,3.964766390050216,-0.8617186258494498,1.73405289234302,-0.2706702675384628,-0.7941544290978604
2,-0.5691179915749253,3.0484355020383194,-1.5681925581546525,0.787525610414873,0.15534176275974343
2,0.6132831766197653,-5.062743647348533,2.684688466469826,-4.121096374779418,-0.787784562170577
2,1.7393016504264263,12.031772067101205,-5.4028753252784165,7.871022534594722,3.020421393264357
2,1.2303562663733372,1.3210354345216515,0.8441272697394974,0.2826712289154296,0.09431975616685444
2,-0.9975892872522697,-1.838638830419469,0.5394921746633682,-1.6543949960877518,-1.0573787379196284
2,-0.6395004216134221,2.9592433754363583,-1.8211827019162532,2.280355051032807,0.9306815892075594
2,2.7279540292331927,4.468496198683286,-0.9234415932397032,2.6112171287057397,0.4226999826503395
2,3.627677871996138,7.12630311912388,-0.5283656054083858,4.076948769140392,0.7221810612138242
2,3.1335114059729157,7.765039508415118,-2.4547441489831776,4.402892306954894,0.5140036269591534
2,2.5029110757334827,-4.456538444556761,2.883683014379532,-2.277017830899035,-1.4442127359263672
2,-0.7272457531970711,0.15896736532291125,-0.7300734354159143,0.6984519917062512,0.52598773914409
2,-1.8472800756757717,-4.7791977454349075,0.9500079048280793,-3.415214279872551,0.3998126838178783
2,-3.5509747577844424,-2.2606732215268304,0.48671756818469064,-1.9915152287868432,-0.607545827531796
2,3.183944600845007,0.3579636530217359,1.1457060842134756,0.24589620024151865,-1.4699816665958623
2,0.8500364300510748,-2.548495253534993,0.2809236698993396,-0.9288828104987024,-1.460557574456243
2,1.3826473294014232,-2.7254053336772968,1.9670905598964676,-2.7880592985401904,-0.9939804744228055
2,0.18624343755109127,1.2096118109558092,-0.8632307374708956,0.4322349115574995,0.33156043168486954
2,2.6091792674254055,-6.333967491861625,3.896195774184693,-3.8036993300292754,-2.0338107417495443
2,-1.7090835926393246,0.07876626994493935,0.7481479081808334,-0.6803287266272124,0.4124490708910827
2,-0.30095038013673037,10.372178164981081,-3.933315595688233,6.070365829512545,1.5338056998170573
2,1.1249690248685758,1.3596694965693348,0.13427978960849196,0.43860938872301997,-0.3510870255622219
2,-0.09568476580477149,2.7979311313992583,-0.3983601340443168,1.7698292197447563,0.8185982310363481
2,0.3214741434968649,1.2694130856021857,-1.0576436709352688,1.283863390713813,-0.8135387235463113
2,-2.493194195819377,-6.722690108005469,1.9077569225790987,-4.085379141559541,-0.49388511456347095
2,-3.316991313963869,0.6219841830612364,-1.8491977305459566,0.45710375636990225,1.8294114192306168
2,-5.008790850655519,-10.708823190739443,3.032823380080884,-7.925875027813085,-2.0405412496177404
2,0.28520241726118944,2.562113264417939,0.17445014478160922,1.3276290359821563,0.45262631296695455
2,2.827141280511435,-2.9777488352503245,2.2261104924069004,-2.7339944687995423,-1.316922235235161
2,-0.9362311234323274,3.8063754976769344,-1.9219523830085625,2.42728668228179,0.9044094980588318
2,-4.20643448766178,-9.396818636584042,0.442997368304885,-5.055127977293313,0.18317413094967733
2,6.094556756759029,2.7837280277060024,1.144152059007525,1.5879248293480746,-1.123621830670117
2,-2.858111643325515,-0.9569615943759187,-0.6837862010697684,-1.1561014875436175,0.9496345755803525
2,3.711144237802827,5.75291137023252,-1.830641979742413,4.818291329861767,1.3217969681760129
2,-0.5966765766569554,-12.881823625003426,5.094238025286254,-7.513615471933837,-2.5237387133287745
2,-1.2349335621327802,-0.32676031654141396,-0.27864014292804373,-0.062428851360178506,-0.2887713432400437
2,1.7120047616843026,1.300291842323272,-1.0805786056998012,0.7792283485906666,-0.3130472924392771
2,2.640334556953891,-0.9546367079509596,1.4153610685253304,-0.3174132034983075,-0.5794998036697179
2,-2.936587030935997,-9.758864709603658,3.963634446765633,-6.361423326428465,-0.334887725577227
2,-2.9696592651362725,-9.303088728303047,2.4332875376766907,-5.411957706367471,-0.6226615236134863
2,0.06045406222359112,8.35067679737511,-3.126520331578248,4.391695577596226,1.6011239463972102
2,1.9795413419539083,0.7597923031914288,-0.14853731936493364,0.13062237399953575,-0.2664796072033005
2,0.1887319123703891,-6.837919916083733,2.257179372288974,-2.850848235960466,-0.7663267926170862
2,0.4024446242367237,1.414759485057701,-1.3043164348340208,1.7524228278548604,0.5673062395154103
2,-0.4658689856585232,0.22924055856925463,0.9346232005214448,0.06822058989570275,1.14945099438735
2,-3.8747998933611516,-5.87041412875467,1.1085980624216953,-4.985819494674718,-0.732649039122863
2,0.268390148148325,14.520495715491062,-6.002156287579876,8.470151594217954,2.162303185670608
2,-4.461164599195891,-4.832797133628776,1.1643475139762571,-3.0160507110677575,-0.9754276793956449
2,0.06103550285488271,-4.069090364891151,2.1529230968651416,-2.921462054422818,-0.056805190617919166
2,-1.0560194024015468,-2.5862374851784375,-0.1316020086932772,-1.1576325378406767,-0.499910844765359
2,-0.2516553234206025,-5.015741277336483,2.132635787905499,-2.987383782633239,-0.5835841402656766
2,2.22871846454527,-2.894114967139285,1.9658369207562276,-2.441867054155881,-2.5091172321240944
2,-1.1420920534100203,3.449684354321886,-1.2249712109402926,2.0686670330879404,1.329747040371279
2,4.082732396696719,6.6021811087887095,-1.877006994351356,5.018762038405824,1.1733411808217027
2,-0.29084842152906776,-6.423214946525102,3.3776237363596846,-5.067921691043298,-1.5853494856802555
2,-2.137648879905691,-6.32327198449431,1.8419338106038439,-4.084902494800182,-0.8702636186966897
