,0,1,2,3,4,5
1,-3.0544511147217683,1.164830520199539,0.4958045976720016,-2.0665136440810414,-0.9155841693224522,1.3128961046476013
1,0.4294883135705279,0.09455899759868541,1.2877711070498312,-0.688062349412233,-0.6357391098573376,-0.35693645173123756
1,0.6076614359362268,0.37806970791963906,-0.3917845737200388,-0.26803376572213844,0.07642837559907317,-0.7614875365329432
1,3.083435951528752,-0.5204379068616902,0.03873615562913285,0.5701755817641845,1.6114044505242966,-0.37971732035952066
1,-1.6312710799000643,0.7951511817335248,0.5590054681869925,1.1112497821982954,-0.04979253453039645,0.5802566382899101
1,0.6916783183024802,-0.5111180711927181,-0.2115240764908115,-0.4787142861429312,-1.0457443112576756,0.30229751174050445
1,-1.4411210262584206,0.441568074212611,-1.203800244563428,-1.6962007174326355,0.9584386873039179,0.27239209537333314
1,2.9004660466764243,-2.7862732570815982,0.33398608134664476,0.8169656573656107,-0.6154434629604438,0.6921574936592941
1,-1.404171516249947,0.19939212932722222,0.35447648151656114,1.6206582841508397,-0.5604633994832603,0.17603563096508534
1,-0.18371435666545108,-0.7553000310398299,-0.3155771256659313,-0.08406725007282986,-1.3403725665054118,-3.786071464920059
1,-0.6216842461916843,0.4473802686520667,-0.016368606997828255,0.982352713767286,-1.463181106189863,1.453416643572464
1,0.45092623503721735,-0.5110744919088984,-0.1850192169998151,0.440655049625002,-0.6903340816509776,0.9775063981120137
1,-0.30329049690919696,0.013739476842753673,0.47584443030291884,1.893501320983117,1.543788488588981,-1.620370455649678
1,1.7830602395039459,-0.8661486250816159,0.4137191183559458,-0.4717033096799863,-0.7247670331374343,1.566350305696402
1,-0.32921982596545907,-0.33453773199994463,0.6884344792125632,-0.861535446043555,-1.266120975928235,0.7993509642675586
1,-1.134719259200664,0.5694930728413327,1.6124190834950007,-1.8363289578173698,-0.005530518948824337,-0.43466928417218226
1,3.429677184936186,-1.701911941349338,1.1830839503729533,0.2523191766681221,2.6391966578453947,0.25112419428287586
1,5.410567611616156,-1.495212917150484,1.445211460215553,1.7886443076826049,1.4168810259568014,1.0479000794500486
1,0.669559095315603,0.5856194273712405,-0.08371069608815448,0.5207034603990396,0.2504038302118748,0.45974371968512917
1,0.26859328722548637,0.6561549055317906,0.19345909426015864,0.4166613598109133,1.0285064112073066,1.9045987856807765
1,0.30894439493317916,0.18864326496027362,1.5584884809046173,1.6081508224589167,0.7397808213173462,-2.7828158012633772
1,4.5548892817905084,-0.9272376216997558,-0.15977444630675175,-0.8413581909917208,1.8878114308429572,-0.38430630896171447
1,-1.4619051200514843,0.4288339383333145,0.641475696131098,0.9089110543545339,-0.16772178228988555,-0.030626390529481257
1,0.26647128283340393,-0.19820924275032867,-0.3904077407224328,-0.7743045352802359,0.5950541001682736,2.4367977178509315
1,1.8358568456448632,-1.1214623364964085,1.1086152409569068,-0.570066677354867,0.16796328656843146,1.8911580147902467
1,-3.5358353981551853,2.548975100015067,-0.28747311561027844,-0.8522117880621036,-2.113227892914355,1.027839317730245
1,1.2569587023372804,-0.34116168876452524,-1.284408023646223,-0.39542074320521803,1.28114223686954,-0.7496442381404187
1,3.165492326037384,-1.85285464675099,0.21918544345789429,0.41431438578239466,1.6272254732308071,0.2015386055832789
1,1.8860064391467608,-0.6965524910521761,-0.2201259126596158,1.3105539934089159,1.1871082673826265,-1.383028542233296
1,-2.5904604756593086,-1.9803225726004032,-0.3738428280861551,-0.1583673587139798,-1.8350967799553457,0.5521720117157739
1,-1.6197395150548504,-0.16179229075243712,-0.7062827105204915,0.22570461082490156,-0.1986137519417035,-0.9598139171532214
1,0.6427936745077855,-0.06228041437974863,1.0793304347170167,1.4274910572540627,2.0274036476617563,-0.8387075424891067
1,-0.997683891332041,-1.0855116992539369,-2.8599370660778085,-1.276330070544627,-1.5049494566275257,-0.4510959184479803
1,0.8770387460606687,0.24274580787936134,-1.5642117059744503,-0.25992523233585046,0.13059021303888774,3.4289790638534776
1,1.2208430357241693,-1.7195153700678953,-0.1510144410396862,0.21591806885502013,-1.6008707266712414,2.317444243973378
1,-1.7474039861855262,0.4890810316617523,-0.4640215996100592,-0.6916852127404515,-1.566527162298228,0.5886647949730094
1,-0.01991087043560391,-0.05818405964267137,1.4178582385274339,-1.665598593876535,-1.4115503658270265,-1.7980417423645456
1,-0.6481108676568775,0.18031468056359684,0.8982223358489811,-1.197652216115596,0.10146653016239941,-0.9248695004963297
1,-0.7713177788987737,0.6779900678069047,-0.5544779897551816,-1.9023645491399612,-0.10986556785002954,0.976007192438933
1,1.6639023977292227,-0.19282174108701855,-1.5459363082801307,0.1717395875283812,-0.8874173803464092,1.185215403003021
1,-4.200578101755859,3.2888416338023596,0.2738603360436873,-0.31974787510189956,-1.1183496040224274,1.0381303821957204
1,-1.023528078849986,0.015285626867414137,0.2633625124089609,-1.117981826803375,0.0013514408975939252,2.3647013365934835
1,-1.938406238884965,1.4103575611089882,0.06537615813968824,0.8910814107497639,-0.96298007869599,-1.6999035655999108
1,0.838291807181855,-0.6988944077623194,-1.8360810592341266,0.039285546904338074,1.073579719324402,0.11300861442276415
1,3.2673900906820137,-1.8626173319774189,-0.7437618961022775,1.524229878979601,2.258546872009523,1.5070687295406702
1,-1.1585539048585802,0.519362329496078,0.652700418793967,-0.2223633236943965,0.4669007617152367,2.5464893261995654
1,2.3810253910305055,-2.5335261771070203,1.2808885831850512,-0.40964668199673837,-0.14895822213755588,-0.24843384517613948
1,-0.5549670138440803,0.33437196324631924,0.8580953857527529,2.198234472525763,-1.4815795435643142,-0.18911376414725953
1,1.5998295570279382,-1.9572910879348966,0.17411499955064855,-0.6053645830860771,0.1589495199333387,0.5222571489945846
1,-1.3329274521554362,0.14832043360265731,1.1922708564114877,-1.0567987067662503,-1.6651373642167004,0.2405177415636291
1,-0.046734396762084775,-2.0849060199150053,-2.2283015391565906,-0.4197409566272722,-1.7138524981111358,-0.8990895517829969
1,-0.286767298765311,0.2696295481898404,-1.3328617862051402,-0.08117754858685716,-0.14687452055435818,-1.699866582017762
1,1.0391417028671648,0.02061205833846813,1.0671528373311774,-2.282614384548223,-0.11770881200438749,-1.8870940959051457
1,1.4940911548862088,-0.7362617367686641,-1.3043199971010873,1.9846968822150877,1.4796167550961714,0.08595303758432571
1,3.567176483378036,-0.15799100263155544,0.48911349967130935,0.7572281894700967,3.3872207805655514,-1.2134792453860987
1,-0.08472165780637397,0.2373670921993316,2.0855584667246316,-0.0800290126117559,1.1970379441325687,-0.5799618020559427
1,-3.820823381625536,0.8769097789512873,0.18167729165962726,0.27793990694731785,-2.091350589256239,-0.09788787232154647
1,-4.335606857794245,1.148057634147873,-1.1032080273979434,-1.1984907681055332,-0.5261854340602151,2.7847229573382775
1,-1.5912414552098304,0.20411858125409627,0.34924216836483946,-0.5941798705244765,-1.7972061297692787,0.20277536843484542
1,-0.8508505009638818,-0.5153836860310244,0.33334244480354225,0.2129282920389494,-1.6011405238898568,-0.5533304533113981
1,-2.5801855584140934,1.1127339402868208,-0.7994194749483536,0.761456417688757,-0.0387786491158274,0.035595195108140236
1,-1.2087385336610081,0.13726796016429513,1.060714097506859,-0.5775933192237124,-0.9199326524195819,2.0222921139404733
1,2.372192613280145,-0.5998894863230742,-0.8072705182850554,0.7568968002222676,0.4067413687459239,-0.729759318024666
1,-2.3747570157382145,1.6792696247351515,0.9685650676388795,-1.5358437244837548,-0.8287434927864703,2.049207637628077
1,-1.6237188974937349,1.1032603421156544,-0.43701742197100457,0.5111216610138346,-0.028830556777275335,0.653773225326421
1,1.7553291682009762,-0.5054193781298937,0.576456028257474,-0.5848387002733683,0.49088517192232395,1.1175333322921137
1,2.5847348072225147,-0.6148429755205548,1.8677738598101257,0.28855851674793864,-0.046754150858498655,-0.43662843576305055
1,-0.17201970224289997,1.1633869913458654,1.4048030967342449,0.8129550925408692,0.11507006238924483,2.2160786155330787
1,1.4887193497069662,1.0754029553613491,-0.5463064090412859,1.1282777509345774,0.9772366611804941,-1.7285599364184852
1,-2.1101728716113004,0.2748769822943215,0.46904493200093444,-0.31420206926965955,-2.8058582096748976,-2.0971171429800823
1,1.3052910498082744,-0.5834438059473875,0.4946036075394959,0.1450822941370739,1.2041786946427178,0.6418000344048432
1,-3.199464281244834,1.0684489347321087,0.2628663075158651,-1.6562867110673642,-2.460125363544527,2.5922391679063055
1,-1.3805764475914888,0.20886206612473046,-2.6083527061082346,1.8479638886901313,-1.385761755089108,1.128678515645358
1,1.0600987282136392,-1.0252316023823747,0.26448507816046296,-1.7715373979387246,-1.2513201382550467,0.617111458882564
1,-1.5515134524166712,0.8192441241334542,-1.2729703232851626,-0.54421276793969,-0.8485589664694206,-1.4283512107629612
1,-1.5808330616903148,0.41421529323802875,0.7225855889968326,-0.8229514017686536,-1.6904755800426832,1.679001544171487
1,0.7980442010464127,-0.5464410211251394,-0.0594890828336585,1.1967290142781795,0.870977129019768,-0.5999083955862629
1,-2.271023957443474,0.7715343903362027,-0.2841951324820035,-0.796473439019332,-0.7227796512479293,-1.4624656590068241
1,-3.0125494900003984,1.7278026927310122,0.4304633099497918,-1.1041371265451383,0.3300204094744197,-1.2029754495693044
1,0.7869402920135378,-0.039537380050195914,0.012563815151882566,1.4239266838963056,-0.1498057013171633,-0.5850080834745458
1,0.6742223620023767,0.8379900432065199,1.6344375479592979,-0.18735937738996258,-0.5447531884413203,-0.11273188233789733
1,-0.4122191215868189,1.28101869644333,-0.18368258861459116,0.20581717555882287,-0.20636104430984262,3.1086953172669176
1,-0.6062252413248003,1.560725643444518,0.29474580269807193,0.6961905656455036,1.4853190511726984,0.888976639181749
1,-0.5276022747599021,-0.476905687056607,-1.1212622680950517,-0.3307115247529172,-1.101346115202282,0.4732680283442226
1,-1.4646973226200624,-1.0426966865253313,0.1957433625247608,-0.6920516489121409,-1.3940635412417626,0.8898301245840284
1,-0.5403828917175437,0.746063625421113,0.20757133763459096,0.9128235841792581,-0.4803510238540557,0.0038143994631658117
1,1.0340870354025924,-0.11160444347603476,-0.979945213013877,-0.769924306330884,-0.043939534940391545,-0.44266442135558004
1,-0.14968122524489758,-0.4781604011149332,1.2574491788521627,-1.0452480112256368,-0.8673674774997655,-0.33057392047055023
1,-0.9612234213598663,-0.6880200327376408,0.130774950618355,1.0476924178385396,-1.6093243453385304,-1.9427916083474173
1,-2.5731870078154664,0.44060498544841414,-1.5029959661519032,-1.333200055694112,-0.7610364998015899,-0.9973486331902941
1,0.3365712209760179,-0.03993897820701692,-1.9285235439847155,-0.34574466065189136,1.072508244327282,0.39047699704077926
1,0.10293536234982036,-0.04953776456022205,1.6683705558424624,0.6651768317793398,-0.02869526294587166,0.3634439928186866
1,0.4708978212241337,0.8914602962080822,0.9386554107623034,0.8859064847482561,1.8169806617161988,-0.5064147645520853
1,2.3940953074111553,0.6167771509430734,1.7172831664815074,0.014156854192016803,0.43343970521657227,-0.1279831048614552
1,0.4663578638544438,0.4697002217768193,0.12542941417328543,-1.3023681109772656,0.7734122879502074,1.1313533108272302
1,1.9401593578108802,1.419623627045822,-0.3925774288936158,0.5359613569491867,2.776418600538652,-0.003891260260806447
1,-3.081548812406594,-1.5458476789081366,0.5277401252185142,-1.3386728896314306,-1.5293087356576662,-2.600514938911265
1,1.2214399154775328,0.6298700819716718,0.42643939998753577,-0.1732701955789195,3.010359206437594,-1.1436112703168755
1,5.085927183092499,-1.170665727622033,1.1041312784602118,2.1002415770237093,3.138467773831947,-0.1458391018361588
1,-0.5951577458056767,1.1937130870631791,1.5253067342582964,0.5681526432067582,0.627035581780919,-2.089618403887558
2,3.8677925550416163,-2.782733146373403,0.27573155042167713,0.1578694730627535,0.9645936965080195,0.09708426868468104
2,0.528666666218676,-0.14684257803856005,1.4131737605614805,0.2536044724769589,-0.7968730145927798,-0.9111728226096499
2,-3.4833532522365735,3.214029015882444,0.7601634459015527,1.0434478830050253,-1.2691119327208635,-0.3838828837726843
2,2.35256151608093,-4.210812332355423,-0.027232203440233273,1.1082356077571067,0.8273713842785635,-0.1600068045552471
2,-0.2345589267561512,-0.9279968105655096,0.18991721571252762,0.7246859515966722,-0.43940339280811236,0.035207618106477
2,2.217118437463178,-2.416212286504017,1.5332706794326565,0.9737774801394247,0.7013759394688123,-0.674420177808539
2,-4.067264465053243,3.5270431883543045,0.7190193498030645,0.6359869731229731,-0.9332505989242392,0.15313916246127762
2,-4.397199011652644,2.861029737244266,-0.8963868445553335,0.24092757846784574,-1.8678179017456864,1.3962162249796777
2,-2.0169082812153922,0.7387850270589481,-0.02441533879370681,-0.16872771328290623,-0.9130941544810729,-0.9927141639749981
2,-1.0437868868467226,2.1915991097990037,-0.8313889160716658,0.6135038083037537,0.2086063692769556,0.8098336617095596
2,-1.868998914385963,0.6668010191126325,0.3822570162446379,1.0703913317952727,-0.4921997767038818,0.8708924114466712
2,-2.5084479530385106,2.654382031084163,0.22534247208878516,1.2479295957486238,0.9526154201464487,-0.10366125398121499
2,-0.46248844139404716,1.4669125228221493,-0.13956261226028596,0.004749541028408164,1.0195038434888346,-0.12031757688427604
2,0.49622126959398904,1.0570872001635907,-0.425838566735496,1.1262713156378525,0.23301651769834308,0.10047361102530575
2,2.5253281902341804,-1.5987426689735438,0.5421080914260256,-0.13086834686149226,-0.6179212986846803,-1.7812316993323978
2,-1.4380868260626416,-0.5597272407901142,-1.2779766291840424,0.7307280754070197,-2.315993569982606,-0.20084375964273105
2,1.431216704693654,-1.1199186558351788,0.4064844578137839,-1.0009814202342946,-1.8596741922070705,1.5269671419205202
2,-2.3502788277046722,0.42407648174515994,1.6365802053386234,1.08139440462806,-0.5644292606494294,-1.593534459381768
2,1.8934620366456918,-0.3926748584948886,-0.04468487715739186,0.9827021505739308,2.91030637343587,-3.0964321216099586
2,-2.048482953312049,2.0908218920572272,-2.9956122703218795,0.7612388833340556,0.27692240502404797,-0.24911475550338247
2,-2.1790351947684155,4.227462061310977,2.0015542210124595,1.1908327058101182,0.8882100763630877,-2.164018107409811
2,-0.6995810717163874,-4.206307383127597,2.338856522610196,-1.5284383790555292,-1.7851378974830059,1.4384159200617752
2,-0.9159804271656153,-0.07144376643928427,0.8142812272439656,-0.5149558241532509,-1.0740639847344868,1.18684632829953
2,2.063311161688625,-1.8111940218497238,1.7178564367713196,-0.16402436524607264,-0.7098412202456909,-1.2476575231118554
2,1.148421742882618,0.10905171344152417,-0.5278116042147617,0.35477507109905126,0.15444445950179775,1.6429357372570343
2,-2.552130861952625,1.6211614105793584,1.8172315526453944,0.09892994535661574,2.0643006909724653,-1.309764340549179
2,-1.2693249263431856,2.95955071911773,-0.5864313672385811,-0.7339456242114136,0.9861156890616335,-0.5583977198126452
2,-4.053888114279704,0.2588841009074325,0.22093590546027136,0.5184841248861264,-1.8786056568395535,1.791395508462996
2,2.0303927582049526,-1.5442805909156438,-0.39525709569168604,1.5672928414827265,0.4081013727584781,-0.3774968918813154
2,-2.7212506931541935,0.8884530475087498,-0.409498559956437,2.345427799250413,-0.13635956988655973,-1.3143229093489348
2,1.4210453505013385,0.1629879943268968,-0.8786139766043526,-0.5809590678702401,-0.6033022949709086,-0.3518292872243587
2,3.3335983511779097,-0.8125297850157848,-0.6531271021281896,-1.0698778587769273,1.4568128387897377,-0.08545818909199228
2,2.664293158129909,-1.950016933639068,-1.7113680472966193,-0.2531571603299525,-0.4176235940699866,1.137429297016238
2,-4.89594476382188,5.619490232270729,-2.3256843706588852,0.3366666027254661,-0.20895873003200857,1.776494689313134
2,0.01757382539021874,0.38559310201529795,-1.4244389826470998,0.2746558431914216,0.2852466210524351,-0.27995081415608686
2,2.4612787518845876,-0.6043483193289176,1.0950022830662693,0.5845534502652716,0.3733594313234122,1.1691788033742743
2,-2.6985438224934573,3.75305119759608,-0.04744316570776127,2.9951515101960124,-1.2277457382256147,-1.4477905655528702
2,-3.3901201220819392,4.852851295117191,-0.9473024320894919,-0.12299910877445307,-1.0408139927859144,0.34448394770645907
2,1.3228545657813426,-0.26325515968751156,-2.05894364892928,-2.3081990669473567,1.5858497038258819,0.17339344793776132
2,-5.154336317960698,3.8170372856837593,-1.2512313350933926,-1.7487284021606317,0.1448334935921587,-0.05152501736823797
2,0.616999406982403,-0.5133885432780252,1.127082928533202,-0.9278003626814249,-0.6401551457456176,0.20227110835340387
2,-3.048606129126689,2.7379428180983574,1.7381589654870826,0.5744767431424606,-1.12456539571476,-0.36654046723458245
2,-1.8778421342447456,1.3682460697732741,1.217970456114213,-0.029550970566224407,-1.0552021346872946,-0.0036823988271597933
2,5.1186570574614905,-3.180954196222246,-0.5663141154020307,0.38174921550813373,-0.0019986121998242234,-1.6823110144343454
2,1.0727389268968586,-0.5515884515453306,-0.0037494964910162356,-0.5849270736330607,0.3246095009647979,2.068813118538011
2,-5.032627309865479,2.892676957023001,-0.11146610136845465,-0.10604824540511665,-0.25202710163441444,0.5591527734572617
2,2.615026620100271,-0.03184518847282364,-1.1706977825278333,-1.5655357376376708,0.8020789373251757,3.948100733277693
2,-0.6525691405538205,-0.06904192258320285,-1.528630389468064,-0.5697969753797429,-0.5544653173689288,1.674939896630064
2,-1.7119749517020226,0.20017213278814794,-1.3535039562013393,-0.8102270374528027,0.724207717938784,-0.7872188892571034
2,-2.9384976431331697,3.0824748579629406,0.8102710477355776,0.9261136293963526,0.8465780311933733,0.26969270831402775
2,-2.6105871910959495,-0.3372635028365043,-0.22669457325053438,-1.246555934518993,-2.982028973577395,0.006160682050773326
2,0.6855549316844677,-1.4376817280556113,1.155465799812266,0.8846105030261769,0.273639437115593,0.8154114594755392
2,-0.7694216747633509,0.33194457715943215,0.05960703357402035,-2.0686067606795415,-0.6961344021065207,-0.35865908804526464
2,2.6524651474665144,-2.627305146216314,-0.4619881951452597,0.01676164974237227,1.3799666812356823,-1.3493785887604326
2,2.6332324735493393,-4.680394565792543,0.5895157021955169,-2.2987491206577544,-1.2763264470484061,-1.2078807952665083
2,-4.425060247494649,3.42021410195273,-1.8712612907513828,-0.12830047646516135,-1.442391144392043,-0.39969991901885027
2,2.4406636649012245,-1.804689349548079,-0.5805189642996823,-0.7780317756593024,-0.6952821169310143,0.9480793490856703
2,-1.7640573965264525,0.4405485957830011,-0.6852111155021922,-1.6310850783641777,-0.5217380763576103,0.5404633344559717
2,0.08659175393452051,-1.9865979965342029,1.7348153788632386,2.0571985181438004,-0.08987341948519201,-0.8862890313830042
2,-0.4938040014830516,0.7892459490475005,1.149188995441406,0.25027499188244123,0.41660884455959357,2.0870279144024333
2,-3.161965321143633,3.6698805617115604,-0.1425584305584523,0.2871199852126282,0.6764848334383324,0.01334509554600713
2,0.8788555743802751,-0.7230635431096731,-0.34528635677842917,-0.7479452914007364,0.30148513231846663,1.6632538127124996
2,-0.7897279117806472,0.8735734690238247,-0.8867961273434153,-1.084078588666451,2.540725807897431,0.7485921983979997
2,-2.091694813554493,0.23590639028823987,-0.37892087898511007,0.19136037617539575,-0.6992012542416686,-0.4413235541339147
2,0.06793636154070107,-1.8088689459513123,0.7445528683862644,0.4508141723114801,-1.208584547112557,0.23584764255177063
2,-0.6707982697404417,0.1504539952374268,-0.4103941346741268,-0.659930531832504,-0.10684486441676161,-0.33714583374414675
2,-0.7232640585442907,2.973989326068214,-1.6243202536765946,-0.08070718121427616,2.0442149390207316,1.4483900663477771
2,-4.027711786817027,2.4328384043982596,1.2745493470370457,0.3530910401291664,-0.6651818125422452,-0.40061514772572826
2,8.014475127410893,-4.17863992499634,-0.43543759632420903,0.7908312489886136,3.4068142278193827,-0.020931747566825237
2,-0.3067550340150169,-0.10451713844584481,0.4955826274372056,1.0168057641257169,-1.451972392319146,0.6112206846296827
2,1.9372003921637884,0.2584992333897439,-0.5796577600165501,-0.049129661713751584,0.9481728044384871,0.5836117783366145
2,-0.5556377428575134,2.595848543604294,1.1581620366883103,-0.2912270637887765,1.6920135484073484,0.023310993473387498
2,3.4549901934945915,-0.3296930100145586,-0.11844561984978853,-0.46458586102754473,3.533088616908692,-0.09770945668406802
2,-2.4416451463162976,0.6604821419583554,0.17088451878626434,-2.2078854993074946,-1.0353404777549975,-1.3901125149893547
2,4.012584490944557,-2.080541574104469,-1.4915390448630519,-0.9517426893996902,2.5996942663220404,-0.19393070261561285
2,-2.679380543335979,3.3389969673392894,1.3947165330469922,-0.47617626759394144,1.0026307872947393,-0.7723434504026832
2,0.4158150484635131,-1.2139187357401255,0.1789760426752274,-0.24979857601403235,0.4521848097410333,0.8508715681402182
2,-1.3619761359191873,1.3763835482401332,0.6763460969495472,-0.02227443637349869,0.5855114489219926,-1.1948988924240629
2,-2.2946393910420686,2.2220706789317317,-1.324467296515622,-0.81202294500216,0.05657403593342997,-1.4677380292476456
2,0.9475508256588592,-0.08299288574180429,-0.4961119013870959,-1.466456550540307,0.7204819661171482,-0.5817435220607892
2,2.899916557075074,-3.9197132258432354,-2.603480689934987,-0.545451787590197,-0.5210443135530154,0.43222549856317793
2,0.25462888218623175,-0.443098009750056,-1.3136051872754424,1.106073529557749,-0.19439874116831948,-0.4002855806265679
2,1.330098911067726,-0.17321487999266627,-0.34223919716152607,-0.36809196450960696,-0.8600257357604422,-0.176969697571631
2,0.9750860403387248,-0.04501859104545129,-0.03088289082503198,1.7261500942279044,0.5942905169851304,0.22838137035780331
2,-5.3113865009649155,4.707757539461708,2.478334632056461,0.030432542256068982,0.10310368166221895,-0.04073087172001508
2,0.28732587811453675,2.7167079272038905,-0.520966460138267,0.25812950433775916,1.2089494045864768,-1.5322081347630587
2,-2.0807773153961846,0.5887644605446996,1.6362909116988362,0.1605377049911128,-1.0414962298443797,0.9248252579316618
2,-1.020792697627952,0.8304914197976659,1.1724397544324066,-1.1994880621195336,-0.06995176378968314,2.750601587126207
2,2.448749761852577,-2.819957203112939,0.6458806235364305,-0.9258030264694828,-0.7828870666063081,0.432755071459532
2,0.6905983310053359,-0.5276807786529901,-2.5668433656244876,0.764300444468223,-1.1837168207323467,0.1178297001034043
2,-1.32876920438017,-0.18343855712218032,-3.2094136504377246,0.8051099362600388,-1.5849595623607673,0.2459129644078496
2,2.014525044302615,-5.1689885588841245,-2.1897713654576623,0.17478955012677302,-2.2523809493304445,-0.16743610445340457
2,-1.1048568208983336,3.2591587670437914,-0.7923635082804417,-0.6887949705920212,1.0459177010971181,-0.5573004091956222
2,-0.8498715138346311,1.320576097088918,-2.1183242291284676,0.4718562227225425,1.2486107060545097,0.1219006463552056
2,-3.559006861720052,5.240614202288527,0.5593544624556056,0.869029140958989,0.4891248176078765,1.2154521586999412
2,-0.5266938587319785,-0.9827364926195441,2.884833298089459,0.014409302731534044,-0.6658619617187473,0.6335182646435704
2,-2.160433527094562,0.594474070537606,0.8458023907867462,-1.1438097826717928,-1.046672102508211,1.1940194744505972
2,-0.22655432687561694,-2.1627802308858595,-1.6344241422576196,-0.2335349421038184,0.6399727306249311,-1.5830039043940638
2,3.9075039648394214,0.3596938626129984,1.6848083740794002,1.3403489544986273,0.8910490804269817,-0.32799956467184777
2,-1.5115587857296104,3.2240846156649265,-2.0009850938525355,0.021776048395434424,0.6370661670177935,-0.34038281411651666
2,3.7841028400599304,-1.8310926763222697,0.4574450300723995,-1.3069505249399123,1.4905766122049422,1.2899225398137597
2,-0.5097581140220919,0.7400495213274392,-1.6283864246481463,2.1661590738004826,-0.6893230857008836,-1.034177873469635
2,-2.942230335893995,0.046920298317917164,-0.8426943034084525,-1.4946057807928708,-2.638881169332562,-0.3024081689301769
2,-1.0887665673746914,0.6468664449837261,0.3258346033622988,2.2579311782273677,0.2505797906135555,0.2974661892080236
2,-0.16193449687211267,-0.3355245105159058,0.947789907662419,-1.2243745694261845,-1.0189071274471666,0.17332370076882989
2,0.9929994224548844,-0.6982134731831147,-0.9724497915980372,-4.424072252853516,-0.1419294782734594,-0.6270215708299494
2,-0.18312745277699577,0.753776263792262,-1.199000784271128,-0.9080927333104132,1.4696893965850368,1.110870681885394
2,1.8553006955835334,0.04938719348320106,1.162795587184063,-0.8129810798662309,0.8862948113981459,-0.10468097429672163
2,1.3529659897899078,-2.3754724660447275,0.9037100708518772,-1.0169269312258877,-0.32838619924702506,-0.8910545932599142
2,-1.0057110584943318,0.5847497430438447,1.8677412263876085,-1.9317006471988534,-0.5104822809004624,-0.7419017804122081
2,-1.8243487649951764,-0.48092619271243636,-0.30241373239192254,2.0586734651203913,0.39808125581529297,-0.9073125921945785
2,1.0080387945805256,-0.5275605512960637,-1.347757834603491,-2.792156006911681,0.4942535278151211,0.08831558852541427
2,-1.3281231177804094,0.30338440747348416,-1.3901224697027246,1.0773989748774355,-0.829716127547027,-0.4483856588944725
2,-0.24073132385903073,1.269767657807758,0.4434073122726286,-1.9618634299088773,-0.8890414973618943,-0.7463523891016812
2,-0.49700067078942567,2.0475776470894624,1.2823267521362192,-1.0160544133981642,0.9249156968618878,-0.23744451087122234
2,0.9292104916085002,0.2526767173311895,1.0066401724348817,2.5414471026459617,-0.4678991271781485,-1.2678634571800689
2,2.935458079983177,-0.8099232941238201,-0.9403082624932843,1.1778753071885935,1.2987854625991482,-0.3408019634852481
2,-3.1406468520501445,0.48433867269526054,0.7324765577240051,2.5889024931492495,-2.6086274580156874,-0.717606572368382
2,0.018151317623248148,-2.8164867938544162,0.14125191510351084,2.010482178482976,-2.07282601581278,0.536572022290973
2,4.523669947020413,-1.0562169699834336,-0.6528034198474304,-1.5729730919729197,1.6029140060798712,-0.08092316796370586
2,0.7395833923189116,-0.8457272456811857,1.0803617286223077,-1.4991584106410736,-1.709912252779231,-1.1867673677120345
2,-1.9428999861035159,-0.10682392797709642,0.9333227549316582,2.5734026177373,-1.3070534767857123,-0.5430701404263877
2,3.42934445070858,-0.15172367659802644,1.0666605859089104,-0.958176116127034,2.5140517988972655,0.8446304735569365
2,-2.344777847359449,0.5412757622162915,-0.43101194060001724,-1.0381634801107882,-0.7260668305498036,1.097238855977775
2,1.716353935865627,-2.810275850126656,0.33774978017305235,0.48047587946987735,1.5727612278524326,-0.3748606241094993
2,0.8798754839857631,-0.784546876629457,1.6648779886428928,-0.9428627958528536,1.15604065399446,0.00991765943685937
2,-1.3097565644284264,0.6611243186022369,-1.6576295450524425,2.2767608897306677,-1.6367632686249227,0.8817800376932187
2,-1.320881518180902,-0.801071032256789,0.8893683549366174,-3.1281979238917104,-0.6988951021861254,-0.9133615450007601
2,-0.16894058188844419,-0.622478936351023,-0.892673315035641,1.6177460933471182,-2.060332448112073,-1.560812443158886
2,1.502475885770904,-0.04818834049560397,-0.746507205970274,2.1991773251870312,1.0547284553457892,-0.8560721653412231
2,1.162988318852639,0.11391362024721396,-2.33656522978091,0.5052995799061124,0.2328256349903033,0.11931562272556977
2,1.9620304582162635,1.7849840640767938,-1.1164332901415481,1.456445812826416,1.160597875141617,0.6570571787968253
2,0.55577058135266,-0.3813234770414293,0.05910630046772217,1.6019834593934492,0.5391700973558038,-0.13976436112010604
2,0.3266503462816468,-0.20586073710585573,-0.21667537490877686,1.7152452258929514,0.4407964411945494,-1.7511877641704332
2,1.9749365381406951,-0.5831268227205626,0.7078525632797973,-3.209895447706936,-1.3683776796824487,-0.2956490192077624
2,-2.400501486806483,1.3660210780951796,0.18921625521514215,1.2953763631796238,-2.5214621703531677,1.2388904595642483
2,-0.5031134483375812,0.9670192531480668,-2.3681899039217322,0.5582408629655398,-0.3431188522160941,0.1892008260622945
2,-0.5531155499711882,-1.6709683427716466,0.24368032052519073,-1.3335370953415913,-0.3914370086789535,0.2714131916155296
2,-2.1058358840641747,0.8829535183423329,-1.068900517922744,2.299531523107275,-0.6785700316739907,-1.4135551880570898
2,-0.6955521372022107,0.7174945007011815,-1.4561842191381897,-1.7091908521355568,2.6411515458556423,0.8144630932103978
2,0.45299270219459076,2.17345802645458,0.6700414124042824,-0.18336119775648252,0.796041254937414,1.6462795991768553
2,1.8147451840898199,-0.012516716211807777,-0.8423938419969071,1.4752838132542534,1.6470833182558784,1.220145625441486
2,3.5696316494654776,-0.7705914863739232,0.4490758362478641,-0.614236482780681,2.444718787275251,-1.4703701178411075
2,1.6738507685001367,0.5089314135178556,1.5723088900618238,-0.5574765280991074,0.454206338846295,-2.482574750026718
2,-0.47029756374544496,1.1969469682955043,-0.8496355680704983,-0.08587477269595056,-0.41167037526196393,-0.23164821676713707
2,-1.3197981648126955,-1.3418154330257266,0.146089102463407,-0.39343933172607304,-1.5577435347203195,-0.19719716616622504
2,0.5806033040131973,-0.6488583631530902,-1.8905051694527502,0.31361329997035536,0.3686779086748023,-0.44788277330083504
2,-1.8728910054321493,0.8816395967581814,0.29361837658162804,0.26628178605128017,0.8505117116191325,-0.6253782049494109
2,1.8982609763951293,-0.3280795540518435,0.9437152247751668,2.4652018284266974,0.476607113565887,-0.5448316275923638
2,-1.8916371593952301,1.0113291671655331,-0.4460999997535772,-0.04838586480724822,-0.023881040446380675,0.8834526324885627
2,-2.3053834354340332,1.797084184594817,1.0911378768449378,-0.3561563619864932,-0.36278722211025477,0.5088983546961273
2,2.186094269790314,0.34863471657271167,-1.2128284270776633,0.22654791661823165,0.757118978432862,0.06552492133016202
2,-1.43550199217477,0.44412334911515433,-1.0192620059161508,-2.0480073484294756,0.4718700882131986,2.054646624731114
2,3.5658893265447,-1.9207084097831784,1.4899542012930604,0.3052955903419279,0.8134467439576305,-0.763334533228155
2,-1.1544734694507017,-1.1380839997756316,-0.1595451115777782,-4.918265441219659,-0.11582701411108753,-0.20807523507219888
2,-1.6031815893706471,0.7596570393655577,1.0385394510258548,3.0204651329171375,1.1984212175384477,0.5095831320646181
2,-2.635213515803084,0.1394970731723762,-0.41645402441083545,-1.9737572089482258,-2.376377171450538,0.4746694730105034
2,-1.7449983978145873,-1.6108386273017843,-0.01795321089340467,4.785587243714357,-2.3494220596956565,1.3986318218304723
2,1.2016791108650207,-0.8794968209428302,-0.0743166693191034,-4.492270566069033,0.9387355689000905,2.034238382366281
2,1.06803157601514,-1.1533274279201606,0.6729021783788935,-2.1747872011350964,-0.26601061382550123,0.24907703708514062
2,-2.538289300223661,-0.8846646832102241,-0.8888887804936327,0.5787195131932267,-1.2569571828421493,-2.5800992183289586
2,-1.425497154393777,-0.49181301865630384,-1.9908433483591195,-2.2138682273826085,-0.7729710075547341,-0.9505068263822176
2,-0.8083755628252218,-0.7627152041343096,2.349862863816181,-2.21170268081893,-2.664127114652853,-1.6474978364091217
2,0.3949014031526196,-0.14763234531769492,1.5625750853215563,8.94240540298183,0.24539262079087792,0.9690715276504976
2,-0.5922453923176668,-0.9329070352843702,-0.9187344382412108,-0.05523462708677201,0.11149222749697657,-1.5152006305683858
2,2.0866696973408643,-2.1652820025313395,0.5360483817343985,4.242437054892802,0.8642790544377925,-1.080845938684566
2,-1.0748868958409292,0.6217111423663909,-0.8208520288046206,-1.8454058752705143,-0.15649013681119564,1.6121742864051616
2,0.025257450511876844,0.33869482115718214,0.847256753648147,2.341473765680043,0.3284897198198005,1.3449708332354955
2,-0.31943115017487855,-0.12400217416964521,-1.2723761624463608,-0.9574618020927511,-0.48496002652204867,0.5495928748003605
2,0.284137987177138,-0.532872324825985,1.5340043694622112,-1.2640626959517667,0.17622579899663768,-1.5196732869978966
2,0.46416683977839823,1.0499995541367468,-1.503982182828615,2.164117216220412,0.8695936000148066,-0.22674654487137147
2,-0.5891887226164737,0.9287229493875993,-1.4613725610740782,-3.854784829053396,0.02627879863304977,0.8114497112303849
2,-0.6567499017981742,0.4388189757447144,-0.24623674150258096,-0.9118318038401534,-0.36077127314984675,0.831440551856792
2,0.7632279623068786,-1.5731413836735224,0.4567755312017085,-1.4202353854297876,-0.7772771249810655,1.526118645296695
2,2.4579891134027454,-0.6105236720889963,-0.3981226774266158,5.575012649492288,1.1369264236445098,0.2960169566556787
2,1.6910680287700732,-1.1389484620761265,-2.480717791098492,-1.5217764897129402,1.0314731419318899,0.8801170239755649
2,-0.750502189104241,-1.1935391915581315,-0.22090082893470334,-1.4483940487823375,-0.19459128827681216,-1.172122198414596
2,-2.1271723115542165,1.7768091205814152,1.17785205489534,0.40662412241904405,-0.3923158085056433,-0.7196874405023286
2,-0.49576595481861124,0.04755487066788264,0.023970576917802352,0.9433247177700608,0.11109230301828876,-1.116001289105991
2,-0.603960409370774,-0.041924866797128646,-2.0022063374698997,-3.2766747385508475,-1.3101286635218332,1.2753860939061499
2,-1.3533449302356941,-0.4729227175049422,0.19493874984718587,-2.559300817223317,0.05210540743742609,1.2269810996357993
2,-0.5103432625576578,-0.553582601124109,-0.08230464063216993,-0.5148489688524174,-0.274177797273773,0.21574225529766589
2,-2.18577973079825,1.062910793953928,-2.5888903388437257,-1.6978165834935182,0.046387379361250425,-2.7556198163291734
2,-2.38525483347096,-0.6011740619384753,0.31871241006061934,0.5195502001079579,-1.5237175447165507,1.1652181961678654
2,-2.749625729007104,1.2747000475851673,0.06995513148543299,0.43694950237245417,-0.7336272415484663,2.3641126211238257
2,-1.1641130022255632,-0.09626117526383643,0.8817357918113181,-2.633619168949261,-1.500095253088384,-0.22511095958240646
2,-2.8207637842417403,0.008315375191923602,-0.10811062131713672,2.0130343578004593,-0.6830364251333381,-2.6463622458304434
2,-0.02052199185116492,0.265700598851917,-1.4226547342372695,3.785523101888065,-0.0716290647501053,0.21951702616495278
2,-1.0655508758085208,0.7600028482580181,0.13382720989799224,-2.127554430562532,-0.4661472481524713,1.0651999581240887
2,-0.8532929338827994,0.1189871385812732,1.5609791134438482,-2.0455811018352232,-0.6159059046463294,1.9801425779968778
2,-0.7825767046222027,-1.26680110409957,0.24498384656247013,0.7437767075400787,-1.258867123425183,0.2584974911178065
2,1.4694808059242837,-0.5204565049948227,-1.409624610400365,-3.0645509781341342,0.19614246900033946,0.2124962578758672
2,1.7860455572604679,-0.1480298633335012,1.6964243770102312,-3.5602357990783373,2.072023180367522,-0.70711064664837
2,-3.8623291606383567,3.3099650919079266,-0.1964919068335086,3.978041083832842,-0.6245611917677857,-0.4328345954251059
2,-0.23836332649422454,-0.7697181096898054,2.2976644005868487,-3.8693211363992317,-0.435398782633711,-0.10879315985090857
2,1.8422164077793448,-0.7583266291449307,0.04088775191141197,3.55622103912999,1.4538541682170891,0.10505145720337832
2,0.5277245997877666,0.7469976465075974,0.6707623683435315,5.668466181184854,0.2844084454328467,0.7789092688553906
2,0.8299357793270685,0.5725828067488651,-0.1836742735247864,3.1169279431252366,0.5726078699703199,0.8370379477876422
2,-0.9299495785295859,-0.8026397965747749,-1.175402659821769,0.9072293783190223,0.025618416514207598,-0.04980538761691201
2,0.6286338130298312,-0.39562202747895925,-1.2809982256562849,1.2086733838271608,1.0386130015409778,0.5855906371102273
