,0,1,2,3,4,5,6,7,8,9,10,11,12,13,14
1,-0.44702044528310453,-1.4307226657090104,-21.4493019261103,-0.7237095880826523,3.0616033635631443,-1.8187317753113301,-1.5215621612941899,33.232360057798026,-10.026268261181084,-0.3831842953839131,3.286004132852839,9.25766774073295,2.1300484355670752,9.57112122816347,1.2996189228603012
1,-0.518937642362355,-1.1187525757089996,-59.75625446957427,0.46912670521878225,9.294543339056316,-2.065831144302287,1.1756950934456059,109.31178918401238,-20.25593981774323,0.8964559497403091,-2.0226115440020975,21.504107613043395,2.057714970006573,-5.399559794204356,1.0629899598179167
1,-0.018496911837615995,1.1314316452359943,15.744060993579103,0.49436974681793916,-2.1038465346494455,0.444052763879467,1.2299865745046454,-24.94547353396088,7.29656319806732,0.6412711791241834,-1.4906927709638775,-6.500784903326062,-1.1612062514686974,-4.106957081102955,-0.6071444205794778
1,-0.5122156968697589,-1.1979601259295265,9.339396111791778,-0.32733399850037337,-3.5082651848592548,-2.1483915557269935,-0.322001286914358,-10.956323980783994,-6.801304182835095,-0.3981010277842033,1.2588815414836716,-0.7663958705364434,-2.651152661876503,2.915512483168892,-1.2364577654626059
1,-0.007661032526626451,0.8137581144876695,1.954295934326923,0.03303636540288716,0.2446425734966568,2.47194796558736,-0.5171094742026764,-10.145715485784455,3.108175228783502,0.841809949793229,0.5416748520520444,-1.6839681949769523,1.0860359899026666,3.935585261469533,0.5741768074178961
1,-0.06312612354314513,-1.2457874393285466,11.052845182366426,-0.45286534836282233,-2.743048208484019,-3.373730319112327,-1.6244752337076116,-15.722975331358782,-0.8368368172106815,-0.6218039155764193,3.404922653604403,-2.2865768487615674,-1.0651246937141006,8.727922065491029,-0.6814267141057441
1,-0.31248423096525246,-0.38959671247715383,-0.9438992346047935,-0.37702348032402405,-0.49729901625477896,-0.4596764875974386,0.64386665324344,4.996919631170883,-4.714433681069449,-0.044945288249708636,-0.7976510033521867,2.180837533250308,-1.3706607717306036,-1.6564289084157147,-0.6809214465929937
1,-0.5742504781566208,-1.5192572246398626,-13.430888768122085,0.31630886394284624,0.40210093584321105,-3.192506570009803,0.03387274718567303,32.1340186602674,-11.28553562272328,-0.5537057172006487,-0.5141455372300807,6.49152953658927,-1.2410704405575315,-2.984409621711162,-0.5953354156060834
1,0.0834968258130417,-0.684237526814122,-24.554043672780043,0.07431898084396552,4.042953560930927,-1.5504060350887934,-0.5699601164451616,46.033713837683344,-7.495257585348221,0.3250648276712897,0.4008783052922054,8.187263370619005,1.7862169931258902,1.9714612832245577,0.764986858079722
1,-0.6603206568616831,-1.20884914691188,5.971055179294856,-0.7931554747048583,-1.9200382118093444,-2.1215150417081317,-2.1651862920126645,-12.71247955753729,-2.8961372359244844,-0.9805249455593427,4.17676325573752,-0.1668835165984757,-0.010445960471307497,10.691298526778162,0.056916523923702715
1,-0.307466613511605,-0.6670516209556323,-9.28727941752478,-0.50729802371719,1.5882136814120058,-0.5935485798069589,-1.2859199096810763,11.052177190187372,-3.283639063945177,0.42822272065837313,2.1416835319071508,3.7607485003337726,1.7299133362285126,8.241100168695205,1.1790607441674616
1,-0.7659713968839491,-2.049067455484598,-38.813749214811054,0.298305619701787,4.381557869425638,-2.225323024489475,0.6305738965475656,72.91596146707593,-19.746421842932218,-0.585810218666087,-0.7728624746393022,15.582070174555314,-0.6049716596408835,-4.470622277219327,-0.46500996116897303
1,-0.01835953443360103,1.0558383760571035,19.898620048872708,-0.42293339141214176,-2.4613112464173987,2.7609471592000094,-0.16968153348428514,-41.04743342061883,8.636837292229316,-0.4334432664987548,0.25206674316343314,-7.485023783589079,0.26470623324792997,1.4096086393360303,-0.048350941545478254
1,0.0008827644588057101,-0.18005538344628894,-19.03992687898259,0.22738846128487206,3.784940448613118,-0.07917377876693862,0.5629973433300203,33.86192889590262,-4.535834357155725,0.1373954493500032,-0.7849602316305929,6.358064831530463,1.1432610074035878,-3.3435882091836797,0.3608100076650772
1,0.41704166054213404,1.6133377241261386,41.87306743402283,0.025935164869319238,-5.103744332127516,3.5089562552485676,-1.5252469458618452,-83.25300887179654,20.192415545570007,0.2555145146733434,1.2734163335214097,-17.259386781018737,1.174310155629495,5.547149222253105,0.6871932147117167
1,0.31864978248753056,0.7754101502667723,58.74260713418571,-0.45205381504808184,-9.303118318535793,1.4316758245016015,-1.7193393691662315,-109.93671548489556,17.013238945713457,-0.7255776298760725,4.063703562371713,-20.465426110215727,-2.163444170410082,10.65862785708812,-0.9949648461094819
1,0.26612231345018705,0.6935278390279189,7.858637897471478,-0.08875893492878334,-0.0068998843735373645,1.652254992651879,0.14257595530582579,-16.184877883224512,6.451422413204511,0.35604743109521764,-0.24846034688671495,-4.11435554428486,0.4003162633774354,-0.8642764233955068,-0.4042074974773991
1,0.40662682552821416,0.8244811110784559,26.66117892446155,-0.27613990460047216,-3.243186922075368,0.6821626458107003,-0.7740297500374189,-49.537973408260854,11.288469250644452,-0.011398808402264888,1.187491387794652,-10.1356070825153,-0.054157064170245156,5.258616911287424,-0.24938905564919825
1,-0.2856148412349161,-1.0408515853795286,-26.9299026222136,0.17449521478311544,3.9358225815442185,-1.4679787102959034,0.5241672419514403,49.16967802779056,-9.520652675555802,-0.15775369299648098,0.061554775256507745,9.882960511368523,0.803423979431077,-0.6943698026881482,0.2643067888665632
1,-0.8439248715451186,-1.7168448746410676,-30.456643286906715,0.2059686275628869,3.319780071770948,-2.824375894336433,0.26621436697441697,60.39341319418711,-15.422770174110763,0.4186464207171416,-0.9052285728865441,12.44495505036424,-0.12300411674268688,-2.0132930732284864,0.1476625458526676
1,-0.4110611637326021,-0.8070751509540975,-19.90346699827549,-0.30845030298754006,3.490175774366094,-0.5295912423943666,-0.8027703015443834,32.21537561447195,-5.373235513676549,-0.4562752775173675,1.3779241753586509,7.1936507331957795,2.1476081545552703,3.8064938844341416,0.7989011806691554
1,-0.15933339671972024,-0.13172594067174315,-3.071436906252995,-0.1486627383869876,0.4028350308379101,0.04972526445377345,-0.6651171776707964,1.8466885052239956,-2.3539126909887833,-0.426619989079211,2.0021519708507967,1.1310974101738331,0.7031860901186909,3.842848296896811,0.17863091076759027
1,0.24235081281589,0.46237265992607307,2.902337907496395,0.3459626576607351,0.7100584461672647,0.9369893859162166,-0.34029156648219006,-7.177828160772709,5.751307857432715,0.7328250004178473,0.360922215934334,-2.372912066761832,1.322130179859527,1.5470801816184716,0.15669916529617905
1,0.3470471369045882,0.6153167135914056,-12.41087940768297,0.20009845325213815,2.667797088874708,0.4294107071832405,0.5821084989518023,20.167391179696033,-1.3778800878617317,-0.3562041398920518,-0.10119137794693123,3.945515470177547,1.1748624008624655,-2.015340391651414,0.620135480798465
1,-0.07482772088249202,-0.8762884926499176,-2.040898580159596,-0.12462853255567274,-0.632617541658472,-1.1014173918854335,-0.4100263899956579,2.4111716433411363,-3.7497862263777884,0.23301672468615275,2.726022323935445,2.1218080423733756,-1.1225236253496536,6.533677858273078,-0.560961703667658
1,-0.0017445528399407202,1.3054312855502077,23.932506016820135,0.3633593261983444,-3.8654176217635228,0.8575110686138254,0.5405363457143362,-38.33034475776168,7.102083640134767,0.08289539353474662,-1.5699896003240823,-8.798172479552335,-1.5801388614721905,-4.312819523792766,-0.49899436039960454
1,0.7123044609909741,2.644163350909454,63.22487554768872,0.12580875589893833,-8.948490130108746,6.413826934840931,-1.0587168757345524,-124.10149701984713,25.727064245297534,-1.1102500219920834,0.6589217071329306,-24.46560927967078,-0.47153579419232716,0.051038290820373394,0.10828050396590033
1,-0.42753765616358574,-1.0120412574616164,9.927741953804517,-0.6921141587919358,-2.131531356591569,-1.7127751385462366,-1.46393240717863,-16.43982578809762,-0.17240109650775878,-0.3284646356351849,1.801413084269581,-2.1701713365799913,-0.3049466436116987,7.373654328409243,-0.3696868942160006
1,0.6837696375389675,1.3507580900788845,-18.735908999154393,0.4269807139064718,4.718640063036118,3.803678883375726,1.7141076972703089,27.47425777805306,1.7265305010545415,-0.2097583970126716,-2.671123775187347,4.306339794238828,1.911145789099059,-9.31074780043266,0.9829754275282643
1,-0.31896447172339937,-0.9580808394743715,-39.22300817233956,0.12985449631236584,6.567550145500373,-1.5989511906936202,0.11241322543141728,69.38854026516957,-11.714627058700929,-1.0070067797776225,0.718913025196238,13.966870701665764,1.868523654638203,-1.0728163890461822,0.7267594983003893
1,0.2979194059084189,0.32309062649744735,37.13277720609736,-0.4675849578768419,-6.228925897565166,0.7611843489067617,-1.1333910543921244,-67.10519994541025,8.826404313194244,0.06523931459523258,1.3268151957369314,-12.687001423323009,-1.2641245798495293,5.105539924473242,-0.7368623431121505
1,-0.08407249812862953,-0.45401064017507914,26.563366278696417,-0.4627913353363053,-5.362439690996096,-0.39753077227563116,-0.8731922127875609,-45.8567750787933,4.873603053464038,0.04531143527046946,1.5322131052170913,-8.119637371697355,-2.2632837399878065,5.495169211395874,-0.885375623908576
1,-0.2947059306161145,0.26185904883653294,5.801087305436881,-0.2883954811003199,-0.7735261644989585,1.0191996902787979,-0.31752401797299434,-12.37701515177243,2.529261261315685,0.2197114448340311,-0.0792624623320296,-2.249302707467712,0.29807989517955585,2.2691581500093707,0.6179323027953667
1,0.041567182344243864,-0.318427770861233,11.076253891465122,-0.10560899942850437,-2.1269619043155905,-0.1517943463690168,0.03726069104986845,-19.25660661769265,1.9729497568515537,0.617083087322427,0.8457531050857969,-3.3205280938924444,-0.9420720569079756,3.081992303834773,-0.8291520897244616
1,0.16700028188775504,-0.06024318676976503,8.002482827111022,-0.3609935416231403,-0.5358546980993734,0.7043550616489973,-1.5189843470889721,-21.655862964658446,6.208570399617484,-0.04937756668825195,3.586954145046974,-3.4993039075356838,1.4655544225152803,9.936103992179794,0.3467952860435761
1,-0.333929663751483,-0.7626214076334444,-0.7738103317477656,-0.40724565973771026,-0.05629721365813318,-0.948017938731751,-0.7087956780374219,2.70849737497847,-1.407014817873958,0.6340330608231164,0.6636245576684304,1.047593164927683,-0.10691946100821545,4.132485212504256,-0.2713995486050015
1,0.27270194371703455,0.7990650292111096,-16.8849335279769,0.5866700586933472,3.7139926221059185,0.9086763062579751,1.657263945659783,31.9194154866525,-0.5615379227301217,-1.2715845553424547,-3.4047039602386553,4.671419608230683,0.7241897617240631,-13.161767328380863,0.5573119642330158
1,0.5318941154157537,2.023148925285828,43.76366164797743,-0.5061666198159428,-5.851976196380649,3.435234173358494,-0.7965885867045304,-87.3315614303179,18.89471683491684,-1.0525171031197111,1.7590302486492284,-16.94368233206608,-0.03223297882086124,3.7418355464756714,0.14321436654851336
1,-0.7598989442000752,-2.1032643619043387,-49.93058489688758,0.008870509880385598,6.433146293299293,-4.395332902066272,0.4324609422431594,93.96715453827034,-20.671684250678094,-0.8370980978428955,0.26975156438785586,19.669113522164572,0.9777799108769722,-1.8012990910249664,0.8568380152125451
1,-0.1675840087089808,-1.0382738489940029,-13.433719559111958,0.3918500853923736,1.0751006633812206,-2.284207743849649,0.8106949310370499,28.66408062166163,-7.451237868913626,0.04528462919343497,-0.1644287357701384,5.653376269598215,-1.0007973693827203,-1.854344903405515,-0.5492368780475547
1,0.8235568016595726,1.865144199717653,44.836071514098705,-0.0934217443764137,-6.587951631820513,3.9155579859247194,-0.18268562751550751,-88.16148022963603,15.432755763701646,0.06666903265725396,1.2054305840239252,-16.713349672665505,-1.6371351578134223,2.5825934265201234,-0.4357251589142316
1,-0.30440036396384196,-0.5650347711162192,-34.0012554493897,0.7478008325305686,4.5970063804715755,-1.1564022376654894,1.7981924181027402,69.06419129760862,-12.658474138369606,0.4662632837210461,-3.12189990739831,13.032407053985379,-1.2500514932763924,-10.251964884973093,-0.6894390957598838
1,0.2230133614540628,0.5392916905839732,0.2659297961740956,0.44463918378009576,0.11071886732880254,1.2146727592079714,1.6329381121605608,0.3182237980215542,1.4549094889919207,-0.09727795089154838,-2.2384782902024547,-0.6176854748275752,-0.9561133458361317,-7.723887408170756,-0.37322598175271493
1,-0.34511793202469837,-1.4188165786606264,-2.434203193257436,-0.15376081220016624,-1.0478120105530064,-1.552807887770329,-0.7024912070910256,8.277440222390489,-6.563687429846721,0.21347164879094688,0.11739457695371382,2.5817136196659516,-0.9604951849523911,1.9684478984939435,-0.5216640137094363
1,0.7227210825670003,2.2170538864827,48.25650712939905,-0.11394032222577931,-5.719124826575797,4.531251732660424,-0.7559296156454064,-98.27996193110121,22.55036775839949,-0.373470393753866,2.4985280862238253,-19.429494346920322,0.23404955963201868,5.270804701717376,0.25327783860513126
1,0.5151273091447398,1.5620019074848328,18.71976471309264,-0.4538657121063823,-0.2068265757179098,3.2714376477888267,-1.6027750109423253,-47.64696462544253,16.762569916526594,-0.9866330767532726,3.124429883990747,-9.454725678861603,3.3354489668278617,7.595385279671822,1.2837512441563392
1,0.8834139457159996,2.5124652141485053,45.961266726302064,-0.7815214310786015,-4.380489757255786,4.710724129069966,-0.6539171736137588,-93.34039980122292,24.472572632660174,-0.017551232381174498,1.1892478853605468,-18.845441146409925,1.2022286647975855,4.970446766006454,0.32522400570769033
1,-0.42723915997866957,-0.6081798339474735,0.22868922554832857,0.17114138661692735,-1.2730304984890546,-0.8060442783368406,0.8678411021579535,3.785613742712758,-4.457137510840293,-0.2784815262909084,-0.6500995660477602,1.1533368122670802,-2.100248393039729,-3.715946469525666,-1.0042670946520282
1,-0.7097890204097301,-0.9795596181332161,-11.948832936253435,0.3506757609636211,0.8346629204324421,-1.0035751227848069,0.07292214819626286,21.205129206440695,-8.130218259072809,-1.265684162574779,0.8466632730668899,5.7657184130186065,-0.5126010645435571,-2.1038437203191998,-0.24140649348378393
1,0.16670012292666492,0.1225987244285438,1.3785114335244917,-0.454436351817354,0.28966658002695284,0.7914969595783967,-0.8646963309314409,-9.035538738456086,2.6031951133085807,0.21543159401720952,1.0765897019917432,-1.1633448445853707,1.359771540593424,4.923174117939133,0.6526747072534118
1,0.024433744403466653,0.5046828008744972,-1.3751803807852117,-0.10070942875785285,0.7699517323262297,0.6662047605873288,-0.2080932830430979,-1.9512692543303691,1.7297360500321952,-0.4421430362443507,0.39875617770134414,-0.04888220064174743,0.8601501593905116,0.18146739298737638,0.6638475052339594
1,-0.8322856598183404,-2.3964894626368345,-65.95994684984394,0.3548183703799293,9.311589822597378,-3.8799581066105553,1.1559307150683598,125.99757914537386,-24.994712810548528,0.9148387634720487,-1.7832002838496757,24.494402016134874,1.4929169307867654,-4.589988981537324,0.5284662107969107
1,-0.6034170309318958,-0.24305124964170471,-25.81724747831283,0.562773590348867,3.889222716155549,-0.11233699426701114,0.8817076887653279,48.44824499332389,-8.55404908498271,-0.3251407185665477,-2.098524388908176,8.760567350587019,0.8696238305714704,-7.981439116055877,0.1427232454103947
1,0.1426176367300386,-0.4901136069538698,8.19900729930894,-0.07264760393585423,-1.9275081830342098,-0.7332733360381141,-0.7095103883481155,-12.885070366189566,0.6625744646613311,-0.31033663040334813,0.8548553124546253,-2.0808204044037284,-0.3776771533115169,1.7306237184217972,-0.7173526923114285
1,-0.6395199292569339,-1.8726358510063337,-4.902092995262488,0.025911148109032268,-0.7504875457051899,-1.9662963101440762,-0.7500104995520258,12.389775619852744,-6.107362058976815,0.20158651592858692,1.4631523318609365,3.2714387033651,-1.3185398976486562,4.829367804356894,-0.8696622269013753
1,-0.4601763741234845,-1.0725604438121865,0.739736553178252,-0.03162593201729148,-0.6343362819863707,-1.467113519910985,-0.38125956191910976,3.4095141922579564,-2.0999494276945243,-0.17413794169128874,0.1468008695218624,0.5686965556520333,-0.6165987857874323,1.0379570736540948,-0.9840677872112407
1,0.3485822443601734,1.756706204594527,23.551583224843416,0.42157913549078924,-2.9132061382739836,2.5151586376730664,0.04921418719720765,-48.86985111438908,11.52901396588692,-0.530287335600516,0.9374410557676108,-10.100920504294516,0.05364224345307315,-0.3278442904862448,-0.0403350939591097
1,-0.019404268867536954,0.26370406214128866,-53.04298441171324,1.052011652601247,9.155437627857868,0.8842296765284301,2.2730682553629005,92.91608109163681,-11.799901522007877,-0.6313145236896603,-3.113090730176755,17.135756246313733,2.498200589842237,-13.422294685119756,1.383450241061012
1,0.3499499899932377,0.24383687313100563,16.17881548974356,0.012503468232606677,-2.342421399928613,1.0566307347976178,0.2960303499704994,-27.739587756739663,6.588849084440504,0.6144989437373607,-0.7126784882640732,-6.392136879199783,-1.460208530139893,-0.8345694246609681,-0.9913714853560104
1,-0.38584420051125123,-0.9280655609274191,-3.277561978677623,-0.4134722455314958,-0.39300214643154985,-2.151729881966652,-0.30808247697410207,9.062926417131427,-4.772218268151683,-0.13561282398953245,2.2317663846666043,2.6007056499287544,-0.7775743453279836,4.969618007531738,-0.7783447469239918
1,-0.2103396719782414,-0.17563878473120406,-20.48035288818405,-0.12458402922686139,3.733686099540663,-1.17563783539735,0.4821135198912627,38.818452767429555,-4.11210100987004,-0.4500013655721203,-0.2632483178736107,7.002830295368416,1.3861400730375715,-2.359694327383117,0.7292919646556377
1,-0.4361991301307916,-0.024946646498742255,-8.002046003598652,0.14852812396249848,1.1632197453405446,-0.179095587878933,0.9393087091828736,19.6246734892803,-0.6630279757023481,0.4493702007036123,-2.004770615798901,2.5784775719403914,-0.6499070760803072,-5.059686544407808,-0.7072535651604948
1,0.14978796793017587,0.32900416445708164,5.568902477870732,0.1224332446414644,-0.6495713104689692,0.8223470827786539,-0.07347805321724224,-12.115633884140776,3.85659925720576,-0.2535971871355807,0.12989627481451643,-2.593666418312163,0.14742914608568436,-0.3864004603707669,0.26577689114688224
1,0.0815865393221742,0.4657612329991802,-35.49247053448079,0.836999868414496,6.382886785942367,0.0838728127349002,2.2718424822242147,65.79629535954192,-7.279527183222569,0.4978812416711501,-3.258838791908439,11.290166940206356,0.8327058686050826,-10.374226348084449,0.2927848717368664
1,1.019671221968496,1.950121230260422,21.62746363879141,-0.4138204746230646,-1.4257056275041016,3.567685201959815,0.039401510664411166,-46.44768270330393,14.560642537650756,0.06534181489691344,-0.5032254024728922,-9.73871867762145,1.0346309998796095,0.33416369386699274,0.8914391443630127
1,0.5263659441398503,2.2951290897049783,30.32847285066582,0.636192025097326,-4.480528868368392,4.656690796788292,1.8887454865399542,-54.89429021296972,12.840177386698139,0.5007563957246528,-2.94474091480541,-12.262725354329632,-2.3364546749045183,-8.74634550390994,-0.9911360637708192
1,-0.6133263779054833,-1.6595265816013667,-20.578657296863494,-0.5092599421715592,1.60812347278654,-2.5230548492598794,-0.20782505644334137,37.8066670935572,-14.823819898072937,0.4675708227602512,1.4975154049131083,10.237744135635744,-0.8060241083337188,5.422397444521569,0.16561965713355425
1,0.553899291471562,1.3775238575552011,40.77612868354608,-0.29624770796955224,-5.801023123240386,1.7440797004770028,-0.9286386824584622,-77.9976663196522,15.632877153102879,-0.8717512755722788,1.4021216144341253,-15.206875542533458,-0.27498231668778045,3.7097329766025626,0.44025295349668053
1,-0.30912944068844156,-1.2337785674640893,-39.11273248070966,0.43786718725918267,5.12343050027409,-2.334882243245595,0.8656619438232198,73.94735679659274,-14.933378507196359,0.16771257515049465,-1.7768992630050864,14.82463957682374,0.48267307452053115,-5.884793634244392,0.6538568433701156
1,-0.22705168692163896,-1.8327084020101736,-22.604937262819202,0.9422709153397498,1.1042058647934345,-3.702027755587865,2.354591901008986,58.16623188486893,-14.879785308562004,-0.17818254401580153,-4.070700135161061,10.08746039215797,-3.7069522718099623,-14.26814776065236,-1.6632922798870926
1,-0.13720333839233856,-0.4215558798333063,42.88496557184003,-0.8111339588235997,-8.018506741666805,-0.11197836259323356,-2.5250600439741433,-80.1844012384434,7.312859487533458,0.17205065558924737,4.123313781279797,-13.579388833682982,-1.7316028014695901,13.86111693683567,-0.3682720832995549
1,-0.008111301395300015,0.6441524338553483,-3.2140555575487624,0.5147691657088205,0.46812247127105505,1.514189043176378,1.9989985029512727,10.057708076147534,-0.23845267933452036,0.35586244926396016,-3.8497994865504706,0.5787092408773372,-1.2457588263347554,-10.441543237687515,-0.4254311397113309
1,0.7174107156274273,1.351385587009353,20.0328744621616,-0.24317715469762838,-1.993943456328736,3.253785619128285,0.06796767592807326,-43.33074017728762,11.095342878349424,0.30347872944313586,0.3741856739668904,-8.27923516283618,0.15187906333880702,2.0842149138537516,0.1951989136830784
1,-0.09914480706107522,-0.4324037952914702,-6.11034328423692,0.15069139496649986,0.7573122709762762,-0.0677698394719718,0.07044438159925244,10.417111441608084,-2.048551611451271,0.2962840292593087,1.0194038228421507,2.341101541469324,-0.0968385507855626,1.7831624877681844,-0.20744849615784225
1,0.042920402197559375,0.968924262608964,2.2650654879034966,-0.08015112233167818,0.49220731380378213,2.4603968100673175,0.3075557847502696,-10.91194367983735,3.3428385670530516,-0.24553541820835567,-0.10777612182087846,-1.820757915485853,1.2503765473132318,-1.1024374987722065,0.8627985929881061
1,0.43639831395005374,1.47661656905259,47.44843182743768,0.004355320110682139,-7.578233490072466,2.6427376191712,0.2778884062595818,-82.91011679113596,16.291454436646404,0.7933080797771377,-0.9009707938699176,-17.499189910921192,-2.588515270243157,-0.2747920054955151,-1.3884856056864976
1,0.34176172760497475,1.106712325590099,3.432346327271085,0.4944980210345879,-0.015785588980517736,2.7781278792319473,1.5043471965050976,-5.038230584731114,4.040293005186359,0.9324154492194869,-3.2864595945470962,-2.678047328598108,-0.6020667350038426,-8.30389062439358,-0.13545575975264174
1,0.5422122225134655,1.6899994483421759,34.51482252217709,-0.24515780299005518,-4.362087085229504,2.7238050698077765,-0.15052856910435694,-68.59189207565908,13.450045861637665,0.6965983361410598,1.3409010542646627,-13.307776611106087,-0.19243353881655673,4.8195152101513195,0.22955619943132344
1,0.7190619437407161,1.4539861416432815,3.784834885954323,0.5173742514859443,1.4645167882693313,2.6535888329140542,1.112174994652286,-8.066971246763542,9.644210469683705,0.31112879938610416,-2.3269230684035485,-4.183827310712336,0.8047312918321249,-7.079269436162678,-0.15386652228734293
1,0.2966103954279019,1.0918829410273165,20.94309247069052,-0.12882334666972833,-2.5944664710458087,1.7111260032229474,-0.16509449344868532,-40.28831786248449,9.677006898422967,0.730541504211289,0.21565357675457794,-8.492884109656286,0.04840878613820798,2.132670208414654,0.13990334573875723
1,0.10848029692579078,0.3054496546011192,34.32802559263536,-0.9593452977546254,-5.079283898850836,1.7346140268454775,-2.4838370166118606,-69.96918408547643,11.400141453011381,0.06986783916338413,3.5366156757273814,-12.363759062553358,0.8409695005624206,13.523035636818308,0.4767199514696378
1,0.3193472512833599,0.6105810312130818,-33.02877810803433,0.2026722943206034,6.766010838827916,0.7227992314574359,1.0496509707861414,56.63337716071877,-5.181629484153447,0.46832496200203333,-2.7045364333420365,10.402122266563062,2.827669682170289,-5.861849088926817,1.5240185786771119
1,0.48107835630573037,1.344426489409009,17.53503926953025,-0.16097539868830524,-0.48088242787460295,1.7368560549828254,-1.2933849982337535,-39.784659089123465,13.897630278677148,-0.2666719221841333,1.6161058912939976,-8.851288899342054,2.4485803143582388,5.011258789486846,0.9188418382159159
1,-0.11862906167917436,0.2554097555855901,-4.179169193659651,-0.06804464558713406,1.3051835561096183,-0.38819322455783756,-0.0969664680221319,10.258281126153312,0.1952234000209031,0.06865751079039578,-1.7557418150600088,1.0932812323317356,0.6045725831721586,-2.166795769090939,0.4401188940763227
1,-0.04165902744426554,0.5452458487453802,45.76540376483219,-1.0920955216241766,-6.9257621450632145,1.1226927280280112,-2.184429867832926,-87.98725387267963,13.819819209967164,0.8840305911879073,4.4048514557393625,-15.754952230028293,-0.7222451463548528,16.26717332642991,-0.26533379492986764
1,0.8480218402453806,2.9366801318528917,27.290271129400992,0.6067938360695904,-1.6988234911334772,6.0505701078828045,1.06437395050792,-57.98777817344803,20.170735254851767,-0.2697024619493132,-2.1881626246391677,-13.79396318893954,1.0778076656047657,-7.369427777436739,0.13199328771160854
1,0.32797049652984445,0.7638513767361688,38.67139552719279,0.2253806732260386,-6.253651700978932,1.52319847777538,-0.5425402828453328,-68.74517678589544,12.581077063232076,-0.3284182864067384,0.283808759511144,-14.185902944642981,-1.71221797827844,0.120578036052751,-0.7240618967412535
1,0.8631993132430097,2.2846009955321374,76.8557840006961,-0.23832178074407293,-11.313161412173535,4.76820229956363,-0.7971130239896936,-143.71253035387534,27.88283309870126,-0.4262828505359159,1.24613024469322,-28.936607130310442,-2.585934032219285,3.476247084944117,-0.8708566646780302
1,0.10598916152505349,-0.0490322614652575,25.16865223528368,-0.3278581310897108,-4.62590893373722,-0.412526333026232,-1.2596981149069184,-46.51290455305434,5.588738542590838,0.053967081914684904,2.090154799377715,-8.611423394714055,-0.931925340575143,7.027527982093751,-0.11314923851228544
1,0.12797710448987232,-0.4942899993236522,-10.946564502575384,0.12204504238120688,1.3627000978392476,-0.7035813744516061,0.3053577808151453,19.927162303825042,-5.588275212781932,0.20436272545575226,-0.1250017365155672,4.891217472646741,-0.012290000178920072,-1.2075828927718462,0.31341899535957385
1,-0.661686491132369,-1.1368951534273781,-23.688515732297724,0.18971987122302258,3.005243266123054,-2.457981014652862,-0.5073879687758827,42.80628119783808,-9.637891037554608,-0.8672581596251896,1.212213213353709,9.219104186386332,1.4415525283617385,0.9257186475187323,0.7123984466161546
1,-0.35051268513849027,-1.3877628259895907,13.675974966664032,-1.1352424796376999,-3.326165455074481,-2.2636671979197884,-2.4241412017558637,-25.939556241985578,-2.039526700462636,-0.0021856249571056315,4.764474062539175,-2.5734582613415284,-0.14656934291951393,15.697849311933515,-0.06656976272781848
1,0.5043047912385767,1.569653367384545,29.19478789598107,-0.40657586791642436,-2.816555481193737,2.730090043450346,-1.0982857426503976,-64.17308808573665,16.256899393471503,0.401481263354959,3.2608241545910515,-12.38830181994812,1.3412361718859325,10.316545276836063,0.6777059062578544
1,-0.15807740349678753,0.24828729418934573,39.89155010558109,-0.3027468405566141,-7.139796937445499,0.02180663183891157,-1.3140889509754676,-72.82300470210303,8.2359904709921,0.29826474360454897,2.1267429384557333,-13.032997605268365,-2.0002019193235343,7.252730089029894,-0.5341644773142965
1,-0.006111796649473978,0.14751088666658654,29.684622983728715,-0.3618840633956402,-4.986977319727377,0.11804547251922103,-0.8806203423538829,-49.720340525287334,8.511454791047827,-0.6886907059329187,0.097283956402699,-10.27830209651406,-1.4339355263256375,0.675757941123707,-0.810446709830992
1,0.3000407775324422,1.0589823867828947,5.555288884068312,0.5081166762544981,-0.11259639422705134,1.6221123102659565,0.4654302922894022,-13.01762750974872,6.054499166413043,-0.13861246518278722,-0.11873022248487955,-3.201220782304212,0.6910655631670708,-1.2201481080984717,0.3301798703631754
1,0.2714053132223811,0.2521938922783263,0.15490434859069332,0.48277889079178316,0.03897453717253895,0.798779860762767,1.3868412886344232,1.145807246093605,2.212506545192277,0.3404772989966145,-1.7092580907011832,-0.8108446035945828,-0.9007528306245667,-6.030896933112358,-0.8066534512236498
1,-0.3073761012922905,-1.00227073875016,-43.611430395626314,0.627735679305997,6.2189802784168,-1.8831974100780584,1.5898628541455713,84.35055664559373,-14.9768845392669,-0.6244616786182795,-2.4365985129744137,15.849018941709502,0.4114473926971648,-9.462143317113421,0.00900944264502385
1,-0.2551361563645057,-0.45911664807645175,-15.765579305887226,-0.28023435859446655,3.141975367361668,-1.4027685544638087,-0.3386915202707429,29.835325767874853,-1.7775914485496123,-0.09058318277812079,-0.2947956077265267,5.330710789328913,1.8350425957385397,0.9252107883001303,0.4405118769953762
1,0.5264219003715767,1.2911466049016276,31.837799650127526,0.20821185473721934,-4.393978387991536,2.6472763392067495,0.07986329998029809,-57.37761649045127,13.354579419911946,-0.9754842628146546,-0.4041844342160485,-12.671703293420633,-1.476764960086344,-3.191190251160987,-1.014822310272635
2,-0.19565984522400948,-0.22610230713953636,-0.1695885556868822,-0.3777252160907527,0.11269366572827325,-1.2495567295436787,-0.28965468246903964,-3.1713980232252545,0.9975764652055583,0.5453618256915236,0.5454931507459942,0.6185349506434042,0.48397381900774367,4.175212939945286,0.27663001315037444
2,-0.2851072036304575,-0.7024676896312873,-5.229127983011639,0.263787475022244,0.9118891896857325,-1.0010904068498576,0.3378806996582776,7.211621273694396,7.148681702939006,0.13920776722451722,0.020084509588974123,2.9454540171806483,-0.9233167355795028,-1.7191405481661748,-0.34141258903817934
2,0.05626221448023952,0.009448484403546774,-0.800481990077504,0.1133346793138687,-0.1033807734443064,1.058568256671174,0.6940034412050134,4.818080333720878,-0.36638212315255175,0.3359173451573015,-1.1891429449664583,0.059603266374727425,-0.9200903044423586,-2.2698549482589554,-0.6198467915184515
2,0.7391012987027236,1.8919869233388111,13.304000316653326,0.23302732633618958,-1.9118183033970217,4.778450601098456,0.9684509062578108,-14.037728913388142,-16.64196420402225,0.890061263334533,-2.926537416873722,-9.541966439053873,0.14028946273469697,-5.75615067834685,0.493252131011808
2,-0.27228960513858524,-1.4174398694032246,-23.72735413067193,0.3737154340906176,4.750033275825247,-2.6263301690976526,0.8707350140280549,39.45493003366708,28.817263481382092,0.642779328874294,-1.0324592094016187,14.11760291952636,-0.14310420262358212,-4.219610716567881,0.15677978367007678
2,0.3883391088949929,1.4387225023222132,15.278844350718515,-0.4035881281776058,-2.4896683800433475,1.8963464994975565,-0.23150605257796275,-24.111397618980035,-18.748040917848165,0.8111547167148782,-1.4576497322714144,-10.249533943117736,0.6588963532124137,0.5015424157432865,0.11297416780348003
2,0.046093130732177814,0.1635763067950823,-9.919030219752933,0.9005092819680697,1.879787273994228,0.46606139869936497,1.5727542212549943,24.090113016140972,10.086678935402066,-0.36018222070357697,-2.1906960585720654,4.7260176248458245,-0.6196335844452159,-9.28615125965079,0.20056509129600258
2,0.3391687345999078,1.0175807639360357,-0.8173258922207117,0.1203100821977804,1.033414049901388,2.207246999020416,0.6651259577747939,7.618390146045699,-0.598415359686065,-0.5603047351676514,-1.9223346515397863,-2.048461709009222,1.0366774821557592,-5.9392467977056125,-0.002190072204141711
2,-0.17856347906506156,-0.913878268982527,-9.49591000674716,-0.5051955321338876,1.9873242189683287,-1.657319527455918,-0.21418698330073616,13.220727943939252,11.733477972860733,-0.07463901356055772,0.1498208591465408,6.115483849398865,0.6430578189484568,0.6836669213507682,0.556287869675303
2,-0.2996163208892841,-0.32780688576114875,4.764085634289193,-0.48206568973208047,-1.172277271527239,-1.1399758491336798,-1.1372697155101443,-12.530842472369812,-3.7029403448462244,0.4503954351709674,2.2361752639724837,-1.3895436859751487,0.17227048662279767,8.183191277504278,0.0839312252024109
2,0.11070810291126713,1.2195548571411596,-10.360037685237609,0.6592668233607302,3.1976157634685647,2.2100590535805655,1.463323158548341,22.60148183361838,10.881465415358807,-0.33530486665476955,-1.701612105413936,3.5303886393103774,1.6465131649616482,-8.418909974708871,0.8942581935108379
2,-0.3249221916750196,-0.4480362749739196,-9.343223026546053,0.14095046963435431,1.6334542131436922,-0.37065689002005836,0.4509405633482544,15.89595891954336,11.385377608259521,-0.2640213980025688,-0.24729083086519282,5.511395902450205,-0.28848106291278286,-2.3846758535533703,0.15617206417785845
2,0.39469950323641234,1.8154756835586885,40.592839325437915,-0.9592084692044863,-8.444280100226505,2.5380263454626792,-1.2687694799723077,-69.04357995779026,-48.713467174664196,-1.0932097488089507,1.402747631570113,-22.00652452290923,-1.4074388528224102,4.853512160530175,-0.7958924274172378
2,0.11403441503546274,0.6687095707823415,21.717167295088405,-0.5927371141554155,-4.440124659419088,0.9995489135079149,-2.0148677562511437,-41.94972926255626,-26.86687446420567,1.0005497148893139,3.9507001482683104,-12.104148427060094,0.28309405220843087,13.816220194567407,0.1474572617991458
2,0.21827903037618582,0.2501894752823598,17.025731995875972,-0.8458178672490673,-3.6448745160731377,0.03215254306510849,-2.406542521859466,-35.395544948107016,-19.933230783816445,0.2451225020324583,3.638259774805402,-8.854149254946572,1.6787422161533185,13.17538044388068,0.9883869883053686
2,-0.9065633281682902,-2.076860118695603,-21.068994057896546,-0.28513990618882473,3.818002136631184,-3.1402344996136997,-0.34365410837374766,30.042348154368856,27.625169701243287,-0.09064590243305179,0.3701845242440759,14.148103512573515,0.48062878380143886,1.8787810896063557,0.009713837267057475
2,-0.09175779118488965,-0.06933328434909068,-6.87644582322595,0.46547828175875655,1.31288819412624,-1.0552963963632123,0.48063779067154216,12.51874385310801,6.566000376846833,-0.08380958334423269,-0.6518733485893923,3.2177511771895397,0.18975736768740345,-3.6632417369588497,0.8972332454695343
2,-0.2729600791447336,0.1430948082794153,16.713465462295435,-0.3155274154868224,-3.9411087170956627,-0.29768758718997346,-0.7611505207602093,-24.552053905565163,-20.590097793981073,0.09922796552450983,-0.5034500197412458,-8.744759247625174,-1.355645975973494,1.1556284418516352,-1.1270936398633278
2,-0.7879998074389492,-1.619173373663028,-11.509603627745044,0.011233940033204451,1.9318145409458338,-3.288402516765789,-0.5515178556389827,17.722608772944085,15.119833854088139,0.0801055211737743,0.8525674423050229,7.921184796301421,-0.42298219484244937,2.6185259769188693,-0.8875082735367176
2,-0.05069475418620638,-0.31313624365966414,-1.3278759324677012,0.41914640188036073,0.03820433364113232,-0.3348772170906522,0.25931266602543473,4.3508823494365405,0.08513347827880273,-0.7591413100374822,0.12284187680176166,0.14397456164723804,-0.8431375239240194,-3.1393138007246013,-1.1496189158929935
2,0.6473591715310438,1.7456315222786507,17.925812600881,-0.239062234248153,-3.170319932314105,3.34825310327965,-0.1210892989249231,-23.50753464015026,-22.879074417128027,-0.13775330112213896,-0.10520386121897281,-11.510484234517858,-0.2435360238415719,1.3147184461208707,-0.42006684039536013
2,0.537723352755262,0.23617259022973808,-19.63999063496059,0.3671164857298017,5.178798909927576,0.15042286375347244,0.7464717254247984,32.37944618949621,21.675376963986515,-0.38840982768061433,-1.6726565883053106,7.9387985487927075,3.2625918567591254,-5.948744694953418,1.267462671239009
2,-0.38483278532031445,-0.9994820926138264,-14.916514568644335,-0.2463503228812783,3.100886986734932,-0.6503283266889336,3.0536861149930004e-05,23.572296084830352,18.93651870986228,-0.8752118648891264,-0.6219161286109658,8.959891842560419,0.5363699287803515,-2.3901230310653605,0.0912951563144524
2,-0.24402402537024165,-1.435133445595599,-25.41847411014508,0.7086021547672906,5.01438338943358,-2.526604886764745,1.3660510847622815,46.295162004034125,28.24733372909067,-0.006030304596850685,-3.1421831154904765,13.756088976882763,-0.630604916509375,-10.159020577762535,-0.5363831300585606
2,0.33528559546642206,1.3570595295696948,13.50357941177554,-0.09209874206142389,-2.202285766446261,2.190283620990874,-0.03613215465449669,-22.180058107372716,-15.616302073635698,-0.9222695622881782,1.033564912270309,-9.065178253068796,0.3744468949015271,0.6258145142702034,-0.022331874463693443
2,0.26448514432937636,0.24640513718233514,28.40074829653555,-0.2005803073212142,-6.84287685977804,0.20871129327457727,-1.5361803087601102,-51.945656657730176,-33.91339728237157,-0.3859141413939431,3.0229657587085317,-14.071326018019798,-1.857733759746094,8.367416382526569,-0.7557614736920739
2,-0.3683752054297155,-1.526722022901895,-14.194583740099153,0.2347443871368234,2.3833261895927493,-1.7677378879905685,0.0880801197719764,23.684500368958137,19.07033446504927,0.4851209954681746,0.20873644414269524,9.825817182997978,-0.7103681244460527,-0.2926051019894034,0.03378987090906275
2,-0.15857464859704745,0.23461982813805177,-24.56533006057879,0.5004615752605424,6.179963326788369,-0.408804190872805,2.0195452514045082,48.41640607356653,29.2015321520743,0.10081763771106718,-3.9842762596892785,11.631684935332158,1.3808993408653454,-11.502795422603967,0.1929307778316881
2,-0.2579608071550203,-1.1047206316003793,-8.314110872276096,0.3643264127573369,1.2920265778719824,-1.8537364449113236,0.7462310193384074,16.68058827930917,10.504620562651436,-0.38807449836467467,-1.8479257610131106,6.007572269016672,-1.736336351192511,-6.626931508766915,-1.028185315382721
2,-0.032910149039554415,0.12776517313362407,-2.620227039299628,0.8154806548029551,0.0784271527629466,0.7470002960498608,1.8877275010263759,12.469752532927778,0.7930587287458377,-0.5977188102204227,-2.4055979110594774,0.9659484310517766,-3.273039621882622,-10.484437845967316,-1.529566851114298
2,-0.4063094935823332,-0.9108125396673646,-7.0139588563892445,-0.12480675313508414,0.8127342643182444,-0.7748795586826738,-0.5335255163597268,9.69964249802786,8.98376582562,0.29885571464818167,1.5646782459712205,4.881892613456625,-0.14649122238194784,4.1409972653038585,0.19412571205868612
2,0.2857079624534977,0.15622624948370414,-16.20851795675468,0.3797883273469351,4.080642300553215,0.9482734981368169,1.2128382811493688,30.860379944708832,17.276677168796947,0.9771245254954619,-1.6254687807242187,6.768399196458612,1.0464985117814543,-3.5973014305840723,0.15961084518644075
2,-1.210401520121681,-3.0265441722263233,-1.3116865182111646,-0.7228987358413408,-1.5034962691418512,-5.293083900325499,-2.5171761062317795,-7.4913129275859305,7.39305800653488,-0.3545119443543834,3.3832576425379557,6.706645128390596,-1.1790661606742125,12.249160898815315,-0.5336611619816398
2,-0.2629129632761482,-0.4311704966603112,-18.173018094376026,0.2929402932947933,4.565663352927073,-0.6586947932358357,0.758167215429311,36.55594887521938,22.755024716302692,0.05673458122289293,-2.4001792734335385,9.533454288251495,1.345660998509474,-6.227584664708427,0.6882327411185758
2,0.005481372864504688,0.6487435095129421,10.08349979968748,0.0006375663023670438,-2.244575658596767,1.2269177033302814,0.07181697378679673,-17.60697343247232,-12.025698218903532,-0.27215355154510007,1.2579786753953897,-5.323211877964932,-1.3139711099859248,1.5158446153531628,-0.30118536890224507
2,0.06260589894333549,0.10950530692295732,13.764329870897697,-0.6136156601020429,-3.0191545500751054,-0.3106216170415809,-0.9093670233782244,-24.192545992187352,-15.202333855908167,0.1864591997635489,1.3214528865004944,-6.093264279942821,-0.7609989663816813,5.885264607576079,-0.20430440868721947
2,-0.2625303937771094,-0.8721876109421858,-6.8384476292878436,0.08915367924010832,1.184498674500906,-2.332804601268357,-0.5455639976252531,9.422879439183047,8.3695099080679,-0.07726781023130432,0.17139834725175535,4.2919383245480685,0.1622103961185883,0.5606139479982626,0.13325119239101357
2,0.5541344445094344,0.9642699627696607,3.4041380217289334,-0.1296262202342797,0.06250957774614335,1.361276658238646,0.3593313752066581,-2.899066564277212,-4.645080858557717,0.04100189606502412,-0.8336746803101933,-3.5599859726980143,0.1712684331488279,-2.4235549516033745,-0.01048448629814016
2,-0.02313130955134551,0.5378889041915811,39.89612929848571,-1.0553235905639016,-9.241756690659967,0.5579574668198672,-2.681153377926653,-78.81425408424083,-45.33250237425389,0.3151715451985464,6.331114121342709,-19.803744846261417,-1.5858965288744051,19.496277956995947,-0.3182407302871698
2,0.249340909815716,0.33367325574302026,-0.9264964013394043,0.1210036648638635,0.48984869463575975,-1.252385173318649,0.18300177525352904,1.1180593678305941,0.7599178539357354,0.5070608113068414,-0.3054697375181322,-0.258024489665361,0.4350197291459436,-0.13436814567228653,0.07657072389027214
2,-0.6010384498526389,-0.821821129893268,-22.61499444100517,0.43780344719699305,4.630717262077929,-0.6630348437604388,1.0612058569881744,40.92998164265567,26.238395816064866,-0.33027148560045383,-1.9313307636156336,12.002551789429626,0.8399622214714059,-7.177216002951898,0.46309122144215314
2,-0.1528844067159583,-0.26086857470974467,-15.329238895587546,0.44786127131998044,3.050944393212297,-1.3746360931509076,1.2774015011981357,27.95775782195793,17.58117723980909,0.8596388442830701,-1.7329304286915732,7.729704775692805,0.43525499953150965,-4.142927736166059,0.2922623409174136
2,0.374699508904155,0.6579903663385114,0.7114329125474718,0.22328034630356738,-0.02804650871815683,1.5999385826721908,0.5431570377954122,3.020077163666354,-3.8084276930152594,-0.290314456913291,-1.578913019125298,-2.4661911829887435,0.21607641706758338,-4.659999899214677,0.20384864441579698
2,0.09414006283325659,0.10751120103291939,2.6054669708311438,-0.312211788268994,-0.4182210018331845,0.6417619130451613,-0.7490875980033519,-7.418647904066377,-2.947536084714658,-0.13010167106613954,1.1457062304137466,-0.9855552934039586,1.2109908265167357,3.2974670640919994,0.8101908793701103
2,-0.1958023156559832,-0.7858498731391094,-14.893626402233581,0.4087619492793991,2.657999299648296,-1.9587230330589798,0.8582202282463702,26.620489609221767,16.35854459596257,-0.2670606003271305,-2.224272257738383,8.433319020997539,-0.7898034156829726,-7.11242357328188,-0.1068109083118915
2,-0.2698252194583937,-0.5973002474927991,19.29767638973017,-0.38243202424160977,-5.339354920287785,-1.5429254624898656,-1.4561788534647162,-36.310662391735015,-22.87363898691093,-0.4738170441278739,1.1451875729938337,-9.21765278980591,-2.1762597220067215,4.072712923189863,-0.9157615918887434
2,-0.24118524345643932,-1.2772961173071358,11.710432045515805,-0.25480608010963723,-3.7004166885267766,-2.2480999485298545,-0.6655598572015803,-19.01536563939892,-12.240393698252323,0.7917676942642068,1.653857177898885,-3.423215043291792,-3.588968611379245,6.670940100297873,-1.6079645361429675
2,0.15543960689967626,0.134484942346951,15.202678059810566,-0.6102300785146295,-3.080855065709155,-0.21710862205575976,-1.4587188188395075,-31.374157030238905,-16.44357913308367,0.16750227508554633,2.409918582188424,-7.3782560308627065,0.03150001521490339,8.762515525111786,0.1526929718748776
2,-0.45790941468526214,-0.7851332575494159,-28.11504403469513,0.2868397766170181,6.2506880572594135,-0.6833007544398294,1.4040432128041052,54.65414254429646,33.73342664344831,-0.46532580851300415,-3.3672393752668603,15.214762723508892,1.0298550834335725,-10.118332188709955,0.24584800684165362
2,0.4990553722199271,0.8352788757441918,11.24558348048669,-0.0023048790835050906,-2.3776585952147133,1.189009617905583,0.505916168340087,-16.838422914913448,-14.17053774301368,-0.15241608846499125,-0.7683898742623833,-7.403699376645502,-1.6527904801839493,-3.0560407233020577,-0.669471528921095
2,0.1081854410007088,0.6202418953734773,5.451520726591819,0.06987559544718594,-1.0290986676788223,0.3753337946324237,0.26490747491558936,-9.021913836608006,-8.424033120622557,1.065605455832066,-0.1477422673887993,-4.248467009497709,0.27171883261866026,1.5597456275596036,-0.09864282739661868
2,-0.6548607879170464,-1.5079083976342944,-20.612896561313775,0.5011182219241099,4.139294856865865,-3.6531210727863885,0.4988028052358034,35.835154268034344,25.006738723347052,-0.5896864978363604,-0.8355826974236072,11.428682653752624,0.4338057927267422,-4.647845634178312,-0.27207113166563324
2,0.37260054408040194,0.4090149350821554,-11.451351552519714,0.9514889925167314,2.47448251311265,2.149736380568715,2.1355036983108775,29.237227109958134,11.009412324078017,-0.5865580527057646,-4.516193210867391,4.619189402547699,-0.4553539141821189,-16.149031944704408,0.012760214041977637
2,0.026673510159235924,0.07047108194946963,-20.803872638494923,0.982951720618283,4.304648519451177,-0.02762546137009548,2.4720583005422294,45.349221914161426,23.03786616990093,0.40692980709730214,-3.911234934821462,10.321923634182271,-1.0277104205780696,-13.494580348374342,-0.4765699227512571
2,0.6967694359187894,1.637935746797214,19.5792426434763,0.38788261079552705,-3.945554909854251,2.3319874151704316,1.0345708981963697,-28.656397350490543,-24.68498480082203,-0.27159694732714695,-1.0569415729620661,-12.76695946083736,-2.275299403270257,-5.6540535540958015,-0.967150124084746
2,0.5194308265158608,1.5214210109396749,0.5616328283437737,0.5776611515720244,0.8628629738739547,3.1749328263838854,1.4982599798629885,9.25400096371453,-2.372699120775109,0.1225228377661932,-2.864900126222977,-3.383484599633421,0.5768635214485588,-8.166183533001186,0.4601070014078086
2,0.24579423349662818,0.9418361759448781,-3.580319451300785,0.3430438579546831,1.2453088946935515,1.080851657842468,0.9837418163316216,9.318361748543685,2.3302193965455054,0.5653224691452736,-1.4925612075142347,0.4645289209950624,0.36757134749397136,-3.900944860313047,0.4188318563087099
2,0.15705494275059295,1.788492445306984,19.911550663314863,0.1125177893267334,-3.8558078465675205,3.4924223844346973,0.4410259696051283,-31.41305176241046,-23.73705290675933,0.4691553822731357,0.44085771323323053,-11.35763626095611,-0.8217994891436478,0.8977762680128754,-0.21493988924742624
2,0.06812355845670731,0.15632538655256212,6.3029848612415105,0.3890496169428759,-1.454213210337226,1.2958841188063095,0.09061097464985338,-7.157069180217668,-7.514006143217706,-0.6020947713214083,-0.44337173881984154,-3.820001786187158,-1.0711167634349175,-2.92831140907251,-0.7555568514741963
2,0.9587321720323104,2.8380103371640093,23.01254368091193,0.24297792474551924,-4.301168195872154,5.599965462992869,0.2319150907050533,-33.73788937939035,-30.190626016197868,1.007984379167995,0.04729488453902735,-15.417597512833682,0.6723457889321617,1.5428884304283819,0.64845430796795
2,0.23603971253891498,0.4102459538846541,1.035894472236601,0.19491537782559323,0.042121224950005746,0.354184720849552,0.06934858050996069,-6.49360928964729,-2.1645382777016993,-0.27121288372010804,2.0845751301155944,-1.4230902637458562,0.05020643034769525,3.2553440304033066,0.3323586703907385
2,-0.4188145590670144,-0.7173654940026483,-10.124855615900918,0.5213578556741623,1.935878967942099,-0.8157663981584395,1.3744112125619543,24.41066116570844,11.446107507205022,0.17840712715303952,-3.8530202970003766,5.766191427288801,-1.2297690521070406,-10.131853251454665,-0.6041984414112888
2,0.3931136798468001,1.0794909027373767,10.767854606014447,-0.2948496530153715,-1.544080336735372,1.735263100426858,-1.2033602779030153,-27.661697926130717,-14.284729557970131,-0.1891543406562665,2.8522697118686935,-7.332833504369918,2.4923498211954285,7.653116704204996,1.2418126269673475
2,-0.1325151839362307,-0.11242431537393457,-16.083235834278167,0.8812779114604818,3.5969441646824527,-1.2789541036028667,1.8841558342199165,32.59150047487574,17.726299522972354,0.9922723511628014,-3.151178981286202,8.070413032097093,0.30436098286915364,-8.76980980305658,0.10746096131512863
2,-0.13435397446916256,-0.19695262831827856,-21.69790626061819,0.30087819129090887,5.289710160229788,0.21002935483250904,1.1986764773946914,42.075944418970764,26.071372894183522,0.08684111605346267,-2.2361111825831363,10.827986985966499,1.213687756444251,-6.683340187531992,-0.09711339199204294
2,-0.28716846969916787,-0.6678032024458466,-17.538429784356634,0.6093030267692972,3.838445984695845,-1.09145947894863,1.1699478911684071,31.91328315066191,21.260204416291238,0.45036385406656243,-1.7236831131561152,8.845717246313308,-0.36239788536366696,-6.061279222124121,-0.7160566565884312
2,-0.04207472438636971,-0.2675469161312502,-18.485648034337537,0.2708940507944039,4.535391130132986,0.4109231246244342,0.6811185692245275,35.733386368415296,22.09321691351699,0.16011159571126515,-1.7584900330738267,9.220962898686798,1.6292900929145582,-4.742152026351875,0.19676184666237648
2,-0.30334155033705584,-0.603177937165255,8.642298490215277,-1.3042495682016977,-1.731342802911799,-0.6618195675218758,-2.994674044481015,-23.35210341300839,-7.909692628333446,-0.09404436507221729,4.632420594097364,-2.9797232930697044,2.7948204930306577,16.73207609614885,0.9453695021602658
2,0.29176054623647596,0.6194526645954057,-6.901633785525605,-0.06418775376436195,2.3101217266436933,1.5713952312649717,0.26227594214148875,9.937407721306625,6.196298985192587,0.016514639594214685,0.8453340803894713,1.648501414356607,2.121945049910385,1.6578096480526623,0.6214890673027
2,-0.16766536738551738,-0.1729786235233671,3.2308936948181968,-0.3952387163842732,-0.5826679997458868,-0.22360548345440237,-0.8011979498296209,-12.744351762929611,-3.6820401313352424,-0.6484933257480994,2.885429247186376,-1.478435132907998,0.6538860017119075,6.770290015840237,0.24912858854386588
2,0.10548082159397346,0.4890104854318153,12.282072141057917,-0.3991530646247799,-2.459249022379507,0.4993129634131697,-0.49193519093308075,-23.156518274238802,-15.17434467629061,-0.7723508433888966,2.65278560228878,-7.130958548800456,-0.33717547517816815,5.176145444262404,-0.30234630576754284
2,-0.3686053121065285,-0.34822807081892626,-23.885530354452094,1.0741642191587422,5.285531360054583,0.023661646504327217,2.6713264691646614,55.70382735025275,27.292040381283403,-0.527926204720469,-5.88072898414255,12.150148452078934,-0.8863596207445773,-17.525473294078484,-0.9117581209203287
2,-0.633715406488174,-1.623221171102755,-12.495229562326246,-0.571230463082475,2.4234497485327027,-3.63727642327976,-1.2231387185628437,14.098850697744925,18.2834549235729,0.38784732470667665,1.608554789511714,9.127947686998889,1.1519189749490752,7.347448009276485,0.6040174866472677
2,0.00770462837311012,1.0057912337010706,20.12187303212019,0.1438782828690406,-4.252733352178024,3.067924380042924,-0.9541651859505338,-31.90634513862874,-24.537919137246256,-0.33415783360798146,1.7948133394319448,-11.723552558169809,0.07775417533649857,3.698917158161521,-0.3942316140818953
2,-0.0970349872285719,-1.1225573038677905,-14.655080844927749,0.47788426777147963,2.8110493889965036,-1.9361586197715006,0.750696106913751,29.623995966314222,18.37240155862556,0.25864980552953665,-2.1671725690616848,8.503778267004524,-0.8025572872674227,-5.794141147107083,-0.5854157274589683
2,-0.15453067459717715,-0.0021856312325123396,-17.948453673568864,0.5221301943199719,4.0642667152432,0.5993129910509293,0.9909084391864831,32.95148751873487,20.9876932576779,0.05794059373668748,-2.0716910308426018,9.07615549529755,1.6008759344415207,-6.728224755713093,0.8758744984965365
2,-0.6418164401308885,-1.014705115606907,-5.554081605694221,0.12140890829573112,0.17285805844614974,-2.809196323028341,-0.3245653019363687,6.252084899410092,7.154735953597647,-0.19152944516812045,0.47505672419349776,4.464319751454701,-0.17178119347463194,-0.41227377671011384,-0.12653473415576333
2,-0.2440237312570105,-0.07696785862069937,5.457279815480694,0.42586920387300026,-2.0550508981227638,0.17909971185403795,0.8277534812413126,-6.2997149366600755,-7.330261467856502,-0.05027340267708928,0.09514864487197491,-2.560512906058125,-3.4089013440599114,-2.359068071384341,-1.469362614463483
2,0.4068201977489269,1.9591476996953356,27.560899608770136,0.6464992855268455,-5.846516830734016,3.302957419426813,1.1386523059324818,-39.593098841476646,-37.440331594512095,0.1376616657763608,-1.215099918729279,-17.712949933327867,-2.9994035042586766,-6.209755610253819,-1.7342352456505685
2,0.25276379584560255,-0.2541957851284009,23.3235656391325,-0.6891120176534441,-5.208997023106917,-0.8653194532748372,-1.7067873227943886,-45.65538694081338,-26.633300897068004,-0.4378019524557646,3.0173066425566,-11.70429772750153,-1.5169185039272945,9.717491539675219,-0.785729994061873
2,0.18892095570476158,-0.5766500930557583,0.3976338716777556,-0.039485017146607765,-0.4330668648739563,-0.4291328885626492,-0.5664366166191117,-0.8232469994171346,-0.8008941528863581,0.7345207336199145,1.161588377513974,-0.0341010264246614,-0.24663177482442658,4.405116102349837,-0.18097153629536966
2,0.28379263996515247,1.4781745411210718,23.716704085612463,-0.3023994358241729,-4.326006551783982,2.2471302924547105,-0.9192487538573221,-41.09676159402071,-28.908074183768314,-0.24908844591038967,1.586140524601271,-14.582487342054947,0.38355479170421575,4.5093155560554035,-0.23619422056886538
2,-0.534284381795329,-1.468165933796598,-19.89547472115203,-0.10480446711985447,3.8403299418462833,-1.5720206836252224,-0.019118168731060182,34.23345138008457,25.21718879011996,0.10170358918600403,-1.4609700130565915,12.601896118037336,1.0749513288613248,-1.798541597975233,0.7884224469656113
2,0.5141078852808139,1.047792096705874,11.7570514057929,0.2567768035794166,-2.263201317733351,1.1810574010813852,0.8790760252026231,-17.246883432505975,-15.80273249909903,0.354418327644431,-1.2376248484618546,-7.926910901114582,-1.5297541142041677,-4.5132097425133315,-0.9266183737636363
2,-0.11258481585494878,0.22780063816419563,-7.208033858156239,0.3708149779369813,1.6881161194003167,0.6192974025758727,0.9385508338291744,18.283704268549442,7.891581425447087,0.7496320504324707,-2.4097271570071266,3.263370786523254,0.5197931905953947,-5.356455102042433,0.07476152130105072
2,0.8012479593077022,1.7385754402340585,46.82255044433512,-0.33770350184780906,-10.233160867111575,3.482987666487053,-1.76290926979413,-82.82707153902423,-55.9157212101209,-0.3768721629914225,4.40703446712611,-25.80931630893044,-2.2560993428248493,10.909692139150238,-0.9138264388359194
2,0.14267175857973494,0.21694648493874402,4.85438201177139,-0.3088534433479799,-0.7365814728576184,1.505876780583243,-0.26452070011242995,-6.727136688040568,-5.566265937227884,0.9475969052816499,-0.6589538600165106,-2.8791644841209836,0.311807393573731,2.248535436129389,0.030902196198317453
2,0.2812723349207214,0.6400744058490765,1.3570056368018348,-0.013572071483405336,0.17655721767049917,0.1337809948086642,0.6436990263775433,0.9136041261316855,-2.849640014200813,0.7504721415797848,-1.1959116857728473,-2.651793238079781,0.4556850174902837,-1.5496474049385298,0.3149255469081197
2,0.25228812601346867,0.12276779374426129,-3.2460688834402256,-0.1704342868059914,1.1356529041686354,0.5741115915334556,-0.12604548413835098,6.836596709171963,3.381201627076102,-0.2774327344857624,0.0518318154169002,1.2843793996422475,0.7164670419129145,0.47927326719548,0.2028325991087835
2,0.17883061623498622,-0.01364804842571116,20.875689140112208,-0.5925730347535356,-4.911953892807367,1.0502573460278493,-1.427267141795435,-39.56010192387763,-23.918825913810693,0.36676254063557795,2.968782482267443,-9.827660562083127,-1.6220682937141018,9.7325434853644,-0.7863027533439776
2,-0.8553152797711856,-2.551923882238375,-25.127257321204695,0.036405726893721624,4.439528888889682,-4.809863761197302,-0.07540312141184709,39.187197387745094,31.399828307289194,-0.09468121225364193,-0.37874106698723586,16.327328270205403,-1.051887208523601,-1.2456892966053528,-0.830195440944628
2,-0.0012194449309722002,0.24382052304165253,-12.107368386543548,0.6569581527846172,2.76555078171349,0.34704502123669845,1.5614039205219736,24.578732904303333,12.585325557103737,0.08839238217616922,-2.290561280098024,5.2153771404502995,0.6213869972917785,-8.656977252209588,0.2953179942289156
2,-0.0259857158007421,-0.024493574107517825,-9.210265917613295,0.6745977492495383,1.9271932093269655,-0.4185608691135085,1.3904618473826196,21.753726666187994,10.558869836103991,0.4835700724551698,-2.5730314352920893,4.1931320348896515,-0.8469413129392982,-7.668041514959726,-0.7392183156307776
2,0.37017293643647403,0.6589665903228833,3.5954462311432285,0.3245726885820433,-0.16222452256456577,0.9725181411310492,0.41986809585119855,-5.559194284435769,-4.553590383692187,0.4005568107725153,-0.3175855702281772,-3.3507099690487956,0.3406777340831258,-1.2591279190063256,0.17869109572144462
2,-0.1560075165869711,-0.3022903274195427,12.563015888691522,-0.8018486085675598,-3.4289993669416847,-0.2748277355392382,-1.0480334203688912,-23.969077694723108,-14.610182463419596,-0.1728039425321,2.4465144475601734,-4.910859729576823,-1.0881875052505556,7.747049784205605,-0.3491048926249929
2,-0.5440568144029306,-0.9504032248494758,-16.06975491424929,0.4542706250019505,2.6623008351462603,-1.5245563366673678,0.36192089546868245,29.008449719403636,19.17957393958524,-0.4258592371776786,-1.1640640400484392,9.805908504393859,-0.05706319054600818,-4.570053307105034,-0.15055434385059208
2,-0.3643746545784125,-1.355882346495691,-41.475546864996716,0.5899451045594937,8.963251031814943,-1.9729042553625291,0.8739245126098517,69.4503458279028,48.455961406097714,-0.34272913803469246,-1.3319285950812414,21.68230362534556,3.5341586189411416,-5.817462549950379,1.6801085857478761
2,-0.15802710154825547,-0.6807429697908526,-37.17872011206813,1.17654518869782,8.418950727658258,-1.5988839207313206,2.3993474303087154,73.73621336600526,42.790014927760254,0.10519786025407128,-5.296917019368103,18.2768033626415,0.7080811593493856,-16.277009893504914,-0.20626300203918865
2,0.19191030043721918,1.1840867521686593,19.347513204478464,-0.247200180526871,-3.8890930928327356,2.0988682530685163,-1.2334581083410499,-38.48253509850385,-24.343541583358803,-0.5630872522989389,3.4100201883484877,-11.374004017659184,0.77693293145434,8.065909917081724,0.5952188400991612
2,-0.06708826648324591,-0.13735714711132663,-11.942747948698747,0.5105113081522686,2.627285124157581,-0.5572071834063801,1.7161678420552806,26.685112282330767,12.241250303729736,0.9782432548210813,-3.529384359067015,5.480557200195762,-0.7174295858523052,-8.332806959477821,-0.43121804993457674
