,0,1,2,3,4,5,6,7,8
1,0.21281439874498448,-0.05544359541506637,1.0514892236779467,-3.262470879068574,0.25369998383980524,-2.471074112519143,-0.8797664006385418,0.8960436192515375,0.4811381550850493
1,5.123751642500264,-0.5261101651561398,0.5977165165135065,41.630786539726216,3.4858461257011104,17.22221941109512,4.934921454095356,6.35440965920286,-1.8107945899864404
1,0.9098877215065077,-2.099311414672173,0.05665978464589082,6.989224828189378,4.25166096166386,2.8083852817652915,0.6278375573058516,1.4595424989542525,-0.5974542973994416
1,-1.0985900168190694,-1.1352801857682566,0.20946649607611148,-11.448345083063245,1.2570046763606952,-5.2560977451527195,-1.1837285667142174,-1.3098776966855261,0.2928741442720676
1,2.4946019162529116,-2.8951489478663275,-0.8096702137732106,24.185078063393433,8.960371974758878,12.246092350266961,3.6602670498577288,4.204903305133437,-1.287009526123706
1,3.8894044289698293,0.7977640324423961,1.1555631314892083,42.290962295818574,-0.8054356520144352,17.704578816752047,5.07538238052858,1.4448641923956782,-1.3763328238699648
1,3.70941424364732,-0.412064204346814,-0.6228269249450817,31.354764201667948,4.300657341094062,15.130572435861499,4.175953859915295,4.128799001419851,-1.643100268288801
1,-1.674841500998378,-1.628143557575299,1.1482155748613474,-23.142831429997006,-1.4798355127583163,-10.726827263390526,-3.141354449506151,-1.4688558460193373,1.372318601009222
1,-8.41129611960412,1.633982746449397,-1.274582568310276,-78.85177044360381,-8.367898848033523,-33.9983976679182,-10.576085748079942,-7.660346970317092,3.3215667485528853
1,2.050149861634417,0.3803535914552159,-0.061953022165086045,17.62312567072758,1.9132520687731815,7.7938228674970995,2.5944528119346746,3.6902492927415187,-1.3956779340477556
1,0.16553752164462326,1.51855042239365,1.0114756547084236,-4.062799664591437,-2.9536723024174445,-2.9151074829672448,-0.9307115175943297,-1.740179349458109,0.005396207934842412
1,-4.161709138374872,1.6131389429336545,0.36961035428798894,-37.26569312809114,-3.9642890013556435,-16.67138818248584,-5.336113512493265,-2.183335668564796,1.4798820732100095
1,-1.3392004875203112,1.5980130667719692,2.5161305421217257,-5.842820889947858,-2.04338699485978,-4.7516898823508225,-1.2745039705914463,-1.245507202228837,-0.17600797226502707
1,-0.8307515716999581,-0.14335077004556745,0.15353110822569183,-8.047603767226649,1.911582940583754,-3.7443184681382107,-0.7216148342046914,1.3602488168610247,0.10910364289652405
1,-1.4754889830576798,1.1298887482541224,-1.1004165178390077,-12.601848677394385,-3.2454292575167383,-5.303872620972004,-1.3302412885596921,1.9384407937258104,0.11207209985903907
1,0.9113998899628003,-1.1255537101298734,0.027915077283407475,1.2106729066517878,2.009485248724649,0.873403913289861,0.4112878157788598,1.4654133828989782,-0.34471925644693874
1,-0.15576590690092706,1.9243404508774313,2.480300041028149,0.36633301169168414,-0.4829754287632909,-1.8908002137038216,-0.6810238268082345,-0.4052324548055931,0.3769054725775255
1,0.5168741320234772,-1.5877351343752444,-1.2823957325136897,0.9298746720722462,2.7229674573212113,1.2227174212079974,0.45495016944660915,0.6216342412124117,0.18062764187806507
1,3.2923499727269516,-2.1906519579253336,1.3605726065867665,21.18166917582287,7.242421891751717,8.793943839942484,2.716861356557964,0.9241788283149366,-1.2182936274152625
1,-0.8446664524402709,1.0051399030353243,1.7492841772072634,-42.09436331612067,-5.9026970005333865,-21.08232692142076,-5.383832845655011,-4.323432162993151,1.7718250028801552
1,4.832282275302759,0.9010706758173064,-1.3779235101299956,25.13894334614015,2.6544912217071026,12.923012165612375,3.303478628896164,1.7093178000275258,-1.8874332898425856
1,2.9368559438455177,0.07838386150301951,0.06794881308073357,31.76479425963808,0.7706771597782874,13.849483466163154,3.4227951327607444,3.0486497590209676,-0.9565550550870656
1,-0.7173630215345498,0.11977629927090296,2.0807895661106395,-4.746281586024202,-4.411519265944431,-3.7748726522152922,-1.2086296423570155,0.018439549727337246,0.36039745566384296
1,0.11462978832433324,0.7380669236236939,0.6039575646345722,2.4369810605626445,0.43377514754338103,0.6754779485385362,-0.13766879257500508,-2.985305324251164,-0.04983074265360515
1,-0.3204259537274381,-0.9580923715882437,0.8513625901353503,-1.011472057807688,-1.1160375384328627,-0.79184081079199,-0.030327699910141948,-1.060009934681714,0.9591437221167639
1,1.696042536243551,-2.6121553687163535,0.5283558109828214,18.46120521584498,7.4634578124886275,7.598215107225329,2.48645675994564,2.0823424295752004,-1.1742501078891674
1,-1.8430100184301519,-1.0414455819742345,0.23921233227589536,-19.2933619807333,2.1054258859064747,-8.376523057512516,-2.584032071219699,-1.4978887870365716,0.4306458649736664
1,6.578990573016219,0.28198700378099073,-0.5806804141292705,42.31652182786531,1.3918904799544378,19.588903427120123,5.888898686888251,4.814220720014524,-2.0170063947356964
1,5.087395530542703,-2.02432083757286,0.44265733577624755,33.94298706680855,10.601301169809854,15.422264231998447,4.486486416388931,1.1995644392604625,-1.6654149341175901
1,-0.32485800993113667,-0.08388092338103151,1.4435528447194395,-11.392081507681503,-0.9516896299638428,-7.389256665314506,-2.2408082825433904,-4.143119462115508,0.8959689319146197
1,-2.3438462200193824,-0.9605532533304959,-0.7774330681238281,-23.2768971961577,-0.08983776957706842,-9.250915473503648,-2.6123851240438714,-0.4115803073377451,0.641245778338042
1,0.07137693945580265,-0.4553919776946786,1.4120710471848879,29.977380992892115,4.567531254632163,11.917921861654126,3.879171460856395,1.9183135723461597,-0.7070562028718166
1,-1.2239958924386856,-0.17478646352511945,-0.42332216387264204,-14.034030633112263,-0.5041744030819499,-6.591072903942782,-1.935538709931108,-0.8535097988842677,1.1254013642006855
1,3.6246499561356065,2.030275484521697,1.005067845204609,34.402117114033885,0.28659172130016647,15.194213355913218,4.988531415886929,4.278639145582718,-1.7245163223754747
1,-6.557438301484443,-2.2556292649608523,1.4369315177766553,-46.64395038415477,0.41316620333472953,-21.143340216711895,-6.80437693074487,-3.9211277349076723,2.162778722475457
1,-3.829874839279568,-1.5435964154441673,0.8538391701317023,-24.208019980484156,1.9597139241794415,-12.38073625768857,-4.203372941455626,-2.9719058718449225,1.6320888917057617
1,-3.439154570008658,-3.47182893453468,0.9090568772709492,-29.554495799592694,0.5807002615024579,-13.79796280866035,-3.8299499885661104,-3.399224125640513,1.960656199524382
1,-5.228480760803685,-1.0423477972773971,-0.4174231445039713,-48.80479133809164,-0.9093278647529931,-22.429079685882254,-6.733066369118839,-3.5593566780944847,1.931121128928789
1,-2.0977276534290055,-1.2171114249422919,1.3288624538467968,-2.47480621583451,1.6240402323898167,-1.8984768987825464,-0.554653334368823,-4.280465188049447,0.25310885485655266
1,7.314918761127147,0.7769519002864966,3.1994718071460597,70.90544634381027,5.207323949283645,27.506697029175236,8.28988987782641,7.22136817114313,-2.73520364382398
1,4.7353406657978425,-0.2948160867266947,0.011783543090593034,37.73424941801751,3.841211699303439,16.03895820602768,4.51282962909774,2.9815135524027663,-1.6728795513680643
1,-3.639193631493044,1.6537088118084708,-0.15616546143289534,-30.82562544211372,-6.7608867538930175,-12.467330213790268,-3.9262069989250628,-1.70856286790139,1.3035022820426372
1,-4.431132116272527,-1.388948390368257,0.3113879035451574,-35.44792811699601,1.3726146401708668,-15.243202428610475,-3.9479624731163154,-3.1201985018603313,1.4857463248620564
1,0.9419384032995013,-2.4737099377965523,-0.6473504192681231,18.609880424227626,7.17248266879261,8.346702030506357,2.4210232440503257,3.4476926802563135,-1.404665632689659
1,1.839958612287856,-0.7407015736777314,2.570212414948531,26.990002961701528,3.6995966921931553,10.331793266922102,2.7626120210931617,4.665471465540782,-1.6034743136131842
1,-5.019279038345271,0.8365548156408806,-0.781410017060965,-54.190554228406405,-8.67534635434055,-22.991431880058418,-7.371398685423121,-4.361196517238169,2.727025957786797
1,-2.4554098479773523,0.5031884577877357,-0.42211354761346354,-5.057225507367626,-1.3094055976224737,-1.9111457764058613,-0.8105293741954371,-0.08222221325884764,0.38428904976403633
1,-3.181003107944925,0.7005955030270203,0.30782860234299864,-27.5879122902054,-4.596231400631305,-12.339619699520725,-3.7159793400511587,-1.3097722409122803,1.6346514662474538
1,-9.424400998499573,-0.1815087420003346,0.2487775715958748,-82.10606080399377,-8.373793009158108,-36.99503201910755,-10.635447060820972,-9.884759303402058,4.135517785945365
1,0.2776976986811719,-1.929031159945657,-0.2515525717117831,6.579289379584005,5.639016167308715,2.9584086253098865,0.8138649126797324,0.15823244075362441,-0.4766563630298599
1,-2.243104214872829,0.1967578330776743,0.9063389619828008,-25.73901366253068,-2.9565044741159516,-13.066943872316951,-3.5618784873916045,-3.066757726561667,1.481667974059615
1,6.635437463763685,0.8201946487000051,-0.1443764353553969,37.17980853065186,3.701814111460808,15.604734194558603,4.5307019932598624,3.111254318080554,-1.9175006500587175
1,2.1736542254844924,-0.382748952783805,-0.7950693519602843,3.16057950045166,-0.3671400242004205,1.4581254889334796,1.1398979774393925,1.9423412224097425,-0.4975683248114133
1,4.905908625155215,-0.32480191973148426,-1.4197839860665216,15.297186508284044,4.9524760529843865,8.237536798132703,1.6749294519789917,3.602902681542655,-1.583587516761124
1,1.878823793495306,0.910157750449962,-1.300166211833926,4.536785237969211,-1.8180209154309115,3.18626469982379,1.0588624643033508,0.5361576897232724,-0.25325831963487
1,-9.996443030523825,-0.8470660311412167,0.2392828261610463,-61.76890643660953,-6.715021745087317,-27.37116520579619,-7.7572610711403085,-4.122474874899479,3.122152438102784
1,-2.250910767801117,2.0282857577375912,0.2711492906360723,-10.940984668066985,-5.06762531159625,-5.123213922798438,-2.019502933230682,-3.611381993310968,1.0732950499304348
1,-1.4910583525893004,3.350074922638394,0.20707692683704473,-16.652328679087116,-7.355693846696213,-7.820196679990073,-2.6767721063962004,-0.23198968203383297,0.8623341215149767
1,0.4881142245522108,-1.8530849856803455,0.01815858147411253,20.985892593487385,5.59720523769156,9.051306648807913,2.849258460421057,1.00007683353496,-0.8559834894274119
1,-5.214396135873047,-0.06370630262188687,-1.301281457076056,-26.23988940770783,-1.7284044657402364,-10.634944840681428,-2.961383976730227,-3.815961316388484,1.3714842313073385
1,-0.7277062705181967,1.1706620145015032,-0.24772556850706942,2.325135717550147,-3.054795357223109,2.1081484707571727,0.684957446421144,-1.3006807325950096,0.06530515346449656
1,2.5414752877474314,0.22510410182295373,1.8519512010396617,3.8473438521542804,0.6073788961696074,-0.9170462722199124,-0.3255449286981177,1.2470984198960902,-0.8790827389084868
1,4.035084755020239,0.6399871912637886,-0.40992077773878977,14.821012771864739,-0.9157315458381261,7.802012369910129,2.4780064567017215,1.5853892192159817,-0.649384743735622
1,-1.6045740467343839,-0.2791598469230763,-0.11728400578181361,0.306227246642118,-1.3562461372952244,-0.4256080978331392,-0.30979191420932994,-0.7403263709068205,0.31577041396002525
1,-0.9149392753637886,-1.0355888275377123,2.242931689127514,-7.052160146409119,2.2897645463346743,-5.4489606128525665,-1.2889215877646085,-0.412286409230429,0.6865777788738355
1,3.841574026990309,-3.270829217853596,1.5249804762532981,53.7483765398534,11.524886005671279,22.238132957460074,5.993931808687856,1.6075100929789585,-2.3946886521769
1,-1.8729319108725526,0.2503344869420844,0.5684513835720837,-14.868076876378503,-3.7715867151243554,-7.216024311837112,-1.7229955240789847,-1.1722241554309882,1.1991803590896357
1,-0.008449958546649518,2.8693233745999227,1.1195860934461723,-11.275921788078717,-5.909295730637422,-5.887732930639226,-1.7615823603491843,-1.1391269955187757,-0.01731862697494302
1,2.4325786052357476,-1.5191544697100168,-0.2695405770199355,17.394828168409937,4.466579668824273,8.49585441837168,3.08305014589181,1.9880688413154253,-0.9306230178422996
1,-3.537374267155286,-1.2431560265986477,-0.6949526681542326,-15.070595234422798,1.484579194018034,-6.790033390293456,-2.2566849345572977,-2.338473512029914,1.063940916949552
1,1.758762487270113,1.9506534692909017,0.8923584833303889,4.5245889206389,-2.502474444954921,1.546361571929467,-0.07382885941637946,1.32958349939888,-0.7302433186723571
1,2.491159274388625,0.6401165121503117,0.8254769922536721,23.522494803948785,1.8448371279585618,9.144820969638475,3.110475751880201,3.6331021666622982,-1.201937220154796
1,3.3343506689926348,-0.24660996627466092,0.19520060473642126,53.90103401392543,6.821822359673214,24.185457429195115,6.951132264065508,5.815224930042053,-2.125585741836494
1,1.3389786620535489,2.5139095637478928,0.7825745714445119,-2.799605420176434,-4.73591611495755,-1.8902314694049425,-1.4369157379199997,0.3068350402583523,-0.10303349835604507
1,1.1233540008084677,-1.0791678233169142,1.5910273088609472,21.412259055146603,1.7898791737126094,8.339773992155221,2.0245830384289927,3.16488841953652,-0.7518469485183734
1,0.5485845654045308,1.731918080428846,-1.627187162329333,-4.240853749725615,-1.9831940173960116,-0.6616961572908723,-0.8575297787547389,0.4940512619086335,-0.6300464311669852
1,5.491280241467713,1.247438943009319,0.7599979295290281,39.591057982558766,1.4384264598662668,16.789529840010186,5.71583015443537,5.376999750241757,-1.9736918088344741
1,-5.237796853545556,1.2861540167146488,1.5386617940407357,-41.05615352244022,-9.30603887903033,-20.231107267430822,-6.163381669272002,-5.466930645023248,2.317603166299245
1,4.248567963143,-1.9975743191077402,-1.8579202060800153,14.669284100501148,6.223465724680206,7.899616128825292,2.2920767073349966,1.6963434399203445,-1.1694505593208755
1,2.4915959445820417,1.257346511620167,1.3373934602254876,32.50631624752159,-0.510973325694673,11.994970129659983,3.638334561509786,3.407579327738949,-1.1415007354649416
1,-0.960057855667074,-1.6562512829744218,1.869781220770416,-2.780866899220559,3.372585684373384,-2.2933372723328604,-0.39266278713484937,-1.6841818797766772,0.04579713147046921
1,2.2520094416357903,1.1931937177200607,-0.5778701962174091,-1.0424123863887962,-2.5289599925599386,0.35800647146686815,0.415074626397687,-0.5883940125170595,0.006044669614845302
1,1.3795827512704364,-0.5891454041656737,0.2828676196994924,18.281198147121774,4.4497774015992615,6.848328558382982,2.665230797604548,1.0275385396001036,-0.6065403786292285
1,-1.4805177148798545,0.26402578997617576,0.7446296399207147,-16.144251646918086,-0.6422383649091117,-8.471917071598643,-2.6904423777159687,-1.220372055546608,0.4143500276275925
1,-2.187039198119443,-0.1255652294553771,0.7725976527089126,-0.589159028496337,-1.5818101259585353,-0.8872050350174261,-0.6818248017311476,0.23543143518032514,0.213775759058803
1,-1.883337569392824,-1.0640229492274107,-0.5921594771875576,-38.07205529423824,-3.7175001899200706,-16.124411961449702,-5.112684705025557,-2.1710948641492194,1.1924495732235887
1,4.776872153913477,-0.37512922433461,1.5764394417624077,30.243454378594812,4.441860681827691,11.988348581098673,4.03623880898927,5.374878779101149,-1.7103895106152665
1,2.0958586251958686,-0.24568957426377405,-0.9809177106719946,13.101220456557867,3.2034670835642096,6.884083899982726,2.451432279010744,3.0749464624966167,-1.3075038781913284
1,-0.9801792305166126,-1.3437421290506553,3.475776822443234,13.657813990197585,5.904692865210655,2.811245745799784,0.47228591906473416,-1.595387768881337,0.03452615467197523
1,1.5112612371458694,0.6477363830730589,0.07762457484006095,23.490962894582243,-1.4512042812127053,9.660013164853527,2.343681378702482,4.340880415080285,-1.3143156829430749
1,0.543447599053679,-0.12591581533072377,-0.3904754164395649,-8.54780075721268,-0.36081199590641033,-2.6558275601595263,0.04637899009205165,-1.9374412172761348,0.31806662449095324
1,-2.3378011642517467,0.8217221555820692,-0.349616650241566,-13.21787033708559,-2.7671941651855865,-5.44861228078676,-1.0479192335584797,-1.160369403111917,1.01636622290344
1,-3.5211751822567647,0.6325430189202548,-0.6545777282597671,-18.758007668607657,-1.2113350216682612,-8.166081658199618,-2.686736529440911,-1.9572971263920895,0.9921062761133382
1,-0.19864958357374238,0.4733607527107983,0.6453958196576853,-3.613677502212267,-0.523149610173978,-2.5841554543274907,-1.0627425634694356,0.3851243568653678,0.5887861219949792
1,-0.6842917780846957,1.1148136171332406,-1.2639343347775842,-22.544991274873965,-1.2765380469710694,-8.264068426315688,-2.9686874314217935,-1.2150661416463433,0.47131920192162
1,-0.9030273583856697,-0.5739832211155785,-0.46310718383285604,-5.957487144358251,0.7313248590997368,-2.6548620387005504,-0.6934654568765884,-3.884643506976257,0.4371069254287865
1,-0.511928617693347,-1.1571124831108301,-2.652919289792223,-8.126293616774534,1.9113525133227223,-0.948935185462102,-0.4161120315833902,-0.21239921277466842,0.15487767627784435
1,2.399720892653654,-0.4257549207541217,0.27369597515522515,21.39091715805407,2.2648594825754613,8.802218488186456,2.7153524728055953,1.586765035896948,-0.5074705218510833
1,-4.762164518934846,0.5986980552661684,1.515783815502839,-20.210310235558087,-5.79224067701774,-10.094777647824092,-3.1193252929025808,-1.223312356351635,1.82340264579399
1,-4.506009315222165,-0.058162405462776734,0.290340200487091,-23.581460834199717,-2.709574893259567,-10.188270081841907,-2.819620057302751,-3.57762300876539,1.3619667930988
2,0.635128468129438,-0.856766289985752,2.38537021993481,5.359141834308417,2.162628498621305,0.5634797530881358,0.026608900276722757,-0.44505004354332867,-0.3053293386077236
2,-3.8586694333853777,0.8125446678660094,0.13059653424178627,-13.202937548579188,-3.476395696447526,-5.700643652046847,-3.022434182987951,-1.6908396383067623,1.1008145195984043
2,2.9187206278074256,0.263763346811771,1.811696910817894,11.285109114853716,2.6772079719801702,3.7250358024359698,1.8380437205554205,-0.9016372396799545,-0.8602773534499276
2,-1.4362051055763037,-0.9330544791858562,0.437305847411407,-15.683817805920178,-3.4429744891027805,-6.411563028426292,-5.207654341682807,-2.7529215157782247,1.4769227434171126
2,-3.3617714562359393,-0.9317034578525654,0.9422105692528668,-5.423506247181548,-2.0645583189236287,-3.0246591020768285,-0.991165602967872,-4.786729209766662,1.0821124640322193
2,-4.258284182805294,-0.6899677746777181,0.09186454029525085,-14.39078987199415,-2.760795237600217,-6.082148677180221,-2.2724533944855168,-3.5450177787501285,1.2806662609792023
2,2.4210918517796403,2.4147169918290396,0.7168782810865874,16.73955649760171,-1.217401985244298,6.612758191262962,4.04833460889717,3.136381380199168,-1.3397798255174613
2,-1.3190629822731814,-0.6326212263995651,1.155688983215611,-3.4262098812606823,-1.1779366656733026,-2.4454790420497146,-1.5187921934409268,-2.6986208785271066,0.9795351968294845
2,3.308552749070242,-0.42990560109988196,-3.083803077119284,6.425841092328733,4.247068122874918,4.714056350478924,3.473171067496948,1.741647630084472,-1.203328112614626
2,2.9039682094956327,-1.719442900502817,-1.399606572922014,10.101002326656896,6.830746719956459,6.25381343951239,2.8283521126625937,3.444410494004305,-1.724638786064336
2,-9.572821900303243,-0.1707484233806566,0.5070209331082334,-25.709703890257327,-1.9866027276292422,-11.283648199161265,-5.886237126232937,-6.093322239464198,2.626375909636107
2,1.8380181062157843,1.5460353543274812,1.911061962713289,6.850699473583155,-3.4211775270935645,2.1698671115773,-0.0006855985105202378,0.6206179151690935,-0.40195949218597804
2,-1.309947111660427,-0.2000543980096361,-0.9763791920518947,-9.596823962485935,-1.4300018916699364,-1.9888282382213573,-1.231846069174865,-2.5969428480663344,0.4977942500038475
2,-5.744679650578721,0.4814659909368695,-0.013730194618323078,-22.844157859174057,-4.755160384000219,-10.127150846691386,-4.772062110759312,-3.442266561795794,1.9640275213520437
2,5.724028605662127,0.004114283562274959,0.08711475859662815,24.405729102757284,3.023011700391388,10.881651110325627,6.042979768938154,4.604148300573583,-1.9567885701474754
2,-1.3303121308704104,0.6868452854860292,-0.44631966792816213,-6.437363591453081,-2.7772909733016635,-2.7149151914567797,-3.732566590730743,-0.10019690261528479,0.6352179299850358
2,1.6833438675403407,0.03595589284079824,0.4537536075858353,1.5856960535194102,3.142781972053378,1.0096000170144066,0.40571969228761695,-1.4866956372346298,-0.47358832857890354
2,8.11853339466407,-2.3149892551554596,1.7697025092100445,41.85888534357617,12.078756429115067,15.416413687065688,9.214313250912092,9.467425501571435,-3.651363611679271
2,-4.242179902914186,1.070359788870268,1.8476428407960623,-15.447403777835564,-7.4768917254861424,-7.891319998297502,-6.657911219781623,-3.143133529209735,1.4908661105892496
2,-1.0397345234624935,1.8948787297895788,1.6868539230793538,8.963148697443549,-4.696188456271928,1.2397301071994211,-0.24515167573856333,0.6455093197679806,-0.24092772186010902
2,2.2006477556540442,-0.13765227522113313,-0.6415314638470941,-0.6502336915877084,0.43130751539007084,0.6765720330195871,-2.1784296612087704,-0.36602746693709826,-0.17352599778389013
2,-6.534105893134913,-2.2197213876595803,-0.2787987459211221,-29.809540181035953,-0.8551212698669567,-12.053047152254996,-6.516238647022101,-6.986829872237912,2.2915545464968945
2,4.838763147872072,0.8017569558101579,-0.3869373913726545,21.881252338576658,4.5867181939826045,9.184791756409675,5.161498420343418,5.877084373883369,-2.4037160799625985
2,1.7903507305033626,2.8635124061999635,-3.546190462516689,12.839983927516972,-3.157738752793707,10.21610089352887,4.949132363541879,1.7310116362014814,-1.477648735593543
2,-3.8208060601332994,1.7160605782771872,-0.7541123839017079,-17.812200479061538,-4.964823217213949,-7.447489134226061,-4.241011908859948,-2.524191139671715,1.3844995276348584
2,2.9430529157155014,-0.36653503612932364,-0.19423868438154504,15.521167241135439,4.5123690273671135,6.628793467076517,2.13417211677517,1.8190661029398338,-1.3021769364719624
2,-0.4730872109931689,0.0041802482831750296,-0.11761798043038024,-1.6738824118305682,-0.9971648729461612,-0.06561978699286575,1.3984907097355879,0.021008620615293058,-0.049724405306821734
2,0.35545388901204866,-0.6413578278773341,0.34893760601286067,-1.7339907429745454,1.9623158043153341,-0.6900157200599795,-2.5007411298510043,2.3457977213656442,-0.22657331270810513
2,-2.0721981850063838,-0.05186793529444482,-0.5055816894009904,-11.554654254260596,-3.08963436361443,-4.326787914997357,-4.669265147256244,-3.453016396369375,0.9565221637401367
2,-3.207320731576398,0.030548103169957066,-2.008322660874271,-12.8930562996118,-2.047557906962685,-3.209338153457833,-2.540692592132825,-1.2706913772323845,0.8400404826541397
2,-1.6876645442506284,1.4236095485707403,-1.8770358839335908,-18.6141039749395,-4.523136567608536,-5.989949549910796,-3.6967780064601277,-4.223549723851835,1.258881698434246
2,-3.881984949539059,-0.03762459427659631,-1.2844478390273495,-16.348752328403574,-2.7534911607480104,-6.944448314530008,-5.147154988914972,-3.9816237318921823,1.645062615682409
2,-0.47973328069697,1.3798393371225939,-1.30045969701378,-11.1285888766741,-2.2797532458914036,-2.689056067659013,-2.494645873457983,0.8825908807716506,0.03877942324076049
2,3.424096330423621,-2.2070972134575206,0.053116536465869606,28.2205828242371,8.596327407017329,12.21227280912441,8.123992709095761,2.552516460078516,-2.273019412134042
2,-1.9479627998827849,-0.4475889106374805,-1.6369079583168546,3.338681301548891,3.1266466398002097,3.5933847606141094,0.28491724361872917,1.2715590588136947,-0.2906831126988265
2,2.8719839652438193,-2.0453551928121585,1.379822068329983,-0.80918400900533,6.46573659458203,-0.5782765824467152,0.4823869702151157,1.21960001235932,-0.49079317020740015
2,1.2461222676268733,0.2766626870664268,1.4311200485205557,8.437041562243282,0.9425725818532391,3.064121863796988,3.5238768277262604,0.873533707377251,-0.3147415526982018
2,-1.0787500716973017,-2.107525313779807,1.425125799990011,0.7987701362552323,4.29320327630334,-1.8557816344596123,0.2205654068390146,-0.6603674592118458,0.2729531150707807
2,-0.23769954725619846,1.3196936490910836,0.1101587475927412,-10.214806417752479,-5.5488484219437995,-4.157725466709384,-3.3396779153478677,-1.670077246587509,1.2158617937297078
2,-2.861239105198095,0.5481331444843337,1.2295643204828257,-8.476146701168485,-4.650813814435144,-5.539348347153129,-1.998707023233644,-2.501207919743972,1.1812823253508073
2,3.0527291389543256,0.220639526743434,-1.0139034083101197,12.425816150138903,5.431313047149663,7.124694863048786,3.177017490574721,3.9069713767386856,-1.4994698878930084
2,-1.0709084620823128,-0.4554491909709068,-0.10959788195505374,-4.773234667839422,2.4713971665001004,-2.015574616073984,0.22927040782667807,-0.9700036770797744,0.09811186650949057
2,1.835027240730222,0.7002823163246665,0.49807066533042094,-5.794404269705957,-2.40492820767302,-3.3103424407728355,-1.7321616097382615,-1.812397526542201,0.6571567588538499
2,6.456061273018708,-0.9406519027783948,-0.24058872545323828,31.85922887061623,7.991309334127543,14.150396663595226,7.6817343470752935,4.426632815092084,-2.6674458256241356
2,-0.9282589303008996,-0.9890804823275878,0.8768545032182065,-3.870323342727224,0.2575848157874304,-3.0764302378775255,-1.1732399157854674,-1.2589183617039004,0.4126943284461801
2,4.097950793928606,-2.75157262424467,0.9054289759125667,15.388220881573249,7.979474752613014,6.080770059183557,3.6934611578337493,1.6211400023950782,-0.9541894160176698
2,-3.0252541473930883,-0.661800302552259,-0.13272875015172494,-11.613933144521557,-2.7560386699961223,-4.7780597953150075,-3.4902653053436596,-5.418002711959719,1.5257778618204896
2,3.6823159102379237,0.3394440599068312,-2.647064423196964,8.065981827584121,1.8683128554532928,5.432750219078029,4.10258237236999,3.4174963696690943,-1.2624520872337885
2,-2.8505256910737975,-2.2420992914183855,-1.162460642941958,-12.36170914819873,0.15552785097420935,-4.063779379237041,-2.5010658986060785,-0.2150601037643207,1.2350110182248244
2,1.3204542599643736,-1.8004543229963867,-0.2962469782366493,-0.4027579194506297,3.8932131383780186,0.013754427293074571,0.15045000809327533,1.2397149418897835,0.06377612022512946
2,-2.045976264443648,0.9061862073439813,0.3498076005212072,-14.359307878828622,-5.123298585803359,-6.913789842349482,-4.278431003491947,-2.462407729460817,1.3267461973667862
2,-1.230011431993349,-1.1629420673429576,0.20086134909729603,-6.061863651361376,1.9683252838874785,-2.1195030249480307,-1.3515710010630242,-1.0136236381274164,0.33959427874851267
2,-1.124268744585719,1.2537630535991149,-0.03169183776575896,3.348064194407991,-2.121128980403737,1.5221129912428997,2.5579781659576706,-1.7683369997276808,0.04472656125883881
2,0.024329886284700536,-0.5114481494189197,-1.1095344536749658,3.2245522958948514,0.48487967496368145,2.8532513605327514,2.7044263326566624,-0.5984295235861582,-0.5527979842841152
2,1.3959614715759006,-0.057667863056630575,-0.3394619237540635,3.983686001227032,2.478958820095106,2.1644895700717512,0.15801577718908208,1.0215515421007197,-0.4428523178944595
2,1.1361978747922348,2.286824899682623,0.08630615688943405,4.5847985838079,-4.013592791829876,1.4785699497132891,0.25931852225867535,1.2288978275032598,0.3332918304125876
2,0.370783619765759,-0.6531543138664908,-0.2214415705260884,9.269352784932467,2.0623195287781124,4.691031062293385,2.6154113787802196,2.111894587281435,-0.38196691679300976
2,1.07810441022668,0.30036383714107356,-1.0057301114422494,8.076183550744549,1.776515006951092,5.1505965973272225,2.252040343884228,3.342070285064963,-1.0615842811817895
2,2.728458127853221,-0.49040268900028355,-0.9465426422959224,9.94254115411813,4.049055912156662,6.109456143114422,5.249610002920915,2.375598782056795,-1.1901796698195548
2,-5.118238068159222,1.2049300561269545,-1.0444766028181967,-20.330468581619172,-6.077038717516933,-9.038814059573504,-4.880451234818003,-5.1710761330822965,2.573413931449944
2,3.774346672534175,-1.9821979757172257,-0.07871440901657471,23.86552371821696,9.167811544424444,11.442144786254827,6.075772781220997,4.823748856103877,-2.4922125577663636
2,1.8227395115347735,0.5935806577290473,0.4207351540635364,0.8067480606576677,0.39065029215719765,-0.7993813517224915,-0.06769610324934563,0.6848762621483284,-0.5458855412658581
2,-0.18730309665996014,1.022179809552317,-1.5526692517392109,-1.9605526637327884,-2.24758127005166,-0.4162196967341076,0.7966063596602835,-0.11946793358616395,-0.023051409137327394
2,0.5513429336629236,-0.37032888044531087,-1.5145152069584444,12.512140248417099,1.551626655293064,7.251382750448702,6.722928962095387,3.2310986460646602,-1.1002058953046558
2,3.3906710661014796,1.897290022850687,0.6271455155265105,22.351042096195545,-0.9260130923176877,8.251059294568533,6.157563196116911,2.8748336316672103,-0.9434080450192142
2,0.5205682388709585,1.6284480720686687,-1.4996469684301628,-8.130719448422026,-6.1081916674493355,-1.9873926386306513,-1.2350386893016472,0.0041881749562561865,0.45159003905044964
2,-0.7878858517456061,1.8321756705041974,1.788551639047915,11.313564286705136,-0.07946746065661699,3.2692108655384198,2.869294562268285,2.058129889209629,-0.791205045500072
2,-1.618419116043829,-1.08202362871413,-0.3340725215909918,-12.564008247810488,-0.4347165291683167,-5.182196593161359,-3.369214128327766,-3.4198630821838027,0.9063396284657899
2,3.1906620104584955,-1.4831091383663597,0.5167410902091119,9.275453463815593,5.727261752646683,4.684831505614788,2.308709677204866,3.8354771814759427,-1.3317228489492647
2,-4.950862263235146,-2.1509400505063607,0.4537949683875991,-20.822515583428302,0.25775470648988735,-9.614244073499933,-6.905648839498526,-4.0244945890518,2.009136776194068
2,0.8526978928242824,1.4582496721136655,-0.7720004511595739,10.13369663359524,-0.943130556811305,4.870022181712465,1.5791211292801857,2.6285593623897285,-1.3510842038219482
2,2.194000466725262,0.31410655250734676,-0.4380973505860665,13.984674361276054,0.1472543809913905,5.430323776855955,4.00020541175226,2.7222171232903505,-0.9225668433755964
2,-0.8904436546237823,0.913734483326194,-0.9769801034740141,-5.073960527110187,-4.46023736295915,-1.3408638697734119,-1.4067377804669345,-1.8202621480536596,0.5197202170057822
2,-2.90656785818895,3.179121997423788,-1.0327116020887381,-7.03933448675702,-6.758505722100188,-2.7149960967231683,-2.0857355829374287,0.7344582736073918,0.20018090047033033
2,1.4977331341517441,0.8261952398828022,0.5935985899567002,-0.6207764150432193,3.063553010534698,-0.6134815314775826,-0.938947678906138,2.3779647689613785,-1.0149942679991382
2,-0.0672837803914926,1.224934003318868,-1.1741065863217537,-11.21680155713179,-4.453210633545708,-3.6669377134326138,-0.9305819538384356,-2.244723568661932,0.26038043935686617
2,6.34618655684783,1.073853693289175,0.23317898847933272,19.856778162994615,2.7905416373374043,7.4636619688220485,3.5449575210257747,4.09202574276129,-1.754255880829386
2,-4.84481497550014,1.8562019120798925,-1.962609877752399,-24.99307006910499,-8.909521261306036,-8.909720709306676,-6.819457342442556,-3.632885806920992,1.8064633736930713
2,-6.954065826881649,0.962885646688268,0.6033095497507392,-12.262557936280842,-6.871989583078576,-6.818776599825967,-2.160051243253224,-4.833943020461081,1.980357339911663
2,-4.03263664244164,-1.3389833833108593,-2.348978552247696,-15.355082588833433,3.735158795196157,-6.0503355731327755,-3.2550641318390348,-1.8919379116305073,0.3668814233729719
2,0.5526632511543484,-0.7793879710327644,-0.5620129430555963,2.6048564532524727,1.187861936649223,1.3034152618479455,0.8974765964514527,0.8507954224448971,-0.3921627213242246
2,4.77327142476916,-0.33486120378995443,1.5546435336883961,15.399430044540528,4.791841879283109,4.932013884079535,3.407158370709179,3.9674796822264335,-1.5806795901178436
2,1.0078706953722336,-0.23734636558618014,-2.6296077837143965,-0.8827968518585085,1.8763034269365872,2.201997854146054,0.44363646967499737,-0.9338571460369502,0.3749107343278514
2,-1.1047609995887948,-1.1928438629994653,-0.9716116482410493,-20.957272049323493,-0.7204131992047974,-7.787962851403336,-4.254878030839583,-2.0447784003640987,1.37369707108729
2,-2.4145100014987984,-1.1159000536669155,0.018312131794437497,-9.340712745044097,1.2420709529066079,-4.4715962593784635,-4.825088480042924,-1.6442724866365015,1.1233090830022001
2,1.2258277635191563,0.6089805302056772,2.0636533531460284,8.801443967595905,-1.9234219608766536,0.9241492814189147,2.464593814415159,2.741608783163315,-0.21970133651655366
2,-1.1063772846919242,-1.0763350349834542,-1.522129841213547,1.552270636480006,2.1448887458319232,0.2744739316442798,0.43270983964516696,-0.3853760058930627,0.0018918273051708456
2,7.519404149210966,-1.5868156461024137,-1.2554820569810714,18.105079860721364,8.966111298241836,9.60873383609488,5.40071659886427,5.385045255690795,-2.5332041446895945
2,-3.3521827857626243,0.4699877310996739,-0.5455041276509482,-16.29373061550363,-4.900883576532039,-6.603922343954256,-2.416875068643317,-4.681470756871593,1.7197050493640733
2,2.833610923562937,2.431031336023796,-3.0619714350124045,5.332904570719709,-0.1421803561439054,4.490025501271543,2.577725363261658,1.4367033285283413,-0.9820724339259054
2,-2.5329935376751562,-1.256332096890574,-1.6038656147036545,-20.636452507769548,0.48321847151933434,-7.039633160531873,-4.399330082895409,-3.994864329284792,1.3329141063788221
2,1.1251730509111149,-0.32291827541668966,-3.457800339889045,-6.898725707733108,1.8508652512814383,0.45224771206945147,-0.08611551460898051,0.8681292652438592,-0.19333514005706798
2,-5.8204407350901315,0.5905048457150563,-0.6897995465544389,-31.535370300381395,-3.1503920405638217,-12.475778974846591,-5.615392349744089,-2.651499300573773,2.035315485101571
2,-3.99235039993581,-1.0579945018622592,-0.8049165852195166,-11.742478757766948,-0.46972738651253193,-4.5308868697069515,-1.3818222726401932,-3.8498050461689055,0.9035627159969115
2,-3.5613407393872536,-1.0939811331319085,0.8907204185082316,-6.132090295387325,1.5678547454838672,-3.4767311889339503,-2.042776835797221,-1.994213801913425,1.0592242970276264
2,2.019657959405624,-0.7734376304515943,0.19481567706147437,2.3177615167255072,2.666048719120127,1.6589274444014903,0.219585301680726,1.5215775767633768,-0.5781076374419484
2,-5.592834251436906,-1.9556261266936672,-0.8743865871653118,-20.453123205004278,-0.7780418517411297,-8.219960259816833,-3.332633441586937,-2.6440304312709815,1.5128123165530265
2,-2.183034063717771,0.6116675235157125,0.2295857531015504,-12.190886983100436,-0.7117741633959054,-5.7576856295079235,-3.9982808503782015,-0.8510240339153825,0.6561714398512192
2,0.6880844198713321,-2.0868446351063175,-0.26450027700362433,3.732755629854875,3.2204809427068004,1.8302531646525237,2.0300821961647646,0.21174718466379394,-0.023683062109827985
2,4.949993841659162,-0.78134346286998,-0.3295276475249946,26.680528638393685,5.194799448830923,11.468127544807183,5.004992660370237,5.7066519682903545,-2.3745518466919284
