,0,1,2,3,4
1,0.17099527996379343,1.5522681240916254,0.6319962663601326,0.170912472046722,-0.312676011577811
1,2.494054010816782,4.386006610134824,0.24427339618509697,0.675272440030503,-1.3928733959812023
1,0.7468099158559298,2.3623251625625095,0.867610164673622,0.8265749637686024,-0.632633695157515
1,-2.6990827090606433,-2.794630680979674,-0.18034521617297916,-0.28550464285410393,0.7133400879000786
1,-5.05144802989987,-3.9425135883786453,-0.9267462893408365,-2.6683112113757943,5.3977292479842855
1,-0.3062212816264045,-0.8434415598800209,-0.25138337042153136,0.3720122487149938,0.3625081345445286
1,1.6563487621747262,0.5305000606683989,-0.6551299779059633,-0.3061635253020812,-0.7846106515386183
1,-0.19084881500158854,-3.9724428203443876,-0.4118049448145928,0.32060715300539544,-1.9818607109906505
1,0.2684567577108688,-1.079891398396322,-0.5456315718192031,-1.0620625148063212,0.05912438317063376
1,-2.7233555079940097,-2.474884427134665,-1.3057192305839869,-2.0013249246486926,3.712842211941366
1,-5.867495044524159,-2.2465263798236847,1.323831270081539,-1.3304806310745851,3.601897353943577
1,2.5801970193783133,4.4062975599289205,0.8828851861920158,1.9607323863850086,-1.1294846598349266
1,-1.5562512871929441,-0.7466664753336367,-0.011387283985918414,-0.8598560262495696,1.7932752753123502
1,-2.5399580543530718,-1.8227859463407088,0.4932261087006349,-0.698060000409692,2.3277077459718494
1,0.19398381876849174,1.1110634368068217,1.3577917332602112,0.33770161691660233,0.32425280556959235
1,1.1078789116911034,-1.3719816654658694,-0.45780411700723045,0.06993774748203868,-0.9256175631226434
1,2.742836097886115,4.226589928003529,-0.19381850576351847,1.8270610084525578,-1.011220220312844
1,1.6205513904911883,0.0817288254129186,-0.2174700891962271,-0.727898669922119,0.16301184497526766
1,-5.781978725767323,-6.662252088635223,-1.2375268953048284,-1.7380148014144432,2.0458060722118874
1,-2.4360696981392005,-4.128838506844718,-1.3215905855108052,-0.794495258343901,-0.0883187681520598
1,2.9632404295852104,3.2332839244301743,0.4350791727894928,0.8697554609709418,-0.9869137050218559
1,1.2017986023320892,-0.6315303879115037,-0.1320314439525429,0.1672093966997498,-2.7939325523095477
1,2.3138577521056396,3.092783541073599,0.3056833347447934,0.44097035988119954,-0.8905414561860507
1,-2.1408970858244882,-3.7240378547490325,-0.9969969267541758,-1.0950480885272187,0.7777956533063668
1,-3.98283897932203,-3.9494902786331054,0.6370072898046053,-1.5263022453695765,2.3207471303828604
1,4.232632002785341,4.442012207846843,0.35604914307886704,0.7585201971928426,-2.5792151460803003
1,-2.854623249476678,-2.378578889226226,-0.35145476837063583,-0.7916895243684731,3.2321274060974297
1,4.148097171813893,6.761580189995513,0.7240950894429186,2.5096875745331713,-1.704535168415818
1,-0.11113863735257107,-1.2872105917684615,-0.38242776501018994,-0.5168206346029713,-0.8545463292006503
1,3.367570497016616,6.942603302720255,1.7366436007838382,1.646719193529603,-0.38339921099363694
1,-0.029594049103954887,-2.7171313994974406,-0.882741751735924,-0.4800513667373764,-0.8716398673961019
1,-0.015088005864366993,0.7452003726278038,0.22606648646415392,0.1275843936511739,0.33427832262271573
1,-2.0465137242956013,-4.175271420240692,-1.2936495229834628,-0.5550385615715647,0.7004844151189821
1,-2.7855293404185786,-0.8705928212218269,0.2905872486763481,-0.26371660285562115,2.3469692789512644
1,-1.8675617450378588,-0.5412113402795383,0.8385704523020788,0.0371110581199358,0.9862244549761623
1,-5.910769520680768,-5.967835519612324,-0.683343059162437,-1.6812330976240006,4.307842946860649
1,-0.7599653462425234,-1.0954479919961322,-0.712788783729551,-0.038427633244070315,0.5915148977731173
1,0.3668678655117548,1.0771925071219806,-0.29342553776327723,1.5786687064070708,0.8612003071598929
1,-7.161338279156372,-7.9970084571364,-1.4971479209593777,-2.5790608087369575,4.647123253798801
1,1.2813659014419274,0.9435601579949691,0.500737831680051,1.6470984096359496,-1.230220905093832
1,5.844571883395211,5.161060968484504,0.005144183925886534,1.7464701953380182,-3.7152840698459317
1,-1.1422416571656155,-0.7640344947245818,0.6741658957312312,-0.4549742475772728,-0.37573870908438883
1,-2.527719425571613,-4.084512545776089,-0.8160120840201844,-1.3938150574954784,2.0136050921858333
1,-0.07042410599607696,-0.7130199858386617,-0.7805014609521708,-0.9673023423025787,-0.14354252131402626
1,-8.621504804807293,-8.754727033849498,-1.212684968781713,-3.228154417839462,5.317068660949397
1,-3.8581914892424507,-5.043423034580903,-0.5134207280720515,-1.3933401625545567,3.1755017662752394
1,-0.3308688225810785,-1.757527134329269,-0.0019967832533420715,-0.45030749289519345,-1.7373331984264113
1,-4.525536705886911,-4.336978783645096,-0.5709706171562294,-1.2568730156072336,4.461583135434218
1,-3.480075888216142,-3.7351304334138415,-0.4764099946715571,-0.8550344766641784,1.9884574460739652
1,-0.1676504605056835,0.2921591778007797,0.06397003418120523,0.22395299719657907,0.768299919683655
1,0.5430866859308152,0.7279297481373218,-0.45030755423074087,-0.43317668698866707,-0.8432406049819737
1,6.261450779774164,7.244368710315321,0.6939184775332501,1.9339286995048381,-3.796412265602961
1,1.5289002368240106,3.576168432805195,0.8048057502297701,0.1667589172822151,0.5547181667736575
1,1.8505438154527467,2.3739024046120467,-0.22013153370480357,0.1919243279189183,-0.16027704102654705
1,1.294089383532658,-2.5716597548259945,-0.8302199613146305,0.1325377557055626,-2.514900792853424
1,2.9866278143704905,2.8511900882467343,0.0997481310921684,0.3467988008925838,-0.874480602859893
1,3.3119624198638276,5.770479684369154,2.141600353615477,0.7567823395775037,-1.9708655829558503
1,7.757305895304098,8.91143531068451,1.4603939598126778,2.950223297937097,-4.4402933654384515
1,-0.5949563569881318,1.0216752348578428,0.8468224239407773,0.7889704272675986,1.146114954286392
1,1.6375755881006662,3.6709923968450333,0.7175587214774541,0.6724361615124335,-1.0030209664201661
1,-2.189846350965962,-0.6623312919825173,0.7691256926097352,0.05264745894766937,1.2612541241878696
1,0.7413951920064055,1.1647697232560166,0.09147328716435424,0.20540035149326416,-1.1254991120243267
1,2.799906747736445,3.736273886111844,1.0659039065573959,1.7201436342111032,-2.5347932093226526
1,-0.8565844517749956,-2.0171233727969913,-0.6927617571166389,-0.885084668805689,-0.765168364747054
1,-3.3256391183848435,-3.6779906068993675,-0.8942494832403418,-1.1292918226858997,2.718876352281472
1,3.498769074930854,3.139228259438899,-0.4333494885781979,1.8557658326942985,-2.2017004309963153
1,0.06555372377052335,2.117839282947666,0.8064059057469645,0.40212878885200753,-0.946262731454311
1,-1.491663513865819,-5.363840446801976,-1.363433717257977,-1.4066347251759101,-0.038992971308503294
1,-4.238509009735338,-3.6443683901567154,0.06271448016737705,-1.1279133254022895,2.9552239828647973
1,-3.85515511527913,-3.990190383904464,0.16090270909557663,-2.123740278444894,2.290515801413778
1,0.2846692585682452,1.1885649365301618,-0.43536918016162474,1.0776978289894423,0.8605711603454268
1,-3.6728566584876714,-3.836632522846672,-0.5376214981116223,-1.0234853721649928,2.203045104718364
1,-0.6982579321189589,-2.4049631630418027,0.23652263617232067,0.6469010880202761,-0.3353359525980802
1,-3.700881625122023,-4.464981027096361,-0.7334098329877434,-2.4953017104817725,3.1357100098539203
1,0.1334041995132897,-1.1398241731366987,-1.0131622261306221,-0.30086940428349196,-0.13492805866239252
1,1.5549847403730048,2.297010602287954,0.6309103775900851,1.394853895658639,-1.9703987107351375
1,-2.8853998721259138,-3.0097637468746594,-0.4843053905722923,-0.7966699414444893,2.1585000923579685
1,1.217386606672286,0.9193964565711841,0.7113127034690867,0.3269938109007562,-1.2398862838044642
1,-4.179731150375948,-3.2503739542348775,-0.555876816407426,-0.45766929034480663,2.4486001419805468
1,4.502004606750586,6.278682692735155,0.6104539149740513,1.57032082450632,-2.2261444898427567
1,-2.124726171884283,1.8514941535135088,0.9152102713361344,0.5378000287350072,1.0735523195312124
1,-0.9961320497950632,2.3879760866650717,0.428063345056399,0.22499100867352514,2.1393365890110063
1,-0.5077104286242411,-0.33151888176020605,0.9554784302267423,0.42591318212313994,-0.5272225054364992
1,-2.3689395596389056,-4.125678804344043,-0.7907719889493685,-1.1985757140344768,0.7788342930112078
1,-2.7619384096829527,-2.471325525362089,-0.2273566261750281,-0.981942832029908,1.9562034304267193
1,-3.337211685430247,-4.907947972929864,-1.2198583142368902,-0.6419680681909643,3.1976515166138846
1,0.4620749034438654,4.2184763939183325,1.5869056308193634,0.687250459223389,1.1178737349479286
1,3.1133241215070333,6.16812711522668,1.1220260983680754,2.2842279971542694,-1.8874274223946306
1,-0.4051469570844389,-0.39557217689756674,0.06135862140787457,-0.16393696369283792,1.1459269185949306
1,0.8428417879093058,1.6191192489626158,1.2433856644754557,1.0983919585943802,-0.20577443495374947
1,-0.04912080695517833,-0.5590385394285955,-0.727083653081736,-0.2710996550380376,-0.047840335878737456
1,3.0907767994207545,4.4222725337668205,0.8294878607794773,0.6858133115076559,-2.0313401896339798
1,-0.8995844173134604,-0.7429279375572735,0.5223559874195098,1.0459897392327786,-0.1967481296366243
1,0.3055715892007043,0.8610901712182278,-0.202870976821583,-0.3246844468875998,-0.5376512969361414
1,1.5585796367486502,1.5436554305913108,0.5173845004116797,0.46835750883513216,-1.8852417137921058
1,1.6586504300728309,-1.7940482694122426,0.2630326479154703,-0.21450639126883506,-2.3092914637949695
1,-0.9541223241228527,1.9433463773608597,-0.21992971424188223,-0.41542227244243357,2.4646109895300023
1,-0.9130765624488425,0.8716926383125718,0.4151827453494549,0.033380634098223894,0.4300108757660724
1,6.804557615841533e-06,0.10084676599218231,0.38159087612797893,0.24099736879306638,-1.3760587687120351
1,-3.5679632747380507,-4.505413650440279,-0.2264232643813041,-1.6278075517567334,1.0868021472687288
1,3.107010123219152,3.4127599615464477,0.3760219484767288,2.300334641470464,-1.765602551844188
1,2.028368136215932,2.238239172817755,0.7832689504384415,-0.008242273343265327,-1.8780443355530811
1,1.255419809107956,-0.6321960574867276,-0.9152697897066902,-0.3922564766481017,-1.8109798492834557
1,0.3567561764401128,-0.9586677134383307,0.1805334646422811,0.12520412029155806,-0.6145309977018323
1,-2.3430357226565803,-5.042315610855033,-0.911073729529513,-1.581325134468364,1.4274244154888287
1,-2.6636134199125947,-2.8451849950444768,-0.8668879937325432,0.08763755971517198,1.644478339139398
1,0.08972043703291516,0.0008439273711706718,0.43023574264020265,0.4956624483703532,0.8386649845381056
1,1.1489991954106722,-1.5938859147343782,-0.19702657689774378,-0.1820885246621758,-0.7314448822193734
1,-1.373093914715058,-0.8714012878417883,0.33597693392131317,-0.7446855759699328,1.1699893456134198
1,2.017005423753353,4.9354505899388466,0.9078289610707662,0.6147932169272261,-0.3296899784388362
1,7.72718825329671,5.689280817099124,-0.008991492557228226,1.6022956168244085,-4.463632371059459
1,0.538270760193185,-0.40075903446865524,-1.0115457859978068,-0.928483996095973,0.5848138302843162
1,1.0265648493805395,1.6998433375775441,0.29566423476559905,0.6827817235884444,-0.6772857166496774
1,2.1597446172268646,-1.0921703472930795,-0.4812123660439449,0.34611244993750684,-1.119014106076213
1,1.3991278269989205,-0.43122623394833276,-0.17423089660339408,-0.7488674374101767,-0.8519256953066033
1,2.5846217714151614,8.287589337481807,1.4618508674235655,1.8431921436793437,-1.485520323737374
1,1.2561843991021016,3.342063384820047,1.2840952528174086,1.5700635517224653,-0.2896709943905815
1,-4.276964712297683,-4.03154212264458,-0.4728050810086325,-1.5923459712425334,3.741950480918861
1,3.187658716558854,4.510934850974258,0.19120636966710775,0.9245777075158119,-1.221503716029014
1,-0.08113122652339134,-1.938163514109971,0.008403012550772006,-0.3423795213632044,-1.3110271329678629
1,1.4980251527040271,3.580119685429564,0.8972239163042193,0.424056667623871,-0.9934679736871774
1,-6.3754851516626285,-6.806496359379922,-0.42411484159531,-0.6372706428414618,2.979848295643997
1,1.9041458439203922,3.231638544654944,1.3696344950717632,0.5781733631296183,-0.9244300662350812
1,-1.8173287262908415,-4.707127680032011,-0.77078900559635,-1.303700741953909,-0.3800726563178568
1,-2.31137588546273,-3.334808880700306,-1.2305537438230427,-0.45892501236215055,0.4655671311339763
1,0.7452435628155464,-1.200190762861657,-0.7242440745913034,0.062098573980927885,-0.5023045800196094
1,1.7134046527957483,1.5208325763931614,0.21039194005870795,-0.0980649876795951,-0.47979911737720016
1,-0.588422358904299,-3.225527972633709,-1.0323823602570716,-0.06182707030903482,-0.29207393979104673
1,1.323873994621384,1.112513033127566,-0.2809747665489876,0.18283162977490242,-1.2182665398031793
1,0.3202079536540765,-0.3561970360986392,0.15700220711204316,0.1148971572891747,-0.8943204443355657
1,2.1595930648228863,-0.33636473177210047,-0.24837305850838523,-0.12951843855411624,-1.5979805594904566
1,2.061439322491781,1.6590186001885026,-0.534739062884076,1.036511620266572,-2.106567043201722
1,0.38242512172849463,2.8790536692294864,0.2568060121956214,-0.06127606606543795,0.9325346218739083
1,1.562907348901688,-0.09132851447851821,0.343937906532744,-0.18539175570430524,-2.293124963474396
1,-2.92234175211695,-2.6858172947552137,-1.2355732022753443,-0.6727785328319446,3.2439235874298302
1,-0.7965042945858574,-1.2954708143071134,-1.0456256161604558,-0.47348547873107977,0.1621014479522862
1,-2.735680028995591,-3.0673703122150395,-0.4614201771633012,-1.5410099503996446,1.411706003240908
1,-2.1938059841083692,-2.8020651092948667,-0.5103377270153313,-0.7907851444928429,0.5346384558252055
1,-7.470497610751141,-7.382145635581703,-0.5215104014751314,-2.3134901496330422,5.845969303690569
1,3.545394863270052,3.951298882377117,0.35344172784529526,0.36318647910216717,-1.814684590444483
1,3.1826911931758644,1.0068918905082762,-0.6130724075214726,0.4765860672769997,-0.9029312805324374
1,-2.661062394012787,-4.341198629154334,-1.6112473353376662,-1.1332061301436396,0.22502039267595197
1,2.78319600449138,3.960702128582401,-0.19448146097361696,1.45512294994442,-0.6999803081962235
1,-3.150566897144549,-3.5094559562784897,0.7257360825935644,-1.8283982663920897,1.462335964201934
1,0.4147792836038823,1.1614697041679543,1.1001018236977105,-0.9095890757170407,-0.3303477305353251
1,-4.120009228826516,-6.266064992846787,-0.7414902808516446,-1.4242276202314001,2.0758381120962524
1,2.8388017140604944,0.345472118043031,-0.4685477236179629,0.21338659805626903,-0.6979272531095522
1,2.2599106288912636,2.6897911865147504,0.2661363585997967,0.7106945975561094,-1.8007834883515177
1,4.477832460101515,3.897311222405081,-0.01650743229609769,1.1274250079593302,-4.103504916325121
1,0.5977092534892529,1.7016846228387095,0.11802066208241307,0.19967782848719035,0.47858646571394936
2,-0.29231581586960903,1.724073584020173,0.0723347162799225,-1.6388567690445168,-4.033384320785826
2,1.2631451788747372,0.40717188415115213,-0.2831917715127839,-0.8605560470370411,-3.695711856140331
2,0.5860699060873513,-3.142559882343962,-0.4501331090152862,2.995463394014822,7.512802113111133
2,-2.7443318107363472,-1.6299567395146002,-0.3806355797359467,-1.2230108580827572,-2.4560864582691786
2,-2.978579531303951,2.0884340142703754,-0.5731505445843846,-3.9967025388085826,-7.319214905411446
2,-2.7377424519559037,1.1006670199837703,-0.549731860169065,-4.144571343539285,-7.538078559023308
2,0.3067574962060062,-2.74849770098842,-0.20627228062834646,0.43465294493873474,0.10345148820834102
2,0.5818408229262511,0.7979301946554573,0.9471556818603265,0.30354981008651527,1.027491428674834
2,2.7804582820840853,3.25555436133,0.1385214247781644,0.560301178704023,0.008344891394483512
2,0.7287267225894901,-0.6742875367385969,-1.3643225634380671,1.2433848259691418,2.2390522035955467
2,-1.2320755149272857,-4.308248211970539,-0.9020512464508658,2.7566378132945277,6.668607079338965
2,-0.6266613319374064,2.739445814546602,-0.8880098668649617,-0.16781796340637328,1.9718512124471899
2,4.795711342856787,1.4838511563553316,-0.011799499232952017,0.02847075275330732,-4.850806461343726
2,-0.6344518939356819,-0.3606729744861668,-0.28362123376737375,-0.9458858824065287,-2.604128224757373
2,3.2033977795235886,3.3427434509233165,1.488948318485966,0.15099755378779292,-1.840721288786961
2,2.2273365811044004,-2.0058841685169737,-0.7907202113167182,-0.14696970033807233,-3.3258423749960686
2,-0.20241551018691525,1.1788347715966816,0.4178571203048564,-0.03889764835182452,0.6039083784780787
2,0.2671913729555861,1.0102746291784441,0.9825224611824694,1.9647570413159963,4.380092346300213
2,0.6011252605033164,-1.6532604829746689,-1.3768976194455376,-0.735061382597737,-3.5605420266545025
2,2.627912350916068,0.15545269159066133,0.9756415624459361,2.324358426963099,4.34483955716988
2,-2.0248854778425875,2.90499556023978,0.34248287853268117,-3.086248587330767,-3.458070789709386
2,1.44210417299856,-1.4993351824901227,0.19102893138406155,2.500145004341102,4.911126199191666
2,-1.2501416897047817,-4.638478387956846,0.09305219282331725,4.86457602597239,11.38670791613416
2,0.10017278890264103,0.17303037072474786,-0.2928382706358218,-2.009833369757667,-4.429930724079568
2,-1.3619816339391517,2.3036524056303826,2.1722676041094533,-0.48941072430140853,-0.915141547564385
2,2.5986692812234824,-1.2340480077433955,0.46201382973639044,3.565340304078558,5.22932602917857
2,2.386051229082156,-0.2846946098899381,1.5065619767188554,5.321797765422347,9.334962040523951
2,2.9720810025966276,-2.509733838357652,0.06505170559190541,4.417330938455038,7.074034443127122
2,-2.470872666887069,0.6573741052504843,0.6791295406627955,-0.925853995334037,0.033110475306274395
2,-1.320712863526538,-0.625855028854204,-1.0438603896628256,-1.2843226166195862,-1.4140363609438822
2,-1.5583470576787342,-0.09589820765824246,0.5972297284144541,-0.3628916116457588,-0.006203647188393552
2,1.3966611906455273,-1.6223009081733781,0.3558854906266781,1.659245103552448,1.9734183527428248
2,1.2460459605830414,0.3531464830599768,0.2653180046567795,-0.7672863159570059,-3.0703844332432113
2,-1.2457954959662092,-3.6850931867980647,-0.6405269077178486,1.3655846542367207,2.576212403839116
2,-2.441563094855799,-1.7790114328098077,0.6015879635847431,-0.9811519347619948,1.0675010597323773
2,-0.398255555185638,0.2445727779900789,0.7437126001502916,1.4454564913050132,4.439252477108114
2,-0.1795726281966839,-0.3650956717372338,-1.600732916121722,-1.8602453088242286,-4.436025519063812
2,0.2092391135544296,1.13351947385922,0.5582897752600893,-1.2567712552445514,-3.767122481935705
2,0.41870323581156793,-3.287784908755974,1.8262364335492207,4.801625830111412,7.547999071983144
2,1.699538130846941,0.9316817417635076,-0.14810190734007125,2.0746249400529266,3.1973773580090334
2,2.509291356948269,0.4701875651777917,0.7222647279759907,2.435858824141671,3.231003963053866
2,0.1912193621992778,-2.067552269145332,-1.2694415477033072,0.33727146650002693,0.3205329874964609
2,1.8196131055250842,-0.5508650867061734,0.19604762293575054,2.7587259004391904,4.516254210469877
2,-0.4665540496333365,-3.780669088259908,-0.7560256841182839,0.8944296213669428,1.4384066497123242
2,1.7591251375351478,-1.403522863937572,0.29454915649422847,3.2482998287693183,6.037389494971294
2,1.9795729247691474,-2.2656915241257063,-0.41507742022532873,2.133149977030889,4.141699130681055
2,-3.4400758398175126,-3.802057387341827,-1.3207630565780093,-3.2240654658995034,-6.826510409681609
2,-0.10256900431892377,2.270187499250189,0.06316155409770784,-0.4909665450675917,-0.08455352752961638
2,-2.981383676334801,2.6422898144330063,-0.14253232704152208,-4.389663016139255,-7.302636485593848
2,-1.0381934140371492,1.916558564217138,0.806977689701497,-3.7411738104042493,-8.731599017950632
2,1.0909047600202466,0.7539107307265742,0.01757112837706553,-0.1447120231275304,-0.7453872762148825
2,-2.222052228559657,1.4783678326663312,-1.1034198721244572,-4.7515768335533926,-8.976329165834883
2,-0.7904619875794243,2.862370248787934,0.23124097169066518,-4.082056888758301,-8.221540947831873
2,0.301961948903229,1.362829068066921,1.0867977368405666,-1.3858989801690935,-3.610946593726885
2,1.7776277469059134,2.241152771716348,0.8816886321554926,-0.21481018174445254,-1.2625655221937062
2,-3.220766749424477,-1.1209757128391842,-0.958007505054037,-3.4896342699004332,-6.9533181775965645
2,4.303116772576826,2.4754987964237176,0.3009123422898933,0.653529405757445,-2.9952537836238595
2,-1.046998648406891,-2.1219724237938467,-0.401808167614133,-0.1807980148270201,-0.502846285512633
2,-0.23576251303542994,-1.0301014645641835,0.14560382165346053,0.672316159532155,2.4766730771677223
2,-1.2642493008321825,1.0826068598465846,0.1854935739773997,-4.186251759326031,-9.268517687492047
2,-0.5266642601338958,-0.9136564590842446,0.39386716990253573,-0.5618406951612204,-0.5589982552830534
2,1.4251593665320081,-3.989736615615653,-1.6255900074629592,1.7175923188482474,1.6479012446471901
2,2.6122865957381753,0.17798734581391157,0.12836676725586055,0.1499785804624293,-1.7899204366743522
2,0.5388583681138603,-1.8946156862346584,-0.35566666009877984,-0.4926742533226368,-2.268753943721338
2,2.054901389731324,2.1021690267566866,1.5171306587402782,0.42074513562221794,-0.5831114423493702
2,1.9052071431634052,-1.5469114055972524,-0.4941772860514756,1.7846911885273353,1.7363237834294802
2,2.651772222535261,-0.6900185576950896,1.4571066361620764,5.781282348879443,11.702468047063968
2,-2.3025228170273486,0.6604416209889525,0.5516899689189569,0.16352889693151904,3.005797296537508
2,-0.28374359568707885,-0.5953979187437783,-0.39103954989118983,-1.3210559135377777,-3.3406073392903726
2,-0.9344473337071268,-1.2984288385498863,-1.275638556695636,-2.853223239438636,-6.163029457198426
2,-2.320600955227807,2.1264039443583544,-0.8806034189279408,-5.642478221480936,-11.776642424046102
2,0.26012450302878937,-3.008536389841118,0.09837925089812116,1.12306733952531,1.7274976328853153
2,0.32714702620828684,-0.6892327419465146,-0.38466097768048146,1.4068163077767155,3.4450686612310673
2,-5.313385526149159,-2.7353459530834807,-0.19820095618632294,-2.723131718287154,-2.8893656998767976
2,1.2360104248555857,-2.2042346162765725,0.6359263332652115,0.9761592700559548,-1.0805200963392867
2,-2.001641659412954,2.828223891726775,-0.43525358497337535,-3.314171348245131,-6.0826946562090285
2,0.47480016755357035,-0.12377165652423844,0.30583130948369736,0.5807035769070703,0.8138581831835368
2,-0.9806622347550387,-1.9370962705421715,0.6834051136403184,2.6671434115148505,5.024635956686228
2,0.2550576138157604,2.631127237748301,-1.4152491739508766,-0.8936863275789869,-1.1798497252499058
2,2.8797186539852677,-0.06861374821755058,-0.33358448427694826,3.592416555714778,4.925932295121498
2,-0.6385080825300719,2.0740089874232175,-0.9912827365153647,-2.79969154983838,-5.526829868259651
2,-1.8010376644411712,0.6602877473638158,-1.01559923530528,-3.1941095072507504,-7.178157993993882
2,0.9821335537341348,-3.041909047100261,0.46244504459666397,3.377145194048416,6.14333070763232
2,0.24733524308132893,-0.4728682228670382,0.7714639559887048,2.0484710012462903,3.0466589603717273
2,-0.3789690396197281,-0.5465049129955677,-0.47275309667171395,-0.1879672196777235,-0.15848344644842638
2,-1.5134926506147395,-1.9621340367560198,0.9947927417629903,0.9447884449066806,2.106522197757805
2,-2.2461532796475168,6.345329824468737,1.0987980390648455,-3.6895739171996174,-5.704644362456271
2,0.26449275794989324,-3.959927523247008,-0.3257337087066677,2.95625983135526,4.762429501242402
2,-1.0796543947113029,-0.037091308819967556,0.15532991444086552,-1.8446886388819204,-5.599674946283716
2,3.3923864934838397,-0.11757540905746172,-1.5813455318352312,-0.9047130901790691,-4.26219104752693
2,-4.171592849727925,-1.1519606653079284,-1.3481070293709434,-1.4820068747879964,-0.39177820593230483
2,-2.0658974866366924,-0.8773380115164485,-0.46941884762344516,-2.167487139903739,-4.08788474953796
2,-1.2987598642030018,4.292979086569196,0.5290839420707032,-3.627286278451085,-6.464446871646551
2,-0.7837241055891886,-3.8901915099570408,-0.5559470958564658,1.7289101466575558,2.970471134162662
2,-2.938708129657546,-1.220434308284475,-0.7212084531953431,-0.9241700023591337,0.42112545984271144
2,-1.1399390748325031,-4.2967685196756715,0.6330315938496752,1.7413123612624115,3.8725052682421914
2,1.2632947403628458,-0.3770549914828368,1.6338256309325643,2.7414687048176094,4.883202242978552
2,-0.7191762053576025,-0.8119684809792855,0.2600885878371936,-2.127905516413211,-5.390471626199145
2,-3.1219117995945838,-4.8397267329582325,-1.1697602218690804,0.4161196519688695,3.23643504718775
2,-0.04132574021929622,2.406954202473723,-0.43151370180357956,-2.1881649290531606,-3.768304784801965
2,2.2513134282738423,0.15956755654396013,0.37713857129766537,1.7059163862173035,2.6869037531593842
2,-0.1338229531738949,2.437915769065531,0.473461638761969,-2.808846992021241,-6.601936758490304
2,-0.7306899942398378,-0.6853182681554615,-1.2709611548132014,-2.167814512149112,-5.293704770430514
2,-0.5894750354654229,-1.9926215046866869,-1.4124718931842024,-1.5751858645779695,-3.2644329979150144
2,1.4131036983786425,8.632260386029365,1.63573619008659,-3.125043882952203,-8.009681165663741
2,0.7771063359813157,1.4234727504911182,-0.6298924267999474,-1.9256262102694335,-4.487582785676792
2,2.1050568166842605,2.5977759490445855,1.3658803878809402,0.9020528690388367,0.9202699623690305
2,2.4741309815692327,1.9931408818702576,0.6475440379266415,-0.8196656824160522,-4.22519187987406
2,-0.43079683084915116,-0.009587589164102897,0.8885114947864904,1.1022176005062518,2.89232944664082
2,-3.737945912667875,4.228148265512269,0.47061078077037855,-5.02627251660321,-9.222430678695542
2,-0.787035192953697,-1.6289469020762235,-0.41396860488713283,1.6240803537459974,4.301951988085364
2,-0.12307517384750213,4.563212894179905,0.7356666519993226,-3.5194886317212903,-8.208875958938105
2,-4.163192074230098,1.7264062990389009,-0.478780333270314,-5.028503764176849,-8.01568528522398
2,1.480411952989312,0.031285019414542765,-0.11620929699074048,0.24867674743926732,0.3527868911820131
2,-0.6534355731853926,0.535181941771238,-0.2910919313820919,-1.5069505086875947,-3.029143987712601
2,0.844517310438192,-1.3435672027381143,0.3493255330409865,1.5510670396016488,3.420954415593073
2,1.5309889385522901,0.48989947087258917,-0.7325205027880144,-1.982644962741517,-5.00276161313858
2,0.54967574510229,-2.7372153936226007,-1.3009590324156193,0.511527607881401,2.2317701669092695
2,2.6788805033469023,-0.46322306982654765,-0.06357783109857229,1.4686826499607966,0.3848078489377632
2,-3.4046058395374326,-1.421792100426117,0.31625989201228427,-2.2872479980681484,-4.567520936358853
2,-1.4212556669689518,3.1856759573584474,0.14913049239564477,-5.120055861522865,-10.654288953402768
2,6.643545192971174,-4.371533598252044,1.605629910470173,7.681735099838465,11.670415740024449
2,-0.7636527090456157,1.449951595464835,0.5169124314302117,-0.7645980096400118,-1.7987875822145272
2,-2.329732305276346,0.6941553650996388,-0.4680418167204443,-3.3245634616275237,-5.101417964625751
2,0.10281520211525323,2.941620239319136,2.862482227894078e-05,-1.4586328630861007,-2.2836615899432857
2,-1.8307761439269818,2.830955303191926,-0.06387331000743267,-4.497419323084066,-6.966171559045956
2,-0.468470156985557,0.014386779971021807,-0.3291100738394304,-1.0451115629691394,-1.2022358463865916
2,1.16759029064378,0.8755320176239302,-0.10838411868443817,1.3174468526268333,2.3084796555635076
2,0.2576172722930572,0.8718930850688986,-1.5404066247345827,0.23683298851514456,0.7316496579954433
2,-0.7401471893760886,1.3478016893368694,0.5277331418568282,-1.688283306834743,-3.099685697282052
2,0.19319020458217978,1.2059901849565187,-0.22612688243845894,-1.0723543201442722,-3.8116066123226093
2,1.807270050183799,-0.16402791358756813,-1.5598164091446607,0.009068851058478489,-0.22973990705424535
2,-1.7386386931973539,0.34709272500936356,0.08223589290196578,-2.9579239617844113,-6.800996470664178
2,-1.6900785927552093,0.42213518361003843,-0.12457739903701481,0.323543205897036,2.623059569111255
2,2.949306866376701,1.4406489390265564,2.0607225262200393,3.4323191188037465,5.273192924406063
2,2.700996166983025,1.6504764090377049,1.0299036401398771,-0.42854624352081894,-3.459053558259777
2,-0.10824633717350371,-0.1616614697431428,-0.7094644005753344,-2.5728136750482666,-5.807191206402974
2,-2.329792715769661,1.1678275588169675,0.05640914165544064,-2.2004825612877204,-3.184362848170767
2,0.25247029173416635,1.7933886393902088,0.19361810956095632,0.5109114420986641,1.5862800244711037
2,-0.6186898455078287,2.5262390968013726,-0.40106599291777323,-3.4092810775094433,-7.138471670851632
2,-0.20576567272961585,-2.0924789764775134,-0.932436741177648,-0.3131776831522176,0.43347674805676084
2,1.022484491523417,-2.04324376637233,-0.29704908352908893,1.5358569580887966,1.2131875335346338
2,-0.9207469252584348,-1.0165208835286819,-0.7559094165806742,-1.5557273681106278,-2.0357036973290206
2,4.339117891519218,-5.6962166677902655,-1.573636754401627,6.478512028013096,11.847573030170215
2,0.8704815786781249,-3.282342049517686,-0.20542017162031642,3.2266619334558544,5.383325630524256
2,1.1437525622413665,-1.1137720793912993,0.843028303323212,1.86561363943446,2.754094456478292
2,-2.07291866062702,0.6450144317557852,-0.12035421620016513,-0.6396129188404522,0.11604022186698709
2,1.8101612216314336,1.0892566918889364,0.46277581518027333,1.3379548600436169,1.6975209392788797
2,0.6601934889798062,-3.4348332621474347,-0.44160362756444116,1.628834806265851,3.676367817560751
2,-4.308249763015501,-3.519690464898415,-0.4787288346817896,-0.6599195151304461,1.0455483643809738
