,0,1,2,3,4,5,6,7,8,9,10,11,12,13,14,15
1,-3.6334509742491297,1.0727507732462822,1.628261035486149,-0.8273280038193619,15.075970927159464,-2.296115041580106,0.6261734557991655,-0.4997162967673296,35.348353528664205,0.22215457298285848,-1.5463811409137334,-3.4616414229802683,-0.6103900831723723,0.9334985151481698,0.5320629409826483,3.881107259866977
1,-0.8838968419038369,0.14607455561172816,-15.077177492768946,0.10771708545722895,-56.10034582978439,32.03940763847196,0.8823574518398636,0.5129264422187324,-114.2879553456062,-0.3556374038707432,-3.0666045706995133,2.140143217915042,-0.19697369092879338,0.6709942062970319,1.5097494016295012,2.3123532230455854
1,2.714156935126558,-2.3232270533475563,8.683641503740807,2.2347578720928993,41.38230242596173,-27.872720942447486,-1.299318796944917,-2.4915039382643336,89.79508530414553,1.5433037376425853,-0.6396875787751413,1.7226222253072265,0.8292640768932342,0.3154895198815735,-0.365605874979419,-5.655510509150511
1,3.270310553157643,-1.4013848266796511,-23.08467150847158,-0.31984257916378706,-101.93525749668518,47.50542165352676,-1.0446813461294013,5.17181074288268,-208.5985079652274,-0.26694824670695455,-0.7604053096477655,8.633700696281336,-3.158197253374337,0.8100976591146887,-0.9014464561098561,-6.122861433653948
1,1.085251502315991,1.0912311804459756,13.249355672119961,-0.46091919914733387,66.53432880006041,-33.27753097071867,1.6080433699238836,-2.3436061069095424,125.56334609982548,-2.3579966886295436,0.882102821001017,-5.9828755797706705,0.7010108027013712,0.6336556266939783,-0.4231889651810339,-3.2184138452910833
1,-1.2718056749304032,-0.5406737256546135,16.81304363018054,0.3926045769986957,60.519658168665686,-29.064297447522996,0.9945533440548353,-3.2922647887178864,123.2330132884162,0.652220938805149,0.578316318886165,-4.751118806901636,2.047586761621876,-1.4085513996582153,0.9156795842373915,7.846731942828706
1,-0.003380043977261381,0.18562668921614622,42.212277793867166,0.08794474553869235,179.52087366618198,-94.8272127691169,-1.3881443872638999,-5.637666316117126,371.8301232767256,1.296835727003252,2.7251056747371734,-11.339021167719228,3.222814282176513,-1.2665290249533943,-0.22391956938122642,-1.6208150609488616
1,4.140471340618566,-0.3866571550233063,-7.979219401109426,-0.6800314384446661,-32.54849948670768,16.160935548110672,0.64908295527769,0.9751565474902402,-77.98759978191217,-1.0771052449236769,-1.6368897886169815,0.5027772519716038,-1.0687383686486915,0.03878415579407182,-0.550998753263796,-5.399842169469392
1,-2.8418933406265388,1.3837348597219155,67.66886132411283,-1.3932933187791459,290.99985566016346,-143.18271700150575,0.1106393758032018,-10.284261215713656,589.922786609469,0.5485499917544133,3.317889931679414,-23.320948038612944,4.8100012022509695,-2.1524180985008647,-1.272647727367964,7.673897588755639
1,1.9619185623466124,0.2794603488474793,24.35049314696646,0.45629888750456654,95.81235864725343,-50.4534930915048,0.8054131598338609,-4.363938184485668,185.58215450898575,-1.9992721953213775,1.4863998627116561,-6.431307382225652,2.979857649383042,-1.3182994110203656,1.2919641762645584,1.8461309755917534
1,-1.0920956906270622,-0.9877503582298924,-18.589775730857227,-0.7500050364989376,-100.07566767242774,51.94438414509826,0.6144631340781538,4.198834466497753,-204.8254780648231,0.5888522261126912,2.110686227469103,8.190040534706235,-1.799249067680108,-0.6327420617939233,-1.0949454332077748,5.824789514908239
1,1.5712523164945642,-0.9124274093914826,1.2215227816930827,0.5634426556128139,-3.2701753639757176,-2.873649081428748,-0.9964117839717835,-0.32501502919054004,-8.147349753283155,1.0331498843527391,0.7477352139157232,2.549161829988772,0.5728323340964864,-0.3887840308265047,1.1809626242792504,-0.7305198778075604
1,2.7297891201072093,-0.7794332641162903,-66.40427675862774,-1.0932850754200205,-274.1419127089909,142.50944659060542,-0.3585130225830681,10.316799064442153,-561.1344527965834,0.1599692469018868,-5.938504091422865,15.947242656364358,-6.605265149985441,2.4878285239266313,0.05517932730736822,-7.500321839716426
1,2.0647696814757124,-0.1564605330611524,25.562426226087705,-2.2407382780147667,103.74663275439549,-58.64764863573765,-1.877024458085206,-1.356805858561903,207.94903449357176,-0.041038546541223825,2.3506336233347827,-8.221469790343253,1.4174881802439667,-1.2410382790979957,1.2360401077630552,-4.532802569890105
1,-1.8478918637085577,1.417546850852143,46.54317550418752,-0.8535787954227497,191.78201815897447,-97.68045380193895,-0.08635343644472122,-6.133332024405942,386.2433092336338,-0.5964185039504295,4.620767362230259,-13.607803368114206,4.161320426141788,-2.541219571765214,-1.1451988795298667,5.069255106676722
1,4.437633192198362,-2.2824394417370195,-26.44467111514488,-1.1389307512754983,-158.09002357606104,74.44670415646542,0.4530816246556512,5.668273202386108,-337.55499272661444,-1.420591900590229,4.02926835693289,12.926992792784619,-3.2846959191975027,-1.7141544067289676,0.7237883922541726,3.8632161278701074
1,1.809606390467778,-0.6469035755896521,60.51067938156122,0.36343124627264545,232.04874633196383,-120.21729622262379,1.3844552860040364,-9.876186788391085,458.51278756083855,-0.45967373546558044,6.110816551365167,-15.211059233686502,4.53277400331982,-3.146645046030124,-0.5320439645385694,8.197890168341548
1,-1.9729855056718815,0.7408254427243192,12.66895667553153,-1.1042917359095485,48.89666257925566,-21.203858122302776,0.28047274933287514,-0.7467458777966826,96.20961409615344,-0.9223946846362441,1.6555220359416514,-5.483655360295616,0.5465188439518172,-0.8874058795614072,-1.6031099735642163,4.613153474336188
1,5.675592734540922,-2.4080322463425303,-21.15954107676207,-1.231184326223941,-119.94190403382082,54.148442071733065,-0.055852376689915335,4.60407516556561,-261.0562658373953,-1.3299635869669193,1.029219349112692,10.108620744631022,-2.1243937456618887,-0.9598435675741125,0.09199458765947656,-2.349563001333095
1,-3.8700411474733456,1.4898233535700671,-21.06421378207627,0.7721677926989835,-67.54897548567502,41.55831182081128,0.45078452376729833,1.3064824574289289,-129.45414497651018,0.0052945808229892645,-4.799785975316795,1.9561410964648824,-1.0394868616084456,1.8212271963108697,-0.6941673636512442,0.7243792180714084
1,2.4711183603734383,1.5148725210255465,123.85504443831935,1.806873862050183,549.5158516723624,-287.75072380457465,-1.5274276053992593,-20.325328353684842,1115.1492831353125,-1.1173529195841143,5.933647014668619,-35.89517914102986,10.429078921665944,-1.9285147346055016,-0.7620115174652998,-6.308400928146288
1,-5.811031301721711,-0.010144863189715555,61.157987676216635,1.1611737372365871,242.3195304285055,-117.85086520676407,2.575912717893242,-10.259959318381144,502.64736227919644,1.3526213625820875,4.253271927026012,-17.445667410532867,5.615714974707935,-0.7030194969733717,1.5566523293168026,15.782398080713783
1,0.3354784385637678,-0.20945599795154862,-20.25168477071427,-1.0062542550039437,-89.16670816746304,46.20590500629442,-0.018930981011780364,4.759244845035981,-181.0144474999192,0.5802270999620429,0.8451527959291167,6.305172334415459,-3.1251379957779784,0.012225291583761455,-2.272070400927539,-1.5477455961060922
1,3.523576381906605,0.41605178819689753,40.187132865004926,1.8707537603798654,190.6218761283032,-102.61853910160079,-1.950133175632582,-7.406928894215351,389.2220017612622,0.21122681482974492,1.024377487807719,-12.04859408198539,3.046468776627656,0.38818698598559986,0.2497941381427723,-10.222347296321752
1,-0.7117612925403922,-0.5148200845892192,7.616965486722001,0.20923214830803397,8.73087696559273,-1.2966244893470233,3.1909235831602523,-2.1357008851620507,10.714998761000015,0.4108490556796976,1.5864242950978003,-1.0607620291989481,2.0334076652038626,-1.7872167818778415,-0.45658458698928667,11.206752317210341
1,-3.8982404716620453,0.31853118359665583,19.77834394173058,1.365950339183726,100.11521566429245,-43.76406838187968,1.8106327466314793,-5.35567202001715,208.18967607882587,-0.8505783931789729,-1.5666901404423483,-7.2670951422685786,2.716473439792498,1.1627197213452793,-0.29304934578647335,6.008865298386843
1,-3.219876671637422,2.047775415132434,68.30193500030698,0.7924872557215387,300.51470871742765,-154.1724881217322,-1.3144578675551084,-10.919125954869582,621.1284773439941,0.5668433696679304,3.449624762616505,-20.65719768718877,6.530653087844269,-1.2167230721705828,0.4009297375515744,3.2927204409482003
1,1.7458005559261556,-0.1411165993567727,6.916270922764434,-0.7424003345522648,30.751608749157697,-17.293200890027755,-1.4370297576733229,-0.45300851864232544,59.79607024452963,-0.005020569101843585,-0.1867642368745476,-2.9738699945367073,-0.765595260998706,-0.3030903302451489,-1.2312571347105101,-3.3548553525412004
1,-5.561231201616916,1.5272273648168404,70.51670821123828,1.041493379044842,317.3697455070424,-156.6335162804613,0.8276952517907625,-13.274626572153718,653.3933603177886,1.049882032551003,1.780583021306372,-22.99148200765623,7.080358887885251,-1.3634755260535778,-0.14060461707133715,9.2294951751505
1,0.34266864346445364,-1.0847185974297349,-55.6748728074537,-1.0142888431369925,-264.0103213358454,135.81634242484347,0.6086512879111149,11.748079855252303,-539.6231378617829,0.01738393656251085,2.262984822339153,18.504505574827544,-6.315493951152726,-0.24369244790642813,-1.5575285940608898,3.827390349933863
1,2.6890520584463373,-0.7319548279949094,-28.580068461749896,-0.7955716032182888,-152.12401609316413,75.96108743456936,1.1189878143508163,6.379003737390723,-320.3759302079988,-1.2846157184513403,2.7214447234147636,10.384514283087894,-3.536494585271068,-0.37024841847355683,-1.0930255192459146,0.6482002719548315
1,-3.499891886542658,1.2768851388074773,-6.446477234745794,-0.7325459854413818,-22.370941064858062,18.28316403130277,0.18511029794401468,1.8845074775541564,-38.96583432069313,-0.4725410132895073,-0.12274303393882838,-0.3166212513416175,0.04554820637923078,0.9506114576676289,-1.5619185121678036,3.5026758480050018
1,-2.7265940684725676,1.6256578744367258,5.382225595299078,0.025733045218409335,37.89786604409132,-12.489236096896287,0.30564757417718064,-0.8806542526830705,83.85228108067483,0.6704963340880674,-1.3900170627693613,-5.456948751550661,0.46068547630128553,0.3406458566918004,-1.52510387708701,2.069495550364967
1,3.229765095768868,-1.7259517818315595,-54.74203672787652,-2.2266249647797647,-244.2125571131191,121.83685915748123,0.3132791371676522,9.621036554500591,-507.2172644879674,-0.05840861608985533,-0.7557895442513177,17.04017571259015,-5.944109686466688,1.3573863617602806,0.06633427154457898,-5.950741968232823
1,-5.856405507159557,-1.0516884395534019,20.810027631095547,1.99021521834303,87.55891280370174,-37.67031108648098,0.6951918251341367,-5.197599789520695,195.67037893714203,3.565328944962173,-1.4416626342457297,-4.785295081799465,2.740268108312235,-0.01420249583655378,-1.1548142573106168,12.174966310834776
1,4.754781532849446,-1.5728945457470085,-4.936714104556,1.5454219946561756,-31.616352423118887,6.778869576485572,-1.4750337595906473,-0.10965070426940439,-68.97880245719317,-0.2682811714647161,0.323301186558293,6.59450253357445,-0.588371089810451,0.5467402127274573,1.3120601427545104,-6.415111379093958
1,0.4530029099538003,-0.6117175626763516,-9.250005593449648,1.4718645562013415,-45.331009121390665,19.166296902805623,1.6529707923815802,0.7419330240827323,-94.27936901082747,-0.9896270355329012,-0.30422194683479875,4.549819557520142,-0.3886177612676143,0.7655223670656705,3.292853289568529,-0.9088101311298952
1,2.044501788196392,-0.5874785990353133,-49.75963791599277,-0.2327036176771341,-189.43347447414232,95.26900605373112,-1.2308085809638745,7.217620883421785,-380.010359386097,0.966244527009069,-5.168855315111023,13.962384677603897,-4.9050843244005495,3.30867289196447,0.2697732777082107,-11.412370975425588
1,1.4271677109590641,-0.39790715538446203,34.52875520839907,1.130455506011052,136.7715782017831,-73.1242348795887,0.17432755922018645,-5.838912496068224,275.68752276407935,-0.7177423472573579,3.2303225033372427,-7.40204152186229,3.4986655995452964,-1.2507505227278524,-0.5488548137654754,1.87095643393644
1,-0.8561321737589866,-0.2778156114807517,-29.66226044052316,-1.8769302387355706,-130.714619388857,61.82808521546787,-1.4981753944328002,7.682586384175278,-259.4651836602659,2.8240016276886433,1.4142726594586412,11.80628078795326,-3.4203903770301336,-0.8882712227263431,0.6007298706848425,-2.5184075812282645
1,3.0596896463620693,0.6212801830090603,10.382672538783364,-2.2540278868833563,49.493431553994526,-25.386544371577557,-0.7004005398091178,-0.34240081606814793,88.45412084303776,-1.6969907013352776,0.0856507856292836,-6.830899671148013,-1.418601485930218,-0.8448389052289129,-0.5296364732487353,-5.0913899578122725
1,-2.0319994501175094,0.2905039928588895,0.3607002966438529,1.2745743439211172,18.588139476047115,-6.903958645854836,-0.25935492451737974,-2.3404571755729435,42.39137502386257,0.640267880460029,-3.37674301781431,-1.2258538284000762,0.6029565246440282,0.12001428928347174,1.5845108922465756,0.9826185200473234
1,-2.688108276000859,0.8386357567593851,-1.9073972475135903,-2.164139179358694,-2.9646816359945047,1.5981508564576532,-1.0811319707304947,1.9642871515091227,-1.4726609243481903,1.2425286510784734,0.3042544830292113,-1.2160719552025783,-0.8663561870645249,-0.09087192594693753,1.2723783906223443,-0.4199914361677252
1,5.288412382025224,-0.4812167610665216,4.127798158442438,0.43508030155535476,20.622458418049625,-17.550880823229814,-0.9889817261484302,0.0943866017681715,29.295527516010225,-1.674603344869515,1.6893207492672275,1.0693034469243232,0.12867175635043127,-0.9111708357989184,-0.7618783644962032,-8.209022101417903
1,-4.318761334553539,2.4467008945375244,-19.4349418642433,-1.6597356174989206,-61.6658554692095,39.06455513460601,0.18571616979077432,3.1466555214437273,-119.45472872343801,-0.3529722951365919,-3.568681856846309,-1.7459383375271953,-1.8762039566353796,1.1770844789146564,2.0466533191908827,0.7656293457044551
1,-7.574885615235738,0.8365885446523812,-3.455585023070561,1.1118840841925994,-4.095385798219955,12.856524682327167,1.2066216812313326,-0.7432545459116289,12.785849356277664,1.675600287857289,-2.63284946595612,-0.6562022574326981,0.630545336499299,2.3397756523004682,-1.371912740808372,9.102427555119736
1,0.5871077527466568,0.739730670479933,-28.32681784306674,1.192926630508589,-111.0025526223693,55.93093185384979,0.3896710755402102,3.6206478141690086,-223.10472834596942,-1.2794357520503634,-3.1265534316225403,8.392619709858362,-1.3395930705404941,1.672589401832969,-0.7497317507769438,-4.560672200373675
1,1.23134246297067,2.0730123017131623,14.068310087303082,-0.876503382719078,90.75041041625434,-43.608491404462356,0.7253204913953201,-4.076801070605749,175.62700802930223,-3.0149634664735796,-3.302987708885527,-11.202854317427752,1.675574194323684,0.8794096346404376,1.514407612919139,-5.379606524551601
1,-3.1652401369846315,0.9441499189420864,-0.7931202247887728,-0.6097707000927381,-3.7117488941551118,3.8676513051044954,-0.5948414789106479,1.8127003589565363,-0.6495849751690409,0.06807878628232916,2.2722304657335384,1.1168761580791826,-0.5621657086998942,-0.6100215570446025,-0.8180121674025538,2.865977539906616
1,-0.33890812589899266,-0.5234771509259809,-76.70130171934476,-3.143028918057254,-345.3800549120222,182.75866528217307,1.6354018076383805,13.806339680862438,-710.8933011555672,-0.8283783647693729,-2.044190259722826,20.187630345660207,-7.288147608330284,0.7029327987079801,0.06685408661684976,5.423004288899121
1,1.2143383584800072,-0.15151176737934052,4.918759419046379,1.7970580235374058,32.86119600555293,-19.504226465101585,1.1610265634358115,-2.3136732212572215,68.17670303733851,-1.7832711941340313,-3.038359455318385,-2.737867035714063,1.9350687055191655,1.4797197874394845,2.5043423177420934,-5.18647471592972
1,-2.679197976097872,0.7156492030662155,52.27892366454897,0.3492440909179488,217.22712707151985,-107.28109646289514,0.46578606129248556,-8.694336882953374,447.8052154211482,1.0240915043576393,2.229867253555341,-17.354684917695927,4.743749590588773,-1.0412313978279204,0.3518700011596861,8.213617063160784
1,-4.3053559093606095,-0.17859313141942523,-52.26351553216303,0.21688808832438827,-235.4415114366852,126.16217066950374,1.2676490767190574,9.321122589754763,-467.9251788221489,1.4769359922110927,-1.0368949310154199,15.865909169554563,-4.1781296626643325,0.8574681904241073,-0.48433869099757076,6.717512132941637
1,2.1186189950590295,0.7892743244703626,-33.24442953538765,-0.8469526828440795,-127.80971586077337,65.16893803961187,-0.48238588051298426,5.987688572908225,-262.84615314144344,-1.4249480337578049,-4.357563086556915,6.327817859269449,-2.725036036591937,2.3161077850729566,-0.19680375227262084,-9.811874112543892
1,-4.558624559653356,1.0640308608462212,0.4610063976642168,-1.2474724320123105,15.502941687870297,-0.7163660064180705,1.0513088586004944,-0.734849329899551,35.6134900368097,0.7447010131536621,0.037456891208285215,-3.8675141869756997,-0.21185929849807184,0.26502133868539646,-0.6761492303059545,5.01164083228146
1,4.48922721954168,0.5161900736994205,-65.40526773794916,-1.597772425754568,-277.5525956565757,137.27864626868984,-0.424694339946678,11.711742648053734,-574.4465925151658,-2.516071374281659,-2.506599532279137,17.96262679432551,-5.696306661309545,1.2636494844915436,1.1112317950649822,-10.604065369564905
1,0.642150661380343,0.032095159139899264,-0.5915919254160334,0.2713270569534494,1.3571738911139677,-0.9270926138856617,-0.435178660428599,0.11205617223320166,7.373069614522027,0.07614008367547359,-1.6245836475378486,0.5854148145366622,0.9425593279047807,1.0292662447498846,-0.561960177151057,-4.494370519054209
1,4.700251953760792,-1.5265377368976238,-56.09879874653367,-0.5022968864617371,-252.4733590821555,124.6878838581052,1.2287142334262426,9.15804081552796,-526.3494242223419,-1.7513152052029433,-1.7275939536993663,18.15708589799762,-5.185060600998848,0.7427460989660244,1.013450309968933,-4.174364064108179
1,-9.03191228908459,0.7451022480646717,-3.0875682982358352,0.07785475835243862,-11.347121592210318,17.361559265350476,1.4685260693199549,-0.10470012332888776,-5.335581221369274,2.0163541565866767,-1.5686434947705512,-2.15928046049245,0.46269774509006045,0.2640530776818085,-0.3317615902160052,13.744215697640513
1,0.8976738319824253,-0.7066295416529857,15.84354973566173,1.4768247503344467,67.4896139291365,-39.794516862845356,-0.5508044582504299,-2.6268164263174927,142.69899450003456,1.2284376261427135,1.1203640012894722,-1.4994903556459431,1.69252933987824,-0.08708221250381777,0.8192077676938424,-2.4772136890085217
1,2.014131917192337,-0.47672533651790755,5.903233954823408,0.9443165929199984,28.57225799897335,-14.90454112142803,-0.5208782633535746,-1.588918681310872,55.70653105881864,-0.49918481421594696,-1.2225334523041695,-2.070399807205808,-0.2512990196321804,0.0686033921674945,-0.6570386953216507,-1.68952973873919
1,-2.4654887920428354,-0.5372117268650989,65.95898343911469,3.033504120176941,291.9526651078574,-146.15191367185935,0.7418167949621228,-14.105557401754494,601.4265114441117,-0.11824995117701073,-0.8969459652928329,-18.68159595616864,7.500389783693402,-0.508396423218025,-1.3125769592944898,6.6890390133613415
1,1.4758743853326481,-0.8653612117044865,-35.75891988454649,0.5293699371961034,-140.39966549247103,72.80313493542724,-0.8310363040088873,4.460854845965284,-283.4656247667399,0.8115383331542017,-5.1373541399125,10.11620010252946,-3.6901029276508273,2.007481084502986,0.007054936467575001,-5.480652894091133
1,1.6288048845410261,-0.6684977591650221,11.466598286096191,-0.658604471284938,13.33683870307041,-9.798917334520727,1.199188270308829,0.23653206259671886,13.901414233405553,-0.6380593977769992,6.308483835856463,0.008903611856105054,-0.4054302895458074,-2.6110014170055513,-0.9561246434608716,6.85362157517749
1,1.432448869368018,-0.5384893377506086,-70.88240886618203,-1.7220124281790752,-324.22170438056787,166.7256142377309,1.069854942851484,13.804797390924064,-667.9639953664442,-1.1025240114107295,1.286931850521722,21.165879363051328,-6.616138715552842,0.128297284486144,-0.6711867928127845,0.8200720734454842
1,-0.8769477218822814,1.0208279569017578,3.6407021440693033,-1.5132086354489167,10.971429626141997,-4.794019551429889,0.04250214758665908,0.4441639344753819,19.020379168703354,0.14811974662903668,2.104341540232157,-2.572622486819641,-1.5374275119359146,-0.15605463861357288,-0.2565789298712157,1.5714306860617777
1,-2.1425932825148815,0.019750191283536687,6.913144798221381,0.12277497009860089,30.362577779413048,-9.214375464262075,2.4199699661428498,-3.136553427109027,56.345549867044134,-1.1330812188021564,-0.8175545105940617,-3.364667040558307,1.1820456464227953,0.22917100728257675,-0.8570423146121404,7.688646472507538
1,1.4898990776527652,0.5473703100407947,-43.444967040542714,-1.3424427717674061,-162.74564735368182,83.26932943046725,-0.566365033449696,6.114369421187583,-332.0814506394923,-0.3142446967882374,-6.341553368866989,9.51184246545027,-2.948070003674817,2.0062789848768463,1.090234464368321,-8.400958502116278
1,1.8805568638460843,-1.503390278773915,-24.756445540504288,-0.785840249658317,-130.0025659090283,66.48992826126813,1.6663487740910847,4.584038354262152,-277.4656788833069,-1.2359224929081138,1.6448599280448615,9.368318902623926,-3.408594894582016,-0.5977204370212499,-1.9204735626195166,4.60469171999489
1,2.0250660378359697,-0.8733225484917367,-3.080014357575927,0.9690523600312257,5.163630870448942,-5.626891129134002,-1.2589696760653146,-1.3496607086626722,11.12111738880123,0.42687741599502693,-4.744387556255381,1.6161044810480663,-1.2131205959986202,1.4344221002491955,0.9848145339647485,-7.183665913242725
1,1.046268063406927,-0.3929575227360473,2.967501324082786,-1.4091406171873508,18.815439481053275,-13.430654968544054,-1.3758250940582522,2.030840127737734,37.8031563763024,0.4196047230826408,3.3758915706026777,1.6051452845595722,-1.0845080404705112,-1.5349920270684505,-2.5978292935798133,-3.7373281827088656
1,-7.653451360603048,2.7679745411524745,48.042632036303694,0.6217528846524955,223.31063333306508,-104.54250026837981,0.6268305979742996,-8.959222048658177,467.4074656829135,0.3676753485027903,-1.72997082924579,-20.172707429498264,5.003431925619803,-0.48761734752237096,0.11161455930779084,9.904301179243182
1,-3.1085822026354792,0.7860272888315607,28.705200539624144,0.08955680513595184,134.48624890272916,-65.01728048141196,0.08418772280440943,-5.571124008628001,276.76851919494146,-0.29943641136704213,-1.1831608160413003,-10.669484891034642,2.5977510565124855,-0.5977507462541434,-0.25180577652088276,3.6444535119546404
1,7.526981501181446,-2.819910001051725,-44.23635109315724,-0.7859878376276572,-234.4930284070286,109.98475890589125,-0.024975740089573966,9.34509498142551,-492.84888114054473,-1.402996177696421,2.637804179706915,19.466607214905167,-3.8912675238688057,-0.39590652346390687,0.26894539356957226,-3.802667123407093
1,5.455898901974248,-3.179651752860835,-138.9685960904708,-1.2910233090892698,-605.1849696560165,305.27239915586307,0.15851286877931883,22.859048547795464,-1237.67883216415,0.4861238846234675,-6.676520801580518,43.07007456717379,-12.70285282055804,3.2772979273401703,0.6072123068069543,-10.195083483812915
1,2.448009810562488,1.0344635446943407,25.175945839529717,0.363343008808123,132.19081199667116,-75.28989968258249,-3.014611215936805,-3.8390610705739365,271.6726436419842,-0.41023480073012863,-0.8885635359567584,-6.999082207182237,2.827056239439011,-0.4517825648203028,0.8779096141769592,-10.782764401415534
1,-1.2128363853264905,0.32110616139297593,64.10277119097836,0.8604519520662904,278.19883112314767,-143.80889502897918,-1.7327045819766487,-9.972455421305227,574.040949197058,1.3167118978941343,1.9808307619721406,-17.40131387058822,5.716597801551322,-1.7587463482649082,-1.5158946438713876,2.3693744055171337
1,0.8342179424496334,0.7725155458403818,-37.95270905279796,-0.5830749158489739,-147.43033190844014,77.64436025204846,-0.45341082141099587,6.048322822821956,-300.1437357068612,-0.2511708303199589,-4.194008529083375,8.915722081505495,-2.7330236848712923,1.3458467733791235,-1.6696597459128037,-6.187184088144709
1,-4.305306442966852,0.5519421242303599,3.0473119325236264,-0.9011695731900496,16.061690834811973,-6.4038605041997245,-1.4632327599171198,0.7372958978429374,48.942013537291245,2.4265316371246732,-0.6003379359590402,-1.2799105879717536,0.6259179269302386,0.5267315904951576,-0.3386269804568468,2.4931179638687504
1,3.635522900950859,-1.089857900333868,38.801503865177835,1.8019620249598653,159.73629623631763,-84.88829995750675,0.7238619047216859,-7.617795885138182,310.1108029642587,-2.507105979311901,2.0705031094145245,-9.35312024776746,2.7543389055583942,-0.8839207971457028,-1.6466755362851664,-1.5002118437672176
1,4.907146494905707,-0.24157648477995786,49.00813853488192,0.8259278084860613,196.2203751691566,-111.90201059933544,-2.190705372903718,-5.942712949856339,395.28165139825995,-0.2560426292984183,5.540297752676902,-11.257269264967851,3.413706466586677,-2.138387590845973,1.6509549369454337,-6.348609782525582
1,1.1586802256916873,-0.16817844364811202,-44.17287258965042,-2.1555979912934577,-191.0606153544262,96.99444410971608,-1.057968102627845,8.741428866710699,-387.2411760243666,0.8688005824745817,-0.9029828243815092,12.47898886873441,-4.240896618090193,0.3164048429898324,0.4033593701006825,-3.9895867283414828
1,-2.8212548794779027,0.5379020494581476,30.047247145453063,-0.8051366107211514,117.03736403370084,-56.86836917589316,-0.030910917002396076,-3.333381732998521,240.0375683461491,-0.6858692057015159,2.8545008674750645,-9.6836216250705,2.354388779683088,-1.5733929702348062,0.039229920890270914,7.463988085388449
1,-4.150474432437712,0.48489084309339237,12.264934091484966,1.9454697313493028,49.645534807375356,-18.27464070373324,2.063727294242025,-4.817164011975229,106.30771853192674,-0.7708044532987117,-1.2676395177635142,-4.456934518631206,3.412685955210168,0.4506682579173004,0.10843076854997999,10.260563667680762
1,5.707918215394634,-0.48429610813351615,-2.874613855794454,0.5896232467854958,-13.737152331050906,-0.8636887270208159,-2.138653416512315,1.1143715583818197,-32.313852248909534,-0.31758903728182425,0.30379422313062643,3.2838066219189,-0.18573129526740473,0.2404210355146943,-0.49966682977135024,-10.165627078623586
1,0.4347018096427895,-0.4144536574489323,23.171624699133694,-2.0012678438354454,79.05281554238336,-46.447768072684426,-1.209071050308174,-0.5197409018895874,155.8891132960614,0.5390001922830666,6.330869775290555,-3.5463236924751684,0.6786901008292617,-2.3046701411529735,-0.13543338684830983,0.8138020278815803
1,8.070468950906553,-1.9809600837839034,-116.27244488059537,-2.994651016962486,-506.9149983478329,251.4801888836255,-2.5992138840837082,22.038598682968082,-1040.620823323134,-0.458532420952894,-3.4283207570232057,36.11669796159675,-12.491871436785903,1.8911340651061028,-1.0926852915148062,-16.06762745246865
1,3.2581387047333097,-1.9804737524951643,-28.40840649291212,1.0491581610205634,-124.15008178627568,57.81348886143935,-0.5875373719635866,3.565948222743165,-253.5978985568194,0.8135946643903226,-4.019580411099763,9.837989694002145,-2.4818629436372217,0.9284997705126669,2.844952349003147,-5.786656174587009
1,-2.6004538332096745,0.8446330735633175,62.759965439221986,-1.051535616100116,258.03292105702985,-130.7421135711601,-1.2629901773263816,-8.809463305908375,529.8869735714462,1.1967536901528355,5.41625983134443,-18.537830566967884,4.354810929835655,-2.204987438175287,0.10207840461206809,7.946899150151176
1,-4.071784739641829,0.9781859247580245,28.88134724708159,1.4253780881098406,135.68326536270456,-64.18061296996683,1.340946713431777,-6.577697576493754,281.6916043942993,-0.49413288951933826,-0.9426804111154525,-10.425247301385209,3.851241554742302,0.13687124364854175,-0.1566946744535384,6.179565569199028
1,2.152488029756763,-1.2943722006211154,-26.006427707304873,-0.80852624838427,-145.390044275977,67.95657186655228,0.07634153625395278,6.926674920334689,-302.1605251794488,-0.7824968192298222,4.025470926548832,12.440958274629631,-2.222496990969031,-0.9912216200924704,1.6970951469125382,1.1232985769932726
1,-2.090399955545136,0.2913310935382099,10.737264978592178,-1.3951982513472194,35.82028279860419,-9.734362839591846,2.2937229899378138,-1.6221014201126338,65.29570259225905,-1.3170577457515307,1.4576939703969587,-6.191106008098447,0.7774131642285287,-0.5092297921051078,-2.148976698069454,10.298797215659805
1,0.9763789248716345,0.15451441767490426,-45.800935346028915,-2.2636294378885626,-199.99924767157074,101.35229714391642,-0.4855652949068192,9.75952958509123,-408.37542835034554,0.5577395965956369,0.7577507079804511,13.335309827734807,-5.187525654588426,0.6052736961131067,-0.8448287406744027,-3.696897565044546
1,-3.7379627277519303,-1.1233148665854542,10.590617277782693,2.4564677145855507,52.55492850587562,-20.409652548297586,1.6145643753404526,-5.488152390847004,116.08257766255612,1.6676580889682957,-3.199931597703262,-3.5357563316294542,1.770963823296046,1.0169390621553334,0.9285998346534906,8.26160907386989
1,-4.481781599412562,3.0807883782269125,26.449418754247965,-1.8309164502415194,139.15104527195538,-60.64744762950139,1.5681584484079036,-5.09845160861966,281.06104823172495,-1.1297502979059288,-0.3242685389360889,-16.3228064215709,2.510774879139771,-0.6191022918464697,0.4918644753511993,4.859617124782925
1,-2.849096318279125,0.7303891092431649,44.07097356579374,1.0487780984420823,186.56813883329832,-92.1274930262395,0.6861661559164187,-7.575392810934549,380.7559710514622,-0.026521168778943734,3.7415222594940087,-11.845816985442394,4.671108152709768,-1.649969886638898,-1.415797604271517,8.69605392628275
1,0.30208198877055786,0.9344304583175608,-86.75138158756171,-2.6785239092092863,-343.13303772884234,180.92471269889282,1.0276837771684064,14.372540963874904,-703.6849676878483,-2.185715198573228,-5.5197791602107324,18.703907606320033,-8.49494009515182,3.286700420868001,-0.5901038565118663,-8.18374958057898
1,-1.779780225762167,0.16047403171367702,12.630851447242833,-0.2512999494846752,43.65808892997049,-21.065895672007557,0.7926425431448145,-2.1038525800982484,88.556893920546,0.5571107478479252,2.1127448780727636,-3.2242525311353414,1.5535436783644467,-0.9143143471546259,1.1180608766834939,5.506631955572716
1,-5.443072147656938,1.5795251209068222,61.19120463937662,-0.4286566419654403,252.24644490155987,-124.59658189691973,0.6785100646349396,-8.455872933011934,518.4903985170901,0.7187411511336004,7.235389365658567,-18.0733668408753,4.5261873748033885,-2.3609599026441774,-0.235386851033214,11.378251486276719
1,-3.462693132786846,0.8675072167399712,22.757849286528355,-0.7317433548709725,91.25354238516847,-42.67901305827207,-0.4968270136982389,-3.0342050275577517,190.48943797824515,0.9721154984315236,2.19984439902364,-7.9490943640501674,1.3781222197879368,-1.4059940772479147,-0.7039172750254555,7.140036189183365
1,-4.961032547621863,1.0545973044757906,13.152766721777947,-2.2989473113725176,33.247979112129684,-13.995860191416599,0.05143020811483181,1.5567440452679826,73.4388110941192,0.8132084032055776,5.788006905557024,-4.69963807796136,0.5008314880969051,-1.9276685267562612,1.8446570554993402,10.49257827815487
1,-4.747138746192238,1.249100140268258,79.26942996229405,-0.15069045552754512,317.39448734602365,-159.51866898090336,0.9650223848005272,-12.302352884381659,647.7751722219325,0.4223239716104975,7.848513139110975,-22.697935650818657,6.9254216700936855,-3.2109567969016917,0.19614319804350025,15.5558340126873
1,3.554027893584206,-2.1848199961785593,-104.29918975986412,-0.9903744993988859,-438.67732463634263,222.4562819891314,-2.0157433849544644,17.416271325116238,-893.8537974250136,1.021861149150783,-5.733866053838318,31.931960105447146,-10.255520795822484,2.100688982014118,-0.975447441035226,-10.070878847499014
1,4.487574500836307,-0.23484556193994774,20.080016031466698,0.09007145364205854,85.88266510826533,-49.09928088762907,-1.5688086204402543,-2.7048929351111775,168.5184905109363,-1.1093029831115213,0.035083759451237505,-4.462650627037319,1.9919841195364618,-0.590246710272059,-0.5510336259770915,-7.327670752313471
1,-2.225430745705454,0.7340128421487782,-50.58945346623823,-1.4988717487838206,-221.538642521191,112.31223250530118,-0.3246150851025479,10.497883863690905,-441.246705658415,0.30236857106112874,-0.05301158075795618,14.797307225230172,-4.535886597679418,1.4819516468265987,2.3716005012732717,-1.5684584122532144
1,3.8328055364987264,0.1757989777009197,0.4557899677346834,0.39659771430926366,1.8364006537428637,-3.5507077358966814,0.6134875910177285,0.053168735623635964,-6.697375809670886,-1.8021580126262144,0.3834620085318163,-1.845592191079036,-0.11606728727424906,0.7062671350181164,-0.11113575544725181,-6.211443878473072
1,-4.660883107827034,1.1418396989260844,60.608925358901764,-1.2671809294682694,241.33470376364838,-122.24870544919298,-0.6765220033106913,-6.976013679447541,498.39211442665,2.1854105525265357,7.748978015577735,-17.90071139285686,3.9437344552589333,-3.0676122177114533,1.2586603392307845,11.284862719072382
1,1.8301608937988263,-0.13773704872332118,21.481467802957113,-1.1786442408151117,72.79310187084369,-43.424612027102945,-0.49921649233787146,-2.3512333467738267,142.81071621322693,0.9192272926206967,4.2909949432847245,-3.5170184035099137,1.7088006000890055,-2.3655756440077647,2.331647019558566,0.9872401508776227
1,3.1654178115107996,-1.3410331059403884,-43.52899661206841,1.6954237367735836,-189.62358371981708,91.96536684218943,-0.5903172441567881,6.494052631345795,-385.64391910745866,-0.06212126166000347,-2.6329398813405684,15.822245471220294,-3.696824704187248,1.536168704638943,1.343441540107151,-7.096624869714021
1,0.8217851058090859,1.165600195828696,-13.546917746935282,-1.1968258834178478,-34.37309225648448,16.509788782954494,-1.3194115432594653,2.5360514063821658,-69.3045189593596,-0.2452115499913752,-3.347135396235234,-0.7109301016652564,-2.0190267762907634,0.8454218886435427,2.2803725463422126,-9.157424064094453
1,-1.5112078651913514,0.9591064148053081,-39.723136368261,-0.4699760611780018,-132.38840542402576,66.91086977755826,-2.7096498855944504,6.315386167747941,-256.408367867644,1.1974655684702016,-5.097731913069936,10.389509538975464,-3.5770852442774075,2.651518419862523,-0.9031443751383148,-11.846241630398977
1,-7.4243998882262465,-0.47993823003395075,33.343502005882996,-0.060518192500083744,127.00414746226554,-58.327470460201454,1.101170178197515,-5.049175108213519,269.93132772058055,3.0956990435778438,5.240223925361249,-8.193095842672223,2.1984393666548327,-2.066639709523526,-0.6564737234283728,16.58209572685469
1,-1.0036499778593746,0.759491624640148,89.29944322189728,0.9402938009192338,376.59471375838194,-193.03816565788475,-0.2578419560671384,-14.022387348391726,769.6234390059979,0.5445660566013558,4.176081522476028,-25.991311799736017,8.177353324771474,-1.81679565376637,-1.1410659627719066,4.508454459079503
1,-4.6175623050929975,0.18557268076126618,1.513758931373538,0.07079954623306868,11.181422851864479,-6.448183832290503,-0.8377883820800741,-0.33919955763386256,36.97517447562695,2.046654431074365,-0.35684870253529377,0.6344242385108309,-0.20492248348773992,0.543064350967889,2.679178099404577,2.58045704652314
1,1.6366469626519529,0.9403020098876005,48.574118171104224,1.17935273498653,234.4948648920941,-123.44276902760718,-1.681805879603885,-8.071271880059049,483.9911294362092,0.12043759650662374,0.2392301204244061,-15.72024655681271,5.5834051272498515,0.08005461526991998,0.3294054542325151,-9.109247724457548
1,-4.027340464729014,2.2562352617714208,24.127808676003156,1.3955363285095896,135.3335837136401,-60.728501375979924,1.7527336131175193,-6.4097279943533865,279.344839991509,-2.1906769027140958,-1.9956278693836478,-11.125876036187385,3.9209750501973613,1.27703535213052,-0.88987073318307,2.385981295876274
1,-7.6703168932931005,0.1422710759021706,-3.5884463336519223,-1.6592264825246785,-26.10506009973726,22.705041773078904,1.9034836834041122,1.6624348504349593,-44.68055949274027,2.37181393349026,2.2011827710349765,1.129706610178076,-1.2582641544747157,-1.3314825916504132,-2.645266911052203,15.472465054799462
1,-3.4568401506806956,0.18592773478358693,-39.47234756234588,-0.6725200950928653,-166.5308134058421,89.06447703405975,1.0197705032217177,7.406509846569396,-332.79617121544135,0.6567719145969018,-0.003339183123652509,10.946514572190466,-4.37306787812186,1.0496956636790025,-0.8365708488321137,2.878868337383957
1,-7.7913732959005575,2.2283688570598104,15.427562194546361,0.6112474788091034,81.95792327104287,-33.33540882877943,1.1486949499659338,-3.624032268308983,181.34845218097843,0.6572689181090662,-1.390085138838195,-8.752743323555588,3.0342018089289584,-0.07385954086287427,1.374442159548327,8.312520891900418
1,-1.4540920929872079,0.4625783356374838,77.48957789503923,0.7022325915067905,323.66677042799347,-165.1817662944872,0.6306875918054065,-12.745830320111782,655.8566205402242,0.32181684101845714,6.234248894284427,-21.87975791584085,6.406122271848533,-2.737672062291146,0.04116728691821965,7.745799659189129
1,-0.2976613259524421,-0.6730969603394729,63.78880907354296,3.5218449264750293,278.37150691875723,-145.62485925962292,0.09792887229092188,-12.340547549752568,570.5906677515621,-0.5072063417564047,2.2875914330359137,-16.351463692004664,6.787166851790354,-0.2842432376470233,0.4625202388749729,1.4165821480922187
1,3.073731912160633,0.1726609100985297,28.405614976642077,0.2449703633443927,118.73334460696267,-65.79463355198037,-1.1087136102843382,-3.5298643178883307,235.77402851464765,0.09003503093921171,2.3867610012860965,-7.291726415212247,2.1180116785871514,-1.2427950024190018,-0.5875026803953689,-4.52310234828776
1,2.5743167667934928,0.17078079887641817,-4.153916814415532,-0.41521315483564336,-26.056034774993435,6.866647633880786,-1.3899379242723289,2.542325314366388,-55.9464653144191,-0.05159220770015118,2.182381429206444,3.3123471842609837,-0.7300819039040347,-1.5038941980284206,1.091458545814847,-3.7114938318559556
1,2.5217479335344613,-2.3721181005971617,1.7106107301174527,1.1185443838472213,-14.719631405632072,3.3844710357748715,0.794231625732505,-0.8062094269170792,-40.05786332406022,-0.6082114176482113,0.5835503502178587,4.1647303753594525,0.8542057459429602,-1.1683575704716405,-0.23361111119886355,2.337318540321915
1,1.5320482772449278,0.8024530178133029,56.16821955480422,1.2028039216925568,255.0846671741387,-134.11027901340063,-0.6207820923060529,-9.65671021796083,515.4759230987346,-0.8548582918068383,2.3150712338303636,-17.006623358573318,4.910476445314959,-0.9836560235858328,0.30227318853495816,-4.128661441019636
1,-7.8051246223913475,1.931817172122093,60.32667688050848,1.1053702057207124,274.3335038988094,-133.4607560106129,0.4461757668613423,-11.397677182101093,574.0874327272538,1.4973249292081132,1.7305063315389677,-20.105394184154303,6.950668863764187,-1.7464674209419053,0.7702333307374577,10.71111666125855
1,-5.420427037794001,1.1905192975374193,58.167323220929724,1.2695472978194688,252.11540686499612,-128.8797008954073,-1.20779346722367,-9.378101856096489,528.1181263633089,1.1099135714500359,2.154997999283356,-16.797515734403863,5.890542662450759,-0.4668154496744182,2.124224945640136,5.062884993868099
1,2.454417292233825,-0.4300585312007745,14.166823836167588,-0.12911011577421394,47.16513172908656,-26.14254431890261,-0.32747450074529305,-2.464616077794575,89.52391313984785,-0.9916785485139735,0.5803012761043822,-3.860072136246181,1.1013126894114003,-0.8520197533139584,0.5473196381885022,0.40693011779411153
1,0.5601120734969369,-0.8744058806880476,40.077229179760636,1.872159157959037,150.04481589739177,-81.99435285686025,0.37357267755983736,-6.674297001387121,307.902563465827,1.760473734947969,4.659842001339058,-5.930630563431497,4.703238620923067,-1.7280085429619592,0.010224668395245284,5.315280692740906
1,-3.2321306129373437,0.7213911584033503,7.5854026624447135,-0.35328259811227036,35.49707745852601,-14.803811058191856,1.1947889559786895,-1.1558325937951457,77.75804040486004,0.7504089547815888,-0.24955353817621037,-5.5288729102645355,0.59892472126703,-0.0076953346806674094,2.1667506520574915,4.206202258431159
1,-0.4404535161380055,0.238518847888042,-26.765904450950366,-1.394957831394254,-115.5912537384853,62.90171032817618,0.8691795976664493,3.938810580927776,-240.51744205345597,-0.029515331407871204,-2.2376087706972525,4.031786685202678,-2.810245274208661,0.37115821258472903,1.076781588812638,1.1773532515476304
1,2.5792333455204752,0.12288672509686828,-0.8013167154239548,0.9267566312596967,8.522693237912138,-9.224725775714987,-2.4537877181356875,-0.0592563941006614,19.461929164253977,-0.258584347896014,-2.066168527579237,1.987694342422567,0.08448019440296714,0.7359345721027691,0.3197930328960971,-10.047166867761424
1,-1.3994900130961494,0.26143559785858245,-19.694081494579027,-1.4889523711250896,-78.77758543199212,45.12433026496206,1.5696099646920683,2.1286777873871334,-164.60462281042277,0.11154927416935458,-3.3738744134885685,2.434369778456096,-1.1823659168134302,0.3482511385462575,0.4561980589292599,3.144236792791682
1,-5.967467829675657,1.2842567108736234,17.660595181354743,-0.399615493674021,81.89280068857519,-34.08040872974648,1.2420122299496767,-2.7880651882772036,173.1179684405503,-0.10961816938770032,0.9928778063207262,-7.747656050374221,1.7567346159899395,-0.6396945903371793,-0.9273954600733906,9.22652495780543
1,7.185376314163671,-1.6047419533333525,58.117449004898944,2.5444355837308783,248.39030893786327,-139.08255166653603,-1.2261853290086115,-10.388351965996074,494.67170506252586,-1.2932572053960745,4.4103896122335415,-10.799493075730542,5.186293704208141,-1.1085031854673029,-1.3322850077525896,-9.696052414211472
1,-5.324204965755875,1.115346444033111,17.136553574445703,0.7643915145868946,81.91543597519396,-32.33774509993862,2.6557490430685284,-4.85621069647456,171.20205460636276,-0.30276754077199186,-2.6914756330031184,-10.612462906940232,2.1343676258149675,1.3562830880389556,1.4872586668378258,9.231232118288123
1,6.2585518782813665,-1.2222121813506563,53.8469871844617,1.2591950902475642,227.76731711084847,-128.33120945052676,-2.0875619648606643,-8.955825914562071,457.56142125040867,-0.06613056633074282,2.880822750010352,-11.163855267898002,4.795070730117292,-1.0390723736718415,1.09614241821018,-8.391293030555083
1,6.862487893514849,-1.905931829589083,-35.64844537614603,1.3126708039964252,-157.51285316448073,70.20570163448166,-1.799563281795304,5.449693494130783,-323.42002180577884,0.6813830879681202,-2.144180373620994,15.51507220917235,-2.531517257862603,1.0242224245543508,0.44696803113632344,-11.812140823930978
1,-8.616765958378585,2.4798140150196932,6.893841594307902,-0.870426284377203,47.900984204403066,-11.082704631166022,2.055319758506012,-2.781063948168871,107.08641245596212,0.37428432962208896,-3.4211309853052323,-9.011121317797087,1.1415114250418108,1.1619511884162266,0.5221304737154178,10.937395896883102
1,7.700576455240377,-2.8698992302308324,-55.03135554779303,-0.5308232706605747,-254.39512912856534,116.95397128908714,-1.9105822502871976,9.832735829857402,-531.0747338876054,-0.6421183998012518,0.21177939638076984,24.146834049350996,-5.394097319418049,0.43429541465046995,0.6356660436267502,-11.295612897694365
1,0.668225770100821,0.7148478522884045,-4.702769585405357,-0.757459694606442,-18.531087938423855,10.132680992103802,-0.37966085758613255,1.4945399070740666,-41.274952185260254,-1.5722340442575418,1.482125965646083,1.6545639630286777,-1.7728535289996297,0.8317706181733748,-2.090721384470596,-3.124680240711723
1,3.2411681467129685,-2.5854101927488338,-82.36839397839124,0.15662909881729858,-364.9076406130066,183.28034919185149,-0.2783200991240672,14.291058520050544,-740.2512774872524,0.5268150070821759,-4.937048410681631,25.466692216500206,-7.895510527853892,2.6125292961997704,1.435627140237291,-6.9979552238530145
1,-3.595816017468911,0.8097017223783499,16.723620400376344,0.7482894340027935,74.67587196663764,-35.19916773487662,1.0537882321864296,-3.8271388161999544,155.85327938430703,-0.5358539793083666,1.482514968889453,-3.67234453221187,2.755215453806509,0.40223020704242807,0.9979987632613583,5.602123623030523
1,7.092699866545635,-1.7498044827322576,-54.89123134286598,0.05027935309686044,-236.26010229078486,112.78768610009836,-0.511078893545412,8.916558452492216,-492.61595176250097,-1.7088321391087191,-2.8727938371397053,19.25445431991662,-4.529313896576996,0.491548800664632,0.2152168540190312,-11.936923924269944
1,-2.441936221529189,-1.457260464408847,-19.084953376156086,0.34843926248452695,-86.6721095781279,48.85150678345953,1.13110864211815,1.7606433079950672,-165.29398560534239,2.4446776249423317,-2.565006403802866,6.390404864606568,-0.7709572151366197,0.963646121967468,0.2756199166729677,6.2079759710300335
1,-4.424700439274609,2.464336836772304,83.78505328473346,0.7057426318762108,378.9982596300984,-186.8745940692798,1.3658266562008354,-15.37212151180148,778.3837126183495,-0.5904555220254003,1.1866428270569724,-29.79471529846501,8.278952750864978,-0.23444719774798684,-0.18048742216548383,5.744197577392375
1,2.9596900336820604,-0.08516134644956357,-2.038211022792552,-0.10459082583765218,-5.482645087613851,0.9623206015834657,0.5069299455549217,-0.5646290796087564,-21.902973655370886,-2.2907187484820377,-0.37370243035599093,0.17062349257586332,0.013607714936610317,-0.22347723612607356,0.8065870265189868,-3.466793381718573
1,2.4884718164615944,-1.0090913675762385,-16.851929136870105,-0.5243387896286944,-87.25765704833618,38.831637195381475,-1.2284386545633803,4.137764937743809,-175.15521630974226,0.9122658629822255,0.5993617044086661,8.675246385678596,-1.3868637695497987,-0.5737511430324769,0.5148419183524208,-2.748798265945199
1,9.72477852195378,-2.009620261309467,-53.11999318097,-0.8033017344993253,-248.78383877129292,115.30765668848655,-1.1630978861554162,10.629922241682177,-523.8151879089138,-1.999789172328678,0.41173079735323864,19.69677033346166,-4.604777234400777,0.03196689411316489,0.2627025152054243,-12.934380522987212
1,0.945912336831441,-0.9822186620938349,-44.33714362561994,-2.419246431104315,-218.86863331756496,113.70184951744984,1.4765148169522444,8.332972876736873,-455.4363350747438,-0.483731263115855,-0.19307173213012085,12.874588167407843,-4.183915517680305,0.00966499644975925,0.1423944595752984,4.89460590039836
2,2.4665406056684525,-0.6381410200422996,-5.792151029870723,0.6607332500956836,-6.927322621369058,1.1615297819932848,-0.7135548766496724,-0.29245747334297656,-15.95801003723255,-0.3526800225047423,-3.4857628159188327,1.3150078760518,0.1472355704823026,1.3573059900764248,0.24289271632241896,-7.550269897702392
2,-0.7646558450640719,1.5465847244783157,-16.790644799028733,0.5465365799045958,-92.060150402772,43.06390574856709,-0.29465191422121223,5.670264180218094,-189.64316671630942,-1.0517506314281693,1.7279153744901403,8.135201349243351,4.891705768354691,-1.854048211722617,1.338801018728342,2.1128308832428244
2,-1.321870263324818,0.3371770166121036,4.744272160456036,1.3136385222667923,32.76935889292477,-19.774853574404457,-1.9714735091829891,-0.8366461411252331,76.25326287556148,0.2923424914989709,0.738666395009279,1.5347781821686846,0.18507448479147992,0.6793144021924732,0.5840251337647177,-3.047096927998959
2,-1.9157017676720796,1.497422425068558,1.33988209806494,-0.5108348480331962,0.30484451487614944,-1.7321800999586388,0.3634433616602814,1.6799577612818724,1.371450364312181,-0.4661589496803115,3.1265794137088045,-1.1749711835347254,1.3836155811132738,-0.20781062386337362,3.5965812633265406,-0.12484473629442867
2,-4.529407673132331,1.7120734963782431,-8.384476639053092,0.3165010278280611,-36.55266912943352,19.54905381461467,-0.02912741144952873,2.3034775576938453,-67.54082829638469,-0.13020285445872282,0.223997574179978,3.368416901390681,2.9402906915898033,0.37951411847081507,1.1791574914872178,2.3020013851739747
2,3.7750941545418644,0.4839468393466309,-14.670468286138677,1.2877929515440343,-70.59488948415249,36.34569299426473,1.0782691917040383,2.6600986742942876,-155.20398517553792,-3.5870782911606702,-1.577328692206008,4.113922290155248,2.165464384804819,0.38143012073727145,-0.10597509892894184,-3.4035429797435794
2,-3.0873050966277695,0.31526683165842107,-22.920891259606254,0.7831228502120445,-127.34946729989144,67.27502766729131,2.4990475162619132,5.0761752385025884,-262.4940383583834,-0.9845692659759636,0.3411027290643949,9.252945948892341,5.2785625525092215,-1.2030367979323728,-0.8040094122341706,10.48544551829327
2,-6.306447508086469,-1.1942894000429611,4.154415547596763,0.19269691063353644,42.24464959250753,-8.068158637159465,1.3658001389795065,-6.213938546366764,103.0283177294669,2.7234863646685175,-5.84893641077459,-7.59286820056956,-6.694177266039042,1.915289270754647,1.6313455110642763,10.717957382162226
2,-2.20843918432722,-0.5460101467697341,7.704149229127709,-0.233901309770527,1.0209950521360487,2.5756305921615485,1.370999993046451,0.234713937696341,-1.3229898911985862,-0.15867599540180877,4.766733402045832,-0.8016198646062623,1.029466880363865,-1.83646170137285,-0.34980687356360823,11.239613479511664
2,-0.34021165350402977,1.6965254974716684,-16.537291541798055,-1.3608765381866872,-133.705524822324,55.56619740049002,-0.3288676116082956,10.726605261673086,-276.11460632904425,-0.5931126211502432,9.917270519711302,15.40823427359769,8.136635906910223,-4.195276513200963,0.7740964249945312,5.966624672816762
2,-5.6462919488412044,0.9206216643938482,8.256604166861445,-1.7139723853988484,56.096730785583404,-18.086499151669262,0.29267938409810024,-2.0704606199660978,121.3007053798931,0.34889524545720896,-1.2912299342996838,-8.326848756953492,-1.8802230526993946,0.8083747604179535,-1.165622033586014,4.583604670716713
2,7.245340021754241,0.26169976205848405,20.928127437002736,-1.7125536716550087,118.16499487393843,-61.33059252259605,0.1472390782680913,-5.767228163500406,215.92426067658698,-3.8213057721,-1.6752223029123252,-12.02332781443654,-3.6533077165535714,1.1808370093642537,-0.6933093434615927,-14.052918798594893
2,10.565258526095871,-0.9934394117410126,30.66402267270007,-1.7125511009408116,147.41306518813238,-77.74104425904636,0.33576226946649845,-7.373162347632272,269.31326652696924,-4.386869796430651,-0.021796095710384603,-14.763224523665416,-5.620221725433841,-0.23016272397646378,-0.01070881738336552,-12.615388353129196
2,-5.128225527121464,0.9210555576541212,11.684696479786288,-1.6239527692864868,45.522875182749374,-16.05849675557122,0.011986914830517672,-0.8383666653046589,100.18452045923759,2.705856194253198,1.1132796023948113,-5.4828431784533755,0.9314578101396581,-1.0213138810852778,-1.2152209606701687,9.543495180744696
2,-2.821270251572456,-0.6244930440276591,5.699806475883264,-0.06199265102504649,34.78987759318822,-12.699493140208833,0.37692147248806934,-2.856115512827375,79.8525828065845,2.3204870080981683,-2.3423039825667304,-3.8771819247421084,-1.998191088902848,0.5301670995567941,0.01741445054576446,4.941802872653556
2,-4.162487906187065,1.4529274129560061,0.007279027603086123,-2.1465196580508406,-16.080468311905435,11.091550086401003,0.117954469268652,3.738410919643027,-31.900937975432708,-1.0558238318432067,4.576141057138306,-0.6292519175087977,1.1181040900077606,-1.2824292486419013,0.17136292967861488,7.092305306195919
2,1.9422397925243187,0.43711026044353357,-13.318753270394279,1.4124613006006563,-46.801488284375495,18.02149424174919,-0.6561992493953489,1.2194802395515965,-96.08793459054766,0.2568922434541617,-1.0835258723638608,6.426439156549878,2.321298517884237,0.9329842521259142,0.35361606022286873,-7.111267679012105
2,2.446707975262147,0.5827207105774267,-18.55230566735052,0.9498775638814199,-82.27941806846037,33.649182804895126,-1.4391368986479904,4.354878071575851,-165.59149758839675,-0.6961921570745382,-1.0436604812808206,9.58978464998964,3.2897585101526317,0.4253279341888052,0.8391742824584514,-8.156956594150262
2,1.377344324534913,1.2399032014740057,28.590443013824434,-0.522641549993146,147.68512669475294,-77.77840567772726,-2.27663093127218,-4.356649878809341,301.1627996323591,-0.518584088179852,-0.2738777137730852,-10.879086270221167,-1.1435765606605874,0.7794438420946805,-0.24298892736121924,-9.891162787888494
2,5.401770606308907,-1.500977050300989,13.775223520765394,-0.43465151946591657,71.28912353897995,-42.501892293336,-2.6172572464775787,-2.4008119690818814,143.83250296052017,1.1036645090957358,-0.7247631201992019,-3.4328624635871527,-2.6916447165403867,0.36852962192062994,0.27771228035550244,-11.331107521236483
2,-5.627958561693394,1.858589961325188,-29.12528478860448,0.6575399203820611,-146.037638117571,74.08364486987678,0.02749970805020943,8.011167235719203,-286.66466551988447,0.3987980398689532,-0.388532640226201,12.496634880331419,6.871358151551729,-0.6431534194210148,0.6157017738499929,6.771166693877066
2,4.596538661389546,-0.8145516526161422,-13.37918936524296,1.570716483656117,-72.38688801767285,26.00204668849924,-1.0811655692295015,2.796169765654855,-150.900750339218,-0.6390196623755211,1.1423855160012428,11.266783220596679,2.1277881810381896,-0.6734834437797433,0.10261237201037648,-8.265335503822175
2,5.710178036116963,-1.9381998657030717,45.75252472232116,-2.5893596018237064,218.58846722798322,-111.14205896638049,-0.3441049430728504,-10.684810142089132,433.33246939175956,0.8732152827077554,-0.5735945444156658,-20.686634243333042,-7.574807835741542,0.7309065506028731,0.8121243074249861,-8.147083488090624
2,-1.1467972476389154,-1.9320515283273372,-7.341134226825654,-0.06726127043184407,-42.99493347660841,25.696266761787378,1.2364738255447998,0.10517429812793683,-85.4684016513678,2.2555811143598112,-0.05105249329463342,3.3203544149546613,-0.5552301017160358,-0.35854213705395227,-0.14437869531649716,7.5003985599644505
2,-2.7052284929183097,-1.1917050644578828,9.570562360496579,-0.2793125027698873,37.3688156073728,-17.24739259078824,0.2546682334199164,-2.205633463525451,79.54805012206839,1.5531636664824142,1.5813566954678266,-1.8137956397172175,-1.90779943785487,-1.2718220948119434,-0.03738193306680774,7.231828850592203
2,-1.1744251295255763,-1.3828742054377785,-45.667747537723145,4.234028315597272,-223.51222698399403,111.53898362106952,1.8174648924198784,7.009183496030658,-445.7784339098883,0.3018358387087446,0.2874508032986006,23.780584557787655,4.120190159292937,0.5243626655567533,-1.6443717990630584,6.1889568470114
2,-2.983964302517945,0.9403272631005285,-11.250691296982165,0.4150208626708204,-51.098764880693295,24.5848532912588,-0.3180567082346988,3.989436397420302,-94.60932419008688,0.9751003234730088,1.1975435776221834,7.2825938843166,3.8456275502865767,-0.4667289110199153,-2.071094346970615,2.8139079006217016
2,0.05151131754980126,1.6366923353670677,-26.011180403096247,1.0005553115527155,-140.3712006781389,65.55274906763775,1.4112255205629978,8.322861455927933,-293.4663960232584,-2.0631620126897565,3.864962593673741,12.855164378411446,7.508461450562299,-1.1909807580644711,1.1013996405431878,0.32177750726526716
2,0.365537244298303,1.555512792813872,-25.992776428644564,0.7923038366399685,-99.53354699314988,45.356047460071906,-0.8115186774054186,5.695002327071008,-198.0693007648669,-0.8306789220598452,-2.182087856656581,9.159541043559962,4.722724796105469,1.3158098539291498,2.623963950497208,-8.19190552298382
2,5.513891476705841,-0.3993436279931776,9.991196415000012,-1.6850354157006353,75.45077965717199,-39.006000749906796,-0.31750999750154935,-3.517430439895167,143.883249434135,-1.5350526772454027,-3.1991990423025394,-8.635216329336673,-6.128649525299732,1.4976853706392832,-1.2452440320155949,-11.69845934275688
2,5.700611135690545,-0.35065764966092855,16.480254103488086,0.5950688025035541,117.44962442548172,-65.6506651479466,-3.332442930025266,-5.1748412972012,243.2153170959646,0.00839231498260785,-4.932144954296623,-8.48595842680225,-4.163425569410622,3.020756648681497,0.7659604577778103,-20.00083427227433
2,11.99714853467401,-2.649582515532487,41.76581049525708,-1.5182209050463198,192.11245263750237,-108.24336790223309,-2.3328696198351326,-7.805135256243137,371.7608846169932,0.592264463777717,1.000786994390657,-13.378940327967767,-4.853337174441154,-0.6936761487773786,0.11750314790578409,-15.660048738110962
2,4.294349484276733,1.0857206429271455,15.8286526315616,-1.8590973886524111,73.37067897080952,-42.74385006304094,-0.9456554492549638,-1.244670816964572,138.63454330753902,-2.3691923063707305,1.7817753220101469,-7.059233854604899,-1.300921713218273,-1.0241239457593783,0.8549874969713837,-8.120253060840096
2,-2.1933944010391873,-0.8510097074551368,31.99942268204814,-1.2813985282187266,138.04619940648425,-66.15523412878079,1.3710736624251374,-5.964456828168677,274.25779212174535,-0.11565331980862481,3.040641715912827,-11.624178296896126,-2.26050393378424,-1.2823162804466284,-0.37941115777221934,7.838413982064137
2,-4.119907327582672,1.780690098202749,-1.0916757308274265,-1.2831022268391237,1.6013965943351545,4.018878549616565,0.8588304158852752,0.8859087141491478,7.273534893676867,-0.18554330954506348,-0.1978613794165297,-3.4273782301552984,1.3625499155915912,0.23236388364619234,1.1912153024037075,3.4915696244972882
2,-5.885621884324141,0.12545612120110167,-20.654452083133553,2.2210929037243163,-118.52480221814763,61.084311590605154,1.4303747345942572,4.1271715217598235,-227.30470098098561,3.1846860017245215,1.5503894814158445,12.486312508708691,5.287800703536922,-0.6334505735584066,1.319513041163072,13.689483393854848
2,-1.780507258410411,-0.39338726709826005,-16.812913761593382,1.1569871053313172,-89.68041149472134,42.00826495256955,-0.1482013436520956,3.734558630890243,-170.29344710201855,1.9212839601413654,-0.8385413833467547,8.421368593069166,2.015286715276654,0.5978093335445155,3.054121391449868,2.1327496282854184
2,1.6793099572867016,-0.9607361722086188,-18.89397390537796,2.4618737072039405,-126.79104759710971,51.5981696290401,-0.7938914408067748,5.887676992259201,-259.13819436259524,-0.2735718753594821,4.234292368173465,17.62226061219942,5.227514364732259,-2.192786314951487,1.906893533478642,1.5996937246291465
2,-1.481351798384715,-0.12982635285701086,3.8816068728114854,0.0035615791997369176,3.9274066385541584,-3.6313349819995397,-0.7783945874632354,0.4643431506720796,8.113102366698635,0.39916376634009276,4.058498072480779,3.938249142717054,1.4691156774491425,-1.4362213878227956,-1.5410896077078744,3.413145900966154
2,-3.338716630968575,0.0796468070023994,-30.311327740897333,0.9606907577680723,-155.34034470635302,77.3757425541888,0.300407514345546,6.821550469481927,-304.4189424706684,1.246482927735196,0.2517961595112345,13.793218306142396,4.12108522801227,-1.1176415850631671,2.599212768287971,7.146592254970389
2,4.2157761044190085,-1.9118550888927766,40.603511073514206,-2.178860679223702,200.71616356454274,-97.37584490678212,0.6780786497416792,-11.675586760976323,394.57013555265166,-0.6726412976807207,-2.4801316733305065,-20.39932610788157,-9.76978166834918,1.2485014264634147,1.7012080335070594,-5.431009197954143
2,-3.090452125686374,0.3469294667324661,-3.7673477274496854,-0.246853776736746,-31.659558677511146,20.820742252240965,2.3691379920551023,0.7232478137399121,-67.17894612734229,-0.7623907593741635,1.6838515440479374,1.456997478241213,1.560650250295299,-0.49962845446894677,-1.2997582776944792,10.175351247543624
2,0.6978181547165769,-0.2676012813400033,1.1740317974190673,0.00850100584047415,22.743788536463253,-8.73708410436424,-0.21647441067968118,-2.0477403360732396,44.21633780102859,-0.01955002937588386,-3.126322164545024,-3.3971247294788887,-1.4864774968656969,0.6576294619380397,0.8156417099022932,-3.045100988894009
2,7.3789328850483145,-1.6125148000560272,-0.9589464155513513,1.008157003389024,-7.268462290241098,0.8570873833106273,1.252695873145566,-2.2408761372502717,-32.384566844653925,-2.7645147480816252,-2.0973658956881045,-0.7079092956410707,-2.767569846043181,0.062256437844123325,0.374667131907317,-5.472783872728568
2,-2.5904730158542018,1.2089490690000018,-6.114907023856393,-0.06628072839281801,1.8577163674057622,6.669615154379238,0.3392452871774154,-0.15086197453552047,13.000759698254644,1.1966543177073126,-4.683033263875529,-3.8258484317498826,-0.37678591817752305,1.2560625677730843,-1.5915773036801835,-0.37045463106201
2,8.245635129714723,-2.8236437949901396,23.620889759187552,-1.5930299464452709,116.06409990040012,-55.9347062609724,1.346198212695704,-9.540654178182729,218.5034736894606,-0.8373520136795235,-4.121489613758268,-13.441675652280582,-10.088125178005082,1.5274620372485472,0.2536120594390166,-4.883311039958863
2,1.5965616310389232,-0.7681525286166014,31.484905226192907,-1.4330122999359582,180.3263688266628,-84.36138513072608,0.12821705509954118,-9.877624402724344,364.1555639939004,0.07449071568748634,-5.271095786620887,-19.780428698343577,-8.343471969483318,2.2567404074821735,2.0888697096229087,-5.8334365878636305
2,3.615902506246464,-2.5635793174590655,49.73505606970525,-3.0606141863022294,224.65634594853788,-109.89943469802668,0.7628923102367082,-12.24116201020301,442.4394168304352,0.41594931351504844,0.6903468471648174,-20.856064036717516,-10.174352369340285,-0.2362322532606395,-0.2846343540642297,1.7529624458996675
2,1.381308594126667,0.2106646323290263,-27.980638004670954,2.006092708236644,-119.1922598778159,56.79323044643813,-0.7828552247927738,4.676972152040549,-242.898521943669,-0.3483390922163852,-4.068369435599896,11.619846482248725,4.76164654982281,0.1842701946487244,0.00014071433940198778,-5.560352748618004
2,-4.354946065706481,0.5485442404497166,-13.990155988722881,-0.10453335161872433,-68.43351603368542,38.387738358922924,0.4737050401472929,3.457333687349075,-128.07520853725183,1.8601296794943116,0.01522322346602734,3.289222959651779,1.3367317313299842,-0.5541217557375977,1.5386492366527824,8.496543350598975
2,-1.552830972245509,-0.6130436305560667,-6.755251053914588,-0.570641262447866,-65.1607334068098,33.35195452507345,1.7366287971720606,3.3387845635616213,-136.99830190064162,0.3136975790891883,4.793877030904733,6.400294481789924,2.2213053780913476,-1.9263582606846485,-1.0948747054693853,10.299483872023416
2,1.9064432048579183,0.8517520363188105,16.836798872163065,-1.2762890860079654,74.82193882414089,-44.29290166951539,-1.3102225153809752,-1.2357388770007243,146.70546749240353,-0.7418381777952554,1.8436939498917244,-4.584300672317255,-0.6897178869729323,-0.4132932725839041,1.5873599522009816,-5.565007143439228
2,0.8493071432061214,1.852194959038025,-25.03228065877269,-0.44115781980734076,-105.70708116786771,47.78012832369181,-0.9566017194918992,5.668786161993874,-216.01482398224874,-1.7231562363175212,-0.23347935210769,9.91514878768733,3.5952708361038717,-0.34733420769659495,1.933208176874389,-5.972006182764464
2,-0.8926496955518588,-0.33137698137446403,8.670147445162737,-1.3896873029499566,36.31571066715236,-12.84957320175192,1.895955677409974,-2.1069782320749044,69.06245204923403,-0.4030604996936115,-0.002077667975720755,-6.714970831853193,-2.5275494729105517,0.22006440884876144,0.36408251890758847,3.5915513737201645
2,-3.4298083613971277,0.8589083416237896,-0.2137378621919123,1.3701439438585286,-19.07937426853939,11.135763470909751,0.46676501623329736,1.2587674384254686,-33.760402472077416,0.035315018038315715,1.8458322253971988,3.0352765945039475,2.7542722707335865,-0.7950047039963687,-0.19982014110176682,7.749113755378283
2,-0.04372974140405287,2.4727694720415427,-8.040129056569858,0.1985460265870785,2.4004494357193873,0.9863959003412874,-0.39354592323218784,-0.18251669986908967,5.560626374691088,-1.7031744396344024,-4.169180213291348,-3.4824433351432265,-0.07374448297282797,2.0675583300585054,0.9131089224796874,-8.620955315245984
2,-5.425725235480613,0.43952661864688547,-5.8522214774353625,-0.18642568529999462,-5.9154890033482355,10.101824915425443,-0.404184612600458,0.5331331181392281,3.857589700102998,2.555456420135323,-1.4246670117943234,0.880088237221002,0.09782394005607445,0.29530755773819545,-1.1183328684274487,4.120976102396039
2,2.07022032008615,0.28514050695125365,5.931401349126404,-0.4579091339446844,31.94920157045209,-14.169712238531572,0.6101456577892792,-1.8056675658626198,58.12907217059778,-2.1797499017193074,-1.176395058859966,-5.240136056028037,-1.1894700212802527,0.6063638172154264,0.13143532565958346,-3.0711276312662075
2,-5.848012354171494,0.7787899057213542,-25.420759929931048,1.9093602514197734,-128.61015337210188,65.91076893561883,0.3800708726774783,5.969171333654472,-248.7691467243186,1.2856411216956138,1.7000291210478222,13.675955085279456,4.34998130575354,-0.28189317213492315,-1.3534238175816236,8.301302401157402
2,-3.6197528908417014,-1.2351770990164272,23.776543483050407,-1.2000343297102745,127.43232529079705,-54.93451553199614,0.30808292686259847,-6.424085459478968,271.09531939423806,2.4721969865783775,-0.9495500675931141,-13.27001530792754,-6.416899725684367,1.716668099118108,-1.0377775518257932,3.054821321010504
2,-0.8196657756556319,1.5711848683411955,5.00772479655218,-1.1219244667415662,73.2444433095361,-33.34374347473088,-1.766377638203127,-2.7532681950577196,155.32712089627907,-0.8372003009361665,-4.864587918082274,-9.403727515086032,-3.169265473542294,2.201155162711404,0.7287537762426611,-9.459856978134452
2,5.921397688008683,-0.709130295255309,9.76631234558709,0.14260921169497895,58.63778462251049,-32.179352747232485,-0.861594550665334,-3.7019801960920478,110.01990464661175,-1.526570154383975,-3.3267016609902327,-5.103266478415057,-2.5790875761658145,1.5478333858319018,-0.6627698184663445,-10.12558908284997
2,0.4146741841569601,-1.2211140442653048,2.265511135121047,-0.529529283522935,-10.703589846018529,3.9013442191915217,0.04540256585923767,0.00349255969065963,-25.08956051703241,0.6376017451539024,2.089459902056283,2.260367674548614,0.42747165714669055,-1.1024233480236094,-0.2628626649754207,4.855366250561689
2,-4.834331776525078,-1.2191948436236781,1.0503941502307237,1.4830363739385741,42.122661549959034,-7.769517919389397,0.8441380009440613,-5.371873490603257,101.12791741756759,2.117991204200297,-5.9918200439230045,-5.5943019592700995,-4.641031321366402,2.426561414619439,-1.9333350206027682,4.984624112581159
2,-0.03844565253799572,-1.1839268633250464,6.81747241526293,-0.629275243943548,45.8591843490201,-19.115806408343236,-0.26572673998249335,-3.849788260755051,98.86251239351488,0.40372231478689924,-5.018864465582725,-7.625951479782651,-5.585639642452995,1.9645432498028064,1.1666153484336832,-0.9967386258473399
2,3.533330841196078,-1.1897180858984981,-2.071968775381564,1.3037293725704293,-2.0230165795595636,-2.302034178033766,-0.39365076837705787,-1.090919414477258,-8.975196740590263,-0.5510333231808209,-1.9589808440268228,2.103039142798841,-0.31835343223655527,0.38759836538573533,-0.8014011273368579,-4.764808979026658
2,2.664632533192917,-0.8440874448588856,17.885963405022018,0.35895512935964674,91.39927601455518,-53.92835599825788,-2.2003515880627913,-3.0204202649539202,187.36783900444007,0.6520480841143155,0.5396329181174906,-4.979896112997064,-1.838702608775485,-0.4476962281584633,1.3887927167973624,-8.93276920879504
2,-4.202540879521651,0.09718270703839829,-17.990664522571475,0.12300869739103128,-113.95173671621626,57.99490964085435,1.582639905044082,5.909757754576375,-226.3503934897394,0.5070621518302559,3.9523582062990896,9.750070336866234,2.8998205775864023,-1.3065643128285003,1.1046353494766683,12.191514146111682
2,-2.07891192585881,0.15060404666275878,-14.565888307097357,1.1271168845206987,-70.76066351208387,36.038930130359184,1.2809070576428128,2.4568718923792967,-143.58036911458532,-0.716109363816293,-0.041748021233719936,6.351534580154562,2.1448015445833994,0.10375340127967114,-0.5928701575784131,5.313904783774811
2,-1.132393376732653,0.5127530095614965,1.0802916631870068,-0.13275687377335346,-1.4779079741662424,-6.852409889906366,-2.8147978102715694,1.942046424735807,5.454706013459931,1.3707248736391346,1.3501507006455113,3.5227446735869394,2.888834375353218,-0.48781476252765194,1.454333040099267,-2.549789316625547
2,-4.857951499049322,-0.04601445969529267,4.050011815581555,-0.5953534360560114,16.142533228651644,-0.03350448384353673,0.7933908196864834,-0.3717367536826685,38.50144975863631,0.6243539104528488,-0.2465880546071764,-2.5473369993469452,-0.682601635360763,-0.3669360438120557,-2.091758409390675,8.454883122438673
2,10.78171171521579,-3.079309542363458,48.657362424464644,-0.8142490069693528,268.6067675975,-145.15371288326824,-3.9865384391012113,-13.353515593788806,539.0957402942248,0.059525907992528035,-3.917894640215712,-18.393650771101907,-11.0297169727115,2.9689389322493134,0.7636197107201306,-25.82479371433657
2,-0.24643345971439684,1.4221175279300915,-28.076091491952777,1.4716981959256594,-139.16146555126068,59.66367103057468,-1.9835567788338382,8.230221041839961,-273.40833907354096,0.6982998338896176,2.34900829832099,15.192700729911401,6.059243432659358,-0.0021041141768844973,1.0301695907578696,-4.140951705122191
2,1.4483764482850803,-1.4399680959206946,15.354272753134026,-0.6731426848006707,64.08685824094127,-31.547244438841897,-0.021199527964565822,-3.55270939152686,123.84219094181985,-0.42186201618535485,1.0764518072490101,-4.707234903982392,-2.8057722340360947,-0.37468180932393313,-1.7591452141860444,0.6370338769316828
2,-0.9086638895110947,0.07105938035513183,-4.42442026621287,-0.34847597158654964,-9.349815893500555,9.582646091983289,0.8960506216014368,-1.1149034853514856,-19.35493673186573,-1.090380262419545,-2.560794176173388,-1.9483610834401999,-2.456858481095826,1.1793307548287189,-0.2785337233478701,0.4250442843101092
2,-2.806778418905778,1.0477444472294928,-21.06696790443173,1.4873050657730336,-82.45028688212976,41.33477265409834,-0.5619768379968375,3.3833867865796705,-160.25547288735402,-0.06410272549962082,-1.813616308773842,8.82123504422731,3.8617091703347213,0.6506800537893984,0.40214746382586675,0.9134615004916601
2,1.1304340168488278,-1.789140050156402,3.8716941343102715,0.9174803524051957,-5.727539545380603,-4.796599498064246,-1.5212603599114287,1.4016773620973475,-12.417993772820562,0.7330676142602283,2.9782150648143495,6.573694905017347,1.655806614194935,-1.0195049874450648,-0.47112916037759534,0.37831346453370107
2,2.5930414984758516,0.011311717233830145,16.37944940377625,-0.3686861428442098,120.13419094101792,-56.01022124910528,0.08644617776117712,-7.383407627347548,238.923138441327,-1.0440021218868438,-6.953379371345363,-14.329006812150537,-4.468180044757357,3.0823218213320795,2.2523236962119064,-10.394127604825831
2,-3.2083581966246713,1.781536266622002,-22.65988966900575,1.8089573228958795,-90.47455962467919,47.71990080452306,0.39532597457872154,4.223245767834488,-175.87097269712976,1.0588277022646693,-2.56937047425139,6.786509401694038,4.583217120000446,0.697241365930307,-0.12227025596997734,2.2992992015507485
2,-2.649272802827783,-0.715103497858501,3.34104847860713,1.0282621984828566,60.13678994240676,-19.51853472990749,1.3222998682488136,-6.26728889020059,129.6269095386524,0.5643148499137389,-6.222894815624022,-7.5775677321102926,-5.773747443352468,2.0423580908628503,-0.6884119787143862,0.975191541491043
2,1.678097938336212,-1.1365438407881694,6.352063797614033,-0.058536918849565744,17.836533711284407,-10.66076481333464,-0.2577168685546455,-1.0843617248216706,33.24058209975962,-0.07250721412896806,2.1322716136909126,-0.4790639520855208,-0.9058440135349175,-0.9369447313960474,0.1120866271773822,2.1084762994143254
2,3.419830218873543,-1.320767665656329,7.373343632311776,-0.5495008538585462,24.379933667757715,-18.060305668466814,-0.5321127497723371,-0.6297525594722357,43.03538160906052,0.2623890886678663,0.8417597526620963,0.05814722658517314,-0.7335441084882313,-1.057498530246004,-0.3224803847657609,-2.650216115945974
2,10.05644720441308,-2.0787700121019665,13.959563825942247,0.18369135326603955,55.491544668629125,-42.393691962504704,-2.6583139618168183,-2.523981354361732,98.84708603178234,-1.2747930641916352,2.4302165550909076,0.9246767616456072,-3.133195626484,-0.3783976415889397,-0.5813289685076783,-15.134322259982271
2,-4.322449991400622,1.057582968247713,-7.616297523252199,-0.5883259099861721,-54.242606036471116,25.645249922713028,-0.21210129846164938,4.769893496866633,-100.67305822106826,1.374919366180506,5.043016513670761,6.146139527572308,2.5746646385342693,-2.2648125899087597,0.385222544981593,8.10563870713837
2,2.537696408122472,-1.2027073640106396,17.720641566512953,-0.6988186449859927,78.89134985271706,-41.532472584234625,-0.6249404689546165,-3.9398740219353368,153.72729762874604,-0.22459802868065223,0.9264582225932813,-5.518348834446222,-1.7419156885289333,0.4217435421554774,-0.33904329290869284,-3.309405180773272
2,-2.3033829637821097,1.455199148752379,-11.52652175452737,0.7387526129155518,-52.574818419262165,26.045381370988153,-0.2767725113963329,3.1393706796451117,-100.50092559474955,0.49262549714021997,0.4464312305107398,6.498681760145998,3.4074057787808214,-0.7312011553141597,-1.518787576362949,1.7272362299025006
2,-5.804772963183516,0.3654897942625607,2.1633144598370184,0.39916270999037345,12.1793016125854,2.9674748215202293,0.8718370153595917,-1.4556992907121535,36.59732559951423,2.2233355803756156,-0.27750818200619126,-1.7332993292015573,0.006571247166232051,0.7945875961290609,-2.1887516772868376,8.93851768954604
2,4.04699340639456,-1.14022499403321,19.92300521419967,-1.9883272336218802,62.72891958696491,-34.92137412584471,0.499388321223501,-3.1683997670759365,111.26596573259987,-1.417622133418734,4.100257385091898,-6.501295088282587,-4.003244361810584,-1.4181366437164904,2.1286337067010086,1.3462758490469167
2,6.473760744472952,-1.6976016572870132,21.945258032914314,-0.30476011446813844,123.48319586482032,-64.62811698483533,-0.1571251633640921,-8.230926235828898,237.06115663265172,-0.6883453402739255,-3.584769427350452,-10.984276008671534,-6.209692691407394,1.0603149156324736,1.5448230231641475,-10.271753867024087
2,-2.2487085859825098,-0.3630260487909852,2.098007643363135,0.693599180202161,20.666525026772373,-5.478630125171227,1.166159386271477,-3.0810642766346854,48.611289946235274,1.018568963497377,-2.6720218509499647,-2.7808397635281388,-1.718692979614934,0.89252948385705,0.5668965307869408,4.351357686708818
2,2.5661679495735563,-0.6684277279788251,26.33216284892425,-0.8009200088734814,145.148834749959,-71.70974255968616,-0.5038125244583338,-6.053249666159461,291.8616517990713,-0.6055610990794397,-1.6760046412052512,-12.544792977287246,-4.354731396730101,0.7551188307363309,-2.5926225953740456,-6.248459040738421
2,2.9636842491764503,-1.9100499304316867,-16.04731534198822,2.4526291713288844,-100.32763974749837,41.958704315766774,0.04985271279849152,3.041141993747491,-206.6729210265475,0.4860595824388823,1.8891885205564154,13.258094334016038,2.574355241907287,-0.07426677551097427,2.890362192138028,-0.6245561516582127
2,-2.4771429840805044,0.14034789765025346,-5.662875861200927,-0.24056808608524624,-31.85227560650103,21.50345162841772,1.3412493301536232,1.605405957117725,-64.16815058367112,0.42765647553529884,2.2780775513448175,2.4831538895232623,1.2484216813256812,-1.391038534576169,-4.423336941463285,7.73808834880025
2,-0.7237833970627006,0.5916025339459932,-17.447816198455754,1.3504867015522493,-44.48626805204519,27.302640042073595,0.2843539164728067,1.3310854664953589,-85.25402349022772,-0.7155257133991824,-4.32835501803961,2.370659290971616,0.7552743054686915,2.2167156687313003,-2.624174652092339,-5.695544104630398
2,3.27963554037735,0.5838433106858091,-13.743036684571972,1.617944624030433,-3.0886631472411414,-1.1514453744680107,-1.9559578956493362,-1.398289405723786,-3.3982360755034753,-1.4044223820890203,-7.571055054984852,2.3954002179333074,-0.6074939643263415,3.0567451118995876,-1.5964500975810267,-16.71373026069728
2,-3.1095196336408453,-1.5069499748125639,9.71233682287286,-0.24284108325039674,37.22735014987872,-10.316827675254965,1.2124240677139675,-4.507649093880405,78.5711203024735,1.712015395323383,-1.9544730690497714,-5.822591586958328,-3.0990368666709256,-0.0771715818636089,0.38159173887236414,11.6644597412143
2,-1.7407182115305242,1.7186748777918865,14.44339377320276,-1.1166576544882956,51.32922320057686,-23.8043711533276,1.2239179764698873,-0.6200296309984029,98.06968421472841,-1.5911730131161244,3.3676358754971703,-7.56187467158266,0.7213122998160337,-0.8976060631427932,0.38260961217674216,6.065915410127298
2,3.7068049315967384,-0.7680616080078234,4.9440138142822025,1.0622468190726089,43.17230996837629,-27.370685191661366,-1.410834587249814,-2.339577984000227,86.47548038178422,-0.011085463838282215,-2.340581965797448,-0.05957490105284613,-0.282709967764793,0.84014067629206,0.7034486377634782,-10.834247329173778
2,0.9332935735325476,-0.3606658148534221,-26.62227554453575,2.423366402791834,-112.18669372551697,55.9750034160378,0.7001467387628878,3.229680796658265,-226.9369256377813,-1.0894184719875875,-3.7692330785691928,9.106464979553078,1.4078897058797955,1.211688937107494,0.43413803946106344,-1.8591319287762236
2,5.86383202479196,-2.987941949962342,1.8446795387715513,0.6124436524183599,2.9720285439125096,-7.082793113318101,-0.44222242967533365,-1.9617674322618566,-2.5017751228170497,0.5393790921470402,-1.3073247226013593,1.258932475636102,-2.9711000127051674,0.08164631604735953,-0.11903468147355696,-4.257289706743077
2,-2.5345642339618926,1.5115871048148242,-28.362274657344617,1.603130469702217,-175.50841866381882,84.80829940278304,2.408818356747239,9.387897464014975,-360.361923713067,-0.34426659842667606,6.474740245953308,16.30997845594383,9.184651490391078,-2.5495086403895533,0.9491959299256577,11.922103208828945
2,-0.44117277658086995,0.22825613167502387,-5.44173393621384,0.7629003162825828,1.11331874535795,8.889934487466842,1.7689485751682785,-2.099025373522382,2.6176861823454,-2.2451358146766944,-5.334631390437358,-4.830438452820502,-1.4452243190407077,2.3301509512598213,-0.7394007069665707,-0.6233505673291487
2,-1.1974791031693544,0.33571448141282784,11.853270325691895,-1.423714933329808,66.86024822111114,-30.465267539850256,-0.17860202800319938,-2.828171971883178,139.93714527056514,0.2252150762527061,-1.7898344028731423,-7.935012026450781,-2.5821157287518948,1.148846925568061,-0.6132378604909846,-0.9871670516110505
2,-8.557607376005514,1.8048852556956612,-30.205485797874783,1.639935175930546,-148.83723101988556,81.15192880493956,-0.20936450598567657,6.3035450526424395,-280.41667843815605,1.587426220573847,-0.4541842445624613,12.781020989565217,5.843495540786272,-0.15857787091099712,-0.9300873311256324,11.543576506995073
2,-2.3591675037944704,0.6345512641030119,9.418828156577913,-0.4070203313342529,51.32264294577204,-20.89706928241188,-0.11295774881894767,-2.917294523279002,109.73637049879503,0.6876708103635932,-2.731176756763689,-7.329857854129269,-1.309706704728026,1.0719121516994348,0.4701458027695722,1.5397704033112607
2,1.547922020107349,-0.1771157303074175,14.714594180037178,-0.5281694615579415,101.94641670296792,-48.533393199918194,-0.8389980859405385,-5.759857923627854,207.7095081370458,-0.24641099120010382,-4.317517434052423,-10.394720564922153,-4.617320732415071,1.5133158599603707,0.4979583319664634,-7.343509083383606
2,-1.0677941211504123,0.43438073618000933,-19.010892556058284,1.7397242453391535,-89.29873208720382,43.68219411773645,0.5049860508303393,4.335039750510858,-177.01346622333253,0.3276486487331645,1.294198473388047,9.14349575152897,3.030967135498935,0.021608573787802746,-1.652017846491471,1.3941219196126908
2,0.8197362477797099,-0.35945231743630474,0.7099646070007135,1.0628176223992014,33.843817688063055,-13.678352033289556,0.12412998440482503,-3.058609689358438,69.5359779255759,-1.3529981227344046,-3.324747335494535,-2.489698027716223,-1.5118504293779833,2.3586180657158513,-1.401803922949564,-6.377092282015138
2,8.782390153849029,-0.7209600045012184,2.8031583536100446,-0.234243145699203,6.734843676523938,-15.507524885388284,-2.777443066530387,1.2000793582070752,0.6978715922715171,-2.1468933130330985,0.990962700366512,2.909843180427624,0.9927100237992553,-0.1457802744739546,0.19496289203832756,-16.645588506907163
2,-1.6970338773291307,-0.511245351331388,-22.96958902768489,2.7255524127320405,-133.36068583014145,66.25165575546933,1.7250372410535297,4.344715162197964,-272.7629447542509,-1.3280642926394641,1.0179658854985494,14.052691160980816,4.341932171583911,-0.8503320949558304,0.9774118614243112,9.377782478455238
2,2.6926699723521867,0.5280623495589538,-2.760192758835881,0.8579514881862091,-22.282896938965436,5.253143517510566,-0.240354712623596,2.087652844724685,-53.509939031248486,-2.2959972251460594,1.3595376395618308,2.020522146419278,2.7789666456540525,-0.6526534399576914,0.8421768014193742,-3.2736239633028528
2,-4.621291950341393,1.7239683582754577,14.808444873662467,-1.9086354758564719,83.19630826922065,-35.869449533153045,-0.6856432062181841,-2.69370631227271,175.37887649884493,0.7580159792044893,-1.7508457404074123,-10.742675159450723,-2.174557762294024,-0.3588368734874048,0.9313991958939124,3.1861902205252757
2,1.7904686899596391,-0.27614786225680604,-5.512885847087921,1.7638962047069653,-27.56448484829589,11.158052156895021,-0.21341617133602225,0.4660810318051519,-58.35701132873163,0.1448990419933231,0.19196341368985886,5.884209414805259,2.401847460864427,-0.4974987882790421,-1.415234460174619,-0.6985560185708443
2,-2.333030288695045,-0.09470866071075336,-6.011496678756731,0.46725994906613466,-32.287058229964295,15.959174957785693,-0.3353209307460316,1.431071691306238,-59.35153176247841,0.7963162458527857,0.4592730089383302,3.7362612002680056,1.4099731103457553,-1.0418456677689856,-0.20603207053807843,5.0145598697896725
2,3.2473897894279937,0.5547759266076451,-14.838610320919658,1.9023177154598472,-58.20347406526303,23.971752742004877,-0.36594465936585807,1.8632551620490376,-118.91030032794494,-1.2531533289926873,-3.9745061132948902,5.908196885492981,3.5566255836262073,1.331276354782223,0.21651619820739304,-9.332963038346556
2,-5.960587497459464,-0.4902487791008301,-13.285558290993455,0.036015886784837005,-107.93969584146595,58.223204073030175,1.1809318729211553,5.176571057088655,-209.47844543391975,2.286053610964465,5.01258483320121,8.939159375236107,2.7481486090038683,-2.0557415457942456,-1.304453558053738,17.940010268440428
2,1.5483938228041696,0.2426936029102261,22.47093569792299,-1.5696913548166904,111.52346242508882,-59.78952377067943,-1.406499946067205,-3.582033681167279,222.8201825371277,-0.2064287616010724,0.9791809843471588,-9.125927868992623,-2.341816162952591,-0.617904092568209,0.8745238371297149,-7.3369076881359
2,3.095601792644593,-0.13140433677757987,-5.903035034914857,0.5022676123691191,-20.43338182258764,4.008451506087255,-2.05669282391499,2.150249105973362,-38.59434532143962,0.001131168221158933,-1.4657546822418899,3.9724749275389564,1.6267271541993813,0.331131731832396,-0.608740829156186,-7.943687544875693
2,0.7686913037911246,0.3846843176302985,-4.584915654008989,0.20881791576226452,-28.882411511836292,14.929835283543724,0.2505111799440529,2.100815582225633,-61.56248298812211,-0.9704932759175242,1.5873538414130537,1.383757096531407,2.3676693901141763,-1.0367860748402342,-0.22459541835346647,1.5472312618603554
2,-9.476040855502818,3.1611290348085443,2.2369385732942195,-2.535959887629163,12.313221475047618,3.5043739026148093,-0.15292478898399878,3.4721811526530115,37.96097373200609,0.29178381761138567,0.9906686339684876,-6.000504936621714,3.118729161116709,-0.43836839240955205,-0.7721733429354276,9.282296632645178
2,3.836127750449028,-1.846367748083275,-6.83894417855921,0.423665842434298,-62.23984598587788,21.060454493249363,-0.38612338293096665,3.0462646916811504,-136.50578278440145,-0.8435056340775391,6.291442133946143,11.40085828504774,1.1048407393095026,-2.495182180534969,-0.3405997378975386,1.4662733435869422
2,-3.04194506232324,-1.450018049085059,-16.263061012353994,0.48449216223426883,-99.71698018675323,52.79227117556331,2.1101092076848555,2.745788464350523,-201.36753874455962,1.1262546028835816,1.5640153188123265,8.469185878756958,1.9198205629469365,-1.3559911665146516,0.45279626289650526,15.025485173908235
2,-4.320073659093774,-0.21483834488019274,-27.088960601082658,1.8255684403775079,-153.04765186712362,75.68526626007957,2.3959099305217597,6.37209290940805,-309.3382964250389,0.26183115992637546,2.5205592568874837,16.378289635274943,6.179275010492483,-1.5161038046335653,1.234059531644571,13.076422121955357
2,-0.6047657110335508,-0.3527840042340061,4.278564852696576,-0.38486892860489796,-2.791738317458832,4.205128604683282,1.8232139869267134,-0.6621769039449683,-12.446128323335243,-1.295590964107546,1.761949668751518,-1.3345176949379631,-1.0079809436917844,-0.51909264591847,-1.3215896664508973,6.987209194387529
2,1.9394959161487242,-0.033561113621570375,18.404130143961492,-0.9505678239250516,82.82409954916838,-41.996970655371896,1.84212998624317,-4.965579565557545,153.76821420762124,-2.2236511268590378,-0.021169451316303715,-9.008152433147634,-2.9873519751455886,0.5109652863942762,1.9442942811934025,0.20789905024205346
2,-3.7177605708591144,-0.10637958380601462,4.197460359720562,-0.21274575026066003,37.897877403430975,-12.913593294726383,0.16698487481915825,-3.705930892989996,87.62792325189079,2.130090013947773,-2.1011639624985445,-4.380287417508301,-3.260738459441553,0.5115040270462724,-0.8485280105398164,4.83371811988162
2,0.8823457497892797,1.0500899301399933,-7.859465992601252,0.99511350492299,-18.11756712300198,11.24994084864292,0.8420022287438547,0.8028409994819161,-38.42612128951259,-1.759189774224757,-1.6076735187895725,0.6453243087733356,0.9552958978049417,1.3859863592539907,-0.07356835988606816,-4.145282417575352
2,4.014522325775068,-0.3666701714219174,17.473007771585007,-1.2467913450594184,68.54456749622237,-34.21183321326174,0.40038940612774393,-3.1512620970467657,124.4975147995222,-1.7728250719565675,-0.03101430917277435,-8.977992346379306,-2.1411473752498673,-0.7405976703016802,0.397099545207559,-0.8270950127914923
2,-3.8795152113638802,-0.5007332426328868,-10.881769378210583,1.47758121305405,-45.4504521635418,25.556409088088106,0.249788226747907,0.9784962308522587,-81.20003920968966,2.4965265976532747,-1.0438922002881044,6.262215800626861,2.3205660726443824,0.7031729334739312,0.20144435562182245,4.21531981166462
2,2.494723268851774,-0.5575616773799245,-25.151989205708933,2.243435666264001,-134.65790082636474,62.482208612541115,-0.2300106798240512,5.188800242344954,-277.5881023651301,-1.0981505078674088,-0.31641182614069285,14.953364172286852,5.155088079054422,-0.39648876562764673,-1.6774092134150784,-1.2614839741320802
2,1.968649623628506,-0.018027647082331424,-30.733926546909803,1.7728307207804295,-125.43061197077505,62.04022118111435,0.7633046948189446,3.4252187098045472,-252.15445364013593,-1.1474674551407629,-4.048228065099165,11.140107445512568,1.0838147230066018,1.9995467843285166,0.026251639655974435,-5.624687810672373
2,2.6841354436704647,0.3804624599720645,-16.317228804863543,2.045051458523517,-61.70041252924897,23.56464844665801,-1.3259098449021969,3.2438148383595826,-124.41747421220303,-1.5577898497967837,-1.4432375760404774,8.064845249889437,2.2898775417653283,1.3974815174972577,2.2633742129380403,-10.135278156027077
2,-5.461599293082343,1.86732844056357,-18.603669295846927,1.0050570805660737,-78.3896126912794,44.47991287007375,1.4681310007590094,3.0165031453288487,-151.97114147615065,1.3772582811049716,-1.36759227356669,5.396310419658649,3.62766769213967,0.2671744073895328,1.0519336322387771,6.580023611226179
2,3.3082353226794807,-1.4735036381047233,28.40961429510818,-1.474592905523122,136.64691188949084,-68.02255963268018,-0.6907409031962161,-6.96930908027495,274.19537607393386,0.2538010591823048,-0.788235130743365,-12.817372339086157,-6.667431231104367,0.5012757460624859,-0.037407651270899345,-4.066543076880103
2,4.322902112271328,-1.1841173391088475,5.862244965170881,-0.6526865042633717,2.2536697832153396,-15.888093251029177,-2.9178463174721516,3.2496513892204857,-0.2545104195747051,0.687241179356214,7.397780092359755,7.142576443875275,2.65996406897658,-3.1528924039564217,0.6428255676044466,-6.240445630928956
2,4.342851593712383,-2.15933480236887,-5.794736333783394,1.0482180718655854,-53.70162979320836,19.219930959785373,0.7212460593958765,1.991350208193504,-118.30782272967336,-0.5257124237969982,3.0863761340266245,8.759970693770788,1.5066169519435384,-0.6032319214972598,-0.011959146260908035,-1.4121935317870096
2,2.2647920251574405,-3.000509262399518,14.170208308384202,1.209689081337709,66.4186255889244,-29.956106846993453,1.7419742654923094,-7.161811542535441,131.19051530359422,0.20668971291862806,-2.8295925101183235,-5.736958028187255,-5.638028744289695,0.92565139150014,0.7137122375132784,3.9646945040853137
2,3.8164072823723325,-0.976338661327743,13.379265126714737,-0.7456792335769009,59.671048501630594,-36.65767019128732,-1.8489650882958315,-1.5683072629746262,115.96505451632294,-0.8162359296461905,1.386568910147547,-2.752173746215115,-1.5984985537822012,-0.5651146693281549,-0.09353624458925403,-8.576519687654436
2,0.33865045441472025,0.13074231909749065,-18.76196801654294,1.5478760435334222,-126.28609706446389,52.11753875686275,-0.48966936883804896,7.598386414985459,-255.97592665846534,0.8684925482571997,6.062311180133093,16.84797778525356,6.919358685287329,-2.2591989370637964,0.8330525913334468,1.4276294927951392
2,4.99435017865704,-1.1116749659641783,-16.333891487989032,1.320072042201589,-59.210987618176325,24.595027248730112,-1.9090379518745013,1.016174026207714,-118.79076292182204,0.2104815829974021,-6.324243692207887,6.032150075617265,-0.5376550102820099,1.77672397447927,1.0487931205235368,-12.907252376458377
2,-2.6017155025336303,0.22232370671091325,9.142462750781302,-0.6093606762921253,22.00609643237894,-9.753527605355467,0.6602008407580185,-0.004818473831996704,47.49355710853355,0.24501803592026702,1.474522324496456,-4.090004552957673,0.20084279698350832,-0.7397961956768905,1.881899215067596,7.037057302841168
2,4.0117570469981985,-2.00593242791282,52.314434085842386,-2.6628092487269956,251.7798540330157,-125.60575647609295,0.04824479012542116,-12.731604986016205,495.9255236760975,-0.4989639730706919,-1.8359391301870207,-25.08374721278111,-8.680023472856783,0.5348600762761124,2.415435658840273,-3.5618587083339137
2,-0.4338587062801462,-0.1711970035327328,3.684902817366584,-0.38558320777878835,19.36690482545701,-5.940261028349815,0.5597843602365957,-2.375323341116522,36.98160106312394,0.12924487378065283,-2.2049813701330336,-4.105236694605205,-1.9788537079730821,-1.0082851703902418,0.8605900096139871,4.785679662331066
2,-6.870054485336096,0.7423876813950051,-6.241378569791283,0.0142153934382471,-19.381004555260596,25.677838979707673,3.815243398028755,-1.8855112208890499,-34.84590408482095,0.3854294482178861,-2.009846399166217,-3.0607564429432603,-1.5047692742152121,0.6998181250641775,-1.3148397729031702,14.919787670530262
2,0.9024600877861745,-1.4852657659622868,-20.194509502536242,2.2265260371929796,-116.88945800802293,53.03718696891724,-0.24568611293087625,4.631378734403443,-234.58382637355493,0.7639429422839237,1.426749791583081,14.7367361038085,3.8283393722275476,-0.7747072028247054,-0.471465446883243,1.3603250772940598
2,-3.9111617572777284,1.2641814175680886,-6.157239384522126,-0.3624490685058001,-36.95262419898678,18.676977258715315,-0.5434495239695614,3.9026612246679804,-67.96381919352507,0.0086518939490459,1.9453413987528054,3.2436934290241615,2.9853017364170715,-0.45075241596934246,0.20036248481913532,5.632285784717139
2,0.7043341386184737,0.36760103722497445,-4.270637195506295,0.32200751148910844,-10.985719360063165,3.4086544059819013,-0.7610554897658133,1.4850043971789304,-23.672912610200772,-0.750827065568252,-0.8259096298127784,1.7526129935303638,1.8380853193206557,0.5279575152890731,-0.26184202001389534,-4.805647961183482
2,-9.457932121004184,2.416302996454082,-31.173690454118724,0.29247030619295056,-137.85437702257428,78.16564228839883,1.0503943060445515,6.396843547645291,-261.2262923479543,0.9559147988677182,-2.0719835619196534,8.758835579886657,5.160069187053278,1.359485181810361,1.877457766683495,10.47116213081726
2,5.708429135759898,-1.2846008061826326,38.009514055469566,-2.1546002113740452,203.3071450326993,-102.5003386601912,-1.929231068661252,-9.891170468871115,408.30977440588435,1.2371642894554833,-2.8838829528552714,-18.559650754204213,-8.910806981499334,1.327140831503268,-0.14574413104129372,-11.886816830725936
2,-6.01639096728902,0.6499536111782949,-7.262708428883519,0.29446802930401417,-63.32349108618722,32.33515868207918,-0.09037278840338062,5.022832977424515,-120.10713180476097,0.8167217401909888,5.151409924603294,6.700095184758897,4.111807879676491,-2.2666531968483365,0.5898521009321084,12.200115460611055
