,0,1,2,3,4,5,6,7,8,9,10,11,12,13,14,15,16,17,18,19,20,21
1,5.769112546723497,1.0196623833107146,1.6190047274177028,6.523760329840807,81.29446151161684,0.14527346324010137,3.0131967495118754,3.161767439577104,-3.165194600351679,-17.13129076763882,-2.5609657884158508,-0.12805180276914055,-3.178895470808183,30.69393422979862,16.953897292383537,-0.030288715260894748,48.47586687186363,-28.839930648807847,1.0197220263449474,-1.2865215161454877,4.137871898248157,0.013515786184972615
1,-2.5335849443360132,-2.4676418482764704,-1.5514473206374073,3.1749243362180493,1.1799481459041032,-1.5152914311007368,0.1563416832312725,-2.6614114529673585,-1.5166160960887571,2.912013287306394,0.772368262875836,-2.347448548222689,-3.2156430757353403,1.2430927564090808,0.0964628301577502,0.19614313862408003,-10.994655217369562,7.166441467920545,0.2673567922418591,1.097534887709132,-1.715081291256805,0.23120486898650688
1,1.7743079909102306,-0.9216777974916786,-0.1937505939863394,2.127778714709339,48.190658101153595,1.2333815290136059,3.8981748378968066,0.6986985039502079,-2.8300347613025436,-8.643419465297121,-1.4460714762900686,0.5792166490757314,-0.8424551157226591,18.547902947613654,10.035688267658108,1.779216652915917,28.74598188752742,-11.018891732313245,1.029341912648978,-0.17866103766414482,1.1013243381646394,-0.5306421315568539
1,2.6502151666767433,4.142820213572515,-2.292369199942249,3.675603682375465,67.35406068154184,-0.24357578877223277,2.8218682932342287,6.728494977046591,-2.5913195513300953,-6.707507437344456,-2.9373276977028344,-1.5434426297907358,0.014734868257973802,22.563688725403832,13.379722065598914,-0.4265515777307259,46.10057021190623,-33.540736772028474,0.9539774645856613,-0.9838127979055055,5.0684721505716235,0.4498026327007855
1,-5.252302187819826,-5.747825397674366,1.0323759717158643,-4.349504855715908,-54.44144352461756,-1.7847084169343477,-1.1243016206802794,-2.5081806125414534,1.1504038619962895,6.011660504448041,1.468005305975772,-0.8542942885792661,0.581732009328526,-16.35879068008902,-9.881005244297485,2.123263454104233,-34.28107694965805,11.295987425566466,-0.11295128770023902,2.4815861005249484,-3.7561605491473937,-0.027607805168045056
1,0.15642166887103895,0.2704418253213673,-0.5558081206423106,-5.0060680060644405,-125.62914800337798,0.3332514445303261,-2.2374216311970017,-9.87113708250382,3.5108886715029373,20.354572473201387,5.3999085916804885,-1.4600241340142897,5.438025026612456,-51.12850865088405,-29.420197903052646,-1.0489058660627812,-90.82954233809747,52.11760546282373,-1.3260846414556307,-0.8919388255641513,-10.841870409353172,-0.5025987618322677
1,-3.3369814647737557,-3.7654462126077544,0.37513106215785863,-9.951523810779559,-109.22912010822371,-0.7614043016701968,-2.307509016708893,-3.965373535937483,5.663480746943274,5.936338591775309,2.270197688927128,-0.4921066548202572,8.50811642845572,-36.3841664497478,-19.29809208570312,0.5727460079157063,-57.578600047419606,29.29876194513224,-1.5654602751213678,2.12480579453867,-3.3430300030756355,-0.22484393584654938
1,-2.7684016648243825,0.38221326025282204,-0.06986027656100723,2.3061608201813133,20.871691561745962,0.6921512092493252,-1.763878662166465,4.838744338340346,-1.7187507554610764,4.947278136638023,-2.660675161382934,-0.6617028919761484,-3.678514402430555,6.853580298928597,4.926687698372331,0.685939158887812,8.236816227399732,-24.251791129520527,0.6756358078355001,0.7899983993842787,2.4475496210629064,1.3584029087940646
1,3.6231660788058746,0.45043263008565515,1.687876204141809,-8.225884154952851,-156.41909237764222,0.3751260566952221,-4.365489435912378,-7.6112859502302115,5.775185113393157,13.734992218703935,4.071551743321889,1.4346313114348528,2.288398805676069,-62.64995598219081,-32.70546609283806,-2.1130702425176984,-105.88768749998532,55.72313893037812,-2.22119742140587,-1.5194233431992576,-10.762200256123009,-1.2169887423733077
1,-2.1657123994525187,8.751392302733565,-1.0039237503292409,4.230212660026354,161.52018618190823,-2.3405760597351497,1.878086687969139,7.226205098440286,-3.4960523044910876,0.6351036073766431,-3.574948415676565,0.14973365284162882,-8.91880240843383,57.66509062079116,29.66413652818769,-0.8633621126442018,125.30466475666725,-38.60512790965502,1.5484523973145745,-0.3083353584152934,8.048507280906964,-2.287427452618569
1,2.2575001679865214,-1.0297858323208409,0.861066630570753,-1.3051623410538933,-77.79307869010283,-1.310976287386506,-3.3107847268730413,-5.259793426660373,2.0624289374480584,8.484522323310191,4.020017460046249,-0.45650682351888533,-0.22720656574516,-30.800230794004687,-18.458329632699623,-1.0836978452202137,-61.49529429465229,29.01236281745971,-1.568132942402823,-0.8573678275935428,-7.485876139089272,-0.3192620993366558
1,0.5260300421586159,0.7816200409306224,0.6836803900166577,1.7277464825689066,4.9159242732735455,1.6311022162807771,-1.7220491608538444,-0.8271042984776037,0.07233160693525534,0.4044802475664179,0.39650288979075543,0.30358996073333344,-3.495681297729189,2.125325504540728,0.44918666999272777,-0.5433701911802308,2.0193561852399755,6.209175042941839,-0.5542115830441112,-0.528805784987433,-1.1558541307434833,-1.1792745112543295
1,5.999316644677926,2.0154206041919336,1.2857705569837266,3.3908766312901233,108.93490800609263,0.07136909487252455,3.195498177461682,3.239589337485467,-3.0549466198548556,-21.753739418736288,-2.3205629423125034,-0.712686276619604,-3.0311239043171856,41.7739329828948,22.049901540106134,0.7406369836525987,81.51646599843824,-35.413874429286295,1.5821099755701822,-2.1920246022605387,5.34886618186589,-2.1531094125631296
1,2.2582400234457785,2.5444901272153437,0.22216492996365358,-0.7355620146235999,27.70350572166827,-0.7538815446211148,2.3428196330635833,1.26581105587079,-0.1895416159246631,-4.5052734630274225,-0.09510132623444474,-1.7844121676552351,0.1760062390751648,8.895119278722348,4.51796531288493,-1.229366712080467,24.636307576533195,-7.550454666667691,0.5502899668349168,-0.2088311298443635,0.9617297903902303,-1.6106817117044334
1,-0.4819142104970831,1.9899233040087732,0.7017283812758626,-0.10828647217246964,-2.507724210650075,1.6022602389378007,-1.1230956637215022,-0.5922283956499313,0.03961615276389017,6.663600229044109,0.8275125525809188,0.5390516323736572,-0.4719044534045788,-3.280752874171629,-1.2173795800565854,-0.13824955704985395,-2.5042323401688455,1.51030217463315,-0.02691024293222989,0.4447102064971288,-0.10818426130249109,0.5785931198402084
1,0.01908070808525466,1.5753193470843347,0.2740877033146818,0.6954673913477096,-54.26483619632546,-0.6838910573180805,-2.703215218161063,-5.173722948307791,0.9390461533715664,19.29899441057309,3.0213774547569763,1.296184837379877,-3.618040419679162,-23.84044247316715,-13.697862746760816,-1.455280353167541,-45.55196320498857,39.273653436810086,-0.7114600669065029,0.4248645209922997,-7.974973290315757,-0.6328717267681738
1,2.1058889345709026,-1.6875819455522247,-0.009149582642404688,3.040513246692355,-9.321710553287677,1.1910622670782398,1.754428345152132,0.5351681295184075,-1.0131904827314138,-4.8918590263124315,-1.0259702196463778,-1.6502354448161238,0.9775925963501683,-4.07921368033125,-1.7638547969765783,1.370753318181288,-17.564105345604343,-9.375901743392053,0.8103211481787809,-0.7329933708166014,-0.5421983206715739,1.1155972114066166
1,1.9451313141774904,4.931760164958165,-1.786593883338015,3.319256145871524,96.5285823703589,-2.54931316171581,2.1242195432250615,5.310049616076241,-2.614783250060946,-7.456053385133119,-4.060575866779749,0.23800536485029403,0.5702602104133865,33.539305376290336,20.683433984981793,-0.7260328992528112,69.32034409871338,-29.524606780010348,1.1522040271503426,-0.32499895213468977,8.662851449606572,1.7518952662209677
1,-1.23366671047428,-3.0353957754542535,1.0791256978701183,-1.1825422503076444,-25.04335146810585,-0.27648314994005485,-2.3594674793002053,-2.871905028804816,1.1645395597054853,-1.5030652940756073,1.2292983007531404,1.0657260908078565,-4.317677991022236,-6.486218444174274,-4.740336695908128,0.24900369340455283,-15.523005666694727,14.905887413535083,-0.8492791805970104,0.4563444604681943,-1.9232307576241632,-0.8217728267548613
1,0.21558627053727047,-0.8732034017141594,0.6699292714128471,0.5810615580354932,-25.677286827893177,-0.24840283112155492,-1.0074679708461511,-1.453228793495786,-0.05046299106424411,4.930074825788603,1.8268442884499898,0.6354690257324663,-1.92123712769004,-10.37583843144761,-5.978325216442584,-0.3496165675161161,-22.762789320680028,15.255018039040792,-0.056718756909323646,0.7444029169673234,-4.353549778127824,-0.4037472747430305
1,2.1677521185476425,-2.4040674646077678,-0.37000324343865443,-1.219015233750661,-109.75713480447223,-1.017934496243226,0.8571795337739727,-11.967232079082502,0.5746703822861682,16.810565070961037,6.037272251768842,0.8603951573943449,5.9825741119889315,-44.60821783041613,-27.11111547385996,0.1287717012952235,-91.44470454203594,60.244779484764265,-0.6648410352894611,1.009481648969242,-11.893605130684971,0.41660994192671197
1,-0.6410267346800912,1.976327875012545,-1.2075650437021361,3.2774066245147755,135.17087145528774,-1.7748123291323217,5.320584538320656,7.304413106938365,-3.0992579956897592,-15.139842770382765,-4.727539343015249,1.0933809836934743,2.0450989951377108,53.647261139959994,29.52057481197774,1.5986530023454422,104.82064216146276,-38.96628359066,1.4902155634923742,0.4119210640779576,8.669021359555972,-1.7202520885717798
1,3.159132200681421,-1.2171605861921975,-0.4424587951437892,-2.5709060892877846,-69.6788456718287,1.2640519304319306,-3.2964815436847346,-6.100639515186872,1.6282532046123346,1.666704237078027,2.707519614631735,-0.7865858168600438,-4.944983121150899,-27.800711019996392,-14.649860645715645,-0.5286131826342052,-51.65930008297163,25.85844874908735,-0.8963096369753476,-1.0279317423019063,-5.421447981731646,-0.19339202709656061
1,1.4159137686378336,6.495248296713842,2.131101685183217,11.821048721155721,205.86086940266324,-1.4932506440106492,5.609855608057909,13.65782490434776,-7.409556527590291,-14.066271368219008,-6.033841112006254,-2.2188293159212367,-6.635752072816533,74.71732274106971,41.243511721371036,-0.5790682033263708,138.2485261827826,-80.53105769327877,2.363418175103117,0.5245000305427137,12.363343016923142,0.40370896712469373
1,0.13235801206159772,2.1902067036330544,0.7097250799948212,0.7427322894880999,-35.02190708751483,-1.3337164138627986,-3.1164625771287784,-2.553278543072947,0.432312733955305,10.30515883627636,0.8452797166429211,-0.7247473345282786,-3.6869751769914094,-17.327390456357442,-9.119110401875018,-1.9221180307676033,-31.436812886296906,16.99922204874607,-1.2247240008565097,-0.042310677949261626,-2.6948909908334047,1.0487487688714763
1,-1.117144431821537,-4.2746381939791815,0.3527716264638153,4.022939539175204,9.30056473783588,0.581082673350164,1.478143519343375,-3.3355064801036547,-1.7033102421180881,-2.9974932466200035,1.2266092939949065,-0.21991577799289588,-1.912381851295573,7.1060731941189434,2.378488396142833,1.4977744787652039,-4.423149288642422,5.917057499160502,-0.00014156246452848298,1.6292367239848504,-2.0825047281489413,-0.752872571698708
1,0.9001677407382966,2.445283545873541,1.4652351494922835,8.796122289304684,177.70530782638195,-0.26860018009040115,3.9962956482687577,10.558124435682474,-5.710836257214911,-21.760419071958403,-6.2928588988351475,-1.9087483007889683,-7.190489229872916,68.32502329117618,38.560001482399684,0.88962410278401,122.67454334514454,-73.99467850877458,2.5097421864080096,-0.5140609316333805,12.55773537801697,-0.266750076893655
1,0.30126312879734124,-2.075458127697743,-1.3831947988044253,0.6338452138341664,-39.63986266332592,-0.5165428632764062,2.5138184848868983,-2.1380186062461575,-0.05863018362674038,3.0067953207006375,1.8292575666529318,-1.7344793090556478,3.7181859340684906,-16.02531889297076,-8.32646622444078,0.740174251788209,-37.482467144697466,9.26742956627505,-0.056420107953405005,-0.848009058450635,-3.498788725643251,0.4743522071631596
1,0.5690216146569729,-1.4789489325075824,0.7938601989817935,1.0504145136153866,-0.06127743727535686,1.6616784901357047,1.4197918408982049,-0.08040873256769533,-0.07191959139878198,-6.052432823166516,-0.41863715417595404,0.5873010726519051,2.376254052019433,1.4980128038662222,0.7167208538109686,0.7027098402451656,-1.2492568059885147,-5.845627391291512,-0.12722705654309016,-1.0905532967085407,0.6891120890858661,-0.4369510489796036
1,-0.5384410308577342,-6.539862438635194,0.5255855005207578,-10.373907768773059,-215.42926115705964,-0.3343823338332757,-6.447385064168497,-13.695204407438654,6.409538622512286,17.966810944414124,7.03285987708589,0.07612323653690946,0.6007187630798746,-80.6858536347129,-44.93130848172786,0.7395932644899407,-150.67678692885684,78.38627792409416,-2.431274839360288,0.16769045424301982,-15.670295561799119,-0.8892735722284775
1,0.006280403025101936,-4.6367656480354755,-0.16666799209004232,-1.12710770168122,-73.89776182006067,1.333504838378322,-0.7255429521256604,-6.327610585555419,1.7444143605912905,0.13515242442546288,2.630524923074463,0.8185023059521163,2.6260901798684055,-24.849771985143082,-14.37231537226646,0.49814876782072254,-58.24539451343296,33.48817895986525,-0.9958341586186096,0.9538874226091323,-4.90021502772967,0.3089936485434975
1,-1.6793729387721044,2.980531478485851,-1.5815216101668357,1.5760163709849213,-29.95330040218895,1.3423270785803598,-0.21205280580193053,1.5334189386808557,-0.3696650492930135,13.347359735664512,0.10828262168964913,1.411749460470211,1.450847861625494,-16.13653077828386,-6.830721000258868,-1.0959408506228911,-26.735975075075793,7.850625285264579,-0.11210963038170321,0.5203492351039277,-0.7073780313555699,2.0203892491854436
1,-0.6210242751336863,-9.309740939332814,0.7095386019118692,-3.705644227432623,-179.27163164081816,-1.225398600612233,-4.9130043574674325,-13.033387734540618,3.213966782795097,7.602567607525005,6.0918686860612725,-0.8646181317549687,-2.6284033237403563,-63.81157237653659,-34.70598574076619,1.8515284219949766,-138.5342039869838,56.53724352314956,-1.8486651035611168,0.7679791697281221,-12.759515649975944,0.028814156796494857
1,-1.248315531313051,2.825418119805489,1.2431004209689054,4.778294266783043,185.21875013384943,-0.5945219743261999,2.738635705149701,8.383475280190986,-4.573942565378204,-18.03836627156719,-4.497009576018479,1.7768924212851342,-9.536747578487534,72.43473664137059,37.73075393747852,0.7949975202750392,140.16883430522512,-50.35181533657026,1.6798249915926442,0.6223841477011309,10.745137911029822,-2.2584965726454653
1,-1.5844650419501327,-7.755717170608394,1.8700574942707362,-4.803824326628927,-149.90978547895702,0.5094078167864197,-5.485526380636266,-7.648169234119642,4.1113464587518935,4.22152006165593,4.818663497794608,1.7864541931518414,-2.4160554919409556,-51.639052123166685,-28.05291063340476,0.941464072884434,-108.64482520976131,47.520968558742204,-2.0541519362827625,1.0321508237139452,-9.080242787509652,-0.8700445792386138
1,1.0018418366658914,-1.887080808662452,2.298180810933868,-1.714572455567981,-71.69781341788374,-1.30076165657021,-1.829251254878253,-6.083899047650205,1.8163533535606762,5.518283584850288,3.6546428936883553,2.833141017087728,-0.022165392983729743,-27.419433863840837,-16.26676600078875,0.589783308954088,-56.638633803614965,29.91161312807229,-0.9577314719555836,-0.39304326297262326,-5.661327318195946,0.22360168560074778
1,-1.1743059240416092,-3.1927904558731313,0.5738276007188895,0.603422153877318,-2.7003513088073605,0.4130271053295707,0.5482601570431759,0.12032768580309235,-1.446301402806439,-1.4603449215895836,0.44293892220822584,-1.0760210090700795,-1.3804941506391775,1.319748945497719,0.01967143800555167,1.5934851642213816,-6.428364376714242,-10.580619229738371,0.31535986356517903,0.4126906015154094,-0.04405580523167868,0.8481502225521165
1,0.22934084444065322,10.125809413578795,-0.47390634426661227,1.4351259247288681,94.01868775593164,-1.3690039001780772,1.5953241781310676,2.718460279401767,-1.7272569908199402,9.412079936924496,-2.0692166614720273,1.2981625429280796,-2.816291703594212,28.35412206824495,15.830119049060729,-2.716399765877367,75.17687904999214,-11.214470825189007,0.8557441494808461,-0.7655716702152346,4.625683404624989,-1.2840284025594566
1,-0.9818765100016298,-9.715528287736692,0.43329565133328113,-9.076552826024338,-205.62032662160757,-0.7555065348662903,-5.762944213944085,-11.688299038331143,6.3743973054493805,7.804485127611938,5.930351831696185,-0.1613058826668747,4.477934442658966,-71.42077331654889,-40.52586498595083,1.500613066895549,-143.78597730818572,65.03878756603517,-2.6825345830892506,0.701270366471635,-12.780856397591961,0.08334037287689644
1,2.0382813514232,-1.5094380750889682,-0.609350723786634,-3.315899370048299,-77.6529076200474,0.819333238065549,-1.0283671540000674,-6.325809135822345,2.353843180610427,4.049322747406777,3.7728781992740847,-0.7425557625715471,0.3169470757690588,-28.830809205493935,-16.38616701532317,-0.8794260634568654,-51.93515206001796,33.99070262961934,-1.4398165054527812,-0.5318269698888384,-6.86312139165635,-1.1112205510709177
1,1.509226641590776,0.20885558822893258,-0.6479014364724778,-1.6389225610543456,28.0282973024065,-3.108044686617332,0.8251492387602727,2.7696980825546764,-0.06641603793467284,-7.30123999784745,-1.3915046290764437,1.7206617786359375,4.552096373505396,12.398289653421019,6.774076268702465,1.0960900123320843,28.49546029465598,-13.300956769505772,0.2567187057341383,-0.5433294064087074,4.295127331719108,1.2288676147473048
1,-1.9279451576329911,2.6408621533196595,0.19264971821691768,1.9763972565484822,25.499017048462782,2.58894485081901,1.0291087580231837,1.9067126429636994,-0.3088644746872202,2.7028296090035426,-0.6790200378022109,1.7784888403818895,-4.66228444398561,8.880775248771071,5.170826608776753,-0.03735453699501093,17.354474445774716,0.28099581636079934,-0.0005648371294788949,0.7034636301943736,0.19095237046435043,-2.1254886483477207
1,-4.550215676252263,0.7119052058962355,0.3344674009811394,0.00910835678284507,-60.23698527168726,-1.0113403821043232,-1.8835973773871844,-6.187811696329631,1.245418447698487,23.32969648125657,3.2928673568298277,-0.8591613088978911,-0.34174847039814565,-25.52412778762457,-14.817821720670143,-0.7167094500350355,-50.63826377801706,34.563907095576695,-1.0169162877562934,0.9142154606861015,-6.374874392945186,-0.38319820696659324
1,0.8680666000039219,4.983984426020342,-0.5110843744261778,7.4203908712680455,36.030295728402734,-0.04999444187315059,2.04675549172927,-0.40622311556394436,-3.2765095431775904,11.256465528188123,0.34601236430163795,0.8655947380277335,-4.370621477067189,6.558715570200723,3.6835088069709787,-0.7792764713272193,6.714272999849064,-0.5777838966446347,0.7458656822408299,0.33857141138747254,-1.1463415708300364,0.5400343146324595
1,-5.738080131701872,-0.3951722415021251,1.046286429918595,-4.716157138648128,-127.5707254481188,-1.2576996565379401,-2.6575798330769107,-8.81961125698813,2.6533422030329263,27.474482048492213,2.860549108351936,-1.0888883969474497,5.685319414986567,-53.32691101517101,-26.654984348783117,-0.07713771641020842,-97.28914449889342,42.20974870063411,-0.9072543987831558,1.351927947266614,-7.759729668441593,1.3809021766238252
1,-3.3547163990848867,2.489751309214849,0.7579869673387698,2.2298407645070206,73.12626106930135,-0.3005203685815631,1.2744820738274378,5.766098958299361,-1.6262268068780832,-1.9346190918427006,-1.9416182015434313,-2.137849358785257,-1.2922146414866,28.410301841886394,15.333621521640941,-0.47379472026387504,57.78969216802542,-30.63097025925147,0.1857539114257431,1.886992998562705,6.106532428514466,0.024570118440489216
1,-0.3018253983411738,5.994303015428814,-0.31029173302567287,1.7286999468874107,34.09664283273421,1.7263341214906696,2.0710481814367414,-3.100646700253206,-1.1226195547224005,14.149660843941811,0.4911687110250069,0.4052772684988077,4.487176637548459,7.287845955645474,3.0954565284021682,-2.2374553792687766,24.414719310138427,14.138977860524117,0.20534790835702713,0.9289954254655455,0.13032293664831435,1.1834880635868654
1,1.4176467964357122,3.1731536030660377,-0.5475952709406745,-1.2810306804086602,25.447244574031327,-0.05582472099199872,0.5321738271197463,1.9724540583043586,-0.8192552022265128,2.1295210902215707,-0.6236169506839732,1.0071542138579963,0.45700214614520895,5.916117779692817,2.793778368818036,-1.2448551561226713,22.43336276740019,0.15704684650452175,0.48189503995752153,0.11399716068688903,0.7512519128551998,0.43642719250769296
1,0.8902705749321568,0.498339137941969,-1.4543450529570578,-2.05716516736067,-4.98432998661108,-0.6030171948057459,0.8173719361591346,-0.9410156313103195,0.9788209036293597,-0.17003678404764863,1.2351737325494587,-0.060331776704317976,0.9522569071236642,-1.1689549121049523,-1.172216711096749,-0.6226029722572977,5.59292156537109,11.172077635740381,-0.4811270023751779,-0.04531000991371774,-1.1932420579535739,-1.2429722034566173
1,-0.43487125499482676,-2.14694521434356,0.8980775052696474,0.2517551778467924,16.918866138948726,-1.4571263222140376,-0.054581524979466854,2.097848272481119,-0.9484683624324095,-7.91288423254079,-0.8537641633477844,1.080338043667516,-1.9266701164209004,8.865265260780676,5.091578703123147,1.2283184757463443,12.550480733406207,-12.882484795287006,0.37813375732428267,-0.10540679277520736,1.438837201619677,0.11043512424880529
1,-2.0847120356900732,-4.6984071723615415,-0.4014813897834465,-3.8756760017574603,-55.60377730071745,0.21638741886051976,1.3513911506802305,-0.16653562693351603,0.6322524788905917,-1.26286736253702,0.42787667593033035,-1.3876098796255498,6.133430842771736,-18.50174981364546,-8.962545225499392,1.7973820605556667,-38.9118981595616,1.8846011571486705,-0.0028942397415706,0.9646121607400926,-1.8014294846960484,0.9726930427167708
1,-3.8362948129819165,-2.144403551728745,0.60440567894653,4.448272166290674,36.04786994455107,-1.0280034004790444,-1.5982539122908603,0.7687362967621492,-2.432085179270698,0.7870291452779288,0.17536350317813632,0.4386848537051247,-11.482310299506052,16.649202315709896,7.575381456383261,1.0746329514197692,18.77183125989105,-9.550163142492961,-0.04433156700015357,0.8685000964125672,1.3087938842842868,0.1903457453770268
1,-1.8739392334803158,2.63723790885426,-0.507826190326515,1.701407027488048,52.74853824532145,0.5346547889303603,1.0963028299731141,1.6928064803097882,-1.6950249915400941,2.6308321201426583,-0.659364089959176,-1.0727762347612018,-2.2030271388163722,19.145965958612866,10.184655542408487,-0.8614634422905979,40.72306825628339,-11.950602698490567,0.7820982928517888,0.00012904111045972458,2.7444597485363182,0.019752315732512005
1,2.839616943922406,2.665957043621859,-0.5242909366034669,-1.4641701144178831,0.3555630712786501,-1.1183362755881787,-1.3745433458364644,-1.878707235194002,-0.09953886910917673,3.7885750075255724,1.7874374479375714,2.154156152867725,-3.051897984011449,-2.5080504883141255,-2.771209594935529,-0.4535641463310242,3.5354620526683553,11.356992545208117,-0.21570308749211334,-1.4067323131583644,-2.0850700897054084,-0.5192052289460627
1,1.1107687966048254,0.38835687401914065,-1.8525083558488529,0.4767740660742321,10.375941243340367,-0.643934472671995,-2.6249037999952436,-1.1401715345140329,-0.8528273454143737,2.5438199363887772,-0.05419182974843998,0.1214891454554767,-7.9062693053610476,3.3609786720630326,2.0143598226649777,-0.44793427034027694,6.304396209430459,7.448690824145358,-0.14239549150113265,-0.16614265805599085,-0.9238105115744396,0.1981080180750564
1,2.681352611657824,-4.735865067423206,-0.3908492297415023,-0.25293619081108093,-68.46695671639013,-1.950042888615736,-2.911118048933493,-2.916936842744865,1.2035524515445846,-5.122684132567741,2.0348451117540987,-0.7970834316289969,-0.647687158447566,-23.321436639676218,-13.01065803679325,1.7842186470468737,-57.32775549446377,9.91464228455074,-0.751623628646964,-0.8332767518610043,-3.6849055153305654,1.4311045806620997
1,1.779134202434835,6.1367003556793325,-0.6808504689217573,2.799503170387958,179.98857340001777,1.8653089759867094,4.633560864188988,7.816252606003829,-2.94397133409796,-21.686312933137962,-5.229066351361112,0.4515405022085046,-4.877507573689826,69.38198812773506,37.17243583332333,-1.228545583300087,146.87913429758692,-46.85596103256573,1.3613607285635543,-0.8912690470444611,11.90601654635014,-3.076420287727652
1,2.649619120739151,-4.146598660062312,-0.1320313685396219,-0.9160626892994266,-62.534762254896364,-0.5666982717663068,-2.158044714278669,-2.676142754868291,1.4697874872206331,-6.46909861575403,0.4308452564315888,1.8210470413975859,1.5893199807334026,-20.031896310489888,-9.256318855594596,0.44529417848945857,-46.56405351282087,14.714251654379998,-0.8103161166310546,-1.534132126326327,-2.2945302473155476,0.861312204493505
1,-1.1392703768469974,1.5179067519957783,-1.505390696792194,4.216762442686803,95.69398380762385,-1.9133583135671932,2.9845367606903936,5.10669789884937,-2.780771881073315,-6.551705982388761,-2.258554131047696,-0.21282516333483825,-2.4249398130880957,37.542711294210626,19.42112420372856,-0.30597858042693116,69.67620307141935,-25.677080783313105,1.131307926155655,0.40304079649944574,5.328243473973049,-0.999864738404849
1,2.9185706293382307,0.3458428990615152,0.6228386139330815,-0.595326822100813,-49.125632780709225,-0.42543325381124064,-1.4410768188695917,0.9353365980193808,0.6118034109222651,3.5132918411597043,-0.202153738431559,1.8775600590429882,3.1742563493668285,-20.89600325695148,-10.0289327365779,-0.4060539313779772,-38.88960899541376,4.585926929322988,-0.26899885368658244,-0.6129819856326576,-1.0166601887360558,3.3130617089850083
1,-0.8529811386955226,-1.5711402642528178,-0.3725754545452873,0.34068272847683323,63.11254805823652,-0.5381337103547942,0.8118882046238401,6.738645006849475,-0.38987257360449334,-17.52802003845615,-2.6983385996351203,-0.3198212036080419,-0.9533732500822637,29.611151880485885,16.299904503606186,0.40407624273443854,55.14286817229861,-30.399622378234028,0.21014886896634394,-0.43187594080403,6.247620622605314,-1.207252467659385
1,-2.0617361542008994,-0.31429699504714204,0.6983195581709584,2.197339119267883,-23.02744107078381,-0.518579566455003,0.9658777322031205,-4.525023473420152,-1.9718320212370701,13.657135363892833,2.2110869482672206,2.0272004299316966,-2.31102781831074,-11.887027413288004,-7.455395172241323,0.36832413774718914,-28.686125021640798,23.185250441432586,0.08948232686235498,0.7802745718513613,-6.306384778684078,-0.40621823865088746
1,-2.623425753905783,5.181724590001125,0.6523120732930509,1.8602490322546041,104.54375628341236,-0.4080757970442477,5.101698016056215,7.113219091451006,-1.8253452552282527,-0.8098009858842595,-3.5315532553437916,0.25844989697613446,4.63065120013592,37.081160247548105,20.523362434850753,-0.48446405513695534,81.47289026908467,-33.98176526039619,1.4410181437980027,1.0738015848048235,7.854060125622054,0.0026222103626792614
1,-0.6478424692647448,-0.5924818228472453,-0.3668801745239105,2.287188371536828,51.57569806811524,1.396327039633347,-0.6244522327055719,1.608702040990729,-1.1738414299358804,-9.47394913524437,-1.4732311801965454,-0.6266708849534152,-7.423455899938605,22.45122514048769,12.090232350991359,0.20578941246193094,38.07327896783869,-10.024876104818603,-0.16733666318839038,1.7102225345460718,2.8539007305364237,-1.8761006479729831
1,3.1276581271880968,-1.0599606439633489,-0.04945386301871772,2.857126095521558,28.954777682935276,1.7021780900814172,-0.9884795155918643,1.0394884188699423,-0.9819119377278149,-12.229877265489828,-0.3712358601354009,-0.6610607505692869,-4.267275733242397,13.932547106398312,6.226518954381879,-0.23410027930281996,15.683183510099374,-12.402097608669937,-0.8728076974914138,-1.224409515924227,1.4062216573264035,-0.4228269557385565
1,1.1275296346371957,-9.845421353674897,0.480337180188135,-8.344366549360654,-167.35485069049605,1.6950370538703892,-3.93703620424822,-8.953886566517264,5.7582916148220304,-7.331787286539593,5.2818658781920025,-2.2624932312638704,7.34691129923415,-56.23709612466808,-30.66154282206459,3.10640957136687,-116.76032290197891,39.22745287833162,-1.5310262217281785,0.44764411791124215,-8.275539871815196,0.12593329052379593
1,-3.559485540576211,-9.366683028482752,0.40845880031316667,-0.4563213459449579,-68.85685986761428,0.6638510120299658,-2.871728643282067,-6.814923432058737,0.7323960172723978,-3.647735878909509,3.272625708405666,-1.9395236782217515,-6.470069198399975,-18.7823739425565,-11.338607705457942,3.267350781789453,-57.32351048396682,18.477228396083024,-0.6230392610803039,1.6637948156519748,-4.5924956809965085,-0.35313897888813495
1,0.25139459747655923,4.033470539186739,-1.0649360082985504,5.743608368456133,147.95115479141617,-0.4084018256482968,2.6909457208671066,11.0387500778786,-4.30940797684396,-12.984610013823298,-5.393126068329232,-0.8631943613240318,-7.265345182483115,55.072315960448385,31.42486308329297,0.7145821155868717,105.14437835102991,-59.88185014896019,1.7746821754209476,-0.99016527592509,9.691627827627535,-0.7690718915738903
1,0.923619533212887,0.16973805728830807,-0.4472163268766281,-1.8193878638177547,-13.891688695350606,0.35047160668408606,-0.9219462747706115,-3.6052843099318785,1.2547613562133333,-1.1909712502304783,1.2689255697864004,0.05900435980817389,1.2623913087010719,-3.5918824232172106,-3.365908900518024,-0.8790315995079018,-2.4256700837806644,16.388222088529375,-0.5124930815094382,-0.17814441415051763,-0.27040871357306123,0.20377183900693108
1,-4.2021852495109036,3.189619162395937,-1.3894799095931905,-4.27110887793264,47.782928786731304,-2.373063084068192,2.016254356479605,7.2235763582140615,1.1266303770536654,2.7484569348180825,-3.2602901724013056,2.0551506225841694,6.030018606069463,17.82856107897094,10.803093883020345,-0.5929009300181313,52.22607110176625,-13.076501865380177,0.6933483123218613,1.1812087790902726,4.955494883630019,-1.2907115161294438
1,-1.1122800060618196,-9.376572542557188,0.20657644404418335,-6.357020109921785,-117.85225638946565,-0.6407367466719871,-2.1038172988662964,-7.63588121122584,3.568051827058832,-1.579084641017085,4.5220417712646075,-0.505298128620971,3.280622360553044,-38.3115049733238,-21.851344446543212,3.021519183183858,-83.16093775649252,33.23063817360367,-1.0318293586255227,0.3209860008669343,-7.314230947954388,-0.2912883398411871
1,1.104475923282126,2.7099075511598008,0.0751874775275584,-0.931119479908678,-72.09965996636463,-0.4020116929137769,-4.227366815375495,-4.3787188988818535,1.6096660396520097,17.91428309057083,2.3849000798067372,-1.66868836384224,-0.20077725697038495,-31.68479620922967,-17.072250524082687,-1.483909809119154,-56.253426180454575,22.071528346093487,-1.0992397057627628,-0.9974147066743326,-5.242173216474434,1.7111410172496295
1,-3.3075757746697256,5.3544875143591515,0.8551509304531378,4.3314787761323,104.85392009614084,-1.0176797249690535,4.472892917594619,7.42777844463244,-2.559915815480755,0.2343219656668588,-3.7223048112963886,0.8734509347333401,4.091259300079663,37.19659592482687,21.26955103856622,-0.7733227928081085,76.99294917362184,-34.61366101097111,1.3465919109134779,1.4630532699773107,7.78139566707324,-0.16466367359765374
1,-1.476332053705633,2.6045183699746386,-0.36621930657637686,2.6616353811825415,42.96852223852283,-0.7047381867397873,-1.7686559764106935,2.663744050300821,-1.845347638821781,3.339167705125996,-1.8201341456858922,0.020584451769751676,-6.574287001087996,13.956831085838237,8.044289426630764,-0.004671647220602095,25.766278166668418,-17.265067024320594,0.5913700860417282,0.5920527315109256,3.6687893209870457,0.9490986383804473
1,2.967859055359764,2.336025851232232,-1.2144563568388236,-4.200929285982026,22.16879304681587,0.44931640857094274,0.24904948069909438,6.147370243438331,0.4436345542939803,-9.923789934331841,-1.2931869416471127,-0.5364782686948317,-0.7725098131483037,8.623803643532261,5.654743809579402,-0.5753054004381798,32.45653447993779,-18.82951449966268,0.04602580087502736,-1.326813035033564,2.5774144279302855,-0.6755255454625105
1,1.6362395935773464,-0.856000332763921,0.791617661576206,4.465015417314865,99.86541239521473,0.2684765160701109,2.257750543629716,6.7654276330262615,-2.989520108607301,-18.502214572844206,-3.163814909984124,-1.5012276017074868,-3.788514603101971,40.867521202924756,21.414036308010285,1.2520984001649695,68.83069364135287,-44.659676382451146,0.8766926283557381,-0.9147639481807631,6.587712558675703,-0.2068037700534058
1,-3.4997637248066313,-1.940197414073259,-0.561464388900521,2.5645154019610756,-17.090727488978636,-1.5428812195966568,0.8132269862140119,-2.2603117635241294,-0.6046582825481681,7.750299904559586,0.9023159841196108,1.3692558015307903,-0.42352980702740356,-5.718928192389,-3.90740003016522,-0.3312080371944015,-21.16433888620223,17.440965285092044,-0.32267206420096334,1.4545836224583066,-2.7438675525945615,-0.10746641132141548
1,-1.0887626730143063,-2.8454034245823503,-1.7969986487161582,-2.2982673071335116,-54.63863736957446,0.12210085385169459,0.3166726112675248,-1.853360527342146,1.8176071414959307,1.5739191452533439,0.43489605369314627,1.938738938650319,6.213817211270882,-19.477897665241525,-9.84450942411432,0.895354020152594,-40.598544626982246,18.091486996439045,-0.19347238560334068,0.10567933007597212,-1.0666317891084969,0.7708678093555419
1,-1.1956009859746777,-1.6567172285952536,-1.1503698479020412,0.19568471758912664,-29.31502918800651,-0.3621930787105097,0.27232304538065305,-1.5293383805378455,0.6813471376690904,3.3851990376560313,0.8780425963416364,0.3605511243690645,4.760266874638584,-10.02516400417209,-5.681317729969071,0.43825144357836743,-25.352103816821376,10.041504627760851,0.18011996832089194,0.09187043557546916,-1.9554336271339585,0.4704127567783238
1,2.2092622947796103,0.8206750837471538,-2.2863121046328114,-1.6455827899531192,20.949500063893446,-1.781485782399091,1.180064168533001,4.332982005343016,0.44595872968959793,-12.170953273547434,-3.4255279394382323,1.2199606393742057,5.88740313238009,8.613660468954098,6.190639603826867,-0.07383181038737212,23.03480198189641,-17.858465100087876,0.5361539843666988,-1.806860638248148,6.297630411442579,1.4615500296772284
1,3.2101987722598144,6.886997431717723,0.451519477550322,0.5421628595581339,-11.516242430777012,2.0387438561921947,-1.4039274358605704,-5.087648097304651,-0.30983567071702833,13.337029874556903,1.7053384660554285,-0.6994896055210548,-1.2845300796492751,-12.475604489635133,-7.896398611601939,-2.8663068748315474,-10.3850095740814,19.377374703567284,-0.5487964360836006,-1.4364430823814078,-2.7986189214927153,1.0717003736468886
1,-2.870983075651778,-1.5068361457373722,0.5150899422266983,-4.6899722111782065,-78.29835198860229,-2.9448667017392105,-3.004702344424744,-3.7345686552200794,3.207777122826231,13.19692115130047,3.285625503544997,-0.4398890268346629,-0.5980488024737598,-29.90315683875005,-17.526371819078793,0.24976694897378104,-53.38787692107809,25.567315671474997,-0.9785297740005577,0.7370547133055527,-5.542239751851505,-0.6073410327475334
1,5.581548956375164,1.3410937300153822,0.8119545493136532,0.14012178667619477,9.330256058229727,0.3049888862801925,1.1479604500177862,-0.6964098019839544,-0.7660172236455197,-6.156867970776386,-0.23635730926049123,2.506244648355864,0.41119539713040093,1.7715762463948834,1.2083262300346589,0.292687286472144,6.322452095438747,1.6677920150157937,0.6862946187311671,-1.6839244642795494,-1.0541453876200972,-0.36506351088997047
1,1.3554626605160744,-5.109184758320107,3.352508785289228,-0.016541615041875173,-115.94041119604395,-1.0089072999554793,-0.6162420580349671,-7.743099958905195,0.7033316504163097,8.150722036390546,3.5249394276719905,0.8903246513520837,5.2105222897949774,-43.39246804693891,-23.00845088532254,1.4161902570624096,-97.99826430950947,28.861906802021203,-0.8753324873454941,-0.30674192090492103,-7.762446749580331,2.341477841093859
1,3.039507241652873,-2.133840463216628,0.9728136063076662,3.071669270822434,13.45880880174257,-1.5738286848192329,1.2308151652635826,-1.1186734763796111,-1.9521095518070473,-3.7960842506499834,0.9305665341899034,0.22750046604047058,-1.2955084149801255,5.748199284406188,1.1892087107991718,1.198638789740285,-0.20988784336664928,-0.8207057030219574,0.24747618649636985,0.13466898530249677,-1.7385600832922172,0.42040865306962827
1,-0.5817478505749958,-7.5229081716419035,3.9680858634845313,2.7491421970116567,-13.655799626335481,-0.436223313672053,1.8093375301329404,-2.507989799257904,-1.0206217782112317,-10.972310678803014,1.680377060173234,-1.839398917071134,-1.7401894937164413,0.34407605623938,-0.926526685866122,2.1664774174337063,-21.856156894686297,-5.095149966188038,0.276925969725827,0.2684614595001864,-3.359549823180953,-1.8146290566825938
1,0.5649742317476644,-0.9662834486399476,0.1136903950717911,-3.6686891318136676,-23.800857696343947,0.8581100904669422,-0.6582162439495112,-5.391580336326126,2.2967000336454313,-2.023264244532978,1.3847445214062633,0.6232892139635143,5.1495696209317146,-6.556090016725404,-5.529834754200656,-0.47293802946855124,-7.786328327740983,24.398564965859904,-0.5815288577290756,-0.0468631178933266,-1.5586811522387873,-1.0646871200923926
1,-5.266720064236159,-4.303147660981176,1.8215300924787692,1.5279722975944035,49.871190547402925,-1.4043903545967775,1.3981962988113104,6.375100711627603,-1.5602836974448362,-11.291660297704537,-3.2627980668788634,0.512702017988583,-1.4516301293080385,24.683718176443936,15.484097569895702,2.7251975026195434,37.438858703135644,-37.0959795621428,0.8783980467408543,1.6405640103811294,7.043079512931115,0.7321413312497452
1,0.3307417177734301,1.26804618412367,0.2799281664369571,3.7014879814826385,54.74332713905394,-1.6111497617753237,2.252573569054502,3.524806839515673,-1.124123294003941,-7.412961639349674,-1.8320034027735328,1.4657186004720595,0.8263625069959072,21.970566915951697,12.678011146702918,0.4531452957336007,36.72379304875412,-18.25941956155401,0.5398824775244344,-0.8076713035675865,3.8919104714730324,-1.4663650296839303
1,0.7994330271963208,0.8858957346680743,1.1584716528151338,3.2825834297431946,124.56421904809186,0.6493797185082493,3.7954354286471035,9.289517781657446,-3.4985424687257347,-20.19287022912603,-5.001972704429309,-0.7605379918779702,1.5412543902844984,49.11275708383058,26.759911676171786,0.9159911472973093,96.55509266489517,-61.097220511073715,1.5629752023234664,-1.1280761784013524,10.936345411710992,1.416759132381115
1,1.1119911386774113,1.76268140165107,-0.393075161402027,0.33779851332471617,-55.17418345138929,-0.27868486979276175,1.360957672267148,-1.1925254051079885,0.8898438792155889,13.175235402950586,2.6885442751633764,-0.6751834511736394,2.1493658073365967,-25.588673443086428,-15.45847998884253,-1.260145932319739,-46.465382810428856,21.3820322790061,-0.6543564011784485,-0.9401156562181066,-7.5603749992124865,-1.719438080675602
1,0.05848343553880207,-1.0963900851240693,-0.10133758695847615,-0.28710509216208396,-40.58376996223405,0.29092661090567495,-1.1553969023041142,-3.91580470588696,0.315309696207328,8.501772834329046,2.05526901538867,-1.1916062552260256,0.7529850938198842,-16.502390157084037,-9.824116720644225,0.01257871834037079,-34.54392112898719,16.772029957912782,-0.47483588317708236,-0.4565408396011348,-5.785909231664523,0.3071814361142015
1,2.1576403120006233,-8.22480155480738,1.3633352489523711,-12.11078636987059,-158.73052655513902,-0.10570865084848648,-5.750268417015754,-9.333073701859671,6.974060267852409,-7.1675554253766744,3.8510514844918697,-1.4931674633970298,1.0896672072434574,-52.74290205825735,-28.20545124695415,1.406677639435699,-96.43444739880908,44.377351559640886,-2.142804073944206,-0.28102545038672583,-8.49999312504089,-2.130992591969383
1,5.279040913795678,-5.676093468063107,0.7550981147082413,-0.563687210742519,-71.5998450472137,-2.499793571876315,-2.2877089671329593,-6.164660186848892,0.2051339668323206,-8.634198906903734,2.4416695229819374,-2.1014630971222417,-2.813624177125678,-24.78542543511164,-14.492003214469857,2.0826642893584855,-62.13548426332941,10.493158696053788,-0.4265060319575913,-1.6419543793773659,-5.072515057856813,0.9993397529341975
1,-1.288719247981817,3.7971477404787684,-0.9474892394756078,2.722512450377042,31.711992368784895,0.41559346059240826,0.9348075914904184,0.16947524095591507,-1.515272289696292,8.190840704146682,0.23313377055313048,-1.5833039540386904,-1.8308609736588768,8.209623158262424,4.01687088421005,-0.9285345641596655,18.766197457593385,-2.8050358944737765,0.4348380701786055,0.8260295457295669,0.05338501734026572,-0.3447597087252942
1,-1.5711376292122827,1.5983605137029484,0.5887716849652337,-1.7748877019275697,5.781188202800773,1.2514732295303896,3.4089294139819333,0.766328979661923,0.008013713977213238,8.178703364148605,-0.21532482137488662,-0.24089771749869046,4.907679343741281,0.9876915682506298,-0.3470222469634524,-0.7628242373728988,8.44298600832169,2.078056486563147,0.3775088148534221,0.35049551257822553,-1.0182124126908527,-0.6824747436325483
1,-5.189544700613083,-3.5659321966469038,0.5505530327046492,-3.9775235638297604,-111.02249353281827,-0.592308427642043,-2.4406320327397135,-4.040062004882553,3.1600165174954555,15.805823221231256,2.3517025296359084,0.8574780009652813,2.2641805046368657,-41.236265013907115,-21.41112357693118,0.7358157888169314,-82.76284450082706,35.535781032080145,-0.8407966700668486,2.403827327840353,-7.469554556516104,-0.3568075999024419
1,1.7000804410547838,6.216170534448864,-2.384318386923047,7.187349143688735,137.32475654037057,-1.3106360712932985,3.7100244269060605,7.789567711687594,-4.404977499673281,-9.053274910397686,-4.243619358189977,-1.159081881292394,-1.857703961959116,48.871954862549416,26.883170602094275,-0.6832498463238476,95.2092930183932,-47.499706946282004,1.4849107037248275,-0.8889761020091296,9.917004819263653,1.3271220064951235
1,-0.2592212587310389,-4.7168861761718155,2.0033312141855952,1.0828459452300099,-12.316723489956303,0.36252949380268384,1.7861949333801332,0.425845118836617,-0.6001325134432716,-8.428033864061463,-0.22688546767643827,-0.08264878580198737,4.73694328501507,-1.228708949931519,0.06747084021276968,1.9029035758733128,-16.80446447672582,-11.715823273846615,0.04870614319459489,-0.32986593434131783,0.7643248415048466,0.7819446436161842
1,-0.7327115127551008,-16.725010206985203,-0.10854352142795015,-8.534221666192371,-248.44445749750457,1.2088449638149168,-8.216281510941693,-14.95103379913259,6.3118669794894275,-0.43449333017993735,8.09329204000441,-0.034491830146096074,0.816321150436694,-82.7811555346006,-46.523752326719034,3.6959622961350966,-182.50315125557862,76.60029364099249,-3.194840634889458,0.8394974425649223,-15.63557849672699,0.12093017926990761
2,4.134307385437506,-2.623645954373486,-0.032254441374848786,-7.079109915350629,37.36482777799465,1.1806139213911409,0.5005710950422504,-0.1827859115481902,3.508163589059127,-1.3637551487843231,1.5464099069029753,-0.9511584926567507,9.424761168091697,24.297208107406465,-16.546953089263358,1.1682346847761527,59.47862866977714,9.675661760616116,-0.718498747141607,-1.9875340895330702,-4.713033628945606,0.6923422791912552
2,-0.751893914530439,1.0826830942433947,0.7201517007157935,-3.833425478651081,40.869970502708654,1.0916110813215696,-2.95678571827959,-5.338889859367517,1.936213318592937,10.18955829458213,2.595844410027112,-0.45453658134306435,0.6306158998372532,19.49732034951892,-11.35746875930858,-1.5764762460829063,49.32545502101019,29.4121646846269,-0.06589925329838484,0.8658134916489099,-4.570562612884538,-0.3998778356617184
2,-2.9515431551160844,-6.679606319697355,-0.5501487802247479,-10.517345817088911,80.30611998772642,-0.27399557552539366,-5.905646303234165,-9.633617768951705,6.821185419853052,11.384475876819348,4.252954032999467,-1.09861190622441,7.179443453098312,52.283410400334766,-34.27982978612369,0.26914142705317756,112.95574359435727,54.73226963444574,-2.047447391542227,0.6502084404036768,-8.4229580260877,1.1926918634067716
2,-0.953266405364,-2.143390508036905,2.1664553212514965,1.7779569861422726,-22.57626019905832,0.9645508264637358,1.5416242848165005,0.39572030973040995,-1.0931139883543686,-7.680965216046479,-0.5529803781050131,-1.118688374163054,0.6497044753197765,-8.604898061820624,7.121291397360806,0.5768854143764641,-27.641697314340387,-13.288233582602459,-0.0631174503831261,0.1803420312522689,1.0348272704701122,-0.5026448695780941
2,-2.263872187891317,3.151802751001349,-1.0546133660246124,3.9866067528504185,-59.21275584637792,1.5313051186698234,4.99063616990732,6.217226381778117,-3.1000452457951537,-7.098116567588231,-3.620400265710255,0.11910763839365363,3.6017254198303816,-35.522321510016546,22.431746078741586,-0.5073538296662737,-73.71019483256742,-32.78433822573628,1.3315712616493183,0.9302941860171963,8.539960973237694,-0.19950917580590305
2,2.0349301642159574,0.8987138380421584,0.5100231571624427,-4.81999779873336,16.516048603900664,1.545507652811321,0.9275145742925078,-3.7479791251937495,1.5168115226213172,4.8880681248535955,2.395754628423361,0.5307615597481382,6.686398943174701,8.359537090304945,-4.590395310980177,0.48949086372513545,29.440322948931183,16.98542395881684,-0.38911131739153815,-1.1699296051483004,-3.9068208760624263,-0.4450687800978188
2,-1.7785241600527677,-6.147857116672299,0.6004117505561835,-3.678003603870441,-8.255729712325165,-0.6661361329643839,-4.363531414187773,-3.9760286494385513,1.4666947726122432,-6.398563690313761,1.1216951987182104,0.23298537101327363,-5.556195496754219,5.336428993486556,-3.8514467839561735,1.0701576433644766,6.598500445340128,15.638945924322426,-0.9650126608079782,0.764801293817277,-2.315002172107595,0.01422600579654216
2,0.3701982561097281,-9.38944915552968,-0.10954580353221652,-8.24476688065809,127.4356861409646,1.1021420531012371,-8.02485468709401,-13.163012286372888,6.554132975080411,14.710416557929856,7.436623618215531,-0.7999468321508958,-0.40960621796103536,77.80998503959378,-52.170515180285214,0.06720476344442286,151.62593047195858,75.60286310173272,-3.2509706964312026,-0.7307135311566463,-16.343058690911608,-0.05415027415653062
2,-2.6665940936902914,2.247415757541828,0.3360195035497232,8.704835270440192,-84.46068021359343,3.0551765394886217,7.441110747554965,10.495839185664849,-5.563478676482263,-6.8592773784567385,-5.083320207289803,0.09287338374120718,2.554486529230664,-47.70013764206799,29.963899982495146,1.3808869944637387,-109.14156476626147,-58.85419113282813,2.0391133527926253,1.1202704175047744,9.587373647424247,0.9398569529588898
2,1.3447708586809044,-0.5571396926649022,-0.48339678057886876,1.3322300619200371,18.93475234246662,-0.6573582709682121,0.06329869699988391,-2.463070699435044,-0.558633895099419,2.190284588560236,1.5707270615852573,-0.1203462429214224,-1.983515671004079,9.773474284423575,-6.153554480759098,-0.19706440224739682,16.76067906295251,12.23025979961034,-0.4612622053021133,-0.8871662153291809,-3.960417997510585,-0.1352508766448738
2,0.12544355284685432,-2.552788698019295,1.0322745404033178,-1.6106492337254117,12.31678925372194,-0.18120256029752455,0.4267180096394132,-0.8693929046304746,0.19423919855337518,2.464921531509692,0.8426700049280398,1.5126776428386186,4.031175928140808,9.42688275787285,-7.3126701723873335,0.51619171799027,15.98100992732572,7.616818491312371,0.14610684363100931,-0.1659255619700818,-2.4375641127717547,1.0720629407575812
2,-0.01205373574681976,2.9441992507208954,0.568531944206757,8.06225921326846,-81.81704348785715,0.860066240449691,3.1390781153205682,9.581213725968166,-4.154941682596245,-12.891196649862435,-5.022841903636298,-0.9037093204884826,-4.22378608112814,-45.011158582515364,29.716219448509392,-0.1514942981750538,-102.93686084916955,-56.15463744849053,1.0679144222133452,-0.15055754988831316,9.75917528438233,-0.2592882117705956
2,0.037743859876417415,-1.4020966056066992,0.15388218273694063,0.06788630710010839,53.86850353373087,0.15415102746606194,0.09753251744480858,-3.650980160463334,-0.20153463169867375,12.376583702516728,2.4799327051158926,-2.28860029668485,4.056240393114999,25.55808885974272,-16.950767892903336,0.3260531034670677,48.514455814744004,8.022320480699474,-0.21305958902855482,-1.4703451473379283,-4.956033342766851,2.2691826137845243
2,-2.976489765702108,-6.999229986723532,0.6745517659639065,-15.310414684211093,118.47373871509929,0.9589261233685864,-6.959810855137688,-11.355829304983965,9.13338243605926,17.92787149147859,5.144130181585174,-0.3429049165506941,9.33936079020666,74.37168890313885,-51.50975352467092,-0.3508825936856087,168.71342220061547,73.54616691693427,-2.996687540256493,0.9089261125951701,-11.822311186238458,1.343841918018211
2,-0.5767277691304707,1.7696568912488293,-0.0191579212105835,5.1003923190118305,49.662269657563215,-0.5063265066470959,0.43136097758970143,-6.611615181745708,-0.6996991267268862,18.967186606035877,2.8263734894857024,0.6872319220466733,-0.7583245842807046,20.089346542955106,-11.090872982550952,-1.6347211670018595,31.290637192362787,35.72461195342359,-0.3425474388866299,0.3413739166981248,-7.192062664879991,-0.08329169218539594
2,-1.7662941070301181,2.0804872644930943,-1.0804053271989178,-4.198100385035649,42.33289575316388,-0.4413682209881552,-0.3203464241044574,-3.302910588701153,2.2612321060962484,15.687707055563548,2.377766655180188,0.7940304312280758,4.784940967070321,19.78982720139827,-12.960978185093976,-1.5835682087052387,55.32664978067876,32.23496992641004,-0.7564971221830514,1.2121603523724007,-4.26029620599982,0.13072350914742406
2,2.1696449003374547,1.5691723029854852,-0.18435581337071366,2.3275705826240354,-22.911693505996137,-1.0721704691912854,1.172305157922947,-2.9080816370932014,-1.365328849139585,-5.7304680297856585,0.1492182068010234,-0.785660060476466,-3.720568352259296,-13.89860042949921,11.531971126998055,-0.8645612251158926,-29.550111914268022,0.6420358144255996,-0.05624951555271197,-0.6183099821792042,0.6251869131238323,-1.1830954346424887
2,6.733602881424125,8.591914833400788,0.42778242444978914,8.288356726280147,-123.76364256712866,-0.913326771245779,6.045631361193797,16.10961085546408,-6.531524579067517,-28.503651192579397,-7.7568227310093345,-0.3183034084860945,-3.63999183459714,-75.41499407727186,46.6691890087788,0.21645067971280876,-148.96563960475967,-95.8611854844563,2.9822157605263993,-3.7231180819608967,15.298912929415847,-0.8261121367964139
2,-1.1168383913755622,-0.07514180664177088,1.2335003101899988,7.451317072832122,-36.2717103318461,-1.4013631684038725,2.2593236898204285,3.885708486276237,-3.0444244581380855,-3.7186770986014213,-2.2652770743876403,0.32420480074825947,-1.0760587430419046,-20.2964234156287,13.326867802589947,0.3199428617845682,-57.40909803615928,-22.724176347095373,0.8500895537922893,1.115511807064668,3.716820975180747,0.5593790750351733
2,2.730896967685398,1.178238016378354,0.026418389813302655,1.8236308272183461,-44.72688640093335,0.9015273298937693,1.6750723407585772,3.4648515597257474,-1.1711378526640883,-13.7135859909421,-2.6629486953573958,1.5197480519484927,-1.6843001176177232,-23.603197305909248,15.114154189365602,0.21141300311646413,-49.08854094367407,-17.38125220051384,0.6927739880851885,-0.6925582618404613,4.983548062529433,-0.5987624019044817
2,-2.373113044014946,6.81263941802585,1.0020969615084603,6.793853420422546,-113.90002660489914,-1.472599336939004,6.836997077189294,11.097645523049016,-6.3343234191837965,-6.691407862003397,-6.086661616679597,-0.411002755294371,-1.404614489232192,-67.91578305320417,44.72707485850747,-0.1338187049888276,-133.63367121458802,-67.71806285938139,2.760190331618245,1.2609380397594439,13.006116054457513,0.46615905811468755
2,-1.7435229749596364,3.993414276977276,-0.6149023649930223,-0.5196673460746305,-9.749862652664014,-1.490171237054248,1.6048081009186876,0.42053706594241824,-0.2769459996265634,5.5527999917942665,-0.955400915233476,-1.2117362044716526,2.399356691882569,-9.665617078238208,6.286256511534557,-0.7144004244959417,-7.557570164130417,-5.748181481637933,0.31409302645898063,1.0369687616604304,2.5642411995778,0.17848222540527253
2,4.019410511747515,2.733833191216053,-1.3693793344250496,4.783418910130884,-21.727337652595352,-0.4235935923856272,1.7697633204850913,5.619679106965857,-1.8440073737990563,-10.085725828090185,-1.7868944704326732,-0.4386160589760996,-4.139915166601442,-13.91373872551385,6.87547756394464,-0.9585892624309432,-34.598183873555165,-22.76886062676522,0.2250677479666365,-1.469682058951286,2.9513878671417175,-1.126192800746312
2,0.339905455008968,1.0181461463778403,2.7951795628015863,-2.2552780975562983,-11.57150106932937,-0.1664763829676307,-1.3207347914860978,4.552435447072999,0.4894614251370823,-5.153583905947317,-0.42876514233767293,1.179578920373024,-1.695995175483109,-6.330570956897663,4.069676395581921,0.5656974710666208,-6.4750461408434,-19.999521697587486,0.570153509847577,-0.8553478141157584,1.5484705113649258,-0.5193242069945234
2,-1.6925425005840702,2.185378042562713,-0.3900265238048325,5.804636669752211,-8.25947978325658,-0.24092927567088016,0.6223188963765486,0.8764364857677337,-2.644189764520277,10.986007834974282,-0.8193228304829037,2.143121963270526,-0.8923593794892575,-8.441899184292847,5.097178607530549,-0.24566846398463466,-26.74153946590427,-1.6032262796624837,0.04250707547861324,0.821810025827838,0.6091047519184033,1.7168856225891116
2,-0.8068203070562213,-3.013922602747019,0.497843354500556,0.828597296154446,46.09555049854445,-1.1832303537623214,-2.786488445551433,-8.07112362428083,0.661083056587289,7.902238106624697,4.130686794609165,-0.14032553122233218,-5.76837821738362,25.555376076843206,-14.340386072295495,0.014216875364460988,43.72560517206708,35.13869142827912,-1.169530991724279,0.04751407043401201,-7.8576089280977035,-1.424302122100417
2,0.35786829367663703,-2.0726500842996405,-1.6573501420758665,-2.101670236280776,-12.487933322426567,0.8553098610048582,0.7274739797230956,0.6643326689463868,0.47130516160148755,-5.460509409137563,-0.28439023963864446,-0.8837483374337998,1.3186266745732804,-2.844983179994438,0.46097365715757244,0.8986701236789086,-6.785137705272323,-0.17673810230055167,-0.04151444768648509,-0.8543600920114066,-0.9875530700909902,-1.0110736222486565
2,7.063315867134616,-0.5994864521678627,1.3184129193959107,-2.3061071220231373,2.968233836186955,0.25007573400178024,-0.6477228980734179,0.25587570786494085,1.4847731565928985,-16.177472600039536,0.5428454357904664,-0.03713965682367176,-0.5479617446294482,3.951025275605288,-3.500600961343283,-0.26365607909199357,10.860945144792202,-5.113049200926645,-0.3074259722116293,-2.3350197571468554,-0.16484591994972267,-1.079247204286216
2,-2.837937479018716,-0.243127902493218,1.182347906645363,1.23185475182097,-22.32897214925774,0.18160301342245486,-1.1498441028666577,0.8647509855697155,-0.7008055328253088,0.8524966412069904,-1.2635410413393928,0.8267017380994787,-3.4194709438390225,-11.13808561215884,5.967130047701263,-0.06608795797629384,-24.4678347528922,-7.083032325710621,0.45212838235601616,0.799393149489752,2.212933022501418,0.4756400266689996
2,-2.320904901078384,-5.3672991169731725,-1.9147322719552715,-2.795003931476983,33.77451782545641,0.14369463757950185,-1.2625703433689333,-6.932452499380876,1.8263622134660558,2.230424907538766,3.3178063725933766,-0.4808398346915201,-0.5626252820307387,23.680470301799495,-13.483514396265344,2.0930799274586382,40.97103011150158,33.061685250649006,-0.6468759023460983,1.2983423878039195,-5.65914321302969,-0.6481853872868223
2,2.4095964496336673,1.3228257421156817,-2.0695704510734787,-0.9976467496212231,1.1290948224749593,0.5573758416604265,0.18425029397478243,1.68392656947107,1.1426851309792914,-3.3491014825653735,0.44998622408550054,-0.365925990199953,1.0814263871043444,0.04481015726096673,0.37375535080403727,0.053411987426049135,3.8856291750617094,-4.557126448445814,0.2738055496495015,-2.9023147952555584,-0.7551595454430462,-1.4280356842932356
2,1.6871686612623307,0.381228500384695,2.832214191904832,6.822367927456018,-27.299123976793137,-0.00791859003083689,1.1036620114809579,2.6842018710522026,-3.07253756152197,-6.879002940296325,-1.3704338544076773,0.6552429970663561,-4.690008792594871,-16.925096344271786,10.31955932981664,0.4989597781480983,-47.56274245885514,-25.203935495430965,0.8165821619299032,-0.6041604167284019,3.2197826745449176,0.8478715743035747
2,-0.3119379676087103,0.31244232595481725,-1.155935521674385,8.531674058404487,-120.34232401125485,-0.2810737525143295,4.015684754588234,9.675722629210888,-4.698108558394365,-26.22557666170421,-5.275073133548225,1.0256443399948902,-5.3050724444742405,-61.07271687124831,41.02132316390415,0.9347562083578136,-140.1813232694184,-53.17406127857372,1.6658462035234407,0.3214201396866511,11.902260288167055,-1.8788449911416951
2,1.9644387007024937,7.062734920157319,-1.31631414667805,11.903113700426719,-116.50182962116637,-1.3618642990762309,7.408083647571558,15.320269198674241,-7.5635182077764345,-20.595312769374505,-8.358403061766884,-0.2576984838924925,-2.6185160204776854,-69.95872989098238,44.30937617461389,-0.20770059616613556,-152.0975235934881,-88.13566510418482,2.7441073781119747,-1.3871161678372579,15.783048949214542,0.8754999951146027
2,2.1755537873327127,1.9371015427149991,1.0147173497691404,6.908255567071512,-44.264686866133864,-1.6775684576052339,1.5808471782241433,3.071917674658082,-3.068775115365859,-11.466359636532946,-2.5873397083128737,2.1195493804934835,-5.753384826022908,-25.99175499989784,17.576256901895444,-0.9199451850910876,-63.9246912570073,-19.800173263794264,0.47401409661552435,-0.14355211381930424,5.13680683479208,-0.6136754207050524
2,-2.7722483428655558,-6.285313333064175,2.9850662052360644,-3.979610885970413,42.304174148596395,0.6024592742843902,-3.3746563958189246,-7.545467911727142,3.2345468169735385,7.029913676187782,4.588119682176593,0.14595741932337505,0.8418246073110851,31.453925551680875,-16.82826852126848,0.8044971365239211,58.07502718832909,34.65511279129596,-1.6708708851665537,0.5047776233904135,-6.952863660947968,-0.12732711563741944
2,0.6371046507874751,5.6388361077785065,0.9944173679646322,4.471546298768874,-48.065689857712634,2.014644926001454,1.493715474012167,5.194227428816083,-3.8932832705679306,-1.8309372111403943,-3.052320735930869,1.1141961579335944,-6.473476141867412,-33.61133632294257,21.734392811075793,-0.06779933678244064,-66.33000064831593,-30.42038671046835,1.5186859711357794,0.4865337386450879,5.837851297377139,-0.2884927295297275
2,-3.413576840005287,-0.7942074958545656,0.23272502057658923,4.106280556726273,-54.55381356146179,-2.009496813236063,-0.4498118945030357,4.159399827609444,-1.7971873041090065,-8.733231722514796,-2.267919077112169,-0.47296698948235,-7.906004860144403,-26.04544206400088,19.121893099928844,0.7000876535408163,-63.994697473365505,-25.178786679619883,0.34059749566313496,0.03748008484666919,4.817066839640015,-1.5864472098369762
2,-0.9452427029136441,3.1610458024915817,0.32825193134349784,4.676140378216232,4.158105028800646,1.9263107100147072,0.08727314236581282,2.1360107957632075,-1.9769119415795235,3.4758364809202313,-0.5275446510672565,-0.6803542032325468,-7.720628976484834,-4.351782787164688,3.9498816819940545,-0.9611877113324973,-11.244166879972706,-7.244486710228487,0.369972405569484,0.9808533938811993,0.3335227487027649,-1.618682074248339
2,-5.008606612940152,-5.327175551962196,-0.39600323279602617,-6.766771381179166,30.04866926592499,-0.03451138325998735,-1.0581927596480991,-4.037955381054349,4.208568190124592,4.712507053787867,1.709699503857437,0.6999865924182427,7.114926786907903,25.53721888512766,-17.76305025496252,1.3974215930633738,53.53232525990745,29.25502475687611,-1.1500568722706865,1.6941932137657023,-3.12646319661547,-0.1735648958027617
2,-1.4484593106190482,-5.630165047564163,-1.5693234890988195,0.12201656646444323,24.173877382170623,-2.0385858617186576,-2.049342091964499,-4.436813526315268,0.998430703166752,0.8040816657535312,2.6721797961471996,-2.017709749832089,0.1583292718680557,20.65061808881066,-12.652987948506318,1.0975002676321157,26.267974961825292,17.872725732127133,-1.184221899282651,-0.10850587080126547,-4.496206877937106,0.7776573224836093
2,1.5107605388799663,-9.376793978540872,0.27848544538253206,-12.410491310205249,140.50814646087233,-1.8061796476168868,-4.934337747404988,-15.666392022012484,8.458609583807192,15.41735487036158,8.450364834178604,1.0390765687747547,15.237765292457746,85.42926622265003,-57.216625133493295,2.2930148867367395,175.9384434134002,84.91660715531566,-2.4044395492270785,-1.1878995375761294,-16.50142429151171,1.4863087393273282
2,-1.4546835362144954,6.107593280467976,0.008071858669630994,1.2421958118435978,8.945109997706519,-1.4473088513792876,0.41453056432834934,1.5607097150020401,-0.49636858367440956,15.511619803740432,-0.758726079415513,0.9719557562852146,-2.8320282558710432,-3.6073171921505462,-0.11543379300935079,-2.4706987263233837,5.387465638470024,6.1527036235501225,0.35711204807534525,0.18618991259732223,-0.9694170900847869,-1.3190524587092278
2,1.918474653497337,-0.4635409837705081,1.3391633812247412,4.504605684870424,-10.318929689941362,-0.6658459672994197,2.6565362568584043,3.3057762847565844,-3.273784579900164,-6.5583225380367765,-1.3116258419099087,-0.4693321757742349,0.14120974118621452,-8.864326610136661,4.980144068936866,0.7483680244797295,-28.461834023659723,-23.88685424633869,0.7937631706742317,-0.3876988880819522,2.0298382373166044,0.9492492264469505
2,1.5600307040001973,-6.152717157515347,-0.060984667428553144,-9.44969163627798,80.66290843163391,0.3062726389600566,-3.281945048781069,-8.506981099793324,6.362083053671052,6.42808113474026,5.517132634242635,-0.0075066710228389,5.2278127928928555,52.10998688650686,-34.047248172718604,0.4482095020083233,113.13518686780755,56.61339697580594,-2.0632888669289717,-0.18104209593330217,-12.12057267713847,-1.7611543769039684
2,-0.23811472781968326,4.883305219266442,-0.0603252017853148,8.729509101672773,-77.89520360943615,-0.2283184789128102,5.951554587202637,9.340989104504935,-4.727405707041664,-6.690924093239212,-4.693398155768326,0.7651631407454684,0.9210592201627249,-46.88963193317313,28.807495019339395,0.04499037938455047,-101.88785637690222,-50.88039618602527,1.8846490693590265,-0.22371242097554875,8.813147423641293,0.1834306605949223
2,-0.6807072703454665,2.4586511015385453,-1.5736040525600683,2.386588469917908,-32.38179159738295,1.001028247369874,4.1395135426067915,4.931439680713884,-1.9164376769989477,-3.7491425593510384,-2.603866358680496,1.0733365062606726,6.569372547125146,-20.776935410506525,12.408074757155983,-0.1572170894548715,-38.905207700872694,-22.09595911360632,1.3399288839680221,0.7831706976801909,6.261207452824514,1.444731100775624
2,1.3639396508735295,-6.314455640328859,1.0535004570529711,-4.9494294414508335,-8.861015398327288,2.8570959234825604,-0.9827095225594863,1.81138662851345,1.4565782684307012,-13.207595979505093,0.09486430490497111,0.29927895153147577,3.3202824184948247,5.1656235930016186,-4.803400030982762,2.372937406199974,8.745833483593207,-8.89595985329716,-0.368561537643879,-1.6141797695446367,-0.9614477757344343,0.5962752241534858
2,-7.680577589200591,-3.5838027674365636,-1.735199006258055,0.09980868324480949,-29.12928922727924,-0.21782124936786096,-1.3394788341848014,2.903625874981443,0.19247783261207183,1.7632141398125478,-1.4685579555517236,-0.7615011358661029,-4.918818228076836,-9.024341219760634,6.174362020401021,1.246011187480757,-25.56629547584016,-4.82684353263882,-0.21742075046053383,3.0680614197842186,2.0464884736068036,-0.8202196621909238
2,0.7630908796832591,-0.1355585695047027,0.778929964012694,-6.831003465572382,91.10959643420006,-1.1879311707689875,-1.3886430858834597,-7.058836947674057,3.7247916417612394,17.68579454788213,4.479296728551955,-0.31041002622127517,9.346798308200416,46.33340941636028,-29.69834417472732,-1.9653926672247333,109.63178610998541,48.13289794397969,-1.4191653899959449,-0.08251462574046056,-9.789837634702044,0.2444175490138367
2,4.6702425240623,-0.05784983455824421,0.7277881394396607,0.6808393738822922,-45.31524658381943,-0.96672244521386,2.929900003254162,4.178614538780982,-0.8824844254774429,-17.54199908038,-1.6241376011943882,-0.40336826469914894,0.2466120950553053,-21.560742109224687,13.163140156159157,0.7609966649708961,-45.782832542249984,-25.672972540043975,0.5123975690717444,-2.6306228195559855,2.0716709888197675,-1.4905303350529548
2,-1.3098504489565344,4.517862118975128,0.9711811058323793,0.48507076288659723,-61.47068536905103,1.3451092280712045,-0.08379630942452337,8.444065265538956,-0.4295719462619133,-8.77383495488939,-3.1551763922252207,-1.3705444022478415,-3.871170412404121,-33.0537036149732,20.386396053225354,-0.8350388828175869,-56.713666060872185,-39.176021194340656,0.5244042463960596,0.5100274767993517,8.343324686047715,-1.4294338228361216
2,0.08548169431851572,4.025597014866184,1.6181235943372059,9.65446848030431,-116.90705271364176,-2.051691796755653,4.922089740740948,14.046896868570231,-5.9322699527458225,-18.23366591880511,-7.29455364102746,2.8749088612337985,-4.2692020288275785,-65.48850146215337,40.43183551677865,0.09264487000318977,-143.58029099920753,-73.10830482970484,2.24971693023015,0.663435075087596,14.63769771807436,1.0174976584035464
2,0.2965256677364648,5.071185241840223,-1.6990615041026156,6.990163859353881,-99.91211880021474,-1.404681593729316,5.6313792968065215,9.981271826279915,-4.201592229235946,-15.650141110504824,-5.381756541833773,0.6780517786014945,0.6742262905156529,-56.23653233587992,36.79952588982635,0.4786413317451913,-116.77445668771591,-51.95573302862031,1.8573508768340024,0.07077746374716322,12.07684119714671,0.3468507808762349
2,0.692624525997479,-2.305303514722369,-0.3893768572426814,-2.170431887457172,-12.71294713643877,-0.6660579478671879,-1.655470942429273,2.618582835655253,1.0512543084969055,-9.838916104232906,-1.161114861916701,0.5535892921679669,0.5742137828579893,-2.677619935960997,1.3616502672042898,0.7234287885182279,-6.786152709789146,-9.566124062534183,0.04761272008576621,-0.6928670463020058,2.3959464669834603,1.0981709467241907
2,-1.7274493574627323,2.83732868583684,1.3768254608055999,1.878731832480969,-12.307659395992514,1.4725635965329846,-1.0946462115617932,0.6353673945156012,-0.6049874280579598,8.20399501278566,0.108349334443712,-0.8963963183634511,-3.604625085128131,-8.953162296577778,5.669734749892433,-0.1944307857049648,-17.05956632811153,-4.902445629465942,-0.09291502903562864,0.13619707735210157,0.012222031090992805,-0.3412819493528345
2,3.4109529698755336,7.4242658452678825,1.0612394947604986,6.4838149784266825,-83.67837279968066,-1.4439184008487693,4.94962584300401,6.591572398345773,-4.444544591141171,-18.140458848769594,-4.78736339591957,0.15396151731957855,-3.4475768166375786,-53.54800611597778,35.27157921221296,-0.5333345944780814,-105.38188809059588,-51.9320169363433,2.399081059808236,-1.1794377979300645,11.520751779897026,-1.405657868383731
2,-2.0596877041518042,-5.268536660501705,-0.3192286109279874,2.733831906867487,15.710345700973322,0.4025494786035615,0.4124109231502341,-3.9252956611203804,-0.7794778446391009,1.9780884608402742,2.187175730604339,-2.0965581799478774,-2.5505543607401275,12.774752758456822,-6.6328227141268155,1.5832608228846827,7.362455430402866,13.907472213999833,-0.6456075708811869,1.4804214894240622,-5.066170722336796,-1.1425370032684006
2,1.4661482059604942,-2.7418270648324174,-0.21952332420651985,-5.650975761955774,44.494877734125645,1.1462969260041516,-3.143046528208738,-5.928903030040728,2.751708939090559,0.7237922142606091,2.6361149125629946,-0.9486351531041194,0.04392841390187483,25.99107691546923,-16.489851012815425,0.20662786181283177,58.315693075132074,30.168373388537546,-0.7074816181105099,-0.04606112652218619,-5.81636215201384,-0.6471557165287807
2,5.444177563844155,-0.7402195178470725,-2.6688262649041175,5.574009269226536,-75.0381034513563,0.3711103078277582,0.7022027139514379,7.293524551364754,-1.6426926314429278,-27.95551185180627,-3.0996242400017895,-0.8707185714221247,-7.839848420338901,-35.617105069601784,21.06152296206154,0.6319645288908564,-86.67322708468953,-40.51733508265899,0.28373583895270393,-2.3250500204559024,6.699969524490296,-1.1239016538823912
2,2.2695029785186334,-5.216631568345247,-0.44574995595414596,-2.8490294622781644,62.82762674989999,0.817371183525333,-0.4460494528709142,-9.258917747488468,1.9672855003106684,3.579248677484616,3.397536795753084,0.49004403629095955,8.341042500336627,36.02609510891115,-23.467112456570174,2.304454522450558,68.34819002839554,32.76761148598747,-0.22471838191502158,-1.0672968978458905,-5.861004257112589,2.302070166631485
2,1.367480458550465,1.516249239189041,-0.34138636962020386,-1.6530577357136722,20.496693258267978,1.7401009009386648,0.7973614410836501,-3.3750969542271494,0.5156819393771916,4.352601841326174,0.9249153927295787,0.3927954676869908,2.8122891293083394,8.113846109479576,-5.532812247731745,-0.28086869127486863,24.242693574456826,12.1968504331149,0.0012744703109263487,-0.9161726254236394,-1.7878662856194272,-0.5721440790240272
2,3.071474310324913,-2.5819216869348396,-0.5810487565330305,-4.05617093239314,41.58128200320728,-1.7887481542674104,-1.4223195318225135,-2.9879369909081115,2.1804712300923246,2.1758768245837388,2.1109957740561147,0.08250652875576725,-0.08554549403385715,24.302897078357223,-14.712376617791566,0.21064881572230254,50.8008253929375,22.88398182415172,-0.25072610798203454,-1.1670103437705808,-7.0889311537408,-0.8667672826869869
2,2.492303235224365,8.10022469712074,-0.8258959988104301,3.5092961590419987,-25.92114502700111,-0.7947865678911763,2.282710849129541,4.159266412117852,-2.281515597980459,3.390460273824231,-2.1189800734741686,-0.9359350457921516,-4.852234505305362,-23.722193680409895,16.96950478841495,-3.2914617356806213,-38.78876582195585,-19.08479328217472,0.5599669338791401,-1.0616483583662797,3.906836899150762,-1.2669038295107062
2,3.8962694654428973,-6.14879936699441,-0.9374085957679007,-5.207224877777782,99.52010697498795,-1.4233808064240268,-5.424237829560176,-9.843651678036258,4.348345372207065,7.491703502909257,5.546760276883729,0.2749947838902403,0.08926390914652403,57.49778625153573,-37.1677872930168,0.1231120765562868,114.03284572983169,60.14996906316963,-1.9746335077697625,-1.3381794896194414,-14.358796754834062,-0.8161719375043353
2,4.50500248306115,-7.313715616913711,0.8129859486222306,-2.9918998736204645,63.17790394582944,-1.2376952648295594,-3.4156580465123616,-8.431318065256397,3.7305411043273113,-6.178507662304148,4.544390791877953,-0.03638048285793861,-3.0290546324344443,41.71673334873839,-25.986353188988424,0.8468663413468395,73.80769134511776,38.16855387633804,-1.7975469039994705,-2.758451116677527,-10.040363630710232,-1.325649468477985
2,-2.7549872184520003,-0.5258185769353246,-0.021762734034773384,-4.249978128111975,36.98994642010379,-0.1344290679500095,-2.6143155406665173,-3.088201877527965,3.0102935278336775,11.718697489639272,2.017785117275826,0.023727444104835134,0.6074553461441315,19.66095164662346,-10.603968559336879,0.04870029919279794,46.686084068970054,25.939976551791652,-1.1937947386160181,1.212050668931683,-4.671958180072564,-1.1714096457667937
2,-3.156100466566129,-5.201127225149027,-1.5989883187309488,-3.682068719575518,17.72188099110693,-0.967691929409507,1.0881885209100348,-4.272700729511304,1.2364870697830137,3.0641247632633375,1.9583931745873082,-0.6443973210561904,6.628856416750997,15.527446985445067,-9.047499708470305,2.109182233252317,26.55306571643055,18.10880052648738,0.1231145272805868,0.6479247039011317,-3.2396553816298903,-0.28289182479875785
2,0.6057277006786477,8.712631468414685,-1.8693027363326304,5.153032276304735,-47.12417769647593,-0.664479200929504,3.8299120315980595,5.207033619999402,-3.652417813252183,-2.075779869849327,-4.000810523374457,-0.5655768052752699,-3.4542790635680656,-36.021555335168095,23.321643277363748,-1.9816689370941558,-64.59525909502624,-32.81968233717291,1.6920189009070616,-0.8005038243366003,8.820153631452273,0.014688378220515531
2,-0.30674706401910634,-2.3120851700600284,-0.07939193055460708,-5.242703552616107,61.11014043051278,0.16256115254330986,-0.18650254360063814,-6.228064827943426,2.8861567827274244,11.359030201117928,3.3133115269596396,-1.7807420474453552,7.519848264469089,34.11167907739631,-23.964580104845354,-0.08823229460459181,73.90983886932476,32.30870372559667,-0.8666070500649501,-0.5891581947997623,-7.805255062099374,0.2290868956896608
2,-2.5422006849004997,5.974307469882323,0.5500690074417287,0.4279905708021842,-26.577149862643928,0.7205902721012754,3.9171291136688864,7.405128355818994,-1.6850822847056524,7.101804175920445,-2.6918631905761536,1.0452421418421323,6.1228491113042764,-22.4803148501815,13.874288010221836,-0.9477340696030389,-32.76310429926107,-28.511555756483947,1.3477250213193848,0.8768095985753311,5.678591430508284,0.5632861362114744
2,0.8154108820327989,2.717006289116174,-0.9198871740537405,-0.4110003274793274,-35.35619362011715,-2.2423140028907502,1.2804428122389073,4.309786780226655,-0.5107658136453572,-3.602257069115365,-2.3336437704860713,-1.0845778788125806,3.264400875477727,-19.620031364061976,12.517826309988717,-0.321006413578225,-34.0792249681424,-23.906993800660512,0.4136798602128399,-0.16192301784256288,6.049484875585881,1.812405063921159
2,5.408590520397786,-0.017935418349336048,-1.512449002740844,4.646017117121814,39.465141430407215,-1.201011093959019,-0.25977358770637504,-7.295541127900342,-3.025776985073427,6.386729974488656,2.9416099726323712,-2.1062443320374746,-5.748857045701666,15.269043645320911,-8.154680272551126,-1.5054429845454649,21.292886821248104,21.71769555959654,-0.26015491841627036,-1.9681749942814641,-7.4694034259235735,1.6358826445635002
2,0.9728700627649353,2.13818878081258,-1.6068741890239955,-1.3040177289008554,35.68326755416019,1.6428286058387576,-1.6499100317739988,-1.9734739261931287,0.9057136276789203,8.858113432620797,1.1493696428910456,1.9076553178630722,2.891934896181053,15.160447820278508,-9.999800215744429,-1.9509330205562707,36.611120615216976,18.14993870446759,-0.5238657598516442,-0.7985475620009144,-1.17380918402257,2.242712969536178
2,-3.2108774217731324,6.868220213034368,0.2091772022390156,7.798801208768846,-84.28645685081241,-0.8813567172918307,2.0898615253591193,9.175869977414017,-4.8855681638145,-7.079916927612582,-5.870608674026856,0.1866174962096843,-8.310694927639982,-52.56626240570345,32.875965104056405,-1.2825236401972955,-107.49915491084616,-54.24264472759571,1.6410058451511138,0.3972793617045302,12.619070100276625,-0.5573508417230044
2,1.273255529320245,0.080221100746341,-0.7661256300982087,7.197992564109644,-51.21993158499673,0.6225811582137081,2.5619364799741797,5.957219263131381,-3.647617109903879,-15.84483528464935,-3.12153651235074,-0.9840152285278033,-3.1885520355152366,-28.176259367715506,18.419574813811373,0.809692097447333,-71.51602002872066,-43.91565796716781,1.2175211892299418,-1.1541061248846158,7.392571822963985,0.7271759790225516
2,2.848868375490751,-0.4862691026250403,1.5250352017103188,2.312620133068407,16.84322100842453,0.6624406572016251,0.07113989749245127,-2.4873640036058995,-1.1849060156328282,-1.9915639484484073,1.1676312972159384,0.5084671024106389,-5.496149795186763,7.280071789403311,-4.344516425000328,0.5201858755242904,7.789418581323185,0.3049218507064568,-0.1556409489398103,-1.6088074228147133,-2.395195323434171,-0.4147063439175178
2,-2.9714768012084964,0.534670320011312,2.01356174568307,-0.045129060233995516,17.636379712685258,-1.0007496093127046,-0.6784396141460874,-1.2679467659640162,-1.0501832906606874,10.637981993108998,1.6878377963402036,0.41894820811170347,-7.812323735402255,5.965067130103917,-1.5422478419701575,-0.384215333060401,11.281840008302188,5.819855776018587,0.41186253268501666,0.7869560175205097,-2.5291331831448276,-1.7431202951160456
2,1.8806491089159623,2.5878347714530436,0.5926541052700499,-2.7695522199278995,-4.053986471665079,-1.728835118039138,2.192505116620765,3.70903710955398,0.09397257598464191,-0.7332337280248608,-1.2534414404394223,0.16880554826453054,7.898977220180397,-5.583264093784691,4.433982157327697,-0.5216145075970819,1.0972349699104156,-15.0169505288204,0.7985829718600922,-1.4395843091018428,2.101922215005045,1.4523782111333896
2,-0.20658867333575764,6.160470348796197,1.094798174238569,8.292640828113967,-11.27137370678279,-2.0658201967244874,3.9433161005226642,4.197195904999028,-4.515504901797557,10.541301232267104,-1.6771017589028443,-1.6320437646081047,-0.7708399807501423,-18.372134843171,11.017023253292733,-1.1894117724240636,-43.438582762232706,-24.67888568589625,1.1923291714527238,0.7597072240990654,2.2798500654525435,0.5529637548336721
2,1.5883279894823252,-1.8328514326205474,0.5455143087144622,4.970445280945333,42.10379493336125,0.7077433778540836,-1.0045665754199782,-3.1934553875361966,-1.7007948891147209,3.2560549027613614,2.3345258157111517,0.5305073796371085,-6.444594111213146,18.31455289019459,-9.55445587875986,0.6073990923957511,22.514434399665912,13.714521640606252,-0.09511964015880753,-0.5099087312836305,-6.339521737019566,-0.7407170624266796
2,-0.14924857378086237,-0.70236535878756,0.38851994024688646,-2.8590960401087506,77.17466419586943,-1.0065001260440702,-1.115389775940688,-6.600234644896498,1.4334493558162442,16.224082873983868,4.3497699737740705,2.2054524683158103,2.3931487640308675,38.165634652320286,-23.896621858425664,-0.7215174634650535,79.70008105930751,42.16953911304256,-0.7777214001095124,-0.2621168011525481,-9.119351856194774,0.69361447992243
2,4.424147041692527,0.23987781532289798,-0.6062135901992108,6.17835556991559,-36.51467777693271,0.7734623395235216,2.9067057754534678,4.068537258792619,-4.225154561103517,-15.746397913290163,-1.7363276584079461,-1.3527633627299425,-5.7732730833736765,-22.109235205254496,15.690799638238381,1.3436919755684258,-58.29486907202737,-35.740819616460556,1.0789435612683531,-2.377607818769152,2.3584958641486913,-0.9375114912525142
2,0.74747222058529,-3.323111836107965,-0.9323361919541838,0.8887123662216735,-17.59559756417733,-1.2400193778696171,-0.1686987900474977,-0.5391774275100637,-0.6188443627938423,-9.395067505326342,-0.38560630569437265,0.9618719528649075,-1.985079082519106,-5.500642900739966,3.858428726736941,2.1831133556389477,-19.88389524490666,-2.4202562580364835,0.5972597569660741,-0.23185789080358668,0.3474525653348909,0.3959795597954565
2,-1.5750345644559454,2.290917042729512,2.0400897914429064,4.003771201868096,-17.974407588250518,0.8976140431491213,-0.3557492406768438,3.2951811237764423,-1.6007470208985153,0.25575828474079476,-1.2405826023947144,-0.13717373213245657,-8.238432827806895,-12.023854887584594,8.63635782699307,-0.6132353103043072,-27.038765777611093,-15.485742233087931,0.3040024596712177,-0.21053926635247625,0.5903729266101142,-2.3023578195060765
2,-3.3756599572758703,-2.0381224934606337,-0.30006926237933484,-5.890177066772717,61.4011185971461,2.2756714000109426,-6.232634550330599,-2.695557262881933,4.467583885152856,14.559063996711044,2.1894166926735847,0.25991970443642326,3.4582187032303877,35.20801587787876,-25.049055938237228,-1.5134530734435812,79.73223477008428,31.697228869474827,-1.5484793929775573,0.4903415987342551,-5.133620104206106,2.3759737342107936
2,0.7586207675211344,-2.110923931743415,-0.38332525305395565,-2.0160589332988352,3.409907187796672,0.9102621684134261,-0.3053529571758991,-0.0964434887257936,1.17837160334605,-5.908228776076673,0.07819515893428972,-1.48763822371006,1.5514967867817813,5.814450799160916,-4.413248380225189,0.4076392336367865,10.789835667731783,-2.2782832811396667,-0.31612380618921937,-1.1775978079724603,-0.5130373558803416,-0.04836578865322586
2,-4.465512511075992,1.4646022298051726,2.027478519870486,5.553290385823873,20.879449684161298,-0.5198953917225746,-1.8455230723883862,-2.817964054340626,-1.9211221042485072,20.44189256961027,1.325518783958454,-0.868219863064468,-5.221694646654847,6.539213651842428,-3.405120480623024,-1.1594567492054602,3.5591026699048616,8.350220961816628,-0.22571042878375805,1.9978636794221267,-2.2705888536745347,1.8090265815430047
2,-2.6739236647766127,3.641872706017586,-0.5606494288413431,-0.04421453517288888,3.6669957573429683,-0.34955150497786414,0.38181882960759844,-0.8370473066204164,-0.11539501432010581,9.738614050297947,0.013734543862747238,0.13874908673466285,-1.6534472228892054,-2.8779517847790514,1.691722258965797,-1.2945996347336408,2.234031583617965,5.3876567277650445,-0.052848491785240675,0.6408598991627577,0.47566434012382486,-0.4610498956709183
2,-1.328847916157951,0.1287778370626025,-2.744798928523884,-2.286245759854332,29.356186973051184,-0.5950117447749308,-1.2251758576457756,-2.650737461417883,1.7916116770507327,11.47151300881041,2.013366343510102,-1.2202672030925956,0.751231508568262,14.613827367508863,-8.876557691400969,-0.1764086916716911,34.78501767927301,26.037999819022946,-0.6422600738798951,0.8447252080173842,-5.243616434645149,-0.2456839274691709
2,-5.042211524033253,-1.6794598201193314,-2.0744200028206947,-1.9716202994521006,45.00199711166989,-0.5590307584434476,-4.298028516568561,-7.8620614952772865,2.2642532338996832,20.299804366064826,4.275637997644675,0.3450118291393778,-3.1551637936366346,26.55865187137519,-16.061469726820675,-0.7348283453047838,53.97020602819304,52.146003216549964,-1.3744258837008305,1.8406065411268702,-8.35648037760182,-1.391589140731551
2,-3.042092301365457,-1.8757501056611952,0.5676410347127153,-1.6023553102097843,-58.21566667495835,2.2517387570739453,0.364409078791683,6.97631815240689,0.8014043055480818,-12.91012995431369,-2.7859888626891753,1.532116488444719,1.5825545895319557,-22.970602278332116,13.874033325308934,1.1888746131057129,-46.88242412097801,-27.11683756067644,0.5663700134542472,1.01203550660909,6.459944450044562,-1.3028305825812874
2,0.8993011940225711,2.179722359420346,-0.512144188269698,3.557626073942698,-62.801837224892274,-2.3621186674556656,2.908951583089243,6.128829794532732,-2.2944288549107257,-15.340545041026159,-4.1358265576981355,2.0259517892967516,4.487665144969693,-34.59942849826782,20.85966962644144,0.8401733457542617,-74.3855235873104,-33.25046012651681,1.341432083855837,0.3991723009484405,10.045845568169627,1.5405876321223408
2,1.6748798556402014,-1.45422327816472,0.9621504141398215,-1.2425868081336957,3.3111913292441786,-1.262439672352015,-2.190912284431036,0.6744232646845286,0.9761986253940089,-8.591507070582383,0.2448572388742671,-0.3538022634574447,-0.15566595802728497,4.633399135273915,-1.329556623912978,0.4255699033052921,10.592798515769486,-6.688434929778613,-0.6441028362928279,-0.2657875951234636,0.570521464808653,0.5991456541642266
2,-2.909843884882438,1.9676313830405932,-1.6902830740367545,3.0051032886491544,-27.91610014713274,-2.977956645190527,-0.020130467934859068,0.3928217037880082,-1.6734916610764843,0.25271584755495874,-0.9962759297924453,3.0403694288467147,-6.994668181210275,-17.379584697807434,12.713388900475236,-0.6255136673573514,-37.41150574809593,5.847676340247869,0.5645623469792407,1.222209852696206,2.828597791598995,-1.8645544695182132
2,1.5039229437230988,-2.889286358561276,-1.4141273008800737,-6.2673788351710895,92.33302768985774,0.6300734570505097,-4.818244016670784,-13.02215899787199,4.897911715123592,16.09921624661237,6.936015582600001,-0.6196130136592112,0.9692588441017091,51.554462291757474,-32.03677909973748,-0.6913642138288767,109.39866855868797,71.78393433740362,-2.333852565946559,-0.665322543979392,-14.104516350944277,-1.7671705961055133
2,2.0404012003066163,2.76284894850894,-0.8205883541864782,-2.497145260832909,57.18742404844466,1.274804155088859,-4.073878881665791,-6.253642785843926,2.6656200477229435,9.776097332230902,2.651081312171352,1.1287541412563888,-2.740539307911276,27.571146216244966,-18.907124394111737,-2.2663044393956024,67.45899887591882,40.1942938033574,-1.214655640104038,-1.1391844590995692,-6.104995263162472,-1.4714951817716222
2,0.634609844465482,-5.394181217438476,1.0395552190307382,-6.178002889162184,103.06671354883062,0.5123162027247455,-5.308990314638948,-10.363561769217252,4.944489943365788,20.00807081332478,6.345549916300447,-1.25552630427219,1.4756166387805942,60.04135454625999,-38.39941976172379,0.15866511548002282,122.50138341420764,60.866055920494915,-2.4084636813592746,-0.48459886023284704,-14.756167273331375,0.5818128996026852
2,-1.0526360426148118,1.9796301329762391,1.3397840915565884,3.032747436822557,-56.84505509060644,-1.2653562929488231,2.524566783144526,5.840926878643249,-2.303946836936681,-7.401693571224529,-2.7314915279324925,-0.844416303958712,-0.8759519577563921,-31.029855499754873,21.653782096792927,0.09444743271046757,-64.15424386975907,-38.05338584684318,0.6233582666411998,0.34534986556771996,7.315182968049852,-0.2290236612722647
2,-4.412248932192131,-2.056332093039143,1.9290176664492442,-1.7949510901833488,4.024602783528139,-1.713800920191359,-2.1212010590207377,-2.0281286008632704,1.7692121344752865,8.514468528566718,1.8000242999237688,-1.1471759345706374,-4.364503162072092,6.735996167628975,-3.663852029370396,0.8382555207994764,12.309756383034419,12.736964006773267,-0.7822675986544941,1.7793571499178513,-3.253357784133387,-2.0483289588862093
