,0,1,2,3,4,5,6
1,1.927792249148204,0.8192148023052501,0.47016544515604236,-1.6760331084228106,-1.6128775623337244,0.30367033754311046,1.575268858286956
1,-10.463854263723183,-3.523068415203882,0.3351192207351778,-0.8383936327404246,5.430641561932985,-6.635335808908149,-7.66869672661215
1,-5.885514654969563,-0.495119137308003,0.39796178167804813,1.4567392851269123,-0.1395446081047555,-3.6020883208965273,0.08609553733105388
1,0.11016674035494653,-0.15807174598363521,0.2511026573220025,1.0818771879671605,0.13317929659231315,0.532049106084822,-3.410538060041724
1,6.825742839115052,1.1812790098840011,0.42677632907625906,-2.2637662583073785,1.0055112314341603,2.865238068237589,-1.9014411577641805
1,-4.29390324485904,-1.1599289898727436,-1.9835055875032692,-0.4871130825794773,3.158305702136228,-3.175202760407645,-3.552040558402008
1,-1.4202064603185454,0.4019933435037459,-2.40249223293801,-0.3012594599658745,1.4400735917997787,-0.1094784207394553,-1.408975579484559
1,-2.360025600639029,-1.3704197362286341,-1.6853650497081012,0.6134739229308493,1.2288639757684583,-0.9717299513169345,-0.3763537968051758
1,6.664174800524,0.6879189857412067,0.7108812464845486,2.333887430221487,-3.0690864664877804,3.630478667830675,3.528112195663959
1,0.4679343114889773,0.10223605137663432,-1.3746688764748296,-1.6128498863207479,0.8116906867534963,0.45521108606340605,-0.5805610740941982
1,0.8025717041520732,-0.2718079382247005,1.2206767987283915,0.7057938313816547,2.3187483394241215,0.7555803107636679,-5.467580395230081
1,-0.2619204878141469,0.05239623306782765,-0.29475444973017206,-0.9118605533784807,-0.7777773298440046,0.3269702545311235,-1.4436244919912586
1,3.1706755550217993,0.8841559382525626,-0.3768381579832665,0.6156224683020629,0.5248175993725847,2.1411560129494274,-2.548265824122319
1,-0.769277200538571,-1.115005970275978,0.048570294761798416,0.6688905337992305,1.3266262506706503,-1.4033404128071145,-0.47622226922593935
1,-6.966066125671462,-2.9728297068557388,2.142248663961371,0.6656168141493478,5.026241128682309,-3.800451055267909,-7.192314895326096
1,4.255386471132337,1.539767040288126,1.511203774144836,-1.926389347507447,-0.9982869861739352,2.167932332480686,1.9324185856477258
1,2.4488445001328727,0.7467761493893911,-1.0400054658461444,-2.3564429017316515,-2.776927053145491,2.388314271693819,4.9911188173084025
1,-5.538326712625854,-0.4569295517613823,-0.7028760826768459,2.9646342250292057,3.336359754748599,-2.236845671280386,-5.39026639459556
1,-6.674874061996528,-2.5776319352304475,0.5594769138210135,0.9021172288811359,4.5465434535209255,-3.615264314746588,-4.74045326428453
1,0.4560757532912287,-0.2590778611091096,-0.8677392061606256,-1.2043706693817482,0.02861155570685854,0.09392625751576711,-2.243925068789272
1,-3.33793245388468,-1.7309576996162073,0.582084930626845,-1.0251097862501335,5.348445611936352,-2.5507297910873485,-6.526529270573938
1,-6.803526751601761,-1.6416052383811899,-0.633395896112351,-2.071410998152971,2.6386514405208326,-2.428491429734475,-1.5331828200085278
1,-0.10800176658460943,-1.2788742683053744,-1.2367650298332373,1.0175157145218148,3.8931902701048524,-0.4923232506464213,-4.6579937383455485
1,3.0492984545227473,-0.4426780994884337,-1.637068614286662,-0.6322161984777241,-1.3195962992224008,0.8253775768521074,3.8623073635935095
1,4.28579499110995,1.3345399767206623,0.5545376240020955,1.2806172346183757,-2.0251560401355198,2.280156717506831,1.3161174695377509
1,-2.14866880283108,-0.15572330353254574,0.610374881912879,-2.027733294603525,0.26040116563814286,-1.1182944435848785,-1.4852049710427122
1,-3.601304183813919,-1.5665707473902595,1.1605739077017603,0.25212464048649086,0.7793878632452838,-2.0583708309175446,-1.330505205401823
1,0.27152195012864644,-0.7098355198040612,-0.555447593689639,1.6029434618145473,0.9613094863056859,-0.6088448823156412,-0.6954651993811496
1,-3.9505897251863775,-1.0776709177956194,2.3815830883926945,1.0199796707194324,4.720284191127743,-2.656668066270245,-5.867741661726114
1,-3.0072553622445493,0.5176669023405669,0.9457631546639346,-0.15161426671638148,0.5773941979296102,-1.8306128868554783,-0.46985836851736296
1,-2.671432588829952,-0.38822930954087354,0.22745802690080646,-0.9233374205027406,1.3115213089704425,-1.497682294690334,-2.976757568753491
1,-6.788246455208892,-3.082415318466179,-3.53447549427795,0.04069733747608067,7.0230851017103415,-3.950822851015746,-9.019496869476024
1,-0.021226838691332697,-2.712044102013155,-0.10354068635177938,1.046764350492118,3.2424534683265276,-0.5370248344376702,-3.598120372419446
1,-2.317182915328026,-1.973698512742514,-0.3750381354548325,-1.305844793784352,4.848230743027479,-3.0373160037575895,-4.549538006110345
1,-3.7723232014626467,0.33890845514025936,1.0966219601713714,0.7668423746617784,2.402804406408814,-1.4209309776494055,-1.8543003889463594
1,-2.98275978832931,-0.04493597265614696,-0.06173978923539807,0.0784183340031344,-2.586218185633897,-2.087858276907552,2.3960504971840777
1,0.11803866748099147,0.9992428711678433,-3.359956791453006,1.2666373099733397,-3.274886133488591,0.38919790995898595,2.6384747909523663
1,5.87167568060157,2.1649733177644954,-0.3627975768390085,-0.4913859548082447,0.8283201934356642,2.994350836802525,0.5737685126129964
1,-0.7456477687488257,0.26268358285730653,1.7771203149197425,-1.0134011415943358,1.0850312348021327,-1.2221039432330787,-3.23056625628702
1,-5.071892346597139,-1.2794829677702841,-0.6888163755333896,-0.6887629792433053,0.05858483463770128,-2.924049056566596,2.8883062776357713
1,6.574409112970761,1.0849850991396377,-2.018576661232544,1.5837375132885378,-3.3920278779076227,3.9278960398048426,5.858852763077934
1,6.8047214008200605,3.3020509324240437,1.5055752533808648,0.4731093220698498,-7.030988531223969,3.6706389726808912,12.630286829659156
1,-7.39001669728966,-1.9493283610625056,-0.11670891069060413,-0.9936974317586309,5.1701102012885505,-3.1900081539092366,-9.977802669830831
1,-5.148855316807661,-0.37864223812363884,0.9337830545889978,-1.4696870359981837,0.773878240197579,-2.778117325716184,-0.47658369694101643
1,2.5954150002533356,0.29072513639890124,-0.43282920907140565,-0.4389566749410585,-2.1876454573334367,0.8422927337158399,2.7921756652953955
1,-2.453795113855972,-0.004380647908125146,-0.23829348842551842,-0.0034955570011541075,-1.9747514033401163,-0.44093125317739496,3.2300875074157798
1,0.9487122018579232,0.32817420562834926,-2.2895275026366924,0.515153451574213,1.0902882397838334,0.39077146594613554,-1.9043748607612874
1,-6.253884418705043,-1.7399166198226963,-1.12744905740014,-1.216271059039574,2.856579316696736,-2.2574655097577474,-4.562388696380606
1,-5.887971679585243,-0.46239922418004864,-1.6974875133471865,0.8977072813696976,2.3338533839535724,-3.8188132907442767,-4.177286744800673
1,1.9526953555067328,0.7349356078978448,-2.15506124783893,-3.2804584899467923,-2.7231768109652155,2.3169830588432188,2.9648704632481278
2,-2.9854807305102633,1.606437600744529,1.5731009196815522,-1.4757216320067406,-1.1639666760724632,3.399026623050727,2.375330926815075
2,0.79865899122269,-0.8301898165357873,0.47918593695964695,0.20056336635502314,1.1391465695326148,-0.2234208979495719,-1.0604861174300404
2,-3.4674985363239497,1.2844918203755415,-0.9822377173133687,0.062340521668279955,-2.8549615664573644,3.6997560122752113,2.8229917692252897
2,4.110098299583111,-1.7603422743664383,-1.2002471597787752,0.3805170277091368,5.5966787466116665,-4.45593253604905,-5.619470852824243
2,5.468890704834165,-2.123765258875195,0.6936047135478379,-0.06515140930271708,0.32407911590661465,-5.09583377261315,-1.893377526059579
2,4.385654567764111,-2.1695154748439416,0.3906584747551222,-1.2074284486929863,2.84463060226391,-2.537940258744512,-0.23052491502145459
2,5.0458174883429106,-1.1169624161238474,2.789781302226067,-1.60974254173725,4.523923169524561,-5.847423410458328,-5.575152922367343
2,-6.3156295692281885,0.2573877391633815,-2.5031554533233678,1.4209014607938228,-1.5045245468721413,2.461253906525299,3.048450581976889
2,2.8653246922844335,-0.765284182577059,-0.5861725213953916,0.9129430967358285,1.363635701414548,-2.471604088419775,-2.469549068427822
2,-1.439362769716357,0.27502001294900746,-0.9764733170130029,-0.1571135526190364,-1.4102618570277965,1.6959611676484379,2.024437223875895
2,-2.873739982208214,0.6858154252190686,-2.574510988211043,-1.1228382056261323,2.0963067381228595,2.5410810553375245,-4.477193699643869
2,-0.20159462518444551,1.8376176537791682,-1.0099131702876938,-0.0999476434459257,-2.669770645782302,-0.3596223599200409,3.3746450262790058
2,-0.06770793073018873,-0.8747079770150992,0.29933895157791207,-0.2721042639042267,1.3427963544456372,-1.5265530020286586,-3.9230010920520098
2,0.39484733603622285,0.8055892722036591,-2.1560823385494716,-0.5163531633473141,-1.303049306706345,-1.0939758938088904,0.5398686045476496
2,4.310848994377382,-0.7992831463611277,-0.34104298292085705,2.086766768415091,1.929940570039085,-2.676040870688051,-1.5262344343892804
2,0.35074918603020583,-0.3716860446007092,-0.7587960277490602,1.3879840012858584,2.0204850210041396,0.8866925260465562,-3.392550245422861
2,2.764626904984627,0.22323096826308825,-1.1905279855642097,-0.11811597250417925,1.051696237746953,-1.3957921234256254,-1.615065053951655
2,-3.9256623496986176,1.010157244278403,-0.17234574890368698,0.0448089963073967,-2.2908289614633635,3.951992317986309,3.042677836650442
2,3.194811500280992,-2.5153632839265185,-1.0483712247309167,0.6193365325443843,6.127534916185456,-3.490243642317305,-6.558452876621154
2,-1.8084407307894768,-0.4683397921049103,-0.712809718911493,-0.16856664503625815,-0.8784241914599877,2.3869581866602014,0.892048403991712
2,3.5818341372343365,-0.12224038681085911,0.918616054735408,0.5302076478637673,0.9276339983659696,-1.5591107651051275,-2.128281916933498
2,-2.1440603164959375,1.3296481494181382,-0.5765638433980041,1.0581314972549527,-0.8724175556392889,0.9324039727187737,4.268762663346817
2,-0.3854145994316292,-0.9946420607121803,-1.0243237459539707,0.6146863933943303,3.9412421552863406,0.05535578854800943,-4.352586277678497
2,-2.1663481524901345,1.4810072647274852,0.364239367845563,-2.1556778338218456,-1.120153356016218,1.8506657390657855,2.0286760215999293
2,-0.3406163074531914,0.12844687932678536,0.5482194118524355,0.5855413768810238,-1.013661105784378,-1.251528566175194,-0.532241397329594
2,3.9847055137171754,-2.088509350706098,-1.1918231996395494,-0.08658874457448532,3.2158868791061184,-1.3275617753948163,-3.1633275685856677
2,1.1248001284061189,-0.6094731255213229,0.2593638371168074,1.1825255276503501,1.1331169826829806,-1.065004800764401,-0.8410043087040096
2,1.8357690717593496,-0.33989152389583355,-0.968686101537169,0.04115954072247585,1.3319949795760428,-1.8153361367534475,-2.8407400810679633
2,5.119218823577021,-0.8135064999623207,0.3387039553425249,-1.1799419380399487,2.6514065568722307,-3.360946258899373,-2.8183577810516955
2,1.0251981251570133,0.18424167150393783,-2.3240807765124507,1.6249982587077128,0.6459289278104339,-0.14406501144772205,-0.522941388046445
2,-6.683398449690943,-0.23733667840050626,-1.9857632829953062,-1.5152958338237437,0.842202190897573,3.9824937959024407,-0.26654957830059556
2,-2.490189749698112,1.3707898599550739,-1.3366475132551545,-0.7133268914366042,-2.3414657931298826,3.5647079604060252,2.51700393988963
2,-0.41781350165213443,-0.6349328969670285,-0.11727342110998883,0.28258238398515595,-0.16507699972345835,-1.0097177570691183,0.049143928674930115
2,-5.73119298065415,-0.44998734048144606,-3.535612571880632,0.45837813643927716,0.17261341239846384,3.583721053548453,-1.5692480964790005
2,5.261296902084763,-2.472431043985822,-2.3297705411483993,1.4532668336911363,3.0180937705755038,-3.0005450451869073,-5.686941616201777
2,-6.823779278297153,1.2333394850269592,0.5048070447945779,0.5269044537782627,-2.8315092511434226,4.988338082419052,3.2597990510969805
2,-0.8940438788224169,-0.07601815629186869,-1.146598849980327,-0.7588541086816899,0.5852709908741243,2.564529030770891,0.3361852842527841
2,-3.3821953781057834,1.4103041141959012,-0.05554423558175288,-0.6494741498834712,-1.2888951669096373,0.8252307394144114,0.5495471301074375
2,7.94217297400386,-0.7916991114062076,1.316084074229608,-0.528182186719167,2.6219950431172987,-5.535872266208344,-3.106456439628821
2,-0.467802465454506,0.06041976859594847,3.5816572257686174,-1.7659442491953663,-0.701925581717117,0.49732421861787884,0.429785905336567
2,-1.2697754057986772,-0.6592038683045589,-1.24804415423717,2.5186850365448037,2.471928291451435,-0.05792007122157217,-4.34717186946693
2,-4.256961684790827,1.2084570005964497,1.0406356618140877,-1.0462829932534823,-0.781662637738276,3.0552346959470205,1.9751890388476254
2,2.7660405367367975,-1.0972646498416208,-1.999373653119753,-3.950663413397596,4.060195314128541,-0.9415557257141349,-6.291244447684494
2,2.869872062108282,-0.5606839673686032,1.6273107262126918,0.514770239700298,1.5760537190330504,-2.0927961769361216,-2.140534579555662
2,-1.5422323104189999,0.05705631721337523,-1.6126551800474476,-0.18975031301454653,-1.3196987217016007,-1.4161034355271978,1.7884343956720676
2,1.2223631516509137,-0.7831597224340898,0.433144300452858,-0.6593377747435366,3.1209740728936755,-1.1476301102662951,-4.302475342762944
2,0.574825054264605,0.1841113594644854,-2.1340997642631887,-0.3497083800768631,-0.6763885525464629,-0.5374537580746905,2.507728751130283
2,1.103175909774102,-0.34168026479330016,0.821947019318055,-0.959936072565269,3.042335509275554,-2.5849884455781407,-1.8192421535310803
2,-6.349940884948589,1.28256458034547,-0.3771044811334296,1.1835229730780183,-2.3280755809618157,5.425168351144614,4.070312428209865
2,-4.688403867225142,2.297517027898563,1.3349705093460291,0.5240828361157066,-4.88034302836279,2.6998928267921083,4.805426020800458
2,-2.0883059163879523,0.48203323016285826,-0.9674793329553107,2.3085695838459626,-1.8877203846509343,2.3201527245470204,3.805352084771438
2,1.7943625712350935,-0.09451595077282862,-0.8628346301156972,1.2149620232690486,-0.3873771776928775,-0.6383358542298523,2.2753300611077423
2,-0.171212315150613,-1.9164141312501786,-0.48896991255089534,-0.21678963452849603,2.9967202581855776,0.8106440497170347,-5.5127753057993925
2,-3.5793125827434737,-1.7706632170215257,1.4959683516774986,-1.45188883901625,1.6941328094529209,2.3730123023027887,1.1545364048256852
2,-1.7413174344349958,-2.5831893162802833,0.011337612151413441,-0.9989151168346425,3.5630051670086993,1.852659663176182,-7.01385604965974
2,-1.8369174688372443,-1.1339433203651224,-0.9985997356593901,-1.9082064998109998,-0.25660133612238684,1.7767482683333076,-0.44905033736049266
2,-0.44935728545237164,0.13758259468669243,-0.021858111302118656,-0.16066274014559512,-2.956359905325476,-0.9347504288338505,1.6736083672473843
2,-7.387042901323064,-1.8422107083418142,0.30963704888474275,-1.1136139933756175,3.167782858364225,4.341749216468618,-4.905852128777325
2,-1.5081770982041536,0.13756660228142606,1.8523323174280284,-1.0787789373006336,3.0311222577422114,-0.16016979995283373,-5.152988399885446
2,-1.6930700028609007,-0.1708963545623976,0.014456345346848512,0.815743250500291,-0.8662046812476647,-0.03812836959043708,0.4752900662056395
2,-0.3342018900550228,-0.6294122834788654,4.477369637841628,0.37826123565560993,-0.9796446154440711,0.12145704031501237,0.16447734657826008
2,-1.1124941912970483,-0.8913564301389295,-0.6914730683695437,-0.8220637278783239,-0.16836928081962566,-0.09702237598413233,-0.7845151135911985
2,5.433127172530653,1.5620275210877805,2.3747212178611323,-0.7307177104346071,-0.9593539865202926,-3.890877046955566,2.99972577860477
2,-3.4130305480615775,-0.9793021852450934,-0.022863958527398753,1.3102519126536718,0.8295657052216903,1.0550943286848782,-1.558826666002069
2,-1.8356473740977748,-0.1311387515404645,1.7330540725366292,0.28217211564822375,0.9129467266877844,1.6536756205785024,-1.4513834710672384
2,3.2791566139862076,0.21880138213026534,-1.9262461072793966,0.5201055984200299,-1.079186806703619,-1.3618637038762091,2.5211288202581414
2,0.7742847056008806,1.1334584681653024,0.3789633017482829,1.0633187038352565,0.046815320150897954,-0.9275837893687986,1.6817539515083306
2,1.6683472926694138,3.709575440080947,0.27972555370596464,0.4095273959180593,-2.6436655562009523,-2.622550044388067,3.4844093891009877
2,0.4472209983129792,0.6528781965148637,0.5419323030004604,1.391572491265853,-1.037775442607281,0.2618020178721198,0.86462189389419
2,-2.4017580501951934,1.655653397428157,-2.4361845890127816,-0.8460813903758033,-0.7882458599129207,0.5356578267495369,0.9143704225302236
2,2.6986876549522547,2.006700990833154,-0.4027859626063546,2.79582829301556,-1.1628883462740467,-4.481570655840846,1.3708094901341998
2,-1.7582718207869203,-1.470070368725192,2.742734456590329,0.4297468027799151,0.4233481463340246,0.7658972998878437,-1.3223359401653496
2,1.1628291297882702,1.0012788396932863,-1.0592517474148662,0.23790391174194658,-1.7997823183006778,-0.6499297558416008,1.244386639865435
2,-3.45570935240902,-1.183672447210991,0.4625310266428718,0.03019281048581303,1.5810772328521292,1.658049197336313,-1.4108697018279606
2,-0.11079240931697415,-0.8252255293251745,-0.3318383845694804,0.17236860090419034,2.7774693860639204,-0.6150811978553586,-3.3966759496281136
2,-3.1017362165716786,-0.20461017663754605,-0.2847804002048162,-0.5632046549623618,1.323180661107517,1.1359003583672065,0.2692179104270921
2,0.6577222218563428,0.2833213828280365,-1.3034988940142604,0.9752417852019082,2.319609693696896,0.5092438081813444,-4.249456001109778
2,-1.3774776634867778,0.07074973342317838,0.9502948122187569,-0.11612462146021052,-0.9629703790215369,2.4640425242845834,0.45163035209026103
2,0.8925458410243718,-0.6790037837966522,-1.3787724065430629,-0.4135928459342807,4.462334083719259,0.011866013700389866,-4.513891116173274
2,-3.1403459110912593,-0.7877419820491844,0.8472714160020002,0.8866690836030091,0.4520519854118412,2.6181958273385635,-0.6318092810305199
2,2.294050927974201,-0.08336777653003202,0.09927226076325045,1.364886160765492,-1.9362192026757943,-0.2255799703400857,1.371781374285772
2,-0.4995919317507983,0.9966460875939557,-0.035749571713507566,0.4358713449955448,-1.867587005530469,-0.04048625961896077,4.801350351659232
2,8.127456961999831,2.2806959250855026,1.141354969947258,0.9249129723477331,-2.265588765771304,-4.3320422818273,4.26975501391031
2,0.12702779644258846,-0.4012849692322096,1.0965197535654951,1.0132826518819231,2.62117243472935,-1.8370757479278848,-1.567555636616526
2,-1.3460204954161348,-0.1372260077790476,0.009193225860067716,-0.3715630636735451,-1.5752041927954716,1.3581149677869597,4.541998288211896
2,3.2748317630703,1.598684491798328,0.2727750369392109,0.15291040132847017,-0.49049329659858987,-2.513013638677395,-1.430595743301052
2,-0.9065783258749527,-1.1593727650012888,-0.015540024222447322,0.8796304763740019,-0.6943813816083917,1.1254966227561647,0.25746723763024915
2,1.6127379699986277,1.029566798428643,-0.17146630891363915,-1.084496409407926,-1.40389754444227,-0.4204333604282625,2.3815943081044484
2,-0.9210137330461641,0.574446199934007,0.9658355950346589,-0.9462428719275524,-2.0308541144322354,-0.01185119438524082,3.2878442068240465
2,-0.6818311648196834,-1.5625511423082505,-0.15279855647756024,0.8496128042251313,1.8983739025457989,1.6385193206120041,-2.134268840870711
2,2.6655096709340715,2.039072720471344,0.6093041480633189,-1.5518232687654325,-1.3322220673837337,-1.058371886277026,0.3714755585156453
2,3.7360070070409117,2.2343591579120865,-2.0452135309756576,-3.2101327510596813,-3.2551681213283383,-4.187031998590348,3.2769442492502567
2,-3.1862012786278724,-2.198999782986606,-1.7899346470192807,-2.291794289860533,-0.05120494465728953,1.1350095975770418,-0.17763317053112856
2,2.701000026457825,2.722401346559062,1.908201938894146,-0.30151079480311677,-2.212332611151802,-3.8121023262607254,2.7709909497349927
2,-0.0181431467412759,0.8787906068869982,-2.9888031979420475,-1.1885389535274546,-1.189353291564479,-0.5932089069804267,-1.0279009613843269
2,2.367129773394922,0.7818235071146858,1.8751981922747354,-1.653479982317321,-2.710256712565347,-0.7252331089405086,6.800274662333163
2,-0.18997799664393406,0.5732715095246579,1.6384547014911293,0.43164496329372165,-0.34204535801217817,-0.5395594692082575,-0.5482890064153105
2,-3.7569228330822995,-1.0005240929027566,1.9776931941771034,-0.8865159601134286,-1.043344474346094,2.647729809898416,1.0654073311284007
2,-0.46372025984523635,-1.5571601602887888,1.316986487795681,0.5824094554726233,0.17567255127757922,3.3457326398307226,-1.60191773676904
2,4.282439324893958,3.2128870291561764,-1.1776842188278118,-2.7673016455586286,-3.4477777319939906,-3.1879535499181544,3.7870722945720137
