,0,1,2,3,4,5,6
1,1.3922013759626721,-0.22600242140827237,0.18266822693889195,-0.017137039098011397,0.3633581530490038,-1.5170041910010155,-0.10225491655587868
1,0.3369019558838279,0.004643201139967135,0.7160325284753708,-0.4905543673966098,0.6602945431061831,-0.6461693064231089,0.9216773703653972
1,-0.4848564070609039,0.822706593934595,1.9713671736595473,0.4090333033913538,0.22920771240918256,0.41117477525860124,-0.2742134497737884
1,0.3474796267154111,-2.4894816987930124,-1.9582497929427625,-2.770614152941366,-0.6037900138888255,0.6140618901195145,-0.17658210406501806
1,-1.5562658547004415,-0.08736472726727565,1.0628697937173461,0.9691961373624929,-1.2534974213681285,0.9565611120886698,-1.2276292671569191
1,0.3414127186606829,-0.4606486142002163,-1.02661613645818,-0.8949250901422606,-1.1741998002857366,-0.28794588644767727,0.6294171939622963
1,-1.558568599817777,0.38456832027818477,-1.512190383560348,-0.517168605802556,2.51323422196035,0.3602520269215366,1.757729973716774
1,-1.925857038528599,0.4147951599437276,-2.9402058732488863,-0.12153841021014272,-0.35883038365451797,0.3110250308057057,-0.08745693686040978
1,1.3057574835916126,0.1016215515235322,-0.5847083449751336,0.58210240722898,0.4462396768419059,-1.390981905574677,0.4814969014006748
1,-3.2723083573755662,2.5236887137169073,0.895741511456693,0.13415218424096628,0.09963708887971888,1.0712880772204492,-2.9352694368881465
1,-1.2650673916058186,-1.1431803564939838,-0.14468935378617487,1.7774539306563084,-1.1630509377248301,-2.2574092276872615,0.9515515579143701
1,-0.23250776553410016,-0.8108268847284605,-1.2194604532714952,0.5926676689344781,1.2962908380220464,-1.599385558226731,0.16874834095305424
1,1.7351157706914242,0.9325850578872593,-0.6231428544730153,0.6289241019073364,0.3506645564848187,-0.44542549070673,0.9420803713085553
1,0.13483254545039297,-1.005757976192512,0.1246038657573592,2.2343077614560025,-0.948997641324715,1.8781131814018968,0.9780379824510744
1,-0.5391210329277432,1.545974683555104,0.8918953528789305,1.7254370856616732,-1.9891057179385645,-0.5386561451750178,0.9981333902623442
1,-0.2472913869786578,-0.9709963759986933,-1.3103377812401105,-0.9093940373434156,1.6114406194185773,-1.6829325603798448,-0.5186623905147854
1,-1.9159433484325292,0.4773175450298913,0.28963783723564734,1.415251771190651,-1.5165055984484224,2.416046549530821,0.7160284229819447
1,-0.2174638715460891,-1.944831677651813,2.382329309137757,-1.5241075664994859,0.8233569408851635,-0.2954178243082699,-0.7778314662727837
1,-0.26509094140411343,-0.9096341111306587,-2.0164286943454126,0.6334102251986319,-1.3253792606231642,-1.7563522324880443,1.441453951041239
1,-1.2293134019771896,0.2681992789952573,-0.019732498549500765,-1.6476781571097951,-0.8692978914045705,-0.1385742111171464,0.5334939083112147
1,1.1921902763882755,0.2698395949230444,-0.7354537312083,-0.3510649987650073,0.1792707318580874,0.05507302616881449,-2.080911174317896
1,3.012260832553279,0.21437546882143033,-1.0796699376595205,-0.3336292058387776,1.438678125499133,-0.03999794923889076,2.1213576415005493
1,-1.0662521956149542,-1.6268907851879002,-0.5439535449627255,0.6248502141892105,-1.056042764072354,-1.992555467026471,-0.06156900606738269
1,-1.3649229794809563,2.593244631527755,-1.0153913194716297,1.0751323771906787,0.1340100443398737,1.6443433936833962,0.7155170396481823
1,0.6323004820691255,-0.6778747255990103,1.865350955059119,0.2063762518268371,0.540279288187453,1.0380599697681636,-3.221457843070847
1,-0.34185883146489754,-1.0729965182713355,0.582366656195493,2.8559144186211682,-0.8251622992845828,0.8074700486980269,0.8486245231913763
1,-1.1585966441311735,-1.858264186810046,1.2713617058725633,1.228369576214936,0.3519528639578349,1.5085417022132992,-2.0998853837994624
1,0.6847826979959329,0.8459326005765865,0.2112467565565918,0.15038614376322362,-1.5119076485944316,1.9926723815141392,-0.6397475277418458
1,-0.27879913962424413,0.44527852839067417,-0.2462801008859324,0.012753154199586808,1.0527743577554163,-0.5810219554225626,-0.10694130900155494
1,-0.8576479976353293,-1.8818184839653698,-0.7791176815105546,-0.8686195020510652,2.453233173423243,1.5791480267752478,0.8968128468438752
1,0.9760187120325026,-1.3902953154411342,-1.758340910921885,-0.13095777110201995,0.33786505753968393,-0.924611574940875,0.38011845792751886
1,-0.24482835501241312,-1.9684561967843566,-0.2520965305186612,-0.49521122222551556,1.3251634576712394,-1.7804795142681205,-0.3879767474062602
1,0.31722369441384973,-1.0326150922038018,0.8719448303898992,-0.0472217311075436,-0.40759157225916653,-0.13300093041594643,-0.29724912708055656
1,2.0076303450028004,1.371431623004005,-2.5185042050919355,2.718481680636726,2.8209798367316785,1.9065857993891338,2.213898339925821
1,-0.14134370108788757,0.8968520587299691,-0.5374813574669788,-1.911713928178854,1.3217209484783459,2.243691886150502,-0.8265053285813768
1,1.8619401817259515,-1.351200743324844,-1.5368876140633358,-0.33930129431029943,0.848471943576127,0.1389217369254636,-1.6078252926200438
1,0.19139102212951173,-0.9142823545116643,-0.49981971984825546,0.8008842703762233,-1.1421478317907445,-1.363325664552086,0.056650267838600096
1,2.975919579972271,-1.798616275344419,0.1663450047745598,-0.5082865337222124,-0.07107314742619374,-1.562396703636959,1.414868746827667
1,0.5948921884664469,-0.05595804610029653,0.9582311684756966,0.16460778795778308,0.1752098987941634,-1.3384663527639802,-0.202128147953207
1,-0.6415652129799087,-1.2768697873941093,2.743702919079465,-2.5710033964641275,1.7852012109591293,-0.5041841912062948,-0.5619817002720081
1,-0.6012096751195966,2.703716957832554,-0.13288277401023915,-0.6628597853889074,0.1945839422840648,2.240174826611193,-0.401878051827562
1,-0.7090743983604169,-1.808067371693205,1.1047817280555499,-1.4662724595744594,-1.2374976230667725,-0.9038933376777132,-0.6090638175908852
1,-1.213883329121717,2.085413942827355,0.44963059644564013,-1.4186013084416376,0.5833146942890791,-0.8691917723909743,0.06514772659018425
1,2.3922236833087585,-1.1826202639462422,1.6761065688658472,-1.7104119631792,-0.7264100140133803,1.2126570839433937,0.1342264152056531
1,-0.3340539575016809,-0.3458311545818998,-2.4228364799399262,-1.2569425899350408,-1.1578783332595521,-1.7383510289952278,1.479109651221197
1,-0.23803729695318782,-1.3377739671459707,1.7955995444177488,2.6796591211410954,-0.6607673655123569,1.644746536407561,0.13348448637477922
1,0.6621029047049798,0.02052898274807269,1.7174979801445178,1.6936693518089392,-0.9140438832596067,-0.2532061293778387,-0.5824064175798812
1,0.5264563111420995,-0.41051790286480605,1.8568001451464906,0.22663792196167912,0.23625583672374995,2.0625362319161966,0.4224458131062756
1,0.027359657589479468,-1.2470248567495907,-0.5258564456263544,-0.10767380539257754,0.3827197194725121,1.3497749825170517,-0.8930398124150645
1,-1.3211469548253645,0.19102821782125778,-1.0255650383300723,-1.0053736501196868,-0.2561155497969433,-0.6939489698147958,1.9370178075512434
1,1.3915556468737136,0.946028927619501,0.4374511164770903,-0.04158788621608818,-0.918118159093831,1.3373555101856318,-0.267507306299417
1,0.2597204658549542,-3.039957146868942,-0.33880802837969703,1.8655999751947112,1.8834341837930393,1.1729065927092166,0.04989269306213645
1,-0.9644337463563902,-1.7248991539001066,0.0328514463997589,-1.5279250580076136,-0.1907989193854937,-2.1890255454220577,-0.9862402880269149
1,1.6155954762382816,-1.8119634904221198,1.8025014609612369,1.421141308515634,-0.15654802114796906,0.02684823888843413,-0.10053189399143914
1,0.7344691056969881,0.8570712347870727,2.449595971653974,-0.7370547437989464,0.10389779189857204,1.590884669117468,-0.9750621830623752
1,-0.8046569606138676,-1.460947004556774,0.4410960886143772,-1.9277739162629666,-0.24267750328247492,1.1806063313850994,0.7351830774898509
1,1.0325173092424074,0.5013028928583685,-1.0971200309074844,-0.8422862502942596,0.7435618717275426,-0.7095046664226355,0.5938765020511754
1,-0.12916971491077572,-1.704313448915922,0.1373951217891658,0.7842480779524649,0.47335688544497934,1.2720445418635244,-0.054862218499992454
1,0.3368099429324329,0.5170159134395519,-1.128341283794051,-0.2097532401080443,-0.5522164870757299,-0.5455378707148357,-1.008832737082742
1,-1.1009312837578247,0.5753646819736038,3.2057265145828464,0.13961046804526456,0.5000888957670184,0.6610284900494049,-0.9509226161199533
1,0.2696500751263051,0.38267136760502896,-1.562015797005078,-1.1669321819651257,0.9926449598472616,-1.8828623455898192,-0.7517987226244361
1,1.9721120003142767,-0.3412218310625892,0.2535426789943549,-2.481819764189608,0.43174016447888763,-1.2776629004565505,-0.17117476002981166
1,0.32966632855468686,0.5310636533930173,2.992051834388488,-1.2929117735919284,-1.3755359499808455,0.6373824509374197,-1.9662543982387328
1,1.3860192920155647,0.1249442356961766,-0.7717316240624209,-1.9518152440282373,0.8918735919353372,-1.5344689554800053,0.42436030847569
1,0.22375118050216666,1.510993320902546,0.35181228007080795,0.40349307930091216,0.9091472465537536,3.7928677750314383,-0.3106489129912797
1,-0.9012937302236587,0.3520502639708267,0.866115482931924,0.14368090370622916,1.5697011760607282,0.41964471900054123,-0.8757437742884562
1,2.526157603530857,-0.22818345469839812,-0.0329693328016763,-0.8719420718561721,1.6775910939913712,0.9975293884526311,-0.22398803496792813
1,2.650281069774631,-0.09011369349896138,-0.9197885849880771,0.9904621277690526,-0.9188324806726735,-0.23646065258227228,-1.4640708501267272
1,1.244993976174896,-0.28325319776528074,-1.1080218121475447,-0.21335513172184145,-0.9360432026179009,-0.45784093138412874,-0.928346927821061
1,2.353384229794116,0.363234440528284,2.2254783370246347,0.13233676229823665,-0.8365332225992045,0.2607505292696781,-1.5156013957053247
1,0.7160034993107819,-0.8279236849339098,-0.38359914319539135,0.42708139112833804,0.8927161161086552,0.8110856983469743,0.29424234686482714
1,1.9863714094307903,-0.3608374637855531,-0.03242483099985374,0.06598958640053831,1.9210987167561804,0.7633348146382569,-0.5472925348505498
1,1.3508795682419408,1.367099994684759,3.513521125100902,0.6245153374018227,-1.4302796112056493,1.5779872579904444,-1.8129707030502384
1,0.26048434626705846,1.4845585691629688,2.039466433476038,0.27663700221392334,-1.815751412661444,2.9461082229135007,0.2543255341384605
1,0.9893611405275284,-1.059497653689972,1.5888105847798675,-0.9687713932457018,1.244196132618759,0.5327165366062522,-0.6311631516148961
1,-0.6178711592375404,0.7525052876987316,-1.3955302243525016,-1.5094334429615865,-0.0322549262584755,-1.1090367797987142,2.7934010091945884
1,0.597756436277684,-1.0346875879028166,-4.213440174938889,0.5716456919511816,0.4356586717617459,0.04239179962149686,-0.41808580530442147
1,-2.627757911631905,1.9719075625469835,-1.3752451176150342,0.09848755700773086,-2.680928602560293,0.4874473080100339,-1.4750400918281197
1,-0.04557499735380384,1.2142741821462093,1.3116207793700756,1.4992159289597096,-2.1445719918640225,2.121166833881447,-1.0783875226550106
1,0.6422803222255093,0.8843851093804467,-1.6255691829056163,0.18564272150476507,0.446960993476122,0.9549190621069097,-0.6926622852754881
1,-0.14070665703389126,-0.921091706285613,0.16127925004392984,1.074221620480896,-0.10815984572172167,-2.4007834175288076,-0.4394542790898741
1,-1.4408108088639384,0.5827189380352562,0.03556957659027632,0.16215635559741504,-3.863184159243584,-1.1621065207029055,-1.058941911457078
1,-0.21649231972303798,-0.33033436844447706,-2.299609975202391,-1.0583435918199207,-0.570082111905632,-1.5126086242705366,0.39970569426987346
1,1.08014138160478,-1.0327200724654582,-0.5992947776857551,0.6133811973174372,2.1599421886349304,0.22584219335411898,-0.6549375274728577
1,-2.0754527840560737,1.5513938862540528,2.559227606319716,1.663103871248066,-1.651421043002111,-0.06265669112822425,-1.5870078407834503
1,-1.8325363789811866,0.3679310555743668,2.6763782294058225,1.0972285179022236,-0.5769168552880767,-0.8847699707295784,-1.3071347392653383
1,1.640528057397563,1.3520943743322302,-0.9871373139525622,0.25876465336872384,0.1678479649728903,-0.01121821400176426,2.342974678920418
1,-0.17701437585228222,0.14532788602829483,1.0887214373130902,0.12489186334241698,1.0714982091766558,2.0503997695901273,-3.1428375787202256
1,-1.1374865824714733,-0.8880379648604275,-0.24304910812234798,-0.91337544270019,0.22526966557827643,-1.7028523430705453,1.219094405787002
1,-0.9750373863498991,-0.7739310360581733,2.6507997852926795,-1.5153441566216714,-1.4267129949383228,-1.0333645529952584,-0.069517265731457
1,0.8020873375438895,-0.41080017004682357,2.9340311758009796,-1.0270588504552025,-1.8701281978104733,-1.794266292729775,-0.5024947053734619
1,-1.2223599481446918,-2.551915525601426,0.48823356144648733,0.36810176684765183,0.2666345840264296,-1.1234950183367396,-0.12304046337455814
1,0.07077970819226304,0.23645508209293867,0.43702630950266186,-0.1376419583892102,2.9998300094313013,0.3893611702398226,0.24466159628754328
1,-1.0330580813422854,0.004557557947549973,-0.2013370088332766,1.3879713998733272,-0.817798731411084,-0.4506378711658443,0.6982346144124489
1,0.1488835356051256,1.5546605365648865,0.12117083977077625,0.2873227360148527,-0.7555123187806878,-0.2645444434672083,1.240990545446812
1,0.09395996386728352,1.0216727287725327,-0.4265125608999505,-0.8807636114249466,-0.8242186527274267,-0.11897207685003092,-0.19007826472253814
1,-1.7053551697991907,-0.6997576297128315,3.3964623181780764,2.5432475401909573,-1.717080788734487,0.5028666432615118,-1.2668109348322423
1,-0.6948761296159857,1.7939864825436551,0.06548908150654667,0.8363012111612138,-0.45329167701492523,2.6095731800655817,-0.5508943109550092
1,-0.9778486618799647,-0.9950737969347458,1.734874095493647,-1.0288055192307386,-0.24279086382565127,0.7192659630825061,-1.0108761856927728
1,3.3019512394745383,-0.5119641093711325,3.5603152235180047,-0.7382595568219074,-0.7404493470182911,-1.7804387719097405,-0.8609403478453224
1,-0.1905703511633661,0.2782936268893572,1.5911584238724976,1.2033316296840804,-1.480865940166808,1.1259676576401543,-0.5577797115955023
1,0.5481471247524534,1.0803634632363859,-0.3516899191832409,0.2905302909221409,1.4411739580054306,1.4420202417481442,-0.22390386186432543
1,0.017066418968744137,-0.7996166204192744,1.2618203322586377,1.0405216458250472,-0.3700555609483596,0.9324885945458087,0.49410450340993184
1,2.2142181030729464,0.5717152328629029,1.1484250058693313,1.413653292451853,-0.35342063276352387,-1.0402301408207044,-1.4588012115034719
1,-0.19966388119417416,1.4867333868936288,-1.1020910113403748,1.6988689900913119,0.865868535328153,2.934506343667323,-0.2598837142994119
1,-0.024917620475142753,-0.21741952638883932,-0.48469714325850943,-1.1436427104634537,0.34021600978849487,-1.13694125903993,-1.2699156983060527
1,-0.37506790351423663,-0.558168649955543,1.8031445061602145,-1.4891808245356575,-2.066230701154454,-0.294053486659147,-2.416359562045277
1,1.352149950996693,-2.4373365504862057,1.2674896229466974,-1.0264703342299146,0.4549628758982378,-1.4156713541185981,-0.18714501774870942
1,0.41992941062909994,-0.5455270137749348,-0.6060244117164064,-0.6970696590179266,2.503890164363762,-0.31217918256251365,-0.09416139268498251
1,0.6884172030571024,1.437171674167085,-1.0305905031369482,-0.31086484690911753,-0.14553483271119314,-3.3779943343549164,0.25385403281733204
1,0.7243725212428274,-0.3971838792969295,0.9251933232726386,-0.6537903090203404,-0.26942101205391766,1.2694781752500306,0.48299547383737906
1,1.3531018306139804,-0.778344118986743,-2.0694515580490807,0.43662950843437875,-0.7148983107386786,-1.8480336261359929,1.6491954748798046
1,0.14939848723036836,-1.7341401586153298,2.4317528612934285,-1.5286408921948473,0.4992812881890138,-1.0478896933979045,-0.5950893322328128
1,-1.1191199095735296,0.14182603551702294,-0.16662976791919687,-1.3892259344647178,-0.5325641594702304,0.20840428206435138,0.5876779561862113
1,-2.4623912642400367,0.005249030711056812,1.4525293177776464,0.015854958442631795,0.1437930113640337,-1.401369387650503,-2.2407508472331408
1,0.11764253410025241,-0.018386557385167146,-0.10230453077899065,-1.0624815854239071,0.5261909033087546,-3.7069500961031006,-1.6047950170359482
1,-0.00502265459043628,0.4967554055862624,0.002023642367404682,-0.12425864590549729,0.12472445148128573,-1.234634542803109,-0.8833502845846208
1,-0.09463899104608245,0.48924172181119996,0.17027523851592724,1.2543369036070877,0.6351860004916127,0.8788434407605031,-1.5418170800948623
1,-1.4131204449533268,-0.22560875620462412,-0.4420698149540811,-0.5838869938950282,1.218113708341735,-2.738292735418595,-0.4399330345655793
1,-0.8608481767589309,2.1704515878275,-2.4299591950872177,0.3908036964636064,1.1394118488403535,0.48229759362345176,0.5501369447301346
1,0.368003515957678,-2.0423933884123895,1.4184603778957374,0.11752896924726791,-0.2994386191290918,-1.8475264426312417,-1.5376330529014732
1,0.5866752192319195,0.9364904975447075,1.6437332601702723,0.0808054629642666,-1.0843744742421642,-2.7224772097728422,-2.587064223362258
1,-2.2829453620913185,0.6711564124084095,1.146517633752279,-0.120854999170173,0.6108316136645551,-0.7297624182398714,-1.4941353991350834
1,0.21898482027972316,1.1926053834418693,-1.4760718167229983,0.14501007909361702,0.2853783587153295,1.9784286464718863,0.6655618018155283
1,1.021192235104971,0.19439786179335883,-0.3464167516699026,0.4967097079470751,1.928610772876106,-0.24288331161824261,0.010431360304913415
1,-0.599342283832215,-1.0519911510003135,-2.9140733505475374,-1.521143431636212,-2.1719241974910077,-4.563955004265273,-0.37397197671392457
1,-0.16646694519794994,1.7112922572488576,-0.869836619500352,0.7637890516570812,-1.6097315397904595,1.362015419330643,1.4098897967742396
1,0.7003425716235233,1.2412840891745744,3.7300140308816983,-2.0081873864329567,-0.3633546822860811,2.583564953952904,-1.556445607927432
1,-0.2837254382136471,1.2206597176725806,1.0637371667374393,-0.5653564404582211,0.586582338651841,-1.643438831984108,0.1336190508246547
1,-1.4855599797124346,0.012426419488801854,-1.3620390583042878,0.13020945539147996,2.5589953736463498,-1.0079964837854871,-1.0786313192188541
1,1.2124033226312487,-2.1713574899696866,0.02834828938003309,-0.3517297192337504,0.2538193576553698,-2.3057321006004337,0.27632428811116605
1,1.8384943310991888,0.3458239820166543,-3.100245641399387,-0.9266707715294149,-0.43236757164875617,-1.9166288362643527,0.7008057848800061
1,0.34106487702842736,-0.692759660315539,0.07303672181263729,-1.0526058471586113,-0.39366384262749776,-0.88217585175002,0.941787640335127
1,-0.9856608078754582,-1.7936962902131892,0.20579963428221915,-0.8411574879537761,0.203538231466858,-3.125400460331321,-0.8608963045355295
1,-0.18651714113649778,-0.08838375185979325,-0.01493623001759889,1.1793784778981966,-1.1616856781278002,0.49011837176575535,-1.0658979848728212
1,1.2549697709286574,-0.869187215703244,-1.0256157641156842,-0.7287405658684141,-0.19368386395372106,-0.7732331028986124,2.1445212137567866
1,-2.419899460545028,-0.11698962005608851,-0.9724973402932814,0.2832110942527948,0.4327562025230795,0.6509522830885663,1.3858498501877972
1,1.8758537820667365,0.18590974656905024,1.8089930579576539,-0.8141326800741504,-0.8150500692717276,-0.7317244341404006,-0.28462337850393704
1,1.0565541942773673,0.9378726373491533,1.376643506485721,-1.2317758663555658,1.8065258002054803,-1.751288206447466,-0.697462872148713
1,1.0674537144006189,-0.39130962350838006,1.1100485911650158,-1.0520712768960299,1.9897368036049836,-0.23985482987789164,-1.7453314088357812
1,0.1331376913391502,0.6845477262282694,-0.8979217114007884,-1.5760276487789446,-1.282597133107631,-1.9423183865955789,1.9120549394962765
1,0.614136484047266,-0.4326320367139132,-2.2459354728481276,1.1287310025982573,2.412331416831653,0.09270996227801355,0.893384387325617
1,0.2629605827174488,1.130062009171637,-2.9151454949225046,-1.37352226252427,-0.17281329457115488,-2.0461693876855542,4.184335367450149
1,2.07180218273901,0.6800748144078796,2.0190773563538795,0.23833004657611098,3.230258402788262,2.33725732457037,-1.8042167332557275
1,-1.0402226819481788,-1.1969225751781587,-1.024642299605687,2.940346656892746,1.4577223402028308,-2.6307513045745,-0.811685308156033
1,-1.8830237762337123,0.5550279816212624,-1.4163442146148288,-0.44189373121718084,0.6734563287099218,0.3843770712175004,-0.12034526708305018
1,-0.654152116795848,0.12101875609675122,-1.0340558767158778,-0.9635767733249154,-1.2905369710277412,-0.0319608112937092,-0.4539779953233557
1,0.3592798833524226,0.802730632181508,-3.346110662260071,-0.412904101459329,-1.3444958249023544,-0.5515162472862657,1.5527074352188377
1,0.6825043840463326,1.0845628985894664,-2.628513052277936,1.715017876406439,-1.7463935523702858,-1.1178677171061335,2.1857599756050727
1,-1.0665450045708942,0.5920982397521669,-0.7979119049129746,0.11723247498860512,-0.4250496386027157,-0.6046968328378164,3.0436863187932346
1,2.401356256521591,0.6430191127519509,-1.355932035234698,2.0086207521243966,0.49088791772240864,-0.2269496779933119,2.30751620947352
1,0.9156958420793349,-3.6523268749710036,-1.1766562172003436,0.7525304941545767,0.5859077084085971,-1.358886209364154,-1.3280383553700696
1,0.47249043914392996,-1.6473561126855434,0.7861078783938249,2.2949598069479835,-2.4901621069280186,1.9289290001916075,-1.4230927998302514
1,0.17291773111167602,-1.195887712701749,0.15786909339102997,0.3091683683138765,-0.7680842447486926,-1.282838379850427,0.8466587137519388
1,0.08595149157150755,1.5183524656050473,-0.2432086053248652,0.3859713610442209,1.3230765326821157,0.3899256361512187,-0.36773226924813274
1,-0.9188040690355478,0.3976499862079277,-3.136171933138907,-0.801708920203579,-0.04312091410475109,-0.7900255548432548,2.7558350841601693
1,-0.6627482531247112,-1.8653438559847482,-0.8508332896229653,3.87825733883446,1.4442792562460567,1.2151067281732695,0.09526202134120065
1,1.2144073239434052,1.2980882314052602,2.4506066392793593,-0.9641584106627048,-2.3124933492186006,1.8515649882018357,0.11083107416323784
1,-0.6419692518600131,1.513999382957915,-0.5497532477859761,0.5420203927612872,-0.655834844817368,-0.7694528697703312,0.4201928669894159
1,0.6732882496000645,0.3318475517760975,-0.038618575409761324,2.6693361697531115,2.528294766726582,-1.6482706906835838,-2.127731573852619
1,0.35368310783364065,1.2171206394119347,0.5001488044361703,-0.7945789605446207,0.05196751041256352,-0.8053242947491328,-0.22532914671703122
1,0.3967333279715607,-1.5418740222004887,-0.019263749835650212,-3.112206537039004,1.4951915659758932,-2.3380022440703074,3.7950542705112076
1,2.9335552350160654,-0.5740071203689944,0.667956626357636,1.6074662464052079,0.7293858868303312,1.4758771094934,-0.3835601529773485
1,2.9927319574654887,2.185876618131909,0.8662762054677714,-0.575609893137777,0.6850171371628383,-0.5226676320978156,-0.8580117349362242
1,-0.23833430169754755,0.45579890426254066,0.7339568983008853,2.225420438561707,-0.549730356054555,2.172624899671408,1.1983942638349658
1,0.799377480682308,0.8757484398252093,0.8963633540855481,-0.5705838395895934,-0.4142124028790335,-0.836248611810305,2.1309242291619133
1,0.3597431117914664,2.207705958794677,-0.3388381566729071,0.4691998555946296,0.5018878124352396,1.4586443223736323,1.1445692868014996
1,-0.8082110981587035,-0.6169734906839007,-3.1197466941379837,-0.8248289180059165,0.9829367079291764,-1.9973391935875846,2.829791600844811
1,-1.0893175178061014,0.7173290269555193,-0.4547888788281981,2.2701124807363136,-2.6427234336508096,-0.07847774761231896,1.0661226836743602
1,0.09885511762494868,1.6897540373228612,0.8370872133743161,-0.24127231956461645,0.5834329180037555,2.2235038287818467,2.322349185691489
1,-1.0203745617119004,0.20820409422851005,-0.010204237487261236,-0.6722928420766043,-1.2724905429980755,-1.310070573489936,0.8359173611501869
1,1.392768473049769,-0.36833417227426624,0.12802368987670232,0.4084604587047237,0.7143399847068478,-1.5940856581938248,-1.8547733554214116
1,0.1845968490947768,-2.446905093807189,0.4991243850588378,0.6244047549935692,-1.0476712021113757,-1.1173545488935857,0.49650553685893656
1,-2.4649595937176962,-0.6765254236492688,1.909211329512148,0.20780778174025788,0.08570686814483207,1.9274107841563337,-0.7322491513030811
1,0.27016359810212753,-0.8811777803415146,0.7856036110485531,-1.1294974381477831,-0.7807199826142736,-2.3054080388264646,1.1099893614105198
1,-0.839887430643164,1.0591911474770281,2.130790267000832,-1.1837857749922938,-0.6512593791436123,0.8779643990631965,0.8460105404598395
1,0.11228683657047493,-0.9467272975351421,0.28116198482627774,-0.4290035932893646,-2.343698104434881,-1.1626060418029327,0.546842370669805
1,-0.42723321032781103,-0.6010850466929449,1.4318376216894257,-0.8680734325684568,1.7185841724064381,-0.4380217641198295,-1.4042880628455225
1,-1.7481736236344732,0.7544293859152663,-1.0370480461512654,1.4912939894836756,-0.863939186985988,2.0562848397397966,0.8153741761853442
1,-1.3000732452954689,-0.048254636825520864,0.8534862597722485,0.3342922365595138,0.2701808755836963,0.5043417038946779,-1.6104582052336618
1,0.6154812465350636,0.21493929906586062,-1.3525960575169622,-0.8092194150287102,3.3609244347918885,0.645278172338774,1.8106584919055353
1,0.34327559151597087,-0.46578442149124566,1.2561637109176234,-0.37370384144273827,-1.355901278774204,1.8909496545796927,1.1557712928775803
1,0.1150099138119385,0.5044154084451459,0.11068393279353433,1.3376288586604166,2.210428628225456,2.284169718630393,-2.1051744315362466
1,0.584932876008533,1.681601634430347,2.4846572358512153,0.9893831406186239,1.2410783886040382,4.032081223035229,-1.1272316582273871
1,-0.8715608155340326,0.6496943962868429,1.0194847576759323,1.470798455777444,0.9229319986519544,1.115765015534154,-0.20162798358780318
1,1.316578894395847,1.4857322528489263,1.502658129456719,0.32841580437569623,0.14405536082477674,3.4085171375064247,-2.140626056265825
1,-0.7394360199810782,0.6566833636607632,-1.453976162893547,-1.570771627529878,0.5492431991155236,-0.15553905150215586,0.24707759542843336
1,2.8576578887937822,-2.2944174476845838,-2.1374703229387153,0.7584645215729421,0.19672093853740244,-1.5989787744717596,-0.16494629984846826
1,1.2595402530253514,-0.24041989231805583,-2.1310217287956936,1.3728997497613173,-1.8660710804785592,1.4620408674970051,-1.5823480262518634
1,-1.8319870448094346,-1.0723191667032073,-2.2682831088662825,0.519062600546156,-0.7196585877740693,-0.4769937818952811,1.4563557911348255
1,0.5892801508882536,-0.3945695055892398,-0.6775398440937312,1.2388026582029452,0.05394238001268446,-0.17148861440359062,2.0770057025281816
1,-1.7935812638415602,-0.958405787133892,-2.1476409485759484,0.6705408663216708,1.6708214044030476,-1.8954227890215185,0.803405516482968
1,-0.14252844685038885,-1.2629997064556744,0.8140929639860472,-0.40331424538551564,-1.734392746271687,-1.7582516563997244,-0.6584023684698428
1,-0.08809823552482447,-0.5560331299500552,-0.9665357195390376,0.5029387700768921,-0.3077558794253566,0.8331078570996249,1.4650630091726187
1,0.28465361364141095,-1.506820902658842,0.177538458734465,0.32094727595120237,0.0008453905999321102,0.5118299399787525,0.809478719068875
1,0.712657073985071,-1.0335281117420423,1.7495330421045012,-0.4284813454467946,-2.1503658356530235,1.0828769494606545,-1.673210151651303
1,0.15282815417454793,1.2951685646741318,0.4762268079525756,-0.04447150695604819,1.2970704892014933,1.1182332999478497,-1.7878503524820086
1,0.41140815361135724,-1.0621628892041997,-1.8786627708129424,0.7768861035602459,-2.0637188808395206,-0.21924859702323918,0.6480929319629245
1,-0.5545446621082963,0.5772490524851939,2.794071779002705,-0.5175452734376789,-1.1331712809968617,0.18917906055236683,-0.5449654178465935
1,-0.9370307953852133,-1.762337520735024,2.370921023737638,0.311719377298879,-1.4025126523930727,1.4483827836790266,-2.0825587520936284
1,0.6678384539034237,-2.0488694844504245,-0.3842330725560817,-1.8375481690901503,0.3709397447825807,-2.198590047746692,0.9600101046091357
1,0.37022716719844273,2.1861383386773166,-0.7577269977320552,0.6832946802016175,1.8203456077196198,1.5685607566773252,-0.3876631803426265
1,-1.8459569315764084,1.145966179806604,-2.3732331025263194,0.3344334024621406,-1.9396720517400379,0.5177405379608854,2.7502795944620866
1,1.15967013992693,-2.058415943724212,-1.2846763228834883,-0.21397274042230022,0.43576240389306553,-1.2594216720319507,2.2045517335474476
1,0.26610624985309467,0.042588789794980486,0.9478090148781786,-1.6691159192304497,-0.9658930961409373,-2.9741358159847184,-0.49350591592287857
1,1.7658575352813506,1.0958796446045527,-2.5284247918723644,0.41702438856189017,2.791640637648512,0.9721199263773388,0.3929439132953872
1,-0.12807841478040569,-0.5835053931598845,0.1956332568209217,0.3715416537529843,1.314138133812169,-0.5173731688267574,1.1707418141110062
1,-2.7339201550407912,-0.9345209702874412,0.636406065016845,-1.4608950449707834,0.1405113250820198,-1.7560357750140756,-1.8330331363492554
1,0.6512955416163783,0.01888351991668366,-1.5948759597463478,1.472294110709434,-0.21931807574571602,-0.5936079074497387,-0.11671141629757366
1,-1.9271067976826934,0.4319901513260196,0.26729121303286796,0.8747785698688406,0.5763724423991042,1.9695523651355291,0.368510979951237
1,-0.9175985445194336,-0.5676555550262181,-1.2796170381640812,-1.2142832753161477,-1.3197472910483532,-1.092045861860762,-0.2602545835619162
1,-2.250748332397325,0.6261450985553444,-0.3775952523165568,-0.6866355337141172,-0.3022180006651463,0.3351226192227339,2.3806203223054796
1,0.8739671802086539,2.8254984371476426,-0.3102023391789248,2.2078323267189255,1.1309371132171453,4.479177837006294,1.2835629565800333
1,0.191824098743409,-0.2793964745844838,-0.3463829288892614,-0.9470760182453013,1.122330060427429,-0.6619667665957569,-0.18448248990736635
1,1.7066590024447779,-0.23361517005700155,-2.585205663615291,0.534457619851417,-0.3989396223259266,1.3205729875310035,1.6430619847065422
1,0.6674289263330628,1.0935488835162892,-0.2154744458175929,2.464587400744163,-1.6587845807876056,-1.4432716358221023,-0.11973534084161308
1,0.19220070485015137,2.2101058400230063,-0.5203222421654342,-0.8713640914471917,1.413642623241726,1.8524815159988894,0.6829438959369334
1,-2.78654743739667,-1.060002523130878,-2.143128841596893,-0.0481433216087947,-0.5843650403810932,-0.8377462510453949,0.17658408022438074
1,0.77010537374345,0.10686909917187301,-0.16918680472382508,-1.466939447619141,-1.6423571237271901,-1.56981359961457,0.030677292657988374
1,-2.62328400417587,1.3517766314855475,-0.21833689363764536,-0.6775855899880577,0.3081149458358067,0.7872350860559184,0.9849454293448083
1,-0.8692936356725318,0.7973543026412089,0.896186581296698,1.2471932677898316,-1.805144578320155,0.2518970609691631,-1.0879904432653864
1,-0.3054906266362287,0.15653676126207872,-0.21385862508583378,-0.789549703128184,-0.07320751085623566,-0.1960318711609395,-0.8648135162805444
1,-0.7537855801693015,-1.7791843242826242,-0.8277941204036043,-0.4761909882746239,1.570411842066383,-0.9609691922574011,0.5388613639927388
1,-0.5173733785499983,0.5393448764699931,1.8633271961761857,-0.3231666296783807,-1.0153712852448278,0.6327369524243593,-1.3729932841068724
1,0.24843856130517833,0.5445905130512243,-2.051511656373121,0.7124601013459011,2.6661033515528336,-0.5939688086719968,0.3801956711521593
1,-0.9896616700089703,1.6341553026739297,-0.7912173355638361,1.4164224831275127,0.11570402633323683,3.9651386485022937,0.7591449272795703
1,0.6416695153996131,1.2156134951077708,-1.170149868577433,-0.067301270829791,0.2183593195502984,-0.15112852322584575,-1.2307293042498613
1,-0.7649973458469685,1.292891956288358,-0.42880281417635746,-0.08046351234924698,3.097359609592831,3.5933108491423122,-2.906990884511676
1,1.4905281732441826,-0.12281828107971393,0.6400635338468508,-0.7632195221497425,-1.8327313266511713,-0.1395493694317843,-2.6392916549876317
1,0.7861446025048597,-0.348078395173938,-0.23912805491195077,-1.2491132218416785,0.5837441291034842,-1.8119205760285721,-1.5912412452935443
1,-0.43556054627785934,1.1368067741365921,-0.6581171018722067,-1.6083940102539507,0.09538929493523389,1.030895809158966,0.04913487315351911
1,0.2678982620628107,-0.2594299634401446,0.808907644600962,-0.029017167157514123,-1.3905675316946815,-0.2858826892805244,-0.15723159598574749
1,0.5621831187524882,-1.40739038663063,0.9648772690146776,-2.7343656920346575,-0.12927438613305092,-2.530386679167325,-1.0853278477702017
1,-0.8424615380554173,3.1146908107571445,-1.1582773545112999,-3.3247132958580345,1.050496910711433,-0.7500612123479312,0.08426297774652775
1,-0.9878585819943052,0.7853035892141413,-0.29162957190935257,-1.8890852028687493,0.12365174732199473,-1.4898712854539462,0.18419361306001758
1,-1.358118497095844,-0.29460231506001455,-0.6578268782042475,-0.25091628787319165,0.708046760503728,-1.21782870177762,1.867352734381922
1,-1.0179033989295168,-0.22236630739613628,-0.2079302794923928,0.941201264717223,-0.31794856232041174,-0.9722149969497212,1.5609134369070607
1,0.20449672485813075,0.27186224945270365,0.29852598048327805,-1.8693112529315563,-0.26493143553624593,0.16514102166678185,-0.6697223106795631
1,-1.6030441551444046,-0.9250936015405371,-0.6670579573688088,1.5010358043634355,0.9496641011449798,-0.013901763087991653,-0.5038473377923446
1,-0.11529133114015137,0.4727036618046432,0.5382335697826897,0.3024186955496062,-1.0936942877853502,0.25493573527837865,0.881608674572616
1,2.799742932669009,-0.15067099033778686,-1.4303368240854724,0.12662171077032247,1.8974696343670965,-1.7343696360387155,3.087414201270048
1,0.87934681850812,-1.2603007168792273,-1.338672726634632,-1.0474255320171868,0.8867704329201996,-1.2828099232947912,3.3614448244759476
1,-1.02938794812558,-0.22945931249628415,-0.289021949245318,-1.2176481974179238,3.049226380600526,-0.11944770628754597,-0.9401015249426389
1,0.8250293301258743,0.6158601586063219,-1.126350626771522,-0.018001768672145146,1.6980200180369367,-1.3892679140243505,1.3570738896723995
1,0.8772018948738721,0.7721409404169908,-1.4677789224015254,0.7885211841060719,-1.8958005135715874,0.27561391161437715,0.6985000238514949
1,0.5053225139974207,0.04984433296544269,-0.06987569527581777,-0.3180537896387756,0.31124763923668886,-1.0932231528001337,-0.7604486406317815
1,-0.9193135447567781,3.820766417002595,-1.1652884230277953,-1.5770150039992172,1.1425774342241566,-1.24266162195374,-0.4834458111788697
1,1.133366895311559,-1.1634604692593356,-0.49701117085249547,-0.4600559586185752,-0.8828008030164455,-1.6669148423919964,0.8321329087991726
1,-0.36391176013443743,-0.7236740760922882,-1.2259786188672794,0.890028617919561,0.4876089451536506,-1.0796603674336795,-0.6156592529776233
1,-1.3738158344609572,0.14043000595783212,0.8348669379821334,0.8189358842626024,-0.8158517556128935,0.37508480087225,-0.49999155804842577
2,-0.09096596682559696,-0.5796492672259943,-1.7746304904783474,0.5766614697154607,-1.1500838565012936,-0.7105885127069311,1.4901335221445942
2,-0.6623564801850533,-0.7623223200425384,-0.3290656000264719,-2.9073492256712035,1.1379817855382508,-3.744996200416409,1.1718150514882608
2,0.02111706754090332,1.7913863222705646,-0.7095479591662522,0.02166432615159891,-0.5684023890734538,0.46307936533291316,1.3528598785701829
2,1.079146443648423,-2.0980976425895523,-0.3748905780069085,1.9435551937507654,0.8499639529477755,-0.7916864113600743,-0.26313060714209
2,1.5458276665693478,-1.56758359690649,-1.1251566138110731,0.3611775352615996,2.6546256987039865,0.7098545190572689,0.13719228711713205
2,0.18150474476574613,-1.5181387904355383,-0.7458040422447527,1.9027015991456377,0.10957786871714438,-0.8486333543301892,1.3642204114771015
2,0.18914653559584735,-0.20562112862339524,1.963530729750596,0.17253392820642863,1.0638143644138331,-0.5101813256514041,-3.7173547283141293
2,-1.587532393193552,-1.732330374784385,-0.6836354750715519,2.1420643399657218,0.5813076072467503,1.5599844063149164,-0.44212279862783915
2,0.7462222768617052,-0.9714615170172554,-0.4042454022977028,1.1171016126600006,0.37721130169377326,-2.429316309887961,1.2160603084079358
2,-1.7479152611994404,2.501349117965258,-1.3144502415444153,-0.6072223029965585,1.305239146756504,0.6639762770736084,1.1010706390483893
2,-0.1787113273067726,0.9017003771098864,-1.5881284731117897,2.2872169941334395,-0.7217397763709609,-0.40142936170654303,0.7417320489924601
2,-2.568193653476276,-1.7229328583191035,-2.74431356811196,-0.4071155986529783,0.051399123780257266,-1.395929990623696,1.7353531032886493
2,-1.3719472946588542,-1.2550394704716494,0.19084799501730476,-2.2034456579628436,-0.2078953514144179,-0.10215597896272088,-2.4548880633003245
2,0.464583445361833,0.8054369729527937,1.2017801979265457,-0.4391753306424668,-0.9200723579201193,2.3899600313018987,0.04638631601357948
2,-0.15215870992425837,-0.20408665570434548,0.7653477176362631,2.457529130927052,-0.3129233015097415,0.5615087355427697,0.044709943440535416
2,0.06055167871376518,1.950690956924595,-0.709233945822908,-0.5435001700412392,-1.8457623961683065,0.5566969222259252,1.264884839394354
2,-1.254504452268386,0.3080023321940374,1.9311044818194394,-1.7322701830255047,0.404790980277679,-1.9597685405346468,-1.438852720521424
2,0.07312392849941886,1.4363447513396759,-0.07160397904582905,-1.0246244732402385,0.5717901583176915,-1.3584191268809538,-0.05505405845030947
2,-0.37032791533810727,0.12689179709859388,-0.4154710020363117,-1.9699441610004813,-1.402343066280386,0.11643190685949911,-0.6854545795805315
2,0.026284821201421865,2.14691199243433,2.3864766183838473,-0.11350146288367932,-1.6449157597029054,3.9230144040325627,-0.9167630186637328
2,-0.8209511860852889,-1.2702749636820454,1.214777325148802,-0.48609229723652786,-0.30024816410424593,-1.9887131784474636,-1.4588892936828017
2,0.1945446066564229,0.8539606599532426,0.6866129516096104,2.6032991421212763,-0.6696623586876852,2.8232144992396866,-0.3354587198586165
2,1.885539952525388,0.37505532050519547,-0.3913077806273798,0.7364701415874595,-0.6680046143143946,1.5658129129662037,-0.6622469367855899
2,0.7806752331450146,-1.9674642885363762,-1.0535525855247196,1.6669796855930068,1.057646273008224,-0.1212484097500085,-0.822573153865364
2,0.8376391421801317,1.112865084124285,0.6397568381532642,0.11085128237384569,-0.26022462606112784,0.8327054934836207,-0.6299891076355932
2,0.21002563081840073,-0.7874233153924524,0.4331145924971855,1.8477812720750377,0.8269366662200521,-0.14414092778418458,-1.4258675738473043
2,-0.6295132636909353,-0.03118541628360827,2.5387244475441046,-3.614594647581952,1.168070476301724,-3.402363872383436,-2.139330244865184
2,-0.09927741615326087,0.8973300270120524,1.3402843275358973,0.3383118543278393,-3.8612663405547396,1.048595013316692,-3.2125373508460893
2,-0.8548574489220963,-0.0018774094659170792,-0.7938155548870643,0.3091755874259406,-0.6043898291450726,0.6445781454769921,-0.8964412261320891
2,0.7581311282756206,1.4282475541278765,1.5497808194322464,1.2752833790783678,-0.72778913404116,5.435540941339607,-3.257151648376614
2,1.1277634639916982,2.020909700026372,0.1488560708028464,-2.737022614188965,-0.12828500853102534,0.7504505098098857,-1.7847472722245832
2,0.1594137473315851,0.8460740738385606,-3.032755796134154,1.03197610260115,1.0831281075683086,1.3358465326441478,2.2100349396900683
2,1.2080318114094273,-0.9018960114372829,2.5039589166624188,-1.4288916038664086,1.2045026928016365,-0.6522906776076041,0.6602251874535876
2,-1.8534812281173896,-0.6730467519747947,1.289965957165081,2.8253193345935665,-1.5159542995390327,1.288101298347571,-0.502449065862687
2,-1.7963177105773869,0.41286202290641916,1.8109020065033783,-1.230627467048957,-0.5935208311165813,1.6580016668122235,-0.1652178737441941
2,-2.8976189785816726,0.34483197594734394,-0.5533673923410305,-0.15066736051357188,0.7314513288306698,-1.3817514259143695,1.367934824643992
2,-1.776876165529619,0.5845224590557894,-0.7877086355062151,-0.024439309761816436,2.144189059598135,-0.8068331128760824,1.0744466435636217
2,1.2915344995514555,-0.16046933042790668,1.1939613992011235,-2.426913678261618,-1.9696114915878147,0.5267738569849867,0.11609062587329766
2,1.3728750398429677,-1.4457220288030885,-0.26391223081129567,-4.015629395109484,-1.306937639783373,-3.660441262989643,0.1308131345919068
2,0.0031349821299912393,-0.20653963003461828,0.18778785002553988,-0.45013072330997195,0.5575844370295296,2.2665051735959003,-3.371239546157618
2,2.0012668150289246,-0.9178657924821854,-0.03316371631610743,0.819628101670276,-0.4444794786914925,1.0838653226349582,-0.4527208523661974
2,1.133114440416375,-0.22534149427445677,-0.6995852085306311,-2.5923220396333146,1.08577697918543,-3.066384061633937,1.0153526877824877
2,-0.40702695754338214,1.4132227998424218,-1.4756759863192033,-2.151359627067345,-1.6882609479623818,-1.1649562000793587,-0.5700981322568891
2,1.5407431643151739,1.3670364600455611,-0.5937814143569673,0.23379190820346848,-0.9323460922883344,1.7351708958871475,-0.1936814134906186
2,-1.3153702731380006,2.554127175746485,1.4955090859811357,2.8475453841699268,0.9504888684778456,1.95086035079253,-0.8039425286477764
2,-1.4444181368388247,1.5261874875134145,0.09091820732790593,-0.030835416865857473,0.5502465270304723,2.5897749862050476,0.28794490224865377
2,0.5517145636222607,-0.19197518795860413,0.5707865112164828,0.17324420999643053,1.0811240504802575,2.318093049124851,-1.601288352270843
2,1.714277894297442,-3.8266920890596277,0.03928648151192671,-4.958559513024227,-0.5663344599788154,-3.183779588534042,-1.1248903206418612
2,-0.6524425293584101,-2.863820281951794,-0.6743946631176181,1.679757828529713,0.42537789080828564,-3.0470152065307397,2.0288808300312753
2,0.6410325007567823,-0.5904150299989607,-0.5968229217834743,2.3697088376924427,-1.3447475099538653,0.34334213682276166,-0.5440022764228568
2,1.4500404750214582,2.6112110551338565,1.5578980236993925,-4.328850249414536,-0.9832170901567839,-1.3833721800038747,-2.9888538477499504
2,0.7776714504852561,-1.7178278713521853,0.4673643975534708,-3.239649697437273,-0.24061563741779174,-2.59168014024983,-0.8259120380063762
2,-0.21963734743021743,-1.9777027589829452,0.27217876215265246,0.9067314416152717,-0.6326696210049889,-0.6538241805592893,-0.8249839385957938
2,0.6777552242956761,1.269914068305924,-0.6830978562848468,0.08511517102490324,-0.8354985188182986,-0.8824499099737535,1.6613470956848508
2,1.4259190420876757,-3.388181238321094,2.983444345996329,-0.323890359098724,-0.6212471041945922,-1.3224216184004345,-2.851767071435295
2,1.5531921994639348,0.02674564470150506,0.26223912312866116,1.6050002457398542,-1.0818103256744742,1.9610188010428529,-0.08046890577306157
2,0.6986398219235458,-0.4247596579175386,0.9272397383820354,0.2967634842194778,0.9042561641837128,-0.19620880234107868,1.4418980965349353
2,-2.090670093927228,-0.6286894074026825,0.6287328476464982,-0.4938449819297703,1.0890629910233987,0.23861159041831004,0.1258125118457168
2,1.0130288831579164,2.575277975202055,-0.661606794626792,-3.3210927893082296,0.32616397668499875,-0.9022845459326412,-0.5359358055355291
2,-2.9321432506419454,1.7260191463194374,0.70829064491777,-0.8447466723614948,2.0875889589702044,2.2848449085097786,-0.7809456402206916
2,-2.160087457924885,-0.9085489246590288,1.2977060683007497,-1.180375767846047,0.5176992281516694,-1.0829458378892594,2.6127990458672943
2,-0.5810354828423211,0.3797541427206674,-0.2802902723625069,0.569544768877781,-1.7513312043802998,1.2052302769473355,-0.735744437286882
2,0.32906848709121966,0.8416457191738989,0.005996914264289166,-0.7284414342623958,0.9737089419671439,1.4120676524466351,-0.2783629693223204
2,-1.1386744091750354,-2.44317777912718,-0.607945143798823,2.3162557536490933,-0.7431438940926324,0.35640571154665557,-0.20150593276483122
2,-1.226693855847583,-2.357859660280964,1.1514964617473955,-0.08083841915246968,-0.5365681678975142,-1.3362193916741032,0.12559879945377836
2,2.2694567316722654,-0.34055513449756725,1.8219954546343882,-4.003200902771515,0.47694902727094984,-3.6915222127438674,0.016375769930466355
2,-0.678162872173101,-0.9994578510107162,3.703851901915978,-3.218964861899182,0.736207872958305,-1.81872828753564,-1.578149689442521
2,-0.17008881429246292,-1.0278675140605906,-0.02962099922312722,3.723325492631838,0.37041216558118656,-0.13760573406837912,1.1999475295745485
2,2.315871130017278,-1.766074561861992,1.2472939677174406,2.7251844793478246,1.4271366677635304,3.400493993606659,-3.154120629233616
2,0.8781644428623,-0.2219247944580901,0.6452550054454925,-2.251529657824974,0.8669959298108262,-1.4200177781843766,-0.16605811861335634
2,-2.113012483187361,1.687898519316707,-0.28109912293949046,1.322599986387815,1.8167085155818212,-0.08180474091633738,-0.014975412207610284
2,0.3442489172948336,-0.1691767886302481,-1.9731600638929825,1.5800452393281847,-0.3547743485109189,-0.7831659329471401,0.7545039228727379
2,0.22766160175821337,1.056981208390497,0.4868116858934046,4.056234201014053,-1.2103713925983939,3.947136515550673,1.0315165753844429
2,-2.0677666009610145,-1.1679592710846691,3.8084949646094683,-1.5901028541117617,-1.1989139827030852,0.679778735065608,-4.317411765355223
2,-1.6084016372598695,-0.08746595783473689,-0.7744991732779579,-0.49598135417441447,-1.6018768347016525,-1.6157583126480057,-0.2032237232585823
2,1.051412199523292,2.131309257551115,-2.005927652475691,-1.9816468605254038,2.0737996413309157,-2.22586054834202,0.14165898984515868
2,1.389623971495948,1.366425966002039,1.198701543788128,-1.7927264314178997,0.6095342204768023,-1.8385204471023426,-3.1031178557492387
2,3.0346936859585085,1.7092819791983995,0.6862363695981365,2.7859062979703717,-0.30317917814751005,1.5223578799884172,-0.0709438817379805
2,-0.4755175505021133,-1.630603970689274,2.096424944820584,0.5909174010883794,-0.09636604213991835,1.0174578257303442,-0.9995173455608837
2,-0.48612859774081707,0.21031885556948232,1.7210563615888255,0.9659332124436847,1.1384272200149776,1.6482070144970613,0.49571400210832384
2,0.06692842970353645,-1.6952944591017804,-0.3982622714473518,2.8547459167227083,0.3852409182974304,0.9642893976746932,0.7900489424703722
2,1.9235932297100666,0.04017462084909004,-0.2420753613995197,-2.5735576888546747,0.6613963951333821,-2.67228281418784,-0.256932042747239
2,-1.7282025435262114,-1.083571801877971,0.41547496973422127,0.4404949490080652,-0.4064945096409687,0.11429844264083722,-0.8187704543519612
2,0.7154326443684573,2.9926855563494037,1.4790677215821542,-1.2369557486441758,1.0051186377257233,1.4749046913398285,-1.3988209440633046
2,0.4986179406253179,-1.667796014423508,-0.030444035439997963,1.0016152650344496,-0.5887995924025088,-0.2858552776222917,-0.948738612801868
2,-0.11343298673080447,-0.779962531655856,0.0863232276140308,1.7409555394118947,1.0001859275895952,0.37295265397043487,-0.09167357358693798
2,-0.6857417077554735,-0.9397277283108296,-3.009934923140847,0.29525450432042866,-1.8791352604846905,0.7972551351594206,1.84512623024169
2,1.9930143052918,-1.7338976770310184,0.7954911069680928,1.3798040555501605,1.3297902208349301,0.7562525797516626,1.8037803672971338
2,-0.09292443928656084,0.15178287635178633,1.4156838976304633,-0.8266670104111793,-0.17669526743855923,1.403865869927031,-1.9317714344847479
2,-0.5309081358239773,0.8541882868775967,2.5732939074684285,1.647314592421165,-1.1877352382952888,0.20467933414326844,-2.5868249253693465
2,-0.360783092130327,0.4160013988230794,-1.1445369529884573,-0.4115682188317627,-0.6465428034526715,-0.42940384286217614,-0.1442593760749728
2,0.5704457180084788,2.691009707799853,0.2813003718411744,2.0748098151690666,2.291833560916702,1.3877944543666847,-0.7121649858864598
2,-0.7675864575787206,-0.8137037338669985,1.4535510127443254,-0.8322184963905689,1.0343554799211605,0.6349057299407638,-0.380807592418569
2,0.2806250352587081,0.9011211126459209,-0.7232899175799177,-2.4197919303747155,0.26356431830290256,-1.5967897580781876,0.10557807724513261
2,2.794751264986136,-0.8138109827220136,-0.1847734638790406,0.4984727079513641,1.9328983906078092,-2.126464174095955,1.127775780302005
2,1.668775923556899,-1.4801181811667894,0.5836937763589853,-0.5905679287703818,0.8979936769879335,0.2735142816947006,-0.4115615353465921
2,2.525421182897942,1.5584676990176844,0.8103780662322423,-2.0550713231791793,-1.169918543043388,-1.2727235569496818,1.2976176681597398
2,-0.030211490277463275,-3.5931817360327143,-0.8109675648363803,-7.604517064354168,0.021519799442159378,-6.147148619278044,1.72451688908784
2,-1.9320146621810916,1.1612487305121078,0.08565119987909281,-2.6380404952529113,-0.5481160136307698,-0.46143473763468223,2.702410938194664
2,-0.32365524992450195,3.333814138514601,-1.76074976887495,5.017881208657867,0.15781012447598744,2.9785095840292612,1.564977536420818
2,-1.4016498657936585,-1.7455868125491916,-1.2159575718683175,1.7252553991185873,-1.3734009679710029,-2.528235411358604,0.8819707796776932
2,-1.3715247722124109,0.22925253229497905,3.060909636262064,3.3975944870326975,0.47370421526682693,3.427658226109366,-2.6021218588440957
2,1.7047125689826776,0.6630497405745935,1.0895281233905694,-0.5255538798574633,-1.8392049264163315,-0.21709611715827923,-1.0126289383183278
2,-2.160447700319138,0.020605196771002254,-1.6522254431450154,-0.8129439586950934,-1.452385984619148,1.18186596901833,0.28312833496556866
2,-0.9496172936418456,-1.1047943220991037,1.0386343837920209,3.640391085039105,0.9146467825903442,0.9936652070769789,-0.32919815481530357
2,-1.3425957920226002,1.2709706604042774,-0.24562049553568693,-0.2239870071859613,-1.1548137138742764,1.1116480986568784,-0.4188201692011898
2,-1.116338466428933,0.29404400848264767,-0.12485646809336448,0.6769671896605193,0.7782588082256824,-0.01953399805249642,0.4909579186648018
2,-0.1193135318805543,-0.280989600645495,1.5406047132523522,-2.188511053677003,-0.23855074807773818,-1.6733734800573823,-1.511715253841466
2,0.005044714055518151,-1.126601285237464,-0.6256957395378896,-0.8289109857481692,-2.0994360044226266,0.8097019176683959,-1.1317013069486206
2,-0.6215666676387881,0.8739581785010154,-0.2700021859693824,-0.03623776619678777,-0.2904437498680288,1.843592511339372,0.8827910674416481
2,-0.9011938191153662,-0.6288898421558142,-2.6208350505468663,-1.2484247282533258,0.07681883951511946,-1.3391442554979922,-0.4598228769281433
2,0.9770610910553499,-1.0369865600868224,0.13471363337264441,0.9888953641562395,-0.5837068284485025,1.9987869431683105,-0.4727385691787304
2,-0.9261775239264147,-1.5314429747564815,1.322379664422619,-3.5803861528444614,-0.48577548257473085,-2.2455151385035226,1.6300319139998118
2,-1.277861932125157,2.7461322191783726,-1.3881690522433938,-1.4717832553485533,-2.2472582747547514,-0.3383597799946348,0.711889080302488
2,1.60721268975387,2.028278580599112,1.312736135733973,-0.37809798099405817,2.0305871521631174,1.3835605933602912,0.05140567459333642
2,-1.702888317786793,0.6281093119076087,0.8390198081579316,0.6201444893319401,-0.7726166331826181,1.551618881685673,-1.1295466487360248
2,-0.15950273891819428,0.2976029581141739,-0.23143315430480568,3.2867083028200814,0.3225956901297601,1.8769018341351607,-1.4728672479043916
2,1.968856418834275,-0.3576967619029646,-0.5010097449310025,0.8637015046876577,-0.7974397560795149,0.0055738050370056046,0.5466042579574514
2,-1.3185001816714934,0.18913549986251801,0.15892470249040716,0.13432529360927734,-0.29133959060147496,0.17777687418208843,-0.7224668994139466
2,0.1695896494015577,-0.7480116927079846,0.9842923205702826,-1.5023103034362881,-1.5006183207633745,-0.8307337009999823,0.3082814593384953
2,-1.301537155742273,-0.4844501042487515,0.2793800052890049,0.6023138555225318,-1.7541164034006445,-0.0738492832315934,1.826218869478893
2,1.7783431367252165,0.5315151873423672,-1.2222587784604428,-0.8204326394915743,-0.5290554810500896,-1.4346390838125307,-0.638942015000662
2,-1.3900855461346666,-0.3664185993781919,0.6998155190687474,-1.1071816442585585,-0.28516337782757806,-1.4764756113254518,-1.7832858825741824
2,-1.3206070190227646,-0.5543510533118543,0.39439687609576013,-1.2007722511032493,-2.2141846830075766,-1.9922746091796084,-0.8154692488564104
2,2.4059195781246268,-0.7340256280774319,-0.5372167212737865,0.014705285329323928,1.4502118417001735,-1.4998841872600175,-1.2531403257551912
2,-0.38845732290708485,0.8443734371161995,1.0129894802034303,-0.0722061783647866,-1.7900923978579841,-1.3029806419372212,-1.9799196079397494
2,-0.9023494258394517,-0.08322523760692488,0.22275163999049802,0.5200733711329835,-0.914773746163868,0.06621098344210045,-0.2537007098024737
2,-0.10348573802159947,0.7583029415757333,-0.1233389453025972,-1.7609975384809968,-0.6897940259408455,1.313357142635562,0.9177061491470428
2,-0.23062228012424646,1.740017287971359,-0.5256100604004031,1.1239467849594815,-0.3114753470159555,1.6787218483251634,0.23489926919058624
2,-0.36304517612099546,-2.4165325418482158,1.1570342752768166,1.0212721102336175,0.8246474294724989,0.11798722824081481,-0.27654254617166785
2,-1.0694224493562716,0.2617839734239309,-0.39403853708446984,-1.1468995924187686,-1.3060549719205687,-2.135912947057251,-0.2360936295536458
2,-0.9249550013687144,0.18876420111251635,-1.4342150824318125,-0.6067478929455616,0.22100494589545563,-3.580241067046095,1.4313609460350418
2,-0.7150979530370414,0.6249333333274847,-0.9716832770812898,-0.14964616623675475,3.588037429298513,-2.8081097622431086,0.16124021533322985
2,-0.5183660213595491,-0.7659469386114934,-0.25121834568458257,-0.5652022299036266,-0.5199804141999329,-1.4120109990376506,1.7049859045698472
2,0.059722192755245034,0.7449548288157913,-1.714834214555884,0.7426922494910052,0.2408226531721799,0.7553282959697516,0.15606725077322592
2,-0.6399077997680903,-0.5408123475191786,-0.14158709617986756,-4.20450430110177,-0.0794264554948377,-3.4538785912618977,0.9702769792272141
2,0.28703127802195755,0.690678295084155,0.5669011596409522,-0.14893091715084597,-1.6279461248957627,0.04937374077399481,0.6738264806586367
2,-0.27231484238887754,-1.2973228019611722,2.260343449082226,-0.6083089123135503,0.5692423069882596,1.0539719041323174,-0.1648213001318791
2,-0.2751108480621965,0.3852478987075791,1.545731700139262,0.08383538221007135,-0.8570365077888921,0.9663118616534245,0.221754016459721
2,0.9984534333959251,0.13360458899475372,-0.5139052952203903,3.310571151761864,-0.09888088732464582,2.588331940110785,1.2511336316606283
2,0.7572460838805475,-2.4056170143875435,-1.1436407396815762,1.1114202975890675,0.02786213332367926,-0.20550766635606643,-2.3259684647850913
2,-2.0916596740179756,2.911853185510888,-1.0761154868798202,-2.5807007798862274,0.3743715914117151,-1.3281615403128602,-0.09958736948232938
2,-0.8291491294487194,-1.2217142303510378,1.0660165803974784,2.882219669704683,-1.5245130240308804,1.5194819382546148,-3.114799275959255
2,1.7869654983653167,-1.3531047549544997,-0.189328787445534,-3.2056010165955673,-0.4407023780890572,-4.1500653612449545,-0.921334297746237
2,0.11561941547431334,-1.195913932716881,-1.9138240480544093,0.7905852884476597,-0.85575544628592,2.036963498827807,1.7264231153658018
2,-0.3955990002074724,-0.2795643075484372,2.2847438815063326,-4.80581277358339,-0.11086879441129746,-3.058184755577949,-1.1230545513247798
2,0.1722399447252527,-0.8999047815268321,0.22529849017845027,0.14658207178250304,-0.3606375142157434,0.19750286161202335,-1.5732377676918827
2,-0.38766870212677224,-0.2055792475709416,1.3256414269262433,1.8913445820361063,-0.7218993767926856,0.9191621036854872,-2.0056496769420415
2,-0.01223972464445512,-0.8678843740363007,-1.5469859108766875,4.628907067210815,2.201963935961004,1.2081869338840052,1.6476176391871713
2,2.2645667476735984,-0.15720695986282773,0.1271852868437654,0.20438858605210397,0.42810926583748526,1.9135497333209865,-0.45722954519614173
2,-0.21735395854716735,1.234898013478666,1.4537885627353044,-1.4057237344784743,0.5758889135306143,1.1185287783113254,-1.6399188397358895
2,-1.5421392469804378,-0.16388524348446942,-1.778626868537485,3.1565600419792474,0.02246877249207508,-2.0037500335166576,2.066582768385673
2,0.9862234883723294,-1.0978202917348523,0.42085420736453316,0.6530629633303394,-0.15209943290660044,1.186371270979234,-1.5428132439005875
2,1.689062173506742,-0.7845412908851428,-2.073846532825644,2.3762209276285007,-0.14119827436524768,0.8309405034534493,1.0730414052153692
2,-2.424988846706716,0.4740212116048233,0.6602320721066706,0.24347272124884264,-0.3084824152529515,-0.4241371824393323,0.9816189667719903
2,0.7576322834239747,0.444991791681544,-0.6881648409175204,-2.984658852866857,1.7400383186491193,0.6795999697675805,-2.1740722896279765
2,1.4579239626128186,1.0053642975050803,-1.0556644240600952,-0.7067357763684842,-0.20809849571694283,-0.48363640705120325,2.1046342244012948
2,-0.20307160366168134,2.1394865838327424,-0.6851605179621975,0.18572815564925793,0.347522699069251,-1.5549832021375136,0.3100562956681523
2,-0.3200755702366414,-0.1769236014384788,-0.4903123083493499,2.0053527216167635,-1.132207493841998,0.6665717562796047,0.8223861077999509
2,-0.040316549580604606,1.1079950338668567,-0.3947454058532651,-1.7983362997383467,-0.28943158014691067,1.7323711662743762,-0.3720160355517719
2,-0.043843989663531535,0.37495397322223345,0.2293436704177072,0.42373707303401265,1.2742441912077151,-2.0840516424436313,0.8490165360259495
2,1.483233083347286,-0.5975685089451273,0.42630635787710547,0.8321640900596168,-1.4901165777137861,2.7762996107116367,0.73401672920642
2,0.11721961608719257,1.8943483791605245,1.4622408915717242,-0.15993187217442542,-1.631662767562855,2.465919458288566,-2.93209829028152
2,1.953288544131397,0.38621660108283223,1.5866665317122877,-0.15123456030964885,-1.8117810931662575,1.0938615782675252,0.7494734282022535
2,3.0270682496416903,-1.431379872027859,-0.5594197365647828,-2.664539609703451,-0.8272950877494835,-2.757852854711263,0.1702272209562119
2,2.916325162665806,1.0384724963664045,0.15615492095220035,-0.854694136509035,-0.7142855707042981,-2.73201805717279,-1.494986848316862
2,0.6919897854963024,1.1612132086256488,0.05921246781793699,0.01639298368115985,-3.097045216372716,1.8087466265856935,-0.995020337005535
2,1.516202331656028,2.2843092387090005,0.8809101249189437,1.3118630853556497,0.7942606485326651,1.088505698418647,-0.7424055200956019
2,0.19248231385546904,-0.8941692606929681,1.5339925988531948,0.7792099183876235,-1.0662542675936433,0.8570536152130822,1.9390880824977643
2,0.8335816570079325,-2.182237823118393,0.49214493639836543,3.1338939006919877,0.13830431658158016,1.037100311704487,1.2445439278742108
2,-0.202554781577672,-0.38601479842141756,0.19487859001724234,2.406134610987131,-0.01525523466792125,-1.0228137370804782,-1.6854797699260873
2,-0.8981911955789317,0.34770756212966225,0.1486212757618816,-2.2094386190971136,-0.6828312735096036,-0.22771557345874197,-0.37369152467846334
2,-0.3872866158519112,-1.0231202396215964,-0.23238888182276438,0.5782039857345663,1.9379695681099396,0.06687655991504299,-0.07098003460920403
2,-0.04610148007502374,1.3566531054002573,1.3800754174950114,-3.651340781762514,-0.5333616058729321,0.6678726988392313,0.3194626805326658
2,-0.20881712466900393,0.39247628846913,-0.6450180107512763,-0.7466393421342643,-0.43603298989345857,1.2926176575854407,0.46187014464319714
2,-0.20542122370863292,-1.1202467058295067,-1.9071318219665536,1.3694832747379027,-0.6496304993673312,0.6324544764084946,0.9900860143934578
2,-0.38635316962743593,2.7201370885043272,1.6279278686281085,-1.6365095381360555,1.2270490061448145,3.8400489637665705,-2.0341348214652806
2,1.093075911308645,0.4281101668330319,0.019914794159783977,0.08406231045337584,1.6351425284722672,-0.7134996655192845,1.0087262018197412
2,1.0940140121798063,-0.4990959843927744,-0.9937320315440252,2.9642503028963354,-0.09634921548375742,1.2021681722725481,1.2262199668427045
2,-1.6030204241370969,1.8223724718356056,-2.3477879456324238,-0.8887613936352377,0.18020639968115654,-1.5746390356509188,-0.10703723407729572
2,-2.2080709200218003,1.6936896115989444,1.0150312026838018,-0.23259587245423025,1.974736600160177,0.034437757798024604,0.6362314119704553
2,0.7716370122353043,0.11589210644348463,1.0631690772447249,-1.2600435435371926,0.9686415880352756,-0.1574892733621414,1.1405688807327379
2,0.46326822188046046,-0.8686642917009582,-1.9888258878125091,-0.041465293881939674,1.186166515582383,-1.0353329464310845,0.9448410071681866
2,-2.360152983316719,-1.6873088880978762,0.6278869497012194,-0.4286226967249873,1.127272395108086,-0.7827984890171578,-1.402053713775477
2,-0.43362038850366347,0.9921250614125302,1.4397258090676877,0.303207006198028,-1.0698124328281777,1.108272957861224,1.1093364593340767
2,1.9028496249659144,0.9367276816576516,0.3605601792012405,1.5069935950976117,0.22428331966918702,0.11588922477780683,0.10063935151341064
2,-0.7983911989149678,0.9167621764397063,-0.6642431409375859,-1.6816490622071596,0.04938465015636617,-2.384742581696833,-1.4975398895336745
2,0.9492547395805975,0.04153175723771302,0.9401547603940041,-0.570350749495308,0.7088587983249137,1.0212681792346934,-0.5922070694570531
2,0.8313038914243507,-1.0190367554389532,0.8650750215185675,-6.590864241086843,1.6786828111309826,-3.7211193061369605,0.5670974739680907
2,0.7477653061323664,-0.8758834004757805,1.3961857701918938,-0.36780108121806593,0.25931758821178863,0.8601943976605826,-1.3807137542934753
2,-1.0803085762508187,0.35142085020588465,-1.0642622405517688,-2.179492140326922,0.9839860848664883,-1.1412495463633623,1.9227547785737387
2,1.7267136795845779,0.9849500043889714,0.7564494338169256,-0.08621503684760606,1.895834048224423,-0.6557461458806082,-0.605291374303305
2,-2.104474639939647,-1.9400799057926517,-0.6874183165798529,-1.6242052211102562,0.4673510175955388,-3.149428650599508,0.2290982630400552
2,-0.696923390591991,0.2242189324957286,1.3164874087137053,0.8893051757377385,-0.2527351196072634,-0.2244163149742669,-1.8107445487513512
2,0.044588249288712536,-0.019330173979983323,0.94202772719226,2.327321385303804,-0.8419261297227973,1.9729998581627946,1.6187906345072929
2,-0.15026365863901983,-2.6467057361395483,0.8532121625042038,-1.275744058038967,-2.065975906277878,-0.7250087249796763,-1.989239462388256
2,0.03450544471398718,-0.5593366171047472,-0.11767863997940643,1.7651252890433395,2.1524481758663767,-0.18274134742360149,-0.3651106523645313
2,2.4865319827243026,0.8560017019256478,0.030772388142093265,-2.0012849210184425,-0.04148462313767131,-0.9215780703760156,0.7747647355421796
2,1.840290119803419,1.5359496157899966,-1.1743272370268163,-0.4406548811826428,-1.0182965080965307,-0.899786714969065,1.5213933178920571
2,-0.38562389914480744,-0.740107373634054,0.7276180416393168,3.350442096055953,-1.2567281518089235,1.0220579226719142,-1.4839277154611004
2,2.1635510999694607,-0.6180044013183141,-1.015003070055873,0.20300221315522488,-0.04255092359884395,-2.091769021359816,-1.8016957811401517
2,1.1839486162254376,0.795562349706452,-1.8458565427078861,-0.030642071395605458,1.8599162780638452,0.8300905038552622,1.540076949311085
2,0.9159750221451097,0.3553416680956124,0.3140052362431627,0.5670725576267535,0.03932404876764016,-0.5572323243182249,-0.2770150231736575
2,1.1532571162805705,-2.2715478503972335,-1.205656600428033,-1.783538311377301,1.92389606900429,-2.118994519814213,0.02446711281298114
2,-0.3650210703018238,-0.8934371888689874,-2.350299162019277,0.366974576760568,0.3222383580954533,1.3339315271810583,1.3164228172971293
2,-0.7459581181957075,0.911407649409085,-2.2993374664675965,-2.018679173119987,-1.0448525881608903,-4.312736793729248,3.2504052227446185
2,0.11266970165217761,0.8181193878587778,0.007433950145258772,1.626546870478948,-0.43734429326975655,2.1881667835047733,-0.5780243901804156
2,-0.0031657795773482457,0.1258952639257924,-0.30626159455918484,1.2597916061809826,-0.005987544014675573,0.7434887795797815,0.20935622192548753
2,0.7030740017350005,-0.2656691652156086,0.9085198821102978,-1.4601949592318735,-1.7866129860569322,-1.4857891869643407,0.5721399591195631
2,-0.8464050169097845,0.2536990813517445,-0.14151876118053136,-0.2712990448810221,-1.203473101334952,0.4347007444674594,-1.4738297332238754
2,-0.9221887823490794,0.2773604274124254,2.676667299248063,-0.5331011706774363,0.7051329048478242,3.5035237197780384,-0.10260819718311398
2,-2.8579917985194037,-0.5579758069580286,1.1244401139240006,0.11379037102097672,0.36730042471167074,1.4195666066745185,-1.2784849194387506
2,-1.3551612616925044,-0.1726600250332563,0.015744317043766276,4.571300202945741,2.902881279980873,1.930577459538447,-1.9278850735753048
2,0.18510771989147867,0.2448699239701358,-2.4468676194916004,1.097256484248136,-0.9022350795763012,0.276648805959812,1.653988333865819
2,-0.730311964322406,0.5935369534983871,-2.4711907908201525,-0.33550140556514657,-0.058882168123736735,-1.5422233214303038,0.5026706132532061
2,-0.06389826104211753,1.2164373316218744,0.9795464078112823,4.174778139678139,-1.7282267201191626,2.6240048096256445,0.30824994547616985
2,2.165995386234099,1.5675746373863384,0.5027045956638376,-0.11570063497417749,0.5901284503595114,2.976698598851411,-0.6593020375292613
2,-0.5291460812130904,-1.892950335153564,0.048760824687609394,-0.8385602403177186,2.5626972133823216,-0.2203843501944896,1.2066504159690574
2,1.3627589733370546,0.364560207495872,-1.1098935414307218,-2.0638720998532207,1.6529261719382982,-1.2727175349655158,1.446317830175317
2,1.8217556712023746,0.2387251919174705,1.0982814642467575,0.40132368471084046,1.3323819312090721,1.0781587555440086,0.9485123959883014
2,0.3903185774623565,-0.1848175579979253,0.8180725491359576,1.3924079823202016,1.9911689543672029,1.6534779413347922,0.17030625033652516
2,1.3393898500626544,-0.17345243527762452,-1.8991952314774263,-0.9400255016055309,-0.5748113262114096,-0.907364470284927,0.48779084638198916
2,1.4271886612735518,0.13244386356254345,-1.656257406757666,-3.419452916633033,1.3745397307768616,-1.7148467602101507,3.184146863303252
2,0.4854449848631391,-0.012496309169742481,-0.9676888058902842,-1.0068606742046196,0.04194344731112309,-2.0011952982489634,1.3446374265909955
2,-2.0050778066569936,0.7236828126244019,-0.627542768971562,2.650175450135888,2.2173501170641576,4.873121517851556,-2.2109172151972665
2,1.8895592705757804,-0.11132303610034922,0.07795867838917017,0.8134711012506922,-0.013666682536447984,-0.9015732758724931,-0.7052925478630141
2,-1.1411969716737336,-0.2115547653839535,0.016231636320309273,2.327598157683431,0.6531351749023971,1.0911230386218225,0.8904024281777633
2,-0.950959397394154,-2.147831226225318,0.23792759560792975,0.458347755918026,-1.3540152393136533,-0.750296399346025,-0.3352038428247056
2,0.11953937531369338,-1.0615059965889664,-1.1341066123329249,1.222373400960244,-0.20555756973365472,-0.39427088734227983,0.6928511023542487
2,-0.507841195110612,-0.6081981528622689,-0.46246322366976733,0.897701446210348,0.14003724218642585,0.7067329110293052,0.7142807425121742
2,-2.580496730141774,-1.2797180055528456,1.6311638759424723,-0.9318076796714896,-0.7502337727878419,-1.3000141958927276,-2.6616815719873257
2,1.9815683525220145,1.5639166989816582,1.3761376932049054,1.0882816057612799,-0.5331696393081563,2.1559154561484295,-0.36707758357912457
2,1.6079341530582976,-0.5314813064127285,-1.21122738393219,-2.433910873431849,1.3578753344692243,0.0768232346134411,1.4551695739395214
2,-1.9563741708425577,1.1000679816188097,1.0248922372126006,-1.5530593092162572,0.3675305144083147,-2.544180841101412,0.5248490786423086
2,-2.1393498793295005,-1.3475612501977243,-0.4922463195393586,-2.2091859041517345,1.0413012246292612,-1.9993230790319847,0.05072833186132589
2,1.388799243459095,-0.13876361741032328,0.11424570090943642,-0.7423612752565694,-0.5042265156645973,1.2825246256561726,-0.705719278644985
2,-0.29675753688839646,-0.9097670959770937,0.981514983705654,0.26514056346961556,-0.7730728325988717,-0.8659412563966776,0.37598320547086117
2,-2.1440972151972217,-2.324849291725408,1.1564283580509458,-1.7356981723702178,0.14786112390187706,-2.994885183580718,-0.0899166200237288
2,1.1400568968291938,0.48087047101662106,0.3570380848336032,-2.3177479510428736,1.7018821830292497,1.189777376565243,-1.7627237079249753
2,0.02331157645024502,1.0419960179771497,0.5386619597663442,-2.7384262265419665,-0.03874779177146343,-0.6062631427555905,0.900533524834745
2,0.5738159966567317,-1.5942215965256714,1.6236897986539736,-0.30507454895163044,-2.0945360495561496,0.48081057733234445,-2.103645724675821
2,2.9823962747696604,-0.4453852637473538,-0.5463669139074718,-1.0180311766280232,-0.181861620156471,-1.1454480640248834,-1.9240052594745385
2,-0.3713183940153128,2.6249355917245296,1.1494964214314634,-2.349562769060723,-0.7458342374500131,-2.792928144964792,-0.6565118715339266
2,0.10127917182248057,-0.2928675889097365,-1.9316363752239987,-2.106405686296202,0.9415608256163225,-3.2559291899837413,0.31601095931396933
2,-0.2387067640043512,-0.21679755467745992,0.49686627619811485,-0.4059197012830351,-1.3676933939597034,-0.09764458382738414,0.5160603690013957
2,-0.4483765757095316,-0.6525908491509227,-0.3577962469009113,-2.2170398234136717,3.0427473196878734,-0.92446020558103,-1.0869153283088646
2,0.6044016168291123,1.1202591567179745,1.3671615858722683,-1.0545934764115574,1.0254183340240002,-0.4514269704104582,-0.4316904854202513
2,-0.8641188940556956,1.3259992249950725,0.45318023416716824,4.857765397548305,1.9469033319754485,4.173479092760639,-3.003953066466187
2,-0.6603596159320861,0.474603332426496,0.8734899145383134,-1.3465074001038293,-0.32764816358389864,-0.03930082451329753,0.011260133864492691
2,-1.7164151513741959,1.1757529066780386,-1.0599759460342237,-1.2097560550159994,-0.1372228751501203,-1.2115614721965244,0.13671259707583713
