,0,1,2,3,4,5,6,7,8
1,1.0258706816911944,6.627090668516731,1.3159484961226204,-4.2740511806226875,3.4067962455807463,-0.20496640957537943,-0.5441588646528518,0.008238107517849716,-0.3403147710329769
1,-1.69468130865193,-3.0861051108314457,-0.9070126011675411,4.550434367339942,-7.52509531302741,0.8718699494996189,-1.2225020177961636,-2.9084246664983224,0.46715505615765907
1,1.0635043129838038,23.250327629202502,7.169966804254141,-16.791696388367853,25.66114586573765,1.789363162346823,-1.0128676859973291,-0.8353188190744223,1.1179500422821254
1,-5.887813915329645,-36.41524204741256,-9.924812178569304,26.256572563132234,-39.348147286279875,-0.6598136075950352,-2.5337118740738207,-2.898554647695266,1.1767133895129511
1,-5.171833285937401,-38.53875019196464,-13.832165081165245,34.01313206642545,-47.65094461596047,-1.8834413458044208,1.702423021167267,-2.1975848656429746,0.3813019784340862
1,-5.980233474809909,-34.131219518134245,-11.09534371383499,27.189072296853244,-41.15164502552443,-2.291611609814828,-1.65323857137836,-4.558731852613159,1.7000914536261202
1,-2.8959967072206236,-31.646997079361498,-9.978688993468316,21.934117602097096,-33.26995595709369,-1.698878308663751,-0.05768381189555696,1.3650866371013466,-0.4847550716723425
1,0.10025336213292393,11.832594083827798,3.8584087590911396,-9.240040242208263,15.257358459830721,0.3845156676608995,-0.7822917205823663,-2.2615041485347547,0.709937368592019
1,-3.2026191910153705,-22.010327144207547,-7.564717268125574,16.271031587071366,-20.77198030437857,-2.0242377931988464,0.6222353789881099,0.21905413780362573,0.6191166207911752
1,2.293997553801812,0.23534404772719542,1.8013378336521255,-2.535044707031466,7.320278406455617,-0.9214954731317961,3.6495078673353984,4.24301227951538,-1.3922017887514375
1,1.159963760515502,6.960003644944245,3.1475542745822906,-8.75447870580613,7.754008493092093,0.29507355630625043,-3.228130678676722,-1.1651517997988325,0.5697500713748044
1,1.0335008579533411,17.60940067801441,4.51916069969149,-11.23744917282229,19.105299262222815,1.009663203148447,0.38063452709534573,-0.12301733116596887,0.03339947168953061
1,3.053630445811833,22.7786780031137,9.503162438403276,-20.245164171494928,34.079228623050625,1.61243150656593,1.8859338367475977,3.727120246267823,-0.8336208127416381
1,-1.245463547914773,-1.423762047435273,-0.8797664696910211,3.58024181962105,0.055680678280092225,-0.2866120991027694,1.2442831863861583,-0.20157644285874227,-0.19670885506615743
1,-0.8528611150947396,-1.6097219620203977,-0.41093820474263687,-0.16327420670197718,-3.9626193718816114,-0.28971907608759895,-2.402701191824858,-1.167889125721738,0.5885703189676684
1,0.8422623775363866,-0.15916040201769538,0.602712045480661,-1.8588073739556663,2.8693755723823937,0.2700298850178669,0.4692658007628007,2.6393067093153744,-0.5160441569272586
1,-2.507769046377641,-32.155957080452765,-7.787191753836705,20.1337927573594,-29.150607469018237,-1.9769838597649996,1.158572392625128,2.6421465648104747,-0.3279708280663002
1,-0.1641699999823212,18.89069289343409,5.171028474899442,-11.227292247507012,15.113772686507417,1.0441417773514527,-2.388918383733904,-4.738894786924976,1.2024473426874782
1,-1.5828288563304385,-0.28839079671260154,-0.7854698059163413,2.648870480073305,-0.6094801302852985,-0.16185473978353285,0.6281924588292062,-1.0483542704707638,0.08934036246109042
1,-0.35602699309684394,16.563068012488767,2.5168729354951336,-5.52767107665687,7.561490781876775,0.5031835508757361,-1.038723349208274,-6.227793179375758,1.8564501801615878
1,-4.2820247668859235,-47.19857243067777,-15.847309978722492,36.525866692118164,-59.21888097770979,-2.6352481980735294,-0.9477531092254199,-1.9301718181998393,-0.175315354717496
1,1.1924818273424809,1.603087982334637,1.7042197278530093,-3.2314955891609665,1.76543695353473,0.36281558511013523,-0.8367629934655585,0.41291858567835443,-0.4753068556887289
1,-2.268395130955283,-21.61376507640421,-6.774945699051787,16.35692311609292,-25.089198672661638,-0.3287431852550633,-0.5722393892033554,0.13635686808712089,-0.11362287882234395
1,4.361210813706339,33.27944493815966,7.866735008169538,-20.95372357888729,34.97088830681584,1.4970912271672632,2.931422681252811,3.1722459336403923,-0.9741368406068636
1,-2.397137506713448,-26.294513885332076,-7.501803518803633,16.855334239276726,-26.061984424917526,-1.3871525688083381,0.03834997091437019,2.0199210390626856,-0.045335574144394555
1,-5.059641117020825,-14.047578276667972,-3.1294888365727878,10.425797716592047,-14.582672960526168,0.1901392266606594,-3.317766442796957,-5.479065830854161,2.400280248482265
1,5.832028808933619,46.52324997422506,14.134625160205044,-32.66679873206182,50.710239177828754,1.6982284155117913,1.4218755593339154,-0.01641831543695245,-0.36498227987848003
1,1.5833258838892055,15.369520124614251,4.365950085239057,-12.389331405497483,17.547717873502595,0.9373604044526341,-1.3463756554099766,-0.07597013024454924,0.1149536020777518
1,-5.937995843521038,-35.55084273359988,-10.07579209007277,26.604867127075234,-43.621514656467845,-0.9248285107607214,-3.6483161439679646,-4.58319000340668,1.572305338176456
1,-1.5139782296481035,-5.880984952158408,-3.3688386151518896,6.810373366823064,-15.54029257183872,0.15150128542798008,-2.0998070084213225,-3.048575243704842,0.6743343044888269
1,-1.9514073810143662,-15.452202184498272,-3.808704693781161,10.679441888305506,-17.340143068347672,-1.0829839584121697,-0.48754021814133625,-0.6392334799480921,0.27317507892723086
1,-1.6788655113422841,-12.158669520713502,-3.025470745720267,9.476140970323021,-13.491642194154391,0.15898826588646134,0.5706548219722613,-0.1094209828190622,0.17184091139833876
1,5.912871530926586,42.65087195684674,13.155691434347041,-31.655038428281994,49.203185776034424,2.3267248383436527,2.017019902192314,2.3701578753507113,-1.4677988977222542
1,2.83753717734012,11.846959772529454,2.716801208999032,-10.141395187401143,15.379298960583437,-0.20520282136222412,0.7178301035344377,2.968487023888447,-0.5401253359258201
1,-1.495452149594327,-15.688782349829895,-3.3753069391910935,9.947678205865882,-15.872425765239342,-0.47406378981980013,-0.7012256606956639,0.815846112348377,0.06771606630942319
1,3.3505924500122,29.80454286634689,10.895337920055427,-27.25487415027124,35.61135175843339,2.037709861929332,-3.037381181271931,1.5292114955292344,0.4996746025024657
1,3.7566575668030096,21.572109781703844,6.682578050361186,-17.99584948472555,23.44980010971207,0.8055463649900925,-0.18567108928147819,2.17385106444652,-0.2753506801405402
1,-0.23900669046839446,-22.239873426354812,-3.0631226558782503,9.443164905768922,-18.47407619259017,-1.4686928344647907,-1.156044510739814,1.909796740331356,-0.7873320523391109
1,2.0523774658100904,25.104650795694525,6.572452884300142,-17.554099313305645,25.392682152896988,1.3676337728770567,-1.2758464253181003,-0.4958427262077259,0.4651379252853963
1,-2.244055023870058,-23.960735267809497,-5.9417504811826305,12.683264065693159,-26.369035538041224,-0.6791717340807527,-4.079140479782607,-0.925385782231353,0.7353672082821358
1,-1.9621329298298735,-28.319447329958784,-7.649882469448155,18.959852921815607,-31.4670517528048,-2.1106434282711417,-0.5754961231174166,-1.3545359042349414,-0.02450211963249024
1,-0.1786767861612038,-10.772595414003387,-1.8709306930306813,4.043237413466688,-2.9943163843645384,-0.19739738979864369,1.0444701843403985,4.2485360070725555,-0.44738041889631586
1,6.185445698899035,57.60358543537889,14.912013071517713,-37.50539528663052,59.066910409062004,2.2876024198679765,1.7580098939558089,0.099072619738031,-0.5420062079066591
1,3.8559804242391578,28.7890408814671,11.285274386308933,-24.796909765031156,36.1118656057224,1.940317383437788,0.10132307950194516,1.8723420175849899,-0.7745315569244504
1,-2.3896124039497306,-8.086922405099061,-2.600820269633267,5.0609795234910315,-6.868082045466271,-0.5390857218019973,-1.2507447955480693,-0.6120901175868447,0.6775939348836205
1,1.3462841957958482,8.424621915903026,4.086328357797071,-5.774281460423213,9.019539756521498,1.3825935568253247,1.7331386883158209,1.413728019567286,-0.12763100605046165
1,-1.4132299718885646,-1.4476384327451113,-1.6755669486800693,2.6335325823545856,-5.007628807613366,-0.1723718219871216,-1.2708269337812697,-2.695929351755771,0.6612709950030294
1,4.383460745909509,44.558480656825736,12.422278446364238,-32.13546980087563,50.92130483313273,2.5144852678951275,0.7067516418329727,1.491903647252291,-0.2685831827725847
1,4.54594243511863,28.66961342668738,7.1546448820405875,-19.798092282467895,28.691439533356576,0.8941998095297687,1.3449900429051447,2.133415631170597,-0.982518772290518
1,-4.024684350047,-26.344068778886754,-6.479447377424182,16.03721564811449,-32.18254076585421,-1.4139654833659383,-5.007388794107963,-4.237427075517992,1.5503572472063807
1,5.377484315406794,34.67049353187113,10.39095014568729,-27.360398352676263,39.38709474937064,1.5850175268316018,-0.30632579174094265,1.7227417479729483,-0.27545982017258414
1,-0.8848889791080669,8.844449696141272,1.9419630765727882,-3.70032840107248,2.3725352792818417,0.15116890349226192,-1.6849804169368492,-4.357723741066395,1.1312959546510624
1,-3.3815219425162515,-21.457553475194086,-7.20629606271101,17.5802867573062,-20.260988913181247,-0.6852397051396701,1.5671835591127568,1.104068856199187,0.6861584560239886
1,2.6473263315828777,8.494905667709338,4.846895614684402,-10.063143571605863,15.603896044293192,0.7325910360173454,1.2673350238588696,4.252299768317012,-1.3849958092408923
1,-5.014267723080169,-20.272031751904148,-9.110638589781894,21.198036604895556,-30.97350817213363,-1.3747691554575898,-1.7936186159556171,-5.839985609319255,1.761984184156286
1,-0.05804710089152399,-3.4764738770205854,-2.363527432811771,5.99856575942362,-5.705770500877264,-0.25929637657579324,2.293995413135202,0.6053684274553035,-0.9649930508281509
1,0.8333391570584154,-12.159393893056087,-2.6429749001906764,4.741859982951409,-8.889374064702391,-0.6181172849935859,0.3563117932894554,2.865536959088521,-0.6556608485625992
1,-0.4865705167990762,-1.6898562013867178,0.16934308237852153,-1.1650395293954525,1.471711594899684,0.37978625369043517,-0.3178519683433093,1.1910766317666885,0.06046258787862682
1,-0.9439420029744878,-0.7285160667934587,0.413120382228197,0.27578484858741553,-0.8419084238426544,0.34828690310533744,-1.441281878886287,-1.0627033612014058,0.016604479992245954
1,3.1721356449744813,17.094836971165556,4.206011240189424,-11.541523269793506,22.22583511195675,0.5984198349525365,3.022390791525784,2.8219102023776377,-0.5534354205709535
1,2.8324927754692477,6.613893675742749,0.8881034624032006,-5.971628335032475,11.388754205732434,-0.43919748731256175,2.942190294058077,4.927016096762756,-1.732080250346645
1,-2.8169084938584383,-38.349051708699974,-12.187434230287778,29.922999951755582,-41.21971369576101,-1.8404083044384252,3.3485763675005566,1.9726536748170993,-1.105870191752519
1,3.1393369880050486,17.77319182432587,4.930204959333204,-14.884111084663955,21.77237708243052,0.9025505047614351,-0.8454689541087655,1.8886771571595038,-0.7146873148913161
1,-0.2733208906748553,-1.7754239200308701,0.15867168263972653,-0.15085752518994586,-2.156464032479108,0.46321824236893594,-0.8085839424164677,0.25083799369270676,0.06902047305004533
1,0.7399332272992896,21.429469571431902,6.980245171011794,-16.351295092659228,25.26651557327264,1.185223135658073,-1.261301532240956,-1.5039983833510782,1.0501349750474926
1,1.6218827257214083,13.15919519130589,3.3446532737077836,-9.82314108089058,10.54827635697713,0.49136005717248965,-0.4312266283641176,-0.47002596868781343,0.002948350011674289
1,0.4174136036642544,-7.466159996666636,-2.0264268960152165,3.8863910639353185,-5.8459775291583576,-1.1190155591944555,0.5395073168167478,1.7030817257451438,-0.6624687386214054
1,-1.646788777882391,-18.309581824902335,-4.195568444573988,10.758781620286845,-12.819116064826947,-1.1141886752815962,0.5966219040678827,1.555508017240597,-0.42063236276941746
1,2.12387351436915,35.065855437955534,9.412581425692217,-23.276541707803542,32.906559706153736,1.6009383815394422,-1.9253843679732678,-3.540708890619852,1.251587537690901
1,-0.3111501681033504,8.774433584827781,1.1555286707611236,-4.5216726002715335,1.1241724779333258,0.34570210328774104,-3.012585732454433,-4.475868264003554,1.461324162785513
1,-0.423636842261982,-6.976114732522277,-0.3836994526229391,1.427374737245394,-2.4072429687250287,-0.03945700695185749,-0.0942212335116224,2.606435361289409,-0.3269476225839172
1,-2.1339398024299276,-16.933115795532792,-3.7729283183341407,10.103452661970213,-14.825579371163366,-0.3542139064396028,-1.2853550131276932,0.3986555469826105,0.7370283193966236
1,-0.07085785216109791,-0.5637834628432215,-0.21110462218665513,-2.6900210413843757,-1.025640888253401,-0.49180321741102695,-3.4626251106435912,-1.3644498323154284,0.7947456260678015
1,-2.531825644415461,3.520043492143208,0.7284020395869715,-1.2983729968669238,-0.4283448361586824,-0.18909261511420716,-3.8480933993633366,-6.554204696104875,2.3109439791090165
1,4.12784036988646,39.64422113183898,13.34214678059923,-31.274132111979352,47.90204102433769,1.7825910530981814,0.7396058362172646,2.378971661462947,-0.18100769322051208
1,-1.9262705086270462,-14.665628298780732,-4.049115314233298,10.758335530087317,-15.19381039618651,-0.6608624654579823,0.6187087670067835,0.6164550851247332,-0.15730951186382308
1,0.6421185742870023,19.45982988825581,5.683524302329375,-12.969266761657398,21.98848229285899,1.4928887679615104,0.47996107382721515,0.6019072920924992,0.621165437487499
1,-0.29845932578680845,8.813709610548434,2.772312041668574,-6.397813892789003,8.937121713618426,-0.059643104567500486,-1.6593575443719821,-2.482000156691221,1.2084904672464514
1,0.022319029792570583,-0.7495294960447029,1.8941567648788353,-1.1616122389529688,1.2980478888119764,-0.10173465846705838,0.13162400115523176,0.7392421900174984,0.6455792658384406
1,5.6045420516710145,44.95457085437594,12.531833265719634,-30.206565061317825,45.44080897571961,1.845364380205799,1.7769595465604042,1.5534507440234269,-0.8524918376643529
1,-1.023951450856996,5.650070588530036,1.4958504353394342,-3.3851037628407847,6.975408446468412,0.26899823431930303,-0.49367099930282043,-1.1510164640670637,0.3994791026083901
1,1.4970654895384115,30.357363445709012,9.30444900682138,-20.804530910681642,29.899004274961243,1.892410462349602,-1.171163037342508,-2.679162796679714,1.147589185678799
1,0.5830106913581559,24.063742237785526,5.641716122130092,-14.135127670299775,22.66471625330516,1.2090692934244476,-0.15461986732145844,-2.6764689801734067,1.2553420198404628
1,-1.671633201668624,-1.1561299781466183,0.8936623984610766,-0.3845079708424904,0.26891453946188204,0.41231136844864036,-2.195638987885446,-1.4734416145570681,1.4686825112633668
1,-3.1018932944378133,-33.028516497961,-8.798912218860057,22.56228007869312,-34.32517170616023,-1.7347547510548584,0.6209469305512139,0.9385472514409591,-0.38667500133909694
1,1.006448107202169,4.8864032299825535,2.2859750308770317,-2.5782147403957105,8.809749401137289,0.4940681302311063,2.1856898051730873,1.932264459720693,-0.9013332654344507
1,3.7952211294765092,33.9869456009934,10.668625734478177,-22.76485345124662,35.50682574861752,2.1053966026192943,1.6876412099190417,0.36033690983326583,-0.4368600556217129
1,-4.665067365643067,-31.57260599225859,-8.785565240683907,21.939169276390338,-36.09699080305651,-1.06114909219422,-3.372879228325688,-3.9407820929258985,0.9022011086827598
1,4.478001747225488,12.866444153389782,3.0303345913923687,-8.522628323224115,14.296180808192931,0.29319282398385016,3.9800479551921537,5.037036516893811,-2.628315504127195
1,2.6017866537983196,0.7625384898907888,0.9954216392249989,-3.3173908238412726,8.134175761207555,0.17743334782424997,2.910266467463401,6.63677921159832,-2.2375299827339914
1,1.272482362104352,1.4266345732469565,1.7462198704790546,-4.595221378241709,4.619964113397459,0.05061765796916258,0.08649837222159908,1.9209708144829678,-0.6915841075947807
1,0.2547277565453505,5.999543239589621,3.7160469028261187,-5.525899091458764,8.012450925352645,0.5359393737057876,-0.38927912865395353,-1.1446951752656467,0.3380101651389565
1,0.4799650700523389,9.076889411728736,5.139962336211062,-10.869357846258621,13.412452719323731,-0.013167545541765788,-1.72416012396398,-1.4101398385432518,0.7932103381049664
1,3.310843607933737,24.912799826748337,5.923866069266052,-17.205227627158692,23.717822387660497,1.2236249172699891,-0.7503518211058914,-0.24951511734847903,-0.2904317342131595
1,-3.305987912903667,-27.581924062661855,-8.107997286790951,20.808317852237714,-28.58129315676851,-1.4132335372948763,0.5231902198403958,-0.748458890621011,-0.03800908773517907
1,1.4779413335565532,2.7154650505441014,1.7322381381494554,-4.269311364600977,5.351037848054028,-0.4868791547769804,-0.0033954620276008263,1.1363213322702763,-0.07954015205741455
1,3.0449304412030593,13.929343912188159,2.6270431447407168,-7.612460012696752,15.27781048343124,-0.25275265575820044,3.383736576885798,2.158880489039386,-1.6974703573225374
1,-6.17395218009127,-41.54532580974086,-10.688583698673627,28.787285478890222,-43.34890255827393,-0.9680588752968593,-2.6600925058275537,-3.4502687332465496,1.5572825069571012
1,2.1803723282508694,-1.9318058716537814,1.710834881506453,-2.6983308180759757,0.3974483107270779,0.40427943080597095,0.017794290879072264,4.100551704165035,-1.4758230202277134
1,-1.26801265084291,1.1750605452665817,0.6572553017142028,0.19841688649358064,1.8863150933378794,0.013033315229404395,-0.49024063655866473,-1.480448014991612,0.559308732412937
1,4.155825856706076,35.66389813617421,10.640754457264785,-24.77028110358893,43.2969755581405,2.005889087417088,2.341717232411916,2.5311162516328705,-0.757088520708813
1,8.182034335202948,51.776653193161216,18.214467490435148,-42.24584901814896,65.69821413342224,2.2133313445295233,2.675730113587925,5.955988165783748,-1.8794518457319
1,-3.066209367747998,-32.04663765459352,-9.053204403644408,22.072641919271753,-35.26448738712457,-1.6933119730192239,-0.9357410019248793,1.2242595200112134,-0.5461741333688735
1,-2.200845939290599,9.43848315632162,1.6861512061567603,-2.0089596486621426,5.316493761153758,0.059703489621880663,-1.742979560264606,-6.9983385525467225,2.0613443267183444
1,0.15523949674583948,-3.3918528511533648,-1.9690589685984277,5.970468869256517,0.39235402629554583,-1.2842307169361926,4.771189673730892,1.4949502498286151,-1.061513099217965
1,-0.5155202943104997,-6.513834189507206,-2.912307451201166,6.758948331303219,-6.726411651506171,-0.31453190496827144,1.5526182850747832,0.46826043836257625,-0.6044641634742712
1,-0.717778823318885,-19.80502269932609,-8.870514078860296,19.477997200084985,-27.8385446387017,-0.9986566253833591,2.4361171668721906,1.218365240859176,-1.2002160349140014
1,2.678612416021024,36.72446142808631,10.04659959421502,-23.15350336109181,41.03028207997062,1.6461396312172787,2.03446612121018,-0.8459042759428853,0.09788192025227758
1,2.152708061047541,30.30814142591127,7.157337597133008,-18.6012446402603,29.53272646300787,1.4680628392531454,-0.020148286477657804,-2.5304509956689505,0.4900703751362781
1,0.5577427945549855,6.520535470444912,1.7559671930333587,-6.064528352538629,9.530460550106739,0.18012722824454294,-0.8748032876398463,-0.04662509498249461,0.3695620125420532
1,1.5084109274071102,12.096153717673323,2.1692162420027405,-6.779046497473297,12.904584644196417,0.004286511665931844,1.9446273010432487,2.361414593475171,-0.6562850945258715
1,-3.4105722670314487,-20.810408266617067,-4.424589649532833,13.97191793412857,-20.84722078663009,-0.4561498910448827,-1.5476942299256653,-1.8302494323010843,0.6565304505398227
1,-0.8419058352700223,-31.05964189738076,-9.896807680018263,20.80821088410731,-30.683605545024545,-2.5585786446039274,2.8807307686045123,4.890301675966386,-1.0112324633063627
1,4.594470074190496,39.622691777858165,13.880741959759787,-33.06000850107907,49.20046053225613,2.447099197239071,-0.2726295472178207,2.7748944319552256,-0.1957274472806767
1,-0.28069706296051267,24.155475419885562,5.557249220503274,-13.950244491584831,23.131484317101087,1.1781586527709476,-1.9263231350326941,-3.943577195239287,1.5100336730220745
1,-1.4868535710216348,-4.018847329826091,-2.507629253220221,4.2034343794649365,-9.769526569709898,-0.25358809955151396,-1.1374516687174203,-1.9043542116125753,0.5470390888296965
1,2.1662368311925038,27.803387586473168,8.812052479910735,-16.66680883985303,26.846295886604455,1.5087039334640457,1.2709911177165134,-1.5205485813873478,0.05892660598991707
1,3.0459941234874375,13.3456732698842,4.561039742189891,-10.813428642414516,17.095370822884913,0.6752016931114821,2.322008972534569,3.9187634867599748,-1.7003283664941877
1,-3.1731369529213023,-27.29891639817747,-8.87809507902644,19.819092815014315,-29.049530143397696,-2.020782276370207,-0.08291323726584332,1.3809149382010937,-0.006842257009825756
1,0.05870155058132734,7.599034525382027,5.988445613711963,-8.703296678772334,15.816419314152133,0.6966255476693705,-0.14040192740190013,0.12471749969907743,0.33349387885067183
1,-1.138984776011551,-10.170352821194756,-1.9080224506110242,5.107320724993166,-9.8406827089757,0.2755806131646351,-1.9801225152081603,0.824549935605025,0.16427857268334123
1,2.6263390068484784,7.7907651204780235,2.599288829833723,-6.111794114032465,10.160068596987804,-0.3243825254783302,2.2954053519156483,1.020522630748138,-0.5409606292956785
1,0.5933480302344202,0.9275095411065506,1.7839240579213094,-4.268357407780255,1.6252197794492889,0.4185241928870035,-1.2868795041432015,1.1434201796568642,0.2701418395328861
1,-1.3449057315358606,-3.4001854651408974,1.5391153535418949,-1.307989503793283,-3.41113049220029,0.6211896732243727,-3.5077970780159258,-1.7507068365699077,1.392746874567777
1,3.6443625298937667,12.501633955320523,3.404431118952051,-11.122336357517263,16.38463306479049,0.12052112282710346,1.8651101422480725,4.222676185187136,-1.5748244042424049
1,1.2017022465305873,-14.33843804866159,-5.289622175098064,10.922301484051266,-18.372463592196056,-0.48181143792109377,2.2120480201905517,2.9147818651580164,-1.8892989289188469
1,-0.011209485981770018,-2.970248147257262,0.881426690139426,0.7928295767899243,-2.0436915930804767,0.38742347891389545,-0.010331690037879059,0.6668040161981234,-0.8199625492634225
1,0.7679428084611154,-4.794540691921485,-2.333505811695339,3.5594139467161976,-2.4698851329937295,-0.3247159038438806,2.608462783425941,3.2986214369415467,-1.333758774413829
1,0.4055158206661771,-23.674427472410294,-7.6467414983485495,16.945637308863535,-25.434444854370934,-1.7254801993189832,2.6730874516541374,3.1836035307444592,-1.8969134819005675
1,0.5606491131075119,8.145886086165184,3.620685441342436,-10.790815225544016,14.499980912710718,0.11080826675340742,-1.703609542680645,0.8970405562543303,1.1128902211840728
1,3.925379329178265,27.912414760090176,8.802819176362485,-20.44966878152414,28.227609131592246,1.5906560659054663,0.5477661771652476,1.3126466987411243,-0.2729372951389456
1,-0.5955066194198312,-5.518314685915994,-1.6631818970059487,3.6776098563538677,-4.005532136585271,-1.1994348435225586,0.31707248640200797,0.7777399630167311,0.11344944736412582
1,1.664772376588748,20.92091163020073,6.647592176047006,-17.004816136700466,23.82436034277019,0.8572646904886221,-1.479850635645851,-0.6371361317033938,0.7878550711581426
1,-0.6867468313205237,0.14403854882313505,3.9112660824306595,-4.258288323390497,3.3241867139703727,1.25365763428746,-2.686215639484763,-1.0418119771206225,0.6464693966770558
1,1.6761462853583888,4.893874294658043,3.3854771658599803,-7.091856662109594,11.590074996524487,0.3124497812815131,0.6487692393281951,2.2629231799681078,-0.22735308738776513
1,5.886044626420135,57.25944146738236,18.90009439486974,-43.92111657580856,62.42132422525589,3.8042665956497346,-1.2694221058530268,0.22246304377943574,-0.06257151066570066
1,3.2840264619843356,32.05467788088515,10.121044976908898,-23.39004909152291,35.00805645331944,1.2977691389595365,-0.8805019807736941,-1.0135969939426113,0.24551908398170338
1,3.0043625095341566,24.41694762294783,3.66954229744049,-11.470807679569678,24.902162924098047,0.7659540700841863,3.927779284754529,1.2001591331011836,-0.8601159128975147
1,5.974852027183805,55.745761187667036,16.778656555994903,-39.345404096657965,57.184507709083725,3.2804318127263876,-0.025060998643020194,-0.5511156605163556,-0.41783891673562457
1,4.137149613568986,27.929188852240035,7.988709284171102,-20.92451823690933,32.9386520855396,0.7621739552404969,2.0915056518328643,2.9646292935712553,-0.803518785744998
1,2.4816036933534025,20.933364049794722,7.049112745140275,-14.565347514543053,22.82736961559821,1.687613648025838,0.8151738345425749,1.3833979650306507,-0.2585046729868623
1,0.37812939766951004,4.985928855383532,-0.4399406627537379,-0.5479625352866913,0.5054575105142064,-0.225616815888763,-0.05858544668624724,-1.5628938445702962,0.24900348819149534
1,3.0957741603666853,5.83817821221432,2.9492053126727185,-7.676469975532511,9.522025877367886,0.17745787747849467,0.12354837806969068,2.4366586648570676,-1.3771105102965024
1,1.2618484780178452,0.7087129281865688,1.236955769933145,-2.5351334367833744,6.230675589053884,0.07439899371333616,1.9622955300675913,3.7016236314877005,-0.8016413115680602
1,-4.126711524644011,-20.87005827676459,-4.9677660986125804,14.012367478451187,-24.03497548928086,-0.3473629843197139,-2.9365801919882872,-2.879135491680269,1.5894680756140196
1,0.47060390294764015,18.05720102428638,6.034801482804684,-14.12300238109562,19.385099858326303,0.9163364383285337,-2.0728489895811557,-3.0613624369446013,0.8804976191784392
1,-1.5993284136984955,-5.438159191710115,1.2231263705657078,1.598676329819685,-4.7722219128106875,0.41328627909640314,-1.4349017001836182,-1.227070182213517,0.6854030143875177
1,1.191100803723685,11.819022169709607,4.252760199425569,-9.232925915757878,15.054978506248753,0.9654243698806607,-0.12744434972681146,-0.052687529119783374,-0.15933243166755207
1,0.06620387858432716,11.225175014629116,1.2984218815380342,-4.197278664256497,3.573585689458294,0.6923382640100636,-1.4493405974422269,-3.1830700708103197,0.8628477303588619
1,-3.725020920806152,-36.26381207706445,-9.534014498306384,25.018159267831518,-38.92840261248012,-1.4177886947987575,-1.0912768926598742,-0.8665711872051414,0.28303014195579246
1,-1.2233677785230659,-15.230793596841893,-5.322717399123136,12.094871071898746,-17.16880993924145,-1.03206493775259,0.7937144377515343,-0.2869395051789512,0.2952414339697277
1,-1.206284597397464,-19.090464681881716,-7.9206070840152965,14.976393939228917,-22.452388867587622,-1.5558149503307204,0.180409663920541,1.1077179058028626,-0.5623642810814585
1,-2.3869221957437707,-19.157988129159115,-7.751738031365743,16.8404614611966,-19.704917571537347,-1.5787377146023631,1.9295241347971945,0.42678314162836783,-0.2725875974393276
1,1.5012876992535755,-7.262647287113643,-3.289964445102164,6.599870062002261,-6.436011663577133,-1.846591978051638,4.08395942762042,2.6545407670102628,-2.0402638962595434
1,-5.7879863858875895,-20.81779841617905,-5.142800609405993,14.922206948304341,-26.496459717202033,-0.19026076285011695,-3.9113493277539844,-4.772650456235833,2.0836388118577203
1,3.453506165703569,9.215100256126407,3.7776210537273864,-9.792483895711701,14.065017755312796,0.3724939187878109,1.0195889435153698,3.696917897382127,-1.0039567755589012
1,-5.519444083216895,-25.001811614784604,-5.508862135857905,17.32327887205505,-23.820882773411615,0.11026712140649848,-1.8383712607052025,-1.2791037505419007,1.175452326966136
1,1.3473712979979684,4.318159928943632,0.6911382124709124,-2.5693801421879923,6.033824811259677,0.2650611732513804,1.029489695596368,0.7293016466706911,-0.8627950049688041
1,-0.5445434990172177,-10.021586604245604,-1.8480770342497275,3.3922821825400327,-7.762784907960693,-1.3008522671196647,-1.6630866743001829,-0.33915922040572266,0.27314121094253757
1,3.6200908549143467,39.29480784327898,10.769229583126911,-27.655408527270293,38.1073701685406,1.507920067868146,-1.8537695898548854,-1.9608249980830634,0.6167333230049125
1,2.5013803743105503,7.7439604603380126,1.6050303677321343,-4.849404337467048,10.422658841519679,0.9587628055292041,2.6050315940148847,3.5796324221015285,-1.3393499113142473
1,-3.4190451170606844,-22.746882922671432,-6.1221749418238245,14.854503874625893,-22.6996125676784,-0.3572683074659369,-1.212938631159013,1.2204474227863686,0.9605329454487594
1,6.169912496787597,20.272837294745045,4.879680075525539,-14.081183525164207,19.561280135683266,0.9299668366372683,3.528395109479007,5.497553730772034,-3.2495062745936663
1,-4.62399832589258,-17.20110979995429,-3.779082972859866,13.218662743146451,-17.353333227291504,-0.05428711313191565,-2.4687666093209035,-5.3115635260048695,2.144611444786301
1,-2.4139766660742823,-10.346733226186261,-3.843797437819372,7.906904484564796,-15.020740700565995,-0.7117116753605682,-2.195609756434101,-2.233009278489444,1.4540411670373543
1,6.726879378289453,64.89769702000565,19.425957943562082,-46.79977784786393,72.60061659535451,3.3199068246457104,0.6432639068575483,1.2099826496593504,-0.37839320748811156
1,-1.1649337155144588,-9.25807387711279,-3.9510756802101703,6.083826582369447,-14.741349220388903,-1.1269925836894636,-2.7262039916212446,-1.0353142168411478,0.5264749509285802
1,-1.760579353392545,-4.1160753402016175,-0.4666598514566941,4.038977642831466,-5.670300114264776,-0.12619538930149166,-0.7002690958225635,-3.1995316993413754,0.4783136010686162
1,1.5329183459454223,21.463594497359583,5.91457173049366,-16.42019555305912,23.077648875499577,0.7906175185183756,-1.3867849102232521,-1.9603691420594416,0.3314358986687185
1,1.8787306520242633,22.05809557352902,5.934243651441706,-15.125902882936295,23.803004479324947,2.1137316585729176,0.7900549997345676,1.068514005479854,0.07623404815424975
1,-3.8150519967538004,-5.816242181636874,-3.7819029170456275,8.137206836237688,-12.598717474131341,-0.2791654033910985,-2.380122426734375,-5.589789425363427,2.3960132004014234
1,-2.9241210127087442,-11.928190466703677,-3.8086772482492375,9.982465217701414,-14.132828003575849,-0.8868909350279581,-0.7512741217397764,-3.459926714408087,0.9616581524849721
1,-0.3695634964590273,-14.650901829975924,-3.464806377008146,8.595786795728422,-13.890998662886666,-1.425197700694528,0.9334266450976625,1.014106268646615,-0.013531028956657736
1,3.2466369985161054,15.964188011713315,6.146228326475133,-15.214492040991258,19.09662695932586,0.5744864169161592,-0.12136162192103928,3.6815305381775385,-0.5247872918303939
1,-3.778784392847154,-39.98478893735193,-12.321043021631448,30.1681699345631,-47.02180545792593,-2.0118151778521574,-0.4145384673480976,-1.125673991224647,-0.1945346874591085
1,-1.3550687943833175,-8.394246050912074,-0.8122605354631637,2.2565929326934757,-5.0764659230050535,-0.3930513037080986,-2.7525474931944673,-1.5495101262801536,0.8237517178370994
1,0.3231560349777113,13.91144337925035,4.263201578117313,-13.06097754408498,16.632381194047774,1.1536308251937644,-2.3359513102945906,-0.8010690459496664,1.0703534960069852
1,2.194757489594348,19.882858625385005,6.807987166401856,-17.425867441425194,20.225755155964233,1.1270189962059671,-3.250086413408857,-1.5740416326981987,0.5987157026150455
1,4.156138290173254,9.79765936378662,2.4906544950143172,-8.980579783478893,15.31796870938408,0.08012316618907153,3.293254906930623,5.029742254292523,-1.7728778894617971
1,-0.5220656601708565,6.03984041286907,-1.4337856608396466,1.839716213500276,6.0712412190753895,0.4963445682797353,2.5139380758302674,-0.33495880636777065,0.29868273102677895
1,-2.547983924554332,-26.594412513192434,-7.054043118154997,15.921261798124007,-28.088874117751267,-1.3043819105865329,-2.145849428109772,-0.42426636136063867,0.49500953654349084
1,0.5476520193505885,7.535541549830324,2.266197143067619,-3.33331840570642,5.320067580727799,-0.11818347683404834,0.7919344142678109,-0.2969202513985497,0.06643450760379824
1,2.9247426803433894,23.3902199773801,9.568836075132525,-22.152021010160517,29.197074025676155,1.4593008259702873,-2.0129632968109687,1.4542869031340129,-0.12519875426223903
1,0.5072510734069438,-5.406484471876761,-2.1283447403496423,2.773359109180046,-6.599339472016211,-0.46638189923688883,-0.7856996351931481,0.06172125051304538,0.10460294694176325
1,-0.2623443073004393,-12.34290793137122,-4.358912295087014,9.585126422089605,-14.480790410743325,-1.6172573606882135,1.7603041156583379,1.2333159911181668,-0.8259008396306622
1,5.864848459427781,36.988716990552724,11.380864041543646,-29.311081434957654,42.73535382170508,1.6594160309859496,1.341156604797052,4.28312048292854,-1.1913928283002044
1,-4.620379673661742,-28.23652861311735,-7.679937607339545,20.367884556792497,-29.961802306516823,-0.35042638395309667,-2.2494773089135096,-2.4657951667637787,0.969751516700144
1,-0.2050554734438571,-11.477151786379194,-2.057741078561498,7.075792229297686,-10.05292106092708,-1.557095598826349,1.9168636245296606,0.1520459368037062,-0.44344889353840267
1,1.0316518280293103,-21.552361160287138,-7.981476244192622,17.02162101295147,-23.577482867010946,-1.1786593988574368,3.95069540528579,4.954171348135646,-2.30184710727042
1,-0.8213524394285391,-23.69146183799395,-8.192261718336432,15.791581194011684,-23.57440525933295,-1.8202581375189415,1.4928504603777184,2.3916058812371666,-1.0315282436093476
1,-1.7014218240245857,-3.853862499459575,-0.40308884776288517,2.4598242325600377,-2.2953110154616545,0.07067663348268079,-1.1109406407102476,-1.8579414269089054,0.6091659747327182
1,2.792621475088448,3.6089075209891717,1.6435962711682,-2.815576736204615,6.359869199952243,1.1321243562288572,3.1506812824666346,5.014707690830621,-2.2870664712689153
1,6.543807237883355,35.89818683060616,12.704990292431434,-29.82410336122082,45.287361676617465,2.4358648467304014,2.4549590571243,6.061704992927981,-1.9981017083187442
1,7.843679279284089,53.60733348668211,17.053940744533943,-41.59292430785509,62.610932226606785,2.527835750922857,1.779202930513468,4.75772477232544,-2.14110842723339
1,0.9701557350076299,8.806638943427632,2.331896528357395,-5.916210501720794,9.515823219901566,0.2366480036168746,0.1622987497936846,-1.4620777236759912,-0.3099123664673247
1,-5.507252605103424,-44.944030885567976,-13.264158526540687,32.06885262692991,-44.18488043358404,-3.0153899194650546,-0.4623484212589889,-1.1270893846653354,1.0968292253337384
1,-1.4766197089537982,-13.355134111273557,-6.98850358213488,11.150112104724384,-18.647059151774048,-0.6022688480129443,-0.9471500905944605,-0.4125215475720598,0.22853676141089874
1,-1.4665156871111606,-7.385420369854571,-1.7406794736010895,4.990106821794092,-8.696120627506073,0.3899590881806575,-0.34038890933236204,-0.5047332254334967,0.5468435998433999
1,-4.689029928531468,-31.362356627536688,-10.791813667397667,25.589095874828896,-37.42291679622224,-0.8656918144344263,-1.5803939516374945,-2.7685368589219332,0.2821100813240478
1,3.714222369797522,35.58169395008462,10.672177166356212,-24.324648023204272,37.457190703518336,0.7249558212202417,0.8144266810477744,-1.9930030218542454,-0.28396519118305885
1,2.0036828075245596,9.67602108441661,4.2382051302776,-11.837607423599456,11.898261213249612,0.3933018537628716,-2.594543596190916,0.248723812616999,0.10425026513370104
1,4.475492209557713,42.773580484809976,11.074734580833471,-28.285407770453645,47.276157748186094,1.2739381357323127,2.1966030260260796,1.5811988948666549,-0.8249263311273928
1,-0.5069509562447568,2.565878598169462,-0.9754112645930718,0.8691235008553807,-2.795963659302181,-0.09260918926632715,-1.378617293793858,-3.1635458681274167,0.268289339964368
1,-4.685316403389633,-38.963445587557075,-11.70861227448567,30.02979739197564,-42.77506319072301,-1.5458596132337952,0.8756464010360416,-0.19988196355528315,-0.2409686764104509
1,-7.060115449462298,-27.984792867354848,-8.48294688681534,21.769300840946656,-31.777773344887546,-1.5588252340273194,-3.324088430475277,-7.051636501795654,2.754296439975063
1,3.6311957360440115,17.274193959600336,5.523177101359083,-12.07285300212062,19.51509823070373,1.372016857513021,1.8638017773963065,1.5876893243825012,-1.6964159975707298
1,2.2308865408974166,17.88866040192991,5.691411013152202,-13.21345517337255,19.689862630023708,1.0351768132099939,0.29890115288799013,0.5102892444987908,-0.26238488154267137
1,5.187401253339755,49.18920098991212,14.000806897300867,-35.34141619400637,50.35891064562453,1.7844235469522909,-1.1527529175362847,-1.6046097957871985,0.5520778420084728
1,4.5519602040084,14.628146749526882,2.489678536278697,-9.43448301780118,16.252318581169362,-0.6545012105702017,4.041149503957985,3.777895582093392,-1.6553351550502422
1,-3.6149725277251825,-8.375554345788112,0.8308044896973964,1.2381629419315305,-10.781970985119626,0.9409619294159464,-6.306270024917154,-4.2579489235153245,2.653156086650648
1,-4.023161549254495,-27.562474608216224,-5.990346988354328,16.575419659482414,-26.46795425151586,-1.3422276657624799,-2.1559382171130905,-2.0858318858218783,0.9884450936589014
1,-0.020375775206365132,-0.3384325648428262,-0.4419241207518272,1.3183519022494803,2.5820615325410876,-0.12954138376585403,0.8181698142768525,1.0049038048143333,-0.2914713228146796
1,-6.440438167023145,-18.98589200737395,-6.021377511292839,15.332368973666059,-28.930037859493947,-0.03728219554087701,-6.258812028755367,-7.48462206707746,3.58520628110373
1,3.1876400840454235,23.833911848311455,6.840699451674061,-17.773752012308208,25.126069419048193,0.7427422459624117,-0.19110715134688316,0.24675414972769757,-0.3822846531122932
1,-0.5289463730796902,-5.31135639966161,0.3467782332486299,-1.2755127622437867,-0.004692180592792021,-0.2822039367918906,-2.1910472150179405,2.123444455877717,0.40364033251313813
1,-0.6038694932730148,-21.535661033419792,-5.1886916703315356,12.81618004668727,-20.71617522961764,-0.9475411418733137,0.7882071557880016,2.625078935360807,-0.7472097471770535
1,2.7763659979098927,0.9500106193931622,2.671124186811963,-4.545211454819078,10.538244751305673,0.4936879927349176,4.250504524463717,6.901100350885603,-2.308120517178844
1,-1.5835957550148871,-2.411341472837897,-1.2649287673979335,3.296607619491923,-4.621496877923997,-0.17209295787521212,-1.5640620576250561,-3.6537814050387785,0.9783350896777612
1,1.5282223489639413,21.02105073361896,8.490213485485688,-19.2389102567254,27.51327168055341,1.892717283992209,-1.147319685403391,1.130298656801699,0.31014965075940915
1,3.153867156800296,3.814924174213595,1.9116610340527724,-6.194780507059123,8.61834381908322,0.19774227176171882,1.7686294678075118,5.12206047824326,-2.083180467708068
1,-0.9828496222674756,-7.986764867549849,-0.8807085282735705,1.5314500497966852,-8.172397966392237,0.8163825751494417,-3.6169711018423927,0.5390101007873963,0.9831531289426909
1,0.3999159511647028,16.506491070804877,4.320900013552119,-8.77525793994239,14.48005915898565,1.0767482426852548,-0.47526538779670835,-2.9017890598738862,0.8561072619651632
1,-4.710263058552038,-47.775166932060664,-16.01223732359468,35.50156912995671,-55.93303635829453,-2.4505431454851494,-0.7210821978475728,-0.5280598486198639,0.002192478496344831
1,-0.5208532710955539,-5.1026401810737365,-1.6171468589218798,4.456600962206162,-3.8232021169018613,0.2705161848357791,1.1230377856572515,0.6927932905215987,0.15574205659138518
1,1.379277249245411,0.8843724186412897,-1.4861062892886543,1.2173861943943736,-2.9151014944788924,-0.5669982240020087,1.39019174791628,0.7726427330538685,-0.7221587711477782
1,1.515960825118844,5.924585941224512,-2.7173078012228458,1.7627654850481425,2.1297219933577947,-0.6012223176978924,3.4167162524120647,1.1848225505014434,-0.9158828885372494
1,-1.0628647833765128,-2.607509205233062,-0.5571918140224225,3.845660773095122,-1.292328531801557,0.7056506014530285,1.0167334302808628,-0.6515260694287434,0.09010697058471152
1,1.495787193979652,15.967656979280637,4.162040159005088,-8.540004853507728,18.85862740067496,0.5261041591502045,3.5075970448250113,1.2777260711037841,-0.6481461031697772
1,1.0139857386207558,16.20749490891398,1.3480612918602084,-5.791168646794236,13.615707599763109,-0.0012233511147503318,2.0246993400267863,-1.6378308100480037,0.27503674533917455
1,2.062146588600367,22.304227925935905,8.506873017904264,-20.706192382467474,22.241752276833417,1.8750633799701961,-4.143380283524198,-0.8873242545971767,0.9914716881422665
1,0.7280710024367367,-10.085195944850271,-1.8745695345934317,4.095895950328502,-10.463024795259876,-0.6711222303484947,-0.6662317808541933,0.8260005141017075,-0.35651911505680883
1,1.6012630571646622,-10.193611839574034,-2.8621849921911355,6.926922482162288,-10.403905501002777,-1.5797164923578544,3.2751426160810837,4.083449554073856,-1.162285056350997
1,-2.3662416203194017,4.182142990283435,2.029121504487509,-4.114961948187214,4.274489225135254,0.9937961543057445,-3.4825516204198412,-3.240253391620173,2.22041666297887
1,0.6400237255064755,15.440542338342917,2.6974768928278543,-8.558384276054712,14.136924064763017,-0.01842117834974337,-0.46613463921750287,-2.484922119777176,1.3067194270798197
1,-0.6301850379251713,13.69525432008134,6.627171590324303,-10.838436007874567,11.40276878198634,1.8924948440836107,-3.511792821376129,-3.3493630216751895,1.0594083509119194
1,-5.626148927184811,-48.53134844649908,-13.396194783706374,34.23816095759038,-50.64389620590172,-2.083038352186581,-1.111091964120555,-2.1183794327350105,0.7012276683150848
1,0.14324595815653712,8.610730759605733,5.044418486960379,-7.132632682243409,14.187683677924541,0.36630369378223276,0.04164680682498484,-0.5787235424295863,0.4687216200823978
1,2.904443658876975,-1.6182494817341437,-1.0886376476878257,1.5248068668476005,1.8940276289343103,-0.563532983684996,4.217835206697344,5.224590631820236,-2.6222603792830372
1,4.4057274097874455,23.58879473116136,6.5218460881895375,-15.412503574956915,26.405909446237118,1.4601938032942259,3.8054408869451235,4.01797696319075,-1.1742833640697168
1,-1.9308435185039088,-13.205374612627114,-3.124222796518643,9.439956873349043,-17.555948156862595,-0.4150089835081746,-1.8357929390028602,-2.423730183838677,0.4229906452880704
1,-3.786658352129867,-17.46166796043697,-4.349819626714722,13.596947432418286,-21.240567855503443,-0.08496338792546528,-3.13103346309923,-4.897291110048593,1.3944566980762152
1,5.4987371074022215,37.05635727343919,10.522988796620373,-25.433373223810925,41.96503153264532,1.3749620541512666,4.108790398416238,3.364971290846666,-1.6817920929570884
1,2.3250633674591916,47.24517305704538,13.51817283385577,-30.80359634016905,45.99461551700747,3.0343613169374404,-1.9247757393785803,-4.801046371444228,1.7763869190361121
1,0.9268233533180199,2.5571259608219252,-1.5642414205518183,0.7940661315802886,1.006819509789047,-1.150242120095476,1.9690100846907512,-0.07302370276268683,-0.2274871853356155
1,-1.2587705694406415,-23.9563861911555,-7.689736239734645,16.625453383880224,-25.469009235937854,-1.2324264276319719,0.23669601249286762,2.164981398948452,-0.5354310966993151
1,-1.1681217174026908,-1.3192876206481978,0.6931723165782555,-1.1827693149632037,-1.5031199085318234,-0.19997850948511625,-3.2977784462095814,-2.316647371440396,0.8200300357849215
1,-0.2661055873586327,-17.27725583935614,-3.8734043081851306,10.015121406175982,-19.27196804600662,0.011661553401042819,-0.5293146752196498,1.7288495069228562,-0.8696724689052608
1,2.5478341581999144,27.064542440436295,5.196600526032017,-15.301898331946944,24.876617360681312,0.8494313935159316,1.6513765926502515,-0.2638183476871982,-0.45215188691088204
1,0.34121273967147703,-0.9011934008605907,-0.3504274620301096,-0.5453190632196394,0.18219157043279094,-1.1838542534517413,0.015246481517263396,-0.5578719865016883,0.3027597130782099
1,-2.754948439002899,-19.739123376910285,-4.499179185857891,12.742729153414219,-16.838876495408577,-0.5294653467931771,-0.514805877459791,0.4531498204060475,0.6463351976266057
2,1.3393213780374091,14.047468145780543,1.2068090377097325,-5.742001048002519,13.111672055711598,-0.019156015440742483,2.785564375274933,0.6057269305506646,-0.7234410784390957
2,-5.0421079489217,-34.79571245816477,-11.200478409857062,28.299269867370214,-38.470779474340205,-1.5862661870544443,0.8926192163893872,-1.1430649128746069,0.24499957066457934
2,-0.41671688971269033,-5.503100244383096,-0.8958042642389806,1.6095674994333902,-6.416794200127277,0.09049433195240156,-2.344068748415201,-0.63933741762656,0.13927870198624231
2,-5.162062360632779,-52.19611030319333,-15.169797058638638,38.090944928289815,-58.354741515595336,-2.563758427632244,0.5242041652345839,0.012427119064712881,-0.4141423271926517
2,0.36898114706196994,8.890863805366275,3.5285543037159415,-8.350108314830768,6.648044692822055,0.9454275650345645,-2.856391528800183,-2.7756383607253694,0.6820652602113041
2,-1.7172715687985118,-2.0282660778095907,1.1846509749364833,-1.2996322780134424,-5.583687084764709,0.6639012673959759,-5.294506901630708,-3.295389789787465,1.675419206191917
2,-4.312884596481284,-1.4648377264727261,0.9310938485677105,0.000963664044153073,-2.1851126728880916,1.415426954433487,-4.739905796461224,-5.034049752477944,2.7823966148269332
2,-0.5205098721163608,-16.869303145877133,-4.1276662936379696,9.048567855710322,-16.691101885201313,-1.0041599246508912,-0.5417458185998142,1.014165978427239,-0.48701198449369265
2,0.4449309363865484,11.351621600925714,2.3853033976288978,-6.062022196143126,11.9244965283001,0.4415976616492931,0.47996955549795806,-1.8128212386994078,0.3770055223997899
2,-2.8585554483961517,-10.196039073392386,-1.7883834060142223,6.496419401456251,-13.573418757085754,0.3628072610502793,-3.379691851774046,-4.0099670181343345,1.6445385704420994
2,-0.49220510137982953,3.392288544113484,2.453481184020265,-4.876690901117081,5.383536931712688,1.480425835427775,-1.3789596945131426,0.8568866407790299,0.5905028432907475
2,-0.048317072592390486,-13.684014469170991,-6.087694936013547,12.174286563352712,-16.610296191000458,-1.7462858066953695,2.1744682010178695,1.6438734693182981,-0.8451558570577946
2,1.1352380454727509,3.6920651438992484,-2.0985673611042404,0.306790847320937,4.444995186667447,-0.6357188701138394,3.230863379657971,2.737748871392089,-1.0386708440053358
2,-3.352273546709002,0.15573848517968436,0.16229547760458352,1.0232609143712001,-2.653715944221846,0.3111740265265614,-3.7404373974893637,-5.7886719007170875,2.7206947123357734
2,-6.284389254766249,-22.472460584624503,-5.340464399583234,16.132887104798318,-27.842702711447274,-0.9692395711370628,-4.971875240487404,-7.131237999623489,3.298418648752594
2,2.1095559622628524,22.80027018466007,7.915894951177418,-16.926753882173223,22.89591676701312,1.8647375476304116,-0.5069419656153181,0.3958309270251063,-0.22348140738862732
2,-1.0144349595927373,6.590183353743645,4.121182333449446,-7.56413732955733,7.255048978755648,0.5670397789222963,-4.113744195667524,-2.9648930340355055,1.8730299548858484
2,-0.18112699752703432,9.127028515386977,2.6662161646646103,-8.199406368430422,9.883626819262368,0.14430582219124957,-2.1242242126661006,-1.1996772129358138,0.8307606893578002
2,-2.5233532368752454,-16.664414857148515,-4.730482460235273,12.525640655041391,-20.455497342426643,-0.14856270210820818,-2.1966206726698987,-2.3838965482209376,1.3257005019728343
2,-0.704703846792513,-13.482604727704164,-4.6509760258585064,9.493749266247244,-17.730455776087744,-1.072708936080474,-1.3156898182291374,-0.2684793824329719,-0.11410571685888607
2,13.843441444165707,65.92162806389868,18.59019893933284,-46.02438965153899,74.08856836755183,2.617740314272989,9.235002809664746,10.410306531637817,-5.518905669612958
2,-1.0560143363967525,-7.933748322518463,-1.1762650062064035,3.203446894931639,-7.8278910356541855,-0.14286547809034728,-2.3290843271366666,-0.9039937690404822,0.5569880938062163
2,-2.5959138329609854,-7.6108556150130395,-1.957224322566499,5.276451120521745,-9.489787410299533,-0.30749871450047556,-2.455987601141913,-3.498338143548805,1.7863970987817959
2,6.250565855975722,42.856611556778915,10.298748338208448,-28.099616706703408,42.835052379154405,1.4869162717370823,2.822820236697772,2.57175240801241,-1.2686793897771538
2,-3.183315551461108,-14.571925931134318,-1.9254777501761375,6.2370792256199525,-9.062975519382766,-0.35049089754489543,-2.057661086276354,-0.12322322740863084,1.1095713120232589
2,2.409573674644088,-5.989089574275674,-3.123370693603618,6.5981325811991605,-6.486219552800125,-0.9067855748509795,3.870839363032115,3.212779784019167,-2.262975232201458
2,-2.401100826312838,-9.27138434250986,-0.4103308371648461,3.1837918452272853,-4.6391453086590975,0.7724116116009873,-1.6690898575677406,0.9221373468800148,1.013133964310595
2,6.307628725266172,29.44829186399591,7.04290702632913,-19.172585703255432,32.43258828008008,0.9070147566186314,5.463055642436497,5.8392439926949695,-2.5259456477342086
2,-2.9113848078324587,-9.659349023951577,-2.259856184605362,8.128922895859727,-12.201647725832558,-0.3307345300133031,-1.3735869877229976,-2.136030298162472,1.4068144860764344
2,0.33861608876395893,15.682751688296404,3.649819895918343,-7.866967998515562,14.220428073755224,0.5728336426559847,0.37794140173824803,-1.932869715027863,0.784140820258509
2,-5.100739817896946,-44.54737838004737,-14.204480341054301,33.68131275131543,-54.512714851487964,-1.638052366480733,-1.5812074425385012,-2.2080955375785374,0.7559724680210427
2,-0.058255976839159965,23.306399274630753,3.9170234401955963,-11.176935775738507,19.519439142624915,1.4225081521240797,-0.12270566939215048,-3.4334698879214463,1.0882848888850178
2,2.7329565082365077,12.750957075128362,2.5509336653026593,-7.785086959125037,13.303593682682171,-0.22585770399088304,2.5205018006364366,2.2248833755433277,-1.0979865238827629
2,3.5074309522329807,21.7954192471656,2.834944989881097,-10.356477141261498,20.316760190433165,-0.12902694038881432,4.809195560851528,2.739643967708689,-1.6416540493424892
2,-2.16217243314407,-8.901547561394462,-4.929582903125904,10.104624445585278,-11.890573739805468,-0.4553332120171774,0.9431118733338861,-0.862078817557286,0.37265906737771437
2,2.8501163320970564,13.129981645183298,1.981367809144522,-6.613000525509557,15.708563956791144,-0.7431994252374328,4.110890528547796,2.648764084425429,-1.5018551146419146
2,2.635683858113474,31.410523220693236,11.915948032646908,-26.56739221204551,36.934841223772736,1.8325181987684722,-1.7862106174011863,0.24918009820777434,0.5755435641709999
2,-0.5941747512335667,-32.14185919647702,-9.605148490994036,19.76528880470745,-27.764709606082786,-2.3158187997614172,2.83388645530618,6.51045548061553,-1.8816235082377903
2,0.4939970424672084,16.086003045759544,4.420284137718871,-10.178391238497426,14.120230991010546,0.7024327465945821,-0.7556982085968428,-2.728706341066636,0.6287435446421765
2,-1.6875593647946319,-4.712434789848411,-0.4468174110778732,1.5395160615322472,-7.3878403732864495,0.2257248959816353,-3.6337112389584703,-2.2486264262870908,1.187444602422323
2,-7.8468236761439,-29.55191941277859,-7.618508850625233,20.57555255880807,-35.74940646297306,-1.1987270305675697,-6.228319742888795,-7.927569587401418,3.559670559719758
2,0.9006167518510938,13.878645647937805,3.247934992539208,-7.902011663778756,11.202350585142925,0.8089782997798982,-0.3534616055444866,-1.8069431182202014,0.3214930526702162
2,3.2782411374268796,7.851577860716942,0.10874071948182845,-5.165282126880271,8.196386598375335,-0.07959152360943733,2.7105618745223192,4.263870808652303,-2.0728156481065665
2,-2.060551780097271,0.21501139953988738,1.0170859175487832,1.3397961184369651,-5.0928046153880695,0.4430634017317162,-2.4371492905875205,-5.415198879448897,1.638809997123407
2,0.0287319860094839,-10.480288701372974,-2.4998713262792265,6.819995473745056,-10.557671893107766,-0.44562547556460574,0.733642874680311,0.6481543511606399,-1.0547162445549734
2,-0.6176689113585732,8.454814925520598,2.714576280260476,-5.749460944200079,10.358777864174618,0.8029195819580448,-0.5047103190663003,-1.5700837096775955,0.4485143683799524
2,-3.1120557040129824,-11.303217401240504,0.5055602855376139,3.9414262839695273,-11.863069929754706,0.9855550344096766,-4.57943091270994,-4.112173060539839,1.8340458261010961
2,-0.38757557443172574,9.035200287597576,1.2964080205577475,-3.721169755064888,10.662116480029617,-0.30797325772446005,1.2347892676606183,-1.1682978360506544,-0.0770805358707331
2,-1.3336178718534557,-14.360690634043744,-3.3060196611288895,9.389352762249473,-16.93374237061534,0.05069312807831273,-1.5234186860413854,-0.4083133997370387,-0.043203633108902656
2,-6.281694272879741,-29.267420266250554,-8.371113773812917,22.013856259264937,-33.075156865168374,-0.9063632563967975,-2.7761340640011305,-3.818009314872403,1.8521623946772634
2,-1.010394776286924,-9.731747727448933,-2.524093991692312,7.5527063960005485,-12.505019396373186,-0.06121954542638469,-0.47252700936598935,0.8555698839136057,-0.5786386867502171
2,-1.007677451722608,9.79791181593011,2.5520736451563955,-4.377393359727409,6.810919437546486,0.8550532435238323,-1.1507227067551498,-3.1698607226874196,0.5755658821036617
2,-4.924455674327161,-48.808723000765255,-13.20978675533349,33.61724316822521,-50.09217954148385,-1.9781779194274665,-0.3017940514937431,0.04211245892691616,-0.5258163491600234
2,-4.1238890675119055,-37.42560784178034,-11.102595650375267,26.89008813614783,-39.032697736516695,-2.362957980609598,0.0661659290439043,0.19148938588112174,-0.3895760582657286
2,-0.5849827272583408,4.53375903445563,0.8852977335682256,-1.397162570120422,-0.9477327567479533,0.13001662761629226,-2.579921737820718,-4.115197510743828,1.128147771038899
2,-1.1544272455409963,-27.95568989434285,-9.471060906109495,18.756511786056176,-27.802543032004166,-1.9346524969029502,1.9817184558883936,4.217720064815362,-1.5732384956608845
2,-3.4317346278953007,-8.11584275523233,-2.6906461866292983,4.998515907003082,-12.37230904553397,-0.6040638290139756,-4.349383728105109,-3.850447142901141,1.8477753076070977
2,0.3155785497842972,6.775140004357453,2.8115588153994655,-8.13867731355985,3.7698257907741337,0.2347420902430871,-3.546804988307267,-1.9737932761613604,1.0201485294330894
2,-3.0650161042952075,-17.87737313158106,-5.881460843602192,14.583813824037648,-25.446424047534766,-0.43512947519441414,-1.6142878010471413,-2.933008085152596,0.8896312678174898
2,4.802943751410438,29.143980835696308,10.56490615893012,-25.363103832543043,35.614614191417594,1.5511959087527245,0.12220417953334078,4.001451114446665,-0.6893475520039264
2,-2.9829201157183705,-25.07322285015605,-7.157942543168436,17.149796496372744,-25.006594697469442,-1.2645122466598369,-0.4377224303000574,0.6035074679775718,0.7024497051836243
2,3.434252070464457,24.709697674072643,5.031390840832506,-15.195645982531879,19.59208914917414,0.5345116988529672,-0.034648156729537874,-0.274221195274901,-0.38645648891050655
2,-3.86277893992921,-31.582119937262355,-8.744172070276731,24.078939159549897,-31.668465305740344,-1.7913075592014571,1.4352800334942792,-1.0237421076803723,0.07114604069836863
2,-6.315086288327622,-25.536093426206214,-7.233597804994771,19.616313028404207,-29.289276315635643,-0.47742315455408624,-3.6627123188268094,-5.53882045574969,2.453584661395882
2,-3.410954127385647,-21.349319610430733,-5.808018450985166,14.327608150658019,-25.624014111140482,-1.1335026143674898,-3.32561141731982,-3.089689904720745,1.254620222465683
2,4.400730125175984,19.783560309265155,5.142229292121092,-12.399941634694722,18.12952942207521,0.9714831254079055,2.8583492377391453,3.5071991593675054,-2.155127995950439
2,5.358677851402651,27.243602713423183,6.742438841668968,-17.752791776683857,30.055526190941638,0.8501259479780188,3.8631550133370487,2.4915008748313965,-2.4554395850699153
2,8.664536531117921,55.0628329519467,16.338021240878863,-40.39706158202358,57.628160667911,2.1529405343029735,1.2589701348393012,1.5574737173807913,-1.0691472731980014
2,2.0186212715217673,34.403103556213274,12.962004733638596,-27.358684384095593,37.73256590333139,2.9358288356258933,-2.831021482206022,-1.538879074836713,1.4832153328732371
2,2.5789879186048714,19.29694330409681,3.8456209911205668,-10.335851288422269,16.98535312193546,0.8026652717861936,1.4101508340227817,-0.19228498360103716,-0.8021721319759324
2,-2.994058501614053,-29.54956111055094,-7.634913728243584,19.798843643028853,-29.222587186588715,-0.855861868321404,-0.6207295026657456,0.042594611481313785,0.10697505325401999
2,2.8231574123568244,26.96586972346385,10.730690171681916,-25.631145219596444,29.168469345917728,2.1881250942547954,-4.926656607934702,-0.9664488136577625,1.0314378751599365
2,4.3070281656740335,30.661422649518688,8.036010683816777,-21.029675818299705,31.59702878063614,1.6671734853194426,2.1460302731785745,3.5993938066866855,-0.9565688419435907
2,-1.7273683602333987,-24.269500865550725,-7.6474187370034885,17.258858620955632,-27.139335102092595,-1.986065621501526,0.2583503391472374,0.2065778815532276,-0.5746519450265188
2,0.6095983394925186,20.379967770922246,9.236368249336758,-14.568498771488487,25.113610523354257,1.424294934290749,-0.2510512523171996,-3.095024661620591,1.2998923893186087
2,1.5303374200983073,8.858058670610045,1.3337040387752728,-2.600572758254434,13.933220486173045,0.05694179313210537,5.554085028607951,2.420596210418063,-1.15991603011066
2,-1.8821747271497444,-21.90749820164947,-4.559599610364691,11.70290664476176,-16.968137689312883,-0.0009503809350109443,-0.15037877289156987,2.1656278059166008,0.21923512545371696
2,-1.9667997150725895,-10.948674817580986,-5.007030744564405,8.527630652246273,-14.817967685231157,-1.2801008991772092,-1.133703117141026,-1.8143190259486697,0.6258450636950281
2,-3.1404225418999037,-5.936182964958177,-1.5015733259965185,3.6235674601169916,-8.78676271646772,0.15819264646623182,-4.212421305255781,-4.841837461585732,2.5903834669575687
2,2.9228547887736522,21.438830838337278,6.100909279526453,-13.939333238866865,20.361383613900006,0.33391889023905436,1.5010055933636641,-0.9404704601787217,-0.5754487264969461
2,-5.678216630599178,-34.46788427754127,-9.309143413862994,24.362672252071366,-37.457409830626325,-1.0954007347400128,-2.198088974389683,-2.5182295937528374,1.754819288008793
2,1.967565961267817,23.434404746152257,8.284871429398018,-19.913791252480593,28.97304796368401,1.2286763989832767,-1.405316776351402,0.13897759631844794,0.7843778379321412
2,-1.736414509454442,4.61107433185296,0.2030673385773251,-2.817174868419385,-1.6930603852570663,0.4413352183404756,-4.841223625260754,-4.928474027182443,1.9931120174307235
2,-3.388384593125703,-22.54834038625851,-8.169540514125334,16.50560868628581,-26.787839465290247,-0.8340931476205682,-2.193527873399982,-1.8115398755063288,0.8438450266450627
2,3.577835542499777,41.08120914309442,13.115374554779759,-31.774153296144455,47.179618139137006,2.3898084544558773,-1.0709599413198951,-0.05117295105290213,0.32727667053388537
2,3.6650686971599247,31.08995417533541,6.571715320152127,-17.878330818295122,29.767149164016715,0.9374518967091426,2.3763581686612913,-0.051257168288489224,-0.8641337304680577
2,5.925264669641769,29.560229141922257,10.15302181729076,-24.684463516338205,34.93762068035012,1.5044781406622356,2.2723323358681404,4.719010489272172,-2.015192582865436
2,1.722513753450526,37.41439505099747,13.161673319907065,-29.499477039582036,40.83352803142537,2.1429987317848846,-3.764107164145509,-3.3906028032186573,1.7139852213018796
2,-0.9067851532882932,12.23189802295245,2.9765424967030896,-7.0926651181942315,8.24152775386605,-0.1904791323508821,-2.3706981519708235,-5.071727780025081,1.6725236451069454
2,1.2296494977037562,-10.849323920738858,-4.526787104622746,7.886350217449529,-13.744998022108543,-1.1793037268368445,1.1210611150517646,2.198442571364337,-1.3239305673023676
2,-1.1584984909427178,25.070554876441193,8.418255419516976,-20.0919801010193,23.103396058778564,1.7872478072497056,-7.433316922453776,-7.684042484817628,2.958205840083823
2,2.8949498192228487,22.402310771893355,6.048753440646766,-14.266718357259863,22.60621302060555,1.2880195495697195,1.0638329342147768,-0.17925443639308186,-0.6937085233109518
2,-4.304128739842438,-16.706873818226384,-4.631636308479253,11.003506462412956,-17.99401936474368,-0.6556271109806,-2.755530373782984,-2.305269454171157,1.9877084420852658
2,-2.210948539261709,-5.1698728736459785,0.09103750943102448,1.8901373824334569,-4.967234850517244,0.3995644497598973,-3.019778091998754,-2.873997127833908,1.3587815388410447
2,5.797726545350143,13.425279630773462,2.9813157744506418,-12.31891721304119,18.14661894864238,-0.28709841467993413,3.3913421474625043,6.719894613676477,-3.1286237486200865
2,-7.159634213761788,-31.43529193096663,-9.641350397280453,27.374266011969016,-40.21710415842087,-0.45052750458044466,-1.8856842226971466,-5.378852575449051,1.7430496990654987
2,-3.7200391790132943,-44.25073769248496,-10.269009224908562,27.304234917493687,-43.74808998540889,-2.318404951020422,-1.0196037597441034,-0.05032520792494023,0.26552853807547183
2,-1.8489968602225741,-2.0665432461256694,0.900480493218133,-0.04252813421411489,-5.911600139083344,0.1066323432941994,-3.444442186888297,-2.9641813454019763,1.3344704266939786
2,-0.010157218320802547,-16.55071757723283,-5.418110247061918,11.067487494433754,-19.08045808699561,-1.0884683760165366,0.8656201049373436,1.1801379382262314,-1.0580444849195825
2,-3.198324140989741,-14.555519202850965,-3.6542619373263436,9.534556092946955,-18.332066530914123,-0.2779778706131095,-3.3943626728156553,-3.9635055108463053,1.8671695373227422
2,0.4372762620008302,18.672926728249802,6.783717989468416,-13.077774819461478,19.996013869976604,2.1510887378648587,-0.6054034655514494,-1.1426330310650994,0.487591976785837
2,-4.1373394250951705,-6.329950230426393,-0.12648984854803663,2.5391659407327243,-7.934486509039652,0.31660093814472795,-5.87265379254811,-5.435969779184788,2.340726395577979
2,1.2777786151458903,-23.137704148588135,-8.522260153904512,17.590417037942117,-22.21957944188016,-2.006193903111628,5.452636274404487,7.40067482433803,-3.0335540340557796
2,-2.0713095369541974,-18.804920743816922,-5.986828211328331,13.198838573629986,-21.58156616083933,-0.9480704685276347,-0.7729018333654349,0.09284485338377993,0.47073419175885256
2,-3.608949643467894,-19.13484812299521,-4.841164334813437,13.463909047409091,-20.510436303917874,-0.07143561138198426,-2.2610776296850226,-2.5589410912122394,0.8887330240025241
2,-1.8771846386895767,3.361153313003502,1.1807264877024644,-0.003919443481892437,1.6942275923983425,-0.22533003095073734,-1.5781906845198046,-4.459005130403926,1.7000393156813494
2,-2.6126289870237813,-42.734421663628495,-14.375591832731741,32.87154745537128,-42.652221899100134,-2.822422418560307,5.031960615968194,5.575814329840079,-2.0527315806375728
2,2.774576880794013,40.74213862683952,13.25610775863404,-30.352505411618743,41.07073964819927,3.0772843530048113,-3.273402061792255,-2.1641213795471854,0.358185883590294
2,-4.06427095486605,-30.849422776057246,-9.62043115852142,25.199748143093608,-38.50564436832752,-1.2522546296596433,0.28508308141990146,-1.4308775950086665,0.3295415625882101
2,-2.058665101535258,-17.268919520534837,-4.677717598123676,13.292075888460795,-18.224134531577143,-0.150769072127222,0.6887817526251782,-0.8967682091990308,-0.023956232624023396
2,2.369819538617048,22.20726910046112,7.478800845512379,-17.575673478920756,28.629825470967102,1.304940626277893,0.6873193260865444,1.537770721167618,-0.13618436290767733
2,-3.688886202029921,-48.30778822085439,-11.828406185928499,27.556473774296467,-49.63938160987575,-2.177109328772232,-2.9269789447486154,2.0574312209642573,0.4274745256805534
2,-3.2741134186202836,25.31103131459063,9.082443737201158,-18.720307794730243,24.07201534502142,2.0303791919533687,-6.96078888061828,-9.982967464366174,3.958168702171953
2,3.584610320436323,24.35325148562626,6.1277857784154355,-14.62028157274335,24.11248212905284,1.9805760523009386,2.857520725002112,2.292764125227139,-1.5056158173708858
2,-1.176436360176023,-1.905994212825161,0.26397319561169014,0.35468392924884673,0.9778701170189011,0.6025243491627321,-0.2487628499424642,-0.3990341778860369,0.6476422163971652
2,-3.8523715529191414,-37.53286815289246,-9.262985887248586,26.3097034334004,-36.30502836253849,-1.1483636308826703,1.1971856059974613,1.2216540088455774,-0.449064533190644
2,-1.7422676940804755,3.55513961953625,2.319611438860079,-3.4433879509984506,0.7673815194497479,0.0144695667727349,-3.1634285453997317,-4.388130292240922,2.1441575693657535
2,5.721528448015749,47.08045400527959,13.115581451559981,-33.63744421274465,50.03330030893152,1.996873320904861,-0.006343351604620059,0.032194550863312174,-0.19305357526113207
2,0.24525613459305512,-17.947925616949362,-5.841966707412213,12.66438780124793,-21.578656555058696,-2.283631480844853,1.3455506156006554,1.318813248930673,-1.0431187269548796
2,-5.087921359144788,-24.071685270076326,-6.267374852727072,15.668919356718023,-22.70763441616597,-0.8642741622479471,-3.0481705483429615,-3.377983112877994,1.7136704434149022
2,-0.0718404006665769,2.7744435537493843,-0.12892768810888805,0.43590086319364724,1.072339377179481,0.4111681308340777,0.9787726166888554,0.44965826380709406,0.07639816643061467
2,-1.479357664559159,-14.319355552612597,-2.155182673325684,8.461900536568791,-13.009724328242815,0.05309967140866917,-0.4554637109228964,-0.7046491237530214,0.17083188444907338
2,-0.01880164820715452,-5.4230356841236205,-2.791350028131746,7.427676424426582,-7.599584127610436,-0.9188164002690633,2.5909057113149965,-0.44790366717521135,-0.036701116538732106
2,0.17278060780959376,-11.635729941680054,-2.5092606929919383,7.482024070099119,-11.142159821489514,-0.9208285190400124,1.796741651800669,1.9714866336806138,-1.151639446714916
2,0.8176074307159429,4.281866925269791,1.2847568373718024,-3.1219297750207318,7.794208591554925,0.6244484949909753,1.7478672419703365,3.658865091252929,-0.7441170882204864
2,-3.5222809446509733,-26.143024664619773,-7.363403455783914,17.485809345361602,-22.346936469487883,-1.0182815360519615,0.1231901073608489,1.7069253354353533,0.4562286820948531
2,6.535369350254837,12.720869150591826,-1.7011069765047495,-2.561171304163428,8.361846729921584,-0.6094542426143459,8.017450703599602,7.138773200001659,-3.8052504889468373
2,1.658938536151374,12.89304659979169,2.3615284955084785,-6.382941065745534,16.027528259286623,1.113394423578576,2.556785445721601,1.5929967518853705,-0.45070900641214473
2,1.5654374698213867,-0.9741614582071522,-1.8398239279529827,2.1569224067506134,-1.1560335938136594,-0.9860120874775731,3.0847265217190327,2.159875124188395,-1.3371975726890852
2,-1.6810645557721406,2.3004982432591095,1.3441418408516939,-4.176301485948975,1.611886059222771,0.917705047327161,-4.274840960783209,-3.0639512506885676,2.068197193627491
2,0.5773655354827034,18.422633641646684,7.712206279302133,-17.366434246288463,24.80889707058676,1.4853382092390146,-2.7395648806635875,0.5697201428649968,1.2716493481426607
2,-6.243970495178953,-53.438433076054224,-15.465111202529341,38.1101434979625,-58.990000589607035,-2.8677763727962406,-0.9747998751347177,-1.677715517558606,1.0018989888699912
2,-1.7358046926468167,-13.418821401878093,-4.669181818103156,10.256007461991286,-10.141214893889895,-0.7523353647272668,1.3726535217508844,1.127342285507414,-0.10226844114715959
2,3.501685640083589,12.867677783453662,5.9914664638470585,-13.61061425042949,15.950284522396217,-0.027540268972423898,-0.2756293452355994,1.0704527328956053,-0.3863393983187806
2,1.540880196626629,-7.303863903736006,-3.679570411844323,7.330537108365669,-5.095405842469614,-1.0328627163867392,4.632198029031014,5.344854640975747,-1.6927011483507721
2,0.9956387551686179,21.197654045430593,6.104838178378807,-13.987720733388663,25.28941632785956,1.312348485870127,1.2420611720966632,0.8111881230524876,-0.21920352433713217
2,2.1192051848099607,35.20809387214801,10.818095315991851,-25.675118685463012,37.699258689188184,2.0782198192683916,-2.221188754714551,-2.610568635639168,1.1646231680580839
2,3.5975889755519534,20.254460760136215,5.140554535517337,-14.353472148958119,25.75999898337676,0.32321523050920553,3.192309059689846,3.149580704663755,-1.1671896252492993
2,0.9272021947330832,15.683529600599908,3.641683251898056,-11.988762703061592,19.922762922468944,0.23852695246252145,-0.32304413134741417,1.2290202520314717,0.8560102785874463
2,0.47856788869945405,4.092484220844661,2.2957178734178165,-4.860513112050428,6.346446652122839,0.5943162254206966,-1.8643373558206116,0.3825024206453962,-0.07950826387957396
2,-0.16664583546759298,23.313569132973015,7.5415002591319045,-17.62871092345117,20.846246635366,1.743996723929851,-4.184815695291813,-3.9442616428532453,1.5351203008663763
2,-3.0252143895985686,-11.474570963566485,-5.384857377196874,10.602694492314676,-20.100444039235246,-0.6210309448596422,-3.6995920189139517,-5.56124916349819,1.5025309963878024
2,2.200518681593155,2.6657626521759665,-1.03699295347743,0.25550943254652314,4.627972158837106,-1.0637579707514837,4.460902708466409,3.883227951274896,-1.6081168979659344
2,1.6434336563833813,9.834473114549656,3.6152740907853707,-8.698261893243538,8.904076692134275,0.49694647975153133,-0.5806359542411818,0.4318088299290726,-0.37828638455625063
2,4.392005475010698,27.440894922406205,6.925200684937323,-17.921011631147866,27.648901282503484,0.9890379745420221,1.2489776688657865,0.6447338168077166,-1.16338154371291
2,-0.9237705520628576,-16.476653986391636,-3.093955083920058,9.469017778588075,-15.487949953696411,-0.8644470872088809,0.06879179329428377,1.4587687976933987,-0.10211813615584685
2,4.350918476089144,44.309629510661246,11.668078341396825,-27.776470276920026,43.85233378203824,2.7287647324975794,1.2973025492964074,1.0278081894845277,-1.0293620246510613
2,-0.7932878764461657,-3.2706032405966647,-1.8741759051940325,3.163934952803921,-6.581450448031217,-0.6373698662778692,-1.3970239695274225,-1.974964414057374,0.41833703232585284
2,-2.4918437052378284,-0.2125147219079489,1.3741907521170749,-2.2323363448214186,-3.4191400613623686,0.44891631881494876,-5.570965532550488,-4.614363553325591,2.731353848311209
2,-2.6134445685266243,-29.140502757216183,-4.998624696046585,14.084530761459153,-29.73769717118737,-0.9864003530651679,-3.513922543533763,0.5732734233029048,0.5615533452885191
2,-3.977382987048597,-10.263693497861961,-1.9575292360325662,7.532781618178276,-12.692810931581096,0.5336139822209363,-3.2003914016781496,-4.77958214406768,1.8281766296260906
2,5.055488906241113,20.338695832097716,7.176886044247877,-17.08995989375208,24.946182187246738,1.260570106243215,3.450647138462682,5.4616980228157885,-2.5489705534508404
2,-0.5393173553896632,1.685819854194266,-0.1862224882139219,-0.9777317212837073,3.5751157755135963,0.2533503457742731,0.17491340107922188,0.041441343372761626,0.5499852019276954
2,2.3969996147479264,24.114134699244318,7.6092274811094,-18.924378689634334,30.815727918189754,0.4456815279044759,0.2859884161259308,0.1340960535555411,-0.14013660825826202
2,-0.0012713375189184611,-4.157471679899085,1.519188545746228,-1.4273679295511883,-1.0370025976454083,0.5156906333579883,-1.7546922266059481,0.6119220349753911,-0.017913827062687834
2,-9.965776086206427,-40.32267656419935,-9.881770324546194,27.67201658475852,-41.84997151248112,-1.153047834473108,-5.580532469628248,-8.663719900819178,4.3178975470995375
2,-2.9074503711109836,-13.96520167138227,-3.380692097485452,11.200877798704864,-18.368250736266223,-0.12339314293102899,-1.618932369589175,-1.3764651306495295,0.6711367627931568
2,2.55694287949863,20.262984338139443,6.912208016307543,-17.761067687283003,22.85669060419071,0.3653331630284022,-1.4700805396470715,-0.7893620553801681,0.13730992408054388
2,0.22239816137603813,25.20377921146978,6.403088296221978,-15.693475420941487,24.13974851348207,1.7601538796149445,-2.3480564543603357,-4.255233003367502,2.0195549112852778
2,-1.049529014689826,14.68331989507883,4.2868501178670995,-8.199433483328319,14.881553473798881,1.3645933063760163,-1.2876869035140497,-4.155584199345852,0.8011205147292492
2,-8.201422492802156,-43.19456420151689,-9.632275123563804,26.811687516480234,-42.049454366217084,-1.2324573663858918,-5.599692082939055,-5.07091383874019,3.291044134175131
2,3.878082972216746,31.209454685530826,8.847296738767712,-21.434641441719748,34.15339913808646,1.152552524044536,0.744246994816018,0.020623791096779892,0.6103847851597722
2,3.5778316058723507,25.386621327043304,10.98002036486731,-21.673572486287075,31.496648892538946,1.8461179094641427,-0.3530457647223537,-0.19274734053682546,-0.6128592627876628
2,-0.5924491004697756,3.0970106085547258,1.1844378831900941,-2.546588416582754,5.085522341965198,0.4167605119206343,-0.2492379416906363,-0.010387650478058529,0.2786547647679596
2,1.365769575442191,12.113577101565314,2.875190063818037,-9.432598857076595,11.987598029583312,0.6707766558343135,-0.8011656713307629,0.5622933178053914,0.19129837891510587
2,3.5315083841123314,25.601660156916033,8.393936460634531,-18.918963486774416,29.666626063054906,1.263178387928755,1.215613782062212,0.5151407919058042,-0.553433214302592
2,-0.19659010780913536,9.055227846283154,1.6414051399220215,-3.399429809103844,7.347217728969618,0.6787056424514551,0.4550638963872862,-1.7979533653362056,0.6401532697334602
2,-2.4972418566887917,1.4536322458678823,0.5924572252939371,1.2370647406518112,-4.261621665900454,0.9346973830360563,-3.7900925601650237,-5.582666850943167,1.9290020603520452
2,-3.380770389424996,-22.06250651393628,-6.708011785194323,17.10792921056564,-25.26749257036446,0.14515785924102775,-0.8329973660211271,-0.09554369935331092,0.8456560070588296
2,0.8585762735053143,5.371701666202359,0.3146562242143413,-2.389029261271118,3.018093165704894,0.05227747354208962,0.2979879345379602,-0.023969000276422806,-0.174136675664241
2,-0.14367275621376405,8.617652490443467,0.5808105916753603,-3.228228951459725,5.734328728939207,0.17770293947004445,0.14782890613467797,-0.4718360590708711,0.3514527154556348
2,-1.6914963622457113,-4.445347207504478,-1.6170752225889764,4.219351131085439,-4.3696613916974005,-0.3879420569927496,-0.49955881107130234,-2.207652603445012,0.8713195049153838
2,-1.1260661230886484,-6.555976064449408,-2.0391941875323023,4.967296264460254,-7.8753302845715725,0.13705946459075763,-1.4941727261695816,-0.8677543860623007,0.48628947742318396
2,-5.129914727133695,-23.18445100355251,-6.298357757200236,18.144301854565697,-24.648001349433503,-0.8198844665374595,-2.0078202065276525,-4.832367939820966,1.6002236266017686
2,-4.428064103687851,-33.05377181462468,-9.484293969039243,25.582889845116338,-34.85206141177317,-1.9617957339885381,1.3638660784049033,-0.7339326559802886,0.03258246418997668
2,-0.4505352417743869,-2.5446731959218303,1.5041208850347672,-1.098758071667166,0.2598797397625072,-0.45675987652300865,-1.9160744695097947,-2.608649875643954,0.6629415707505992
2,0.5425614389389447,-7.033063719546633,-0.8376471050744629,3.2622278000395877,-8.820423325155856,-0.9005695316220064,-0.8565798988971852,-0.6878317938874152,-0.29366525894967127
2,-3.3736138749316584,-24.33119633334141,-7.042202505930993,19.0774139069191,-27.818957167020248,-0.9939603889639641,0.6092536669827677,0.36043789559389705,0.19976106341706748
2,-0.3270179453044203,3.4411757534801795,0.43597535622716493,-1.8291712676516383,-1.6555851023520425,-0.5450890815631226,-2.879394004378427,-4.996592590535466,1.0694571524430743
2,-1.6210590044056021,-30.889569687952385,-8.588750165516576,23.1148911032429,-29.91829738756443,-1.3062158513801425,3.3709775185967406,3.963838278277647,-1.0076708368193956
2,-0.6867703726626384,-12.007446830078205,-5.957212096384113,12.104363066181223,-13.632815540529071,-0.6102518265668191,2.7956422234194753,1.8433143011434607,-1.0938293405565962
2,2.1834302468162274,20.949851414327462,5.692641142037969,-10.873398176296083,19.088115010952354,1.1093368301703597,2.40240976358502,-1.6969931014035449,-0.21701572984967105
2,-2.1977590052878564,-7.520213914584665,-0.9873197011351893,3.657970090960167,-11.326904815725067,-0.48200383714167594,-4.295946271683523,-4.493864330711903,1.6912612330716572
2,0.7418184032544427,2.0615783625671003,0.21429242540190646,-2.1645603941910876,1.5737709299578273,-0.31714676575854917,-0.2445543567618543,0.9535311390519152,-0.3671476847560456
2,-0.46409265041660996,21.59719157363497,5.902625676253861,-13.598664587318613,20.19259615042855,1.3838511498351729,-2.537744797213344,-4.648236649271877,1.9687272436199168
2,4.253586403243362,29.536926548691735,9.658489825553582,-22.0841173237675,31.682725680976887,1.4299273663928442,1.502017691900304,2.1468222994013875,-0.5590158909019992
2,-2.5383738802490607,-23.940524203689492,-9.477481445048793,21.850986428222175,-31.84241684445848,-1.6612242438157419,1.3057696723349381,-1.253972894604153,-0.39700313890483035
2,4.821370535581198,13.972769015236716,2.633280621679398,-9.535429364543448,15.120806409981613,-0.2992806312041884,3.7040107294181426,3.8619535561246083,-2.1899027107123867
2,-3.516800597542863,-12.767900918332627,-0.5918060675328803,5.919293845907788,-12.903878472784461,-0.43345352092552886,-4.4457293434944,-4.679967886271926,1.9913360808176388
2,11.075823281849308,68.44988886786497,17.45412740264639,-45.845721590776556,74.5636007115224,2.8884798929491504,5.592006119324994,5.784653085820744,-3.148890286088102
2,-3.8084776153676683,-23.460203926641668,-4.7987192274854955,13.0886583893668,-23.393723777825354,-1.1329798659252228,-3.0180917313483717,-1.5537678636448993,1.3692054835930458
2,4.10453400592493,12.568442431146302,4.408659391054451,-11.342156071812195,15.215907201745155,0.2146577522893941,2.2805984306135643,2.6803743149386348,-1.4500417076131644
2,2.7411694640497757,16.30394524067445,7.583497733787359,-15.470435268557187,22.491168687482265,0.824825754855838,0.07023617901459381,2.132835249891017,-0.6786148714456637
2,-3.921169251179828,-32.871400660700765,-7.245487718258565,21.060353825674895,-33.0216054603917,-1.232159975257596,-1.525699356997831,-0.7714505272039299,0.406830220600058
2,0.02007648104048848,-16.537411491622866,-7.784709118782261,14.08222390733125,-24.627461001680402,-1.5324825877172028,1.3898757234592836,1.6358897319114696,-1.1229955938518
2,-0.9029492703415404,8.290482822919827,4.362456618765217,-8.147209496902047,8.648542081426443,0.9593455651668816,-3.42476817339916,-3.3346269358852223,1.5234350432830623
2,2.8045305288975113,33.19409599512407,9.272935967447765,-20.50608119716659,36.937490883893226,2.4232439716688376,2.5981601799130556,1.200848036366288,-0.6791564148640545
2,1.5193479309683706,2.838641101298886,0.2047661001292065,-2.109426964458563,0.18566502397734969,0.1574942096220586,0.7625150682007544,2.5673716947082377,-1.2348927091421522
2,-2.130154669819056,-8.479202650283613,-1.1198416472099053,3.557484333612048,-9.128881906132598,0.1711405731284084,-1.7589641038320072,-1.2569410843950917,1.0525905736008734
2,-5.412846701993752,-30.2856160712921,-10.289367632160438,24.425372188196405,-35.76923103091216,-0.8459039235038144,-1.1854849369637772,-2.327904927430979,1.1793886182299966
2,4.587846360187083,21.543177914683266,6.737122762910023,-17.482519912590565,25.68742232774401,0.06924998192863739,1.4945248392534671,3.0695218767202537,-1.6045056325050515
2,6.336832222297139,31.669373892764323,9.566534753744214,-26.393305081611818,33.470746421623815,1.1564872089024711,-0.349857816558833,3.0081561825843357,-1.3169101358384603
2,-2.699030367392454,13.238153612386151,2.0815135825939306,-4.501803057759162,4.533426011406004,1.1873477673319695,-4.343950302900748,-8.192159332136972,3.0639723155449405
2,-0.0644181529387087,3.7958549750600166,-0.06822808696460607,-0.8561973692379914,0.681590697819562,0.2705447302099214,-0.9296305747698042,-1.8870013781202615,0.7959087165213692
2,-3.005448675993762,-10.962705608076774,-0.5042112194842222,4.878256089820495,-7.758964619594232,-0.348159894759888,-2.7990073023849433,-2.4358604123417624,1.5886034999004055
2,2.953878393862011,-14.85304749760723,-5.046725909065838,11.362033722816527,-12.45688551870034,-0.7496810436149155,5.53015657090088,7.8720666440466935,-3.2928652555123845
2,4.9766326844625475,43.2626899321895,10.078429013844653,-28.000943654888275,36.463933613484116,1.1015143123533409,-1.3043249164148112,-2.9928025298456493,-0.22002646871757908
2,0.12266492053794238,-5.211334724193932,-1.2840157475181944,4.261911528023568,-3.1450427077701235,-0.018924407552758857,1.5208786449192913,2.0571269747806786,-0.500281899133398
2,6.003089553393011,35.44692834302605,8.717219274560094,-23.478744764497936,43.36800087695924,0.9666683208815964,5.532642661928309,5.364791580527838,-2.2512757376267083
2,-6.2992366474475165,-50.836314467928624,-14.8216066920499,36.52438244948648,-56.28638499223303,-3.005069375226197,-1.4493543741113672,-2.760492394130064,0.7827516621339812
2,6.426268095872548,43.22711253354851,10.961448174819878,-27.948607855299223,44.32005195149518,1.926420411791354,4.51078386913798,4.215453022837547,-2.187289753435965
2,2.7198759565898825,2.3587675817392406,1.2502883350344556,-3.3988248876250333,3.352515073215123,0.6637963924289758,1.3897527733306294,5.113615898800906,-1.7332151271161975
2,-1.6446195861323702,5.317685825475339,0.9965493308365779,-1.2485908426943415,1.8472467309923568,-0.45790570714603784,-1.9042049162947319,-5.499313837471267,1.9993676037877246
2,2.335207930191883,37.75295717664893,9.95981508933135,-22.699004697442803,37.759252283365484,2.3825408542965585,0.561863722763285,-1.5188785265671958,0.05969064120756092
2,3.8043469154747895,30.84948040703699,9.974872398668023,-25.250848424953237,36.02144586413404,1.4427008019917746,-0.43595949539171286,2.152322758489365,-0.46019426998552415
2,0.475030666529743,18.482453844139457,5.879112072245794,-14.681067207796438,21.33278760542997,0.41330727486651375,-2.606690589548429,-3.7077337430568464,1.8714408420713278
2,-5.269746120753653,-42.65159152130382,-13.390718760434975,30.87381128705534,-49.93776146546079,-2.329157801643087,-2.6531412802087195,-1.7199862880700836,0.9317316272989891
2,0.3545821760698255,0.1869360924646483,0.9025028488505045,-1.8413785842152186,0.1324465921921565,-0.4472845454104557,-1.4519596204741823,-1.2865586098584167,0.331647743239896
2,-3.8268863221893885,-14.369000915690895,-3.681015413398022,12.35181989184652,-15.97085375675356,-0.4677925780835476,-0.9261086216016008,-3.352617247792769,1.738885610362432
2,-5.2312470784172795,-25.297824504362687,-6.24933136226576,17.807773881407886,-33.32241888672315,-0.7449945813892982,-4.534353873747591,-5.099241597969245,2.0281547615707374
2,-5.137917236375865,-31.05250122916983,-6.071971878052078,18.474154247367824,-35.810453114405306,-0.7358461823011293,-4.852969508529318,-2.953359210840361,2.2020765276127436
2,1.4214586000646372,-8.946982637160106,-2.0699148708443125,4.31818995833571,-5.958050658669006,-0.49382432761507117,2.873782455373127,4.493207557201311,-2.117694196099017
2,-0.6615488106416083,-17.16402147403986,-4.2748069934292285,10.354913834824774,-16.731965839187218,-0.5489205254942893,-0.22872902345565702,0.8636358043954357,-1.2515812976013958
2,-7.662973547203811,-22.194807960565957,-6.731607279780022,19.29255516601258,-27.780231323816682,0.039891600372928424,-3.8640176700021085,-6.924693992957888,3.2526215225108968
2,3.5056451428937563,20.44131232628927,4.878711270429556,-13.879195775434129,21.74683676387257,0.911426300454939,2.3334310076792355,1.284933376306838,-0.7792082459155436
2,1.1880432430805348,1.5994957470188806,-0.047857425037328656,-0.7955391260631678,0.6128565324711043,-0.43282760873757564,0.8376912514237315,0.6289814390726697,-0.581235883037139
2,-0.7945172099826197,6.352523597150518,3.3890756827667983,-3.130816896798559,7.25278641884428,0.49620793564445703,-0.7384507305757126,-3.8050603608092612,1.052202162635503
2,-2.5982876604352887,-20.19547924011034,-7.592840560668379,16.515921045706758,-24.93374105765646,-1.1037701697071558,-0.8106396498191086,-2.3080231491696903,0.15303667792638612
2,-4.688915663807777,-38.01754502378094,-12.62930675698325,29.83026458588138,-41.86048281970292,-2.0152154463451337,0.9079782567655841,-0.13500419879757583,-0.10783202580607829
2,-5.2289727167439315,-41.960536796164504,-11.63048730950837,27.39961919241669,-43.03823678541094,-2.069655279548162,-2.161796776970705,-0.5241471476627192,0.6093542109710139
2,2.3767862270440188,-0.8705893129911828,-1.3255890363882827,-0.8232803077091314,2.7672676801150176,-0.8319252304678666,2.0337630735375765,4.886183512629321,-1.5730344879777516
2,-2.03294865775574,11.208123779809943,2.567644740652085,-5.176090166744389,10.034562218683188,1.0069055061077135,-1.4158628011431758,-4.694092521374725,2.3205188648771133
2,-1.6005899227420093,8.900045692698612,4.321520163408428,-9.528657127304566,10.421574230089492,1.2268253233087982,-4.835658740344412,-2.9653934720658266,1.7789504923819037
2,2.9174156812719727,19.689805333120937,8.779872884568492,-18.86427160253353,26.21592713824284,1.327785293380029,-1.0402322993053794,1.8643317569939017,-0.26883144272926973
2,-8.075619199711738,-31.278343188830153,-7.771807717583098,23.262492011730778,-38.40385025768558,-1.083623745839684,-6.318204010613769,-9.126027932999278,3.8772876017021534
2,0.6927296023616241,-35.34397639772617,-11.513631510710615,24.31879611043385,-32.383312331242536,-2.2174938105489286,5.27746233282631,8.874926121972079,-2.988446870327941
2,-0.2922325388528792,2.7435963936508947,0.5679345714441357,-1.5530620389595344,-0.20215702550482836,0.5113867116336114,-0.95366470165275,-0.5122612323622312,0.3388679705519106
2,-4.024138724934636,-10.758540131491465,-1.3578921793908305,6.465698537731548,-13.226013861170506,0.9045904239820208,-5.0158140775053655,-4.507720184687439,3.20978373296468
2,-0.5208308641031502,6.478633599025159,1.7127267582738266,-4.621592521668921,7.045119048465981,0.4362530997463371,-1.0804468432387344,-1.8725112679306104,0.9504526242273961
2,-2.2520376746695807,-9.407301887219077,-1.2981006802155428,4.167925656550871,-7.92305392450285,-0.05301455166397983,-1.6488146796486038,-0.2571381343037427,1.2532861670574202
2,3.661779176618645,13.08296392015357,5.076834967212573,-11.450583181129112,18.80224560466677,-0.07662887094437049,2.621811689577888,4.343293104696383,-1.3323838615821162
2,-3.577224316647897,-21.867114445803704,-5.911165303604402,15.842508962482102,-25.734101028253757,-0.3904160179756675,-1.9798665665037958,-2.6622566213957173,0.9641292723902704
2,-2.361165233716904,-15.030532304976592,-2.9220063962666005,8.823496312295278,-11.681820993176103,-1.15144642292539,0.1528502850605117,-0.5301263998559139,0.6368013541933741
2,1.1121380308021522,6.935601135392434,1.6191598721936558,-3.3868432384069407,7.908705790738211,0.6677495016058717,1.621267827259518,0.1974222525041614,-0.3318199664647508
2,0.3039495171509317,32.610426061830495,7.072430903810385,-17.561388729790167,29.826533051075117,1.3411852350561744,-0.23319071915727596,-4.097069929230746,1.6223299547887482
2,2.6945695249363557,18.15228868718689,2.617431756660917,-7.633834268413532,19.54923686816674,0.38093135831369557,5.210989738278161,3.6613689781630785,-1.504443771111828
2,-1.7363247638197046,-41.85340284433905,-14.203062738017879,32.470392424443006,-42.13708117536799,-2.843480229507977,5.21961268335178,4.793823343428741,-2.4194661219950557
2,-1.3383833245257795,12.396475353568414,5.00539800005611,-7.551776176951651,11.13069519478692,1.5135060164848961,-1.892106911799994,-4.230098120490581,1.5538536613678136
2,-1.5739618262032287,-13.635668823533877,-4.069932004498255,8.489602599198601,-13.857697359761433,-0.3906271895271907,-1.7331713380487523,-0.5438514428873575,0.07759119689583124
2,4.2300165037125295,20.80705573277957,6.68825121319023,-17.629547082443498,26.18686672277589,0.37304678814327497,1.7420960583067395,3.906193410952599,-1.251212591838122
