,0,1,2,3,4,5,6,7,8,9
1,0.8692662291212585,-0.6290708156736738,0.2692863245193307,-0.8629017563541429,-1.0139092630704283,1.333386790583923,0.9659386669383295,1.0432295083172902,-0.815534828739922,-0.9545905955959781
1,0.3764779819614404,0.7092662344946453,-1.4166874727410466,-0.8817182024560123,-0.09615635968555644,0.5648651048597993,0.8148111161693788,-0.7869896745453526,-0.5158355583225493,2.7720089643383647
1,-0.7258976223707869,2.0662246536875917,0.2466788079909255,0.8677455926732115,-2.319476565281625,0.7803792274550815,0.47479354967025456,0.5177856248708395,-0.7897926085079101,-1.040458385305071
1,-0.31734241651647227,1.0844608901225619,0.3854681827092638,-0.6999874468321413,-0.23466219107185654,-2.5059596773011794,2.320450927388164,2.0370968109792296,-3.236236982111362,-0.5132866120211591
1,1.4224467159146665,-1.9460801564426458,1.1547338692316802,0.7938410854298018,1.1850544808631407,1.2620522910199554,-1.0366546712331166,1.6063775262424282,2.4627330305221604,1.4073879209601665
1,0.6130795768850029,-1.7811829953742389,-1.2862723553378301,0.08804189746589558,1.57452818138584,0.6451945412807166,-0.6949136708348109,0.352391068920345,0.10857769215468503,0.005561312717338188
1,1.550663814223934,-1.070909516688093,-1.7070852415641158,1.2103546860851677,1.7505685087012104,0.4909478493907307,-2.6198487631345015,3.817137363928754,3.8476814116790674,-2.430435147031002
1,0.7631970501817453,-1.1146702589314272,3.232924730788684,-0.9607947256551944,-0.01261645245702031,0.11156396173647398,0.5105212524648128,1.5359384183055842,-1.4223965065476754,1.5630658938979354
1,0.9026944396668884,1.2204261580435263,-0.5570106835524301,1.6532534429490024,-0.937944278989291,0.08581040808700235,0.5442865565206374,2.973385750157895,0.6509330288829499,0.6278655717548004
1,1.0196448428343308,0.30728223503522534,0.0903739910644778,0.12147941425343696,0.25222844485005663,0.31111840987432643,-0.4083694562485565,-0.19473484331017477,1.1498094507360506,0.8753910673566242
1,0.378093600417311,-0.008711286376667848,0.48783208302179315,-0.1705158308471931,1.2861160575193185,1.9844793386639914,1.1976558941877475,0.8726406956307728,-0.2713007114724989,1.4587914893976395
1,0.34425041148926916,-0.4169865739285718,1.5542458933806846,-2.4319998343401523,0.3781302152720531,0.45051860027717694,-1.1416235752642137,-1.5876044945844754,1.172720600037069,-1.4843856625476972
1,-0.49681417404933276,1.8756571032385594,0.6830424900017134,-2.424063348794571,-1.6931529354743526,-0.2771983932534341,0.1748181494237956,0.4173139110993213,0.31355555113706846,-2.2227329785888035
1,1.7572083198186412,-0.08907074618126365,-0.010429846879619961,1.651776907169405,-1.3781597828299639,0.9986333366377838,-0.6623248785597999,-0.821680343509841,0.4322307487164616,-0.342538040800174
1,0.9586541301256013,-0.07617014526536675,0.4880025497763029,1.0369582198565017,1.510575092279542,-0.39459901259453994,-0.252720535246572,-0.21708560466200646,0.6479544551143139,0.6482255501112617
1,-3.8394123023031623,1.3952477188748627,-1.881371005947837,-2.486102215856479,-1.3355918007228529,-1.1912847585977229,0.6867715278933137,-2.7020324929526516,0.8569432840181953,-0.35167172330545793
1,0.4180857480525892,0.47650018613709344,1.0096496924845566,-1.9822884936640928,0.9335972181497921,0.9240695308065917,1.57757322556678,1.7678340552611616,-1.4974156141832304,0.6169079064353445
1,1.5116205651675079,-0.5433501609568687,-3.028966473467988,-1.8497328612091408,0.10109595101353364,-0.38849771634561825,-2.488417162439825,0.1702509408424172,1.3612309276813135,-0.2753252750283386
1,1.0518760485726022,-0.22041724365644055,-0.30005004859553036,0.5608221900297579,1.371102002617778,-0.025808119056694067,0.8581498876516185,0.0575830444107016,-0.5046785123063752,0.38417523939013454
1,1.4304162740038835,-0.1285559585450533,1.1237130270672742,0.6666767388994708,1.8144255167848584,0.1752482538335931,-0.6630145514686708,-0.2963282167306597,0.16461551234683242,0.21747667975543925
1,-0.0066165101119130265,-0.4862396462423523,0.7843629306819483,0.49020329658667866,-0.39587497713018793,0.3750282170880608,-1.7411461894797438,-0.16874835720164083,3.0192761673659914,-2.392286181807015
1,-3.2119524205932652,2.4462306764813926,-1.2347697550559067,1.1932406527905133,-2.1060769683561262,-1.7099864926531774,0.5579372022482729,-0.3097756029689377,0.4009610001413939,0.400288965409612
1,-1.7310319926810729,-0.06740923765798199,-0.18775770237600103,-1.1250235611483037,0.17688429415403736,0.33501219447686154,-0.8257689517936683,-1.0638026223033783,-0.8545099826466332,0.36713368441845395
1,-0.7747148522683498,1.5671833809208486,-2.8902237786035676,-1.823724919265581,-0.9167898496783602,1.508490357965947,-0.13469595008923335,-1.0935993117625302,0.9614812692319095,-1.7529599495165327
1,0.13547488404427638,-0.30354866286179216,0.7784363622015082,1.7435276970116207,0.2899499626704888,1.7033729181591986,0.048363917388670796,0.4560463179943305,-0.6564131126787429,2.094152767994722
1,0.9364294848875212,1.617286418327724,2.0053770221419702,-0.2536907762865753,-1.894884064043969,-1.4835871428282257,-0.2802783494844021,2.6436271099459945,3.0387654052470463,0.3593199387538186
1,-2.952666223537076,2.7730217084554183,2.1585381990420305,-1.52875256608876,-2.4406293790679334,-0.724963189099974,0.7586714321214558,-1.0104234878781697,0.11715480645930702,-2.213678489394927
1,0.2269192798605546,1.247069864645221,-1.7743385534988894,-0.9101168487070103,0.27350715605002357,-1.9370650090911146,0.7702695493485947,0.030159022473768088,-0.7245710128608651,-0.1858389067589432
1,-0.9510608488436283,1.0344321147474376,-2.728053062141088,-1.4548413664038262,0.9575097614396876,1.4651122571508184,0.4249074753666995,-0.6713005002986561,-0.3740785512819826,2.353138901330042
1,3.041513390171598,-1.352799593090639,-1.1234473578685533,1.911601693414714,1.6579709699697278,0.827870943696851,2.224845803827626,1.2474086308101282,-1.3496785498200887,1.803126889640082
1,-0.5012358212113225,1.2830278310184169,-0.6957947137745637,0.2276671108759682,0.7071675120785371,0.18218899260162838,-2.2770494018302965,0.30877947330038047,2.1886039979089023,-0.19263835833845788
1,-0.5524693028068002,0.0007876255382111563,-2.026193858109786,0.9870237590889154,0.9312089562527043,0.14616585728817258,0.5714660912009983,-0.18205823566988114,0.4801079621067311,2.1257279355348313
1,1.3393377890245746,1.202185303709103,1.5055089180831693,1.6635622681603994,-0.08292148468617372,0.21368200923923908,-0.4008581669291408,-1.2154314901632828,-0.010905627512657529,-0.5547630011919151
1,-0.9776887998697856,-0.25254808123356015,0.6198499529494266,0.38286653345392535,1.5219217269518204,1.5870607911028554,0.5022286288969177,1.4297703582949912,-0.5020340917824534,2.7424924266447674
1,1.263187146229959,0.21527671162536832,-0.4672912457821236,1.1171496455767789,1.5191391409498278,-1.840850690168898,-1.5588523818713973,1.1512562776992592,1.2228379680202963,0.1422328112722025
1,3.374659804066624,-1.8412217450429647,-0.13930883851906645,-1.4512837266160994,1.4890748307691368,1.5928806862545164,0.9000172477344277,-0.2548274499610665,-2.2872071187931837,-1.5729044730889203
1,-1.4365676850022435,1.3723675954011143,0.43879405372923436,1.9623520638624985,-1.6052677920893716,-0.5724742733554551,1.3629180367744247,1.0855944172566252,-0.8408862488379006,0.8975245953579527
1,-1.3448438917228165,-1.7357380902073856,-0.7212497230137693,0.0398993885251371,1.4436482449874704,-1.366642788993004,-1.6673654219657268,-0.9755953672462626,-0.2300378522758831,-0.3544292580443079
1,-2.001366254514079,-0.47017258207667456,-0.6268919085319195,0.7341635881660143,-0.11938240828390911,-2.483523794881677,0.2337178976878319,-0.26837799307453547,0.2672941287081422,0.057542261194872935
1,-2.196022559435519,1.451805426086422,-0.3382624852720655,-0.7933899344132881,-2.1691784978020885,1.9026138231639365,1.5300827697900254,-1.0992824047489111,-3.509652786638298,-1.5933579170786287
1,-2.3547917710874584,1.388889078370225,0.4853856148828919,-0.26214652007566763,0.08729874361087946,0.4648105742162512,1.7616189236729383,-2.2269418534998873,0.42086947490291415,1.432207506357271
1,1.7873549716350405,-2.0735658041962046,-0.2829194303846273,-0.29407986175103773,1.9806048721316591,0.22611690829677197,-1.4398851964780441,0.8633315395399355,-0.5938545872816161,0.34581887828021945
1,1.7119375194028104,-0.22739778032678892,-0.6941661483763335,-0.7295203055498376,0.62382444287544,0.38299554425921967,-0.8792357448488266,2.129100522383564,3.1126889572929644,-1.8572051562720322
1,2.287092210240537,-1.760107323469905,-1.171688552926488,-0.3503154008874111,1.2362407883321327,0.07884263457189446,-0.02534176397865412,1.064884207173005,-0.11345221679881776,0.9219409773961527
1,-1.9589167837633084,-1.040512212322625,-0.43576292590591603,1.2085199166708593,2.9994712888994424,0.255624540052897,0.9099697995270701,-1.5138295351697975,-1.0889965023308354,2.195980066724219
1,-1.8861398310659894,2.4286179102030854,-0.7113446260550345,-1.993922621697279,-2.775753895363706,1.1772376414807577,0.9336508051991224,-2.4328323445877564,0.7876190861215022,-2.243555214614629
1,-3.536132621653857,1.2412952886849615,-2.0046746526004737,0.1745243158514121,-1.70995542786154,2.3537992079145846,-1.0709045201548397,-1.301760970384224,3.793995200620346,-0.12931476087942256
1,2.534356270527064,-0.20869325352169987,0.8381872651584938,2.117569114681973,0.5265819609911682,-0.5963821358275545,-2.0431000923878395,1.810781324911329,2.1787555529872837,-0.12583905980922006
1,-0.29011745463579575,-0.8605163486557493,-1.2888413690915532,-0.34336331245604,-1.0943528677334369,-0.08188683984641794,-0.5567427264700336,-0.5847836513631485,-0.27809075447919474,-0.1936178710129321
1,-0.6146075804195185,1.1943467650861206,0.28803340772003305,2.499642827698329,-0.7082220693542167,-0.5589382861913214,1.0558874379000254,0.3802877529657016,-1.9693647152044038,-0.15680434924035835
1,0.21805769214058313,1.2882893066604826,2.376271405633634,0.21251286694793212,-0.8378721837363143,-1.6000485779173477,1.3354426138838567,-1.0423215217224453,-2.022826734461213,0.5492321168640675
1,1.8270916336850531,-0.21881285162942157,0.006027946553809313,-1.5010209408836428,0.046628866815554046,-0.5063382379874474,1.5312718362263231,-0.3901766392247746,0.00523341114333822,-0.6343248603441438
1,-3.222657938576756,2.925139815201487,-1.847143473582702,0.4433798945510319,-3.1981650541912416,1.2770926839904015,1.7110100596209206,-1.4659966929393904,-0.8871601504155395,0.12665278937829613
1,-0.8775237681744519,-0.0068844618402743585,-0.03289567473837778,1.0729769139723762,-2.8424481625341778,-0.4716600481874786,1.6948749582451255,1.65338314525089,-3.2931787894864684,-2.7808740376822985
1,0.45268793216290304,-1.9747468004807085,2.215948828797326,0.9121296455494777,2.0574802011379862,-0.5679696506553296,-0.6352943192792182,0.04975277096629165,0.4336770279845533,1.9749324492479061
1,0.8505005005207208,0.902554100773618,-2.747211358869895,-2.240381265111345,-0.39773889177814054,-1.8333773073977362,-0.06720952532781688,-2.05584520925428,0.7384904392959921,0.8970704382163137
1,-0.6646599297587181,0.7837648861388895,1.2876813371632816,-0.9645605921605782,0.6047732761274538,0.3760772707997058,-1.6176317292732958,0.19901227728897455,2.1564126712655094,-2.26500901536843
1,0.7409723271358337,0.4965483719770345,1.594809259636597,1.1834841681241635,-0.7203878061816287,-1.904139057353917,-0.2793530363583933,1.052298737168755,-1.4719997379401608,-1.4488651832784645
1,-1.9465066747674067,0.5439911118119691,-1.9038799837385858,1.698133347408591,-1.739795646915056,0.760204431655806,0.4534470484639666,-2.0788803459741145,0.09061538924092827,-0.7057636139845526
1,-4.1887274913805115,2.0042568223242574,0.01082511828557811,-0.4763488513899988,-0.5112439822602806,-1.4392789408075939,0.921409837995835,-4.280971596162482,-0.08703775873959127,-0.21509981031605047
1,0.28929662413813406,0.5229167202261483,-0.5895763061523236,-1.5031339991332162,0.8087080258044946,0.7245658690241301,1.5495677132576102,-0.46286506219519297,-0.8589863409889742,1.1850790595014153
1,-1.8726526105895651,0.7598950596791978,2.5322719578087205,-0.9630217367727943,-0.9603561606591993,-0.8095859145954459,1.0623160861888121,-0.5781065359484023,-3.6501597941949258,0.17809004201083728
1,-0.7013960491821024,0.6516844639458829,0.40368036301811955,0.7931595465627789,-2.3640408676205102,0.5020061984701045,1.975812156040153,1.320452391360735,-4.419140382462969,0.1170117888517283
1,2.6022314869856373,-0.6863854560546085,-0.18638593246915036,1.504286137984479,0.011809167252264201,0.2929774730908495,-0.41855753333027407,3.2285898328355596,-0.07138667934083028,0.6766464165680669
1,-1.8916381806624698,2.605734133085426,-0.0819082948781439,1.0254297555255696,-1.3652080732573142,0.37399463908062647,2.8403330143753225,-1.1140472708837585,-4.826746097457111,0.24371829591933855
1,1.7114227651318354,-0.15168062668628368,-1.1397019646233884,-1.4711772572200088,0.05723651449176538,0.3183077226409127,2.776508203224717,0.43689464690027496,-3.7005702912730687,1.156968029211377
1,1.8857323713441776,-0.27210675287167563,1.977155603744122,-0.22452484408804052,0.2842033344401035,1.3036661468984738,0.3825613147352195,-0.15844331040189066,0.9787200576442721,1.2862668501177874
1,-1.844873996570299,2.2042243260691343,-0.253523035830561,0.6682751839309816,-2.2704085504293117,-1.043457116530764,-1.0398032620277489,0.4512381079549771,1.6384516587627798,0.04358645255483279
1,1.6085115288171707,-0.453551192473757,0.17127906939605822,1.4904493407541133,-2.6015392951338137,-0.13073952173710573,2.350299924566026,1.014001094830022,-1.5201587721099337,-1.8173702350399281
1,1.9739454056239374,-1.456215992893733,-0.5778769666174397,-0.7401319777073835,0.982143473851382,-0.032706342967539714,-1.0272874805181682,-1.0378464431779155,1.4466860828899584,-0.664702613364405
1,-0.091080602618799,0.10280806147689636,1.8142387809048877,-0.20028329358289174,2.0334505463927988,-0.7826852341355335,0.4075398648227023,2.4785227966109082,2.205476127524371,1.7459631752265643
1,-0.47051111024331393,-0.2756059227230843,-0.3618357780431232,1.5708701634764832,-1.3802069164411914,-1.554625211215589,0.8222724992668948,0.34294723966870827,-0.3150707358402729,-1.458830253956301
1,-4.570875057453682,3.236685272355204,1.6824305578109888,0.6509722345077841,-1.4032044405550952,-0.3539097793240912,-0.9974299694302258,-0.8012904793852967,2.107793591649573,-2.665202122162273
1,-0.1240027614599585,0.4239316425157682,0.32556183935536587,0.41425614471788824,-0.7293974043026455,-0.8476909271568849,0.4412735627683994,0.7954738420722736,-1.2416989506462581,2.035457726749492
1,-1.400497637108779,-0.12784773570060656,-2.102319518597957,-1.1844201507026753,2.3389154188404486,0.2835753350104214,-0.5446150215417235,-1.0939509475762184,2.912281636965635,2.0451456243717043
1,-2.251757811489134,0.8078545370090678,0.7130200383994179,-0.6744203198752533,0.6824516413288801,-0.8214449744523844,0.9165845308718304,-0.18784934896285146,-0.8269557444164795,-0.7670232727864584
1,0.5092084242131321,-0.1953586389354427,-1.9057206053826539,-0.6757208055003708,1.0622036955465255,-1.9760097045582672,-1.6416877208289558,0.195017634856648,0.24724852569752526,0.39453580457011234
1,2.030373977454478,-1.7280547777271131,0.14442920993672737,-0.15086446659378086,-0.599103504101146,-0.424067956167099,-1.5566418902512071,3.4601132043547964,1.5936994538090314,-0.46765770008845986
1,-2.754711950798698,-0.9179052503814982,-0.6491979041193368,0.9362514731841911,0.4274888236201867,-1.275185437989283,-0.49300870519586093,-2.2695222273437166,1.4770443948545955,-1.4594522050572627
1,2.8515831543763674,-2.1347438810291472,-0.6054719548763692,0.3779313982602514,2.9041185589287246,-0.7210284370177332,0.0297714088133213,3.1950933968762976,0.5351585154542752,1.8896687600331274
1,-1.102533022153788,0.6288253444200221,2.380726591432417,1.8700032652252445,-2.0667469244915377,0.7514948796865215,1.4073643559174793,0.28092573489565414,-0.9299403053647318,0.6587192028499245
1,-1.4762764907785468,0.08753631956455832,-1.9458694787838868,1.556307405010656,-2.7744736384280264,-1.5481290697932089,-2.1650396757695747,-2.0973390820025872,1.264625057297898,1.1568176690390983
1,-3.1039740806966356,-1.099007295602778,-1.1755944317042673,1.7651788313756032,3.3147043562202017,0.4247834790496116,0.561817748142033,-2.9332297776740592,1.0690813724844392,0.27424946202299016
1,0.0011707710253283515,0.6053090902264952,-0.8466726551811067,-0.2846366818720785,-0.5393140676359529,-0.6056598333474862,1.4366472866268132,-2.1086133188994114,-2.500574842787039,0.5007194769538704
1,0.40153901559236155,-0.6982464896429945,0.19639543255630462,-0.46056408231122975,0.4934680131087581,-0.09946648189959982,-3.072858383086387,1.3464222537469461,3.317711056032418,0.7238509308069987
1,0.3969976456666814,0.10086819474834602,-0.7149395446373127,0.46903565851243034,0.6806512845639792,0.017802876718935445,-0.5859648057930237,-0.5023605863078517,-0.5802762577751719,1.3701868987240469
1,0.417481788465248,0.6137076128354377,2.445495713902669,0.3017759075850104,-0.6972038096709953,0.6423098181249277,3.659934703798297,-0.7878407515892979,-2.2325764827180725,0.4930062731172512
1,2.48035114333436,-2.037634576294711,-0.27074126905047025,-1.1652062945104091,2.4004487259845435,0.9088492998609281,1.2329715036229532,2.059517327715185,-1.2078660953931333,-1.74247880767675
1,-0.14901728212503798,1.036893623409107,0.12173071430162273,-1.698842520687046,0.005425101266210985,1.933319772628466,0.25455234971704577,-1.0306549414875799,-0.39923994858450546,1.2877456677679344
1,1.0297492392674774,0.9196872849697242,-1.2013928425827949,0.34973210097899093,0.6729938972898311,-1.0795442621095463,-0.9777736184432184,-1.2491810930440392,1.3585993383661368,1.0205168188045093
1,2.9705498012748572,-2.2058674578526234,-2.584923759106829,0.3917902354866348,-0.6768525986571141,0.4981967820866931,-1.3140540777087057,2.422095738387125,1.1261677196348505,-1.4293101665371752
1,-0.22294808189625398,0.13362381870695117,0.2678652081986213,0.040159676088283795,-0.6138908004153806,-0.7525574436743863,-0.3882344625062338,1.1415007721265733,0.08448595288026087,0.6808468734158775
1,-0.08068315542216928,1.4117214738997994,1.5256930229213177,-0.9309786864835172,-1.5984587807374102,1.030106351253127,0.31048028298443786,-0.8661343866880988,-0.6246792621803919,1.0460927894135401
1,-0.21999844555089088,1.7641243831446503,-0.9012820946312565,-1.924455067761045,-0.6556091840983723,-1.0490958669712214,1.8840792856592412,0.9603493461532822,-2.3614137873990018,0.1300173653697821
1,0.1390785036016852,-1.672103632640313,0.4444626941467111,-0.9036159843180055,1.7287893680708484,2.186883669310867,-0.7736772253891158,1.2199864274057395,0.8500109656853355,-2.185433683505407
1,-3.1877262552174637,3.065630663643347,0.6758548107386433,-0.4108439265806672,-2.3757580637606077,2.929117083905881,-0.019975790518164505,-2.600244068269314,-0.6049941126222753,0.26367459881566613
1,0.15763273650654752,-1.5739864552754097,0.9097301131752369,0.6516561488766563,0.30622850568667975,1.7205148553407892,-1.191376383279422,0.5246061990935649,2.4272453898904827,-0.8905904896839195
1,1.2359610628118771,-1.5728598278940746,-0.6963655344673056,0.955530989681928,2.0454935243424823,-2.056233856391336,-2.329207122409362,1.045592807458636,1.1682203454093525,1.4943922074551248
1,2.3124151893226,-1.3863589902856621,-0.8712817984467621,-0.38712076278887564,0.26053444090389377,0.24752377596908823,-0.25745740014503193,1.1880032356316257,-1.4234907075931291,-0.5781978379099574
1,2.1603315702234407,0.17009705692291532,-0.07791561946022302,0.18666522177294662,0.3006067832534205,-0.22920445074674978,-0.9281020535293537,0.34637104364757554,2.3978899572339993,0.786157226400445
1,-0.20178303137291512,-1.7498996819570936,0.9901083039386505,0.7329566616320421,1.6788750966841657,-1.347493595035748,0.3670397723975226,2.754731198860482,-1.516744294508676,0.07574103187401379
1,-0.830028894541751,-1.0545463609972145,-2.6265990579457044,3.222608318610376,1.9285296383474086,-0.06449951956384012,-1.4434980396622086,2.8283557353331865,0.2968095421521849,0.2426603786069944
1,-0.3776167220855043,-1.2778526850553922,0.2657036761127566,1.0055701950924465,1.2217897413603291,1.0176314687601398,0.9134560871933824,-0.586006242161079,-1.1626198070026814,-0.21021502709110082
1,-0.7357467341605985,0.20150022002704032,-1.4288831578939605,0.36685330799812127,0.09000610367784635,2.1369178122788064,-0.6603509525984064,1.9355938649528401,0.27296836883154024,2.1218273001494254
1,2.0265893243476945,-0.5955537063496801,0.5212981863728677,-0.273840267399146,-1.3961363479917546,-1.1306337438757899,0.19898357957924373,1.7743506400008007,0.26494791180406335,-0.10920310409169719
1,-1.1732646422012625,2.5063531333255886,0.2514151460545844,-0.000890264304861871,-1.6474180926864315,0.5155485131840167,2.971903800085267,-1.3093382528549107,-3.316493110795733,0.015019222139663849
1,-3.87225561662568,1.1597851717077436,-2.3244115322560734,-0.4484361338860449,-0.40890788775897224,3.5253544761056483,0.5896776504591394,-3.0469411752389592,-1.4313572583701268,1.2080218831569305
1,-0.3124144816458464,0.9822114003850216,-0.41466488828078224,0.059010323203042794,-2.264571636375582,1.3095319376387258,1.7413653228009023,-0.975182406809647,-0.9915678774532013,-2.1600326408309605
1,0.3030392146664832,-0.18693071140267503,-0.7236063792532341,-1.3580669871427178,-0.261956442183738,2.0473999719238987,1.9433149594863148,0.11911788523482822,-2.299530418807389,0.9236726705577785
1,0.5727791917924234,-0.08327666403607598,0.4932282976677221,-1.0436935200040545,-0.7606785632087799,0.37409689104429905,-0.878294780035052,-0.02160760409041053,-0.9918879762415423,-0.023122395717374657
1,-0.740661589310038,-0.5761492814287436,-2.3455123689381683,0.15002472599272182,2.054774781727133,-1.3425980755523002,-0.6120054507928148,-1.5270060933521312,1.3270806896518799,2.2268765628699763
1,-0.9289893426481746,0.6371947954063881,0.6949715600285307,-0.24721286583804544,-0.6810643396177803,2.393480605248525,3.0026759557704614,-0.5958249915251808,-3.912533358102063,-0.1782293037333904
1,-1.4310535207615724,0.639960469615421,1.2488335446433785,1.4172683833374575,1.4428255585182208,2.0915495121829584,-0.11731488366141542,0.0011382746876804142,0.8841144186682582,0.5867333237560336
1,-0.4385849425822138,-0.5813331032538214,-0.4337735754244467,1.562806086619758,1.8200842977721758,0.4342951889536894,-0.1122869481787616,-0.14592120680409343,-0.2072700157945492,1.0195608645925405
1,0.819296151465011,0.2976193803557001,-0.8961059374042311,-1.4370437363934678,1.4933577431727967,-0.55250813695524,1.6447232990758827,-2.050539120633805,-2.2489389044079893,2.0214901905571616
1,-0.25061860934070024,-0.7233763123538415,1.1533778932545138,1.2870030332453586,0.38976741875042564,0.35234971733608056,-0.0014800703016868144,0.425553994826262,1.0168379706886428,-1.2668968300916377
1,-2.5745309468043773,0.520746215859444,0.11564600687908509,0.08054875580627999,-0.0814531941726237,2.0864746986175358,-0.9207662299431494,-0.5106468047944153,0.5369908737967211,0.933930820943501
1,-0.3842221525983707,1.1004245515692843,-1.3725614126971657,-0.5431064978619856,0.9330875774188874,0.942737903445723,0.883913936432254,-0.6953865429633233,-1.4203801537216172,-1.9071049251209842
1,-2.065663569880212,0.8360131512671423,0.5768050001054323,-1.1924241500140915,-0.4869650411324383,0.9328154559335368,-0.9289784578392409,-1.6179118886065922,-0.3678856574340905,-2.2768237368373523
1,-1.6601395282172091,0.3844326556736679,1.6806262756981054,-2.392851133754833,-0.46597268474028597,-0.5234946443038451,0.7603215947797136,-2.7356516941508,-1.5593131936478761,-2.2234604350520333
1,-1.7154951309463116,0.9057276046367305,-2.804785518301942,0.9065956546392557,-1.0148460688793128,-2.0497822542869475,-0.1887389395449533,-1.063365853480561,-1.8399944462861946,1.9586244653070104
1,-0.41019355705966765,0.02801601138240483,1.5782764441503105,-1.329915165255651,0.41539490090942416,2.007105284529192,0.9882030043797013,-1.9362049477482448,-2.46387389723094,0.26368895685682986
1,0.9778303807618717,-1.751005229251744,3.088157899559037,-0.9574337927066006,1.9328373512074342,0.3838037286464124,-1.3032596252856143,-0.2975368379709953,3.786373018685223,0.5263550094341914
1,-1.8689595711240103,0.9893848907062415,1.8400482100495412,0.8678769222658104,0.18402528453493486,-0.21285806144786767,2.250556006547479,-2.339913705973926,-3.540419189655484,-2.4954601241804286
1,-4.982570340107717,0.665998339310345,-0.6328229049200252,-2.909250695115278,-0.690202088177678,-0.9150066552055247,1.776148192621025,-1.946294473234718,-0.10496882582154693,0.01701902306130082
1,2.7857741771733573,-1.4938895720551217,-0.37481924566077063,-1.6605111629507148,1.813663481133204,-0.8584466558059917,-1.3261249910306037,3.1291874285233376,1.5181155794588401,0.664619866058597
1,-2.079391642853427,1.67208369268864,-0.0668940977485125,-0.30634507713086573,0.5089750838627636,0.2500377157965375,-0.789528478392429,-1.1671905504870033,-0.12979910484137408,1.5837803999225657
1,0.09752244277867898,-1.0988780124148656,-0.9084935719813481,-0.006318468757041713,1.522049065025619,1.030738317849186,-4.043441939637021,-0.6676546535851178,3.0761855203726087,1.0093714963294993
1,0.15007301313522722,-0.7133290376914772,-0.007277176800726795,-0.5256510799139287,1.6464685867660351,0.5279239834906105,-2.09802653176664,1.8444681400652223,-0.4821132071644974,-0.10885172055685981
1,-1.0154046687041633,0.7339817951025853,2.1202774623436293,-0.9914352545030607,-1.5352955466655505,0.5674462898589333,1.4500341771697203,0.8259616964068343,-2.822356380836635,-1.3082309804690153
1,-0.29749006612055007,-1.4428108711215468,-0.6283817834550276,-2.107390541250921,1.9305162265145164,0.4072625496617243,1.9792029503948037,-0.45331654378412245,1.7223475748827708,1.808825220328444
1,-1.869166409614213,1.4269543575557382,-1.3350762304117418,-1.3995923739519993,0.5101347803553453,-1.4253553319587007,-1.7233321220545534,0.1565008925052154,0.7433226477669914,0.5636670677058333
1,-0.9155092162821342,-0.9566784084882548,-0.9720547432212068,-1.1504506163747998,1.2621028895180997,1.7345191319030246,-0.6808069855234611,-0.5465140703985546,2.182180312074475,-0.9142364766721549
1,-2.763713537602572,1.9065203449516916,-1.2045279177389112,1.076245659567547,-2.067740176182346,-1.5536703612347122,1.9369953175093095,-1.261117493541637,-1.0237338464727972,-1.2473403266115597
1,0.4659408548575861,-1.0437447955735955,-0.3094776375906719,1.2852017097997985,-1.1866657806607617,1.2148210121706955,-2.1689823207310606,1.2760793771271057,3.365420266676469,-0.7852007961089253
1,0.8292801462840839,0.12672188653727934,1.908655658405084,0.2907414167627367,-0.07477175670803024,-0.9621853932903957,0.13224823744817626,0.10891002043949688,-0.8895789745751556,-1.3376617571301994
1,-4.875681613192974,2.1046808605526324,0.15879346626810495,0.1897682910769953,-1.521119290595323,1.0348862870030338,0.5512144678229975,-2.802327478527414,-0.08700725125068856,1.496631389024
1,-0.2681521110525463,-0.08441341361502852,-0.5160344203833808,-1.5812864454708826,0.009069490876699261,0.08023079150925601,-1.0622004520798576,1.0917198396151258,1.4674650421276536,0.45382684181290345
1,0.9086136568827078,0.49845503234748234,-0.9568458870283882,2.827673288996207,-0.8557538363072976,2.3579521975862763,0.019869408409900036,-0.2615637409314824,0.12669752369132262,0.9005426252970007
1,-0.28129315294602164,-1.01092854274386,-0.7764066910833091,0.683578398385668,2.4991751932678836,-1.0477684338336823,0.4309746470525294,0.3662153053839187,-0.19180401718681778,1.4439993827270647
1,1.2512378009044427,-0.2709922822205135,-2.163459961306851,-0.8507456868590038,1.131860975146674,1.5201095162409635,-0.09383335200162184,1.9882010871353715,1.5674052463840273,-0.35850532614249647
1,0.30598449738457145,-0.642106635007358,-2.12343858624059,0.6040119714432339,1.2516252850837397,-0.2570844892356646,-2.853790545904926,0.41268042230415636,2.134433079365107,-0.313362051510256
1,0.9001976937129162,-1.1896062306116897,-0.7086401302494446,-0.370892058486466,-1.4875068197482184,1.1650154104342418,-1.425317713043246,-2.224545849024012,3.5224530163352585,0.26160757456163064
1,-0.2807374734702377,-0.48936430906194933,2.051595807951884,-0.8916334928933399,-0.11870909847520529,0.8567029758472207,-2.001506052761575,-0.9850255125477317,2.045580934820827,-0.09180137984071575
1,-0.5694990055042359,1.3775567999522997,-1.0022691862559656,1.2800924332063035,-2.311336571942109,-2.362678238233876,0.49043527692130523,-1.3067298665290865,-2.1096952120509935,0.09997607501853577
1,-1.0130094428800342,2.5692844044366265,-1.1630662223136248,-0.6743675294035013,-2.5535463925390816,-0.34906471303376885,0.4847030225920182,2.2028236146318245,-0.3105141940047984,-0.9082724658550982
1,0.5562340860155548,-0.20507664981981216,0.48510847745812014,-0.085671100809276,-1.6114204436625355,0.4921334210641674,0.9986186194802786,2.174071142408594,-2.2691397019807127,-2.060921444364431
1,-0.12365913321546357,-0.37827592351566486,1.965709404008781,-0.02225051023383357,-0.25838085705025127,0.9056717931281423,-1.475333328277864,-0.8747012064827815,-1.1792762112793682,-0.8527321000758692
1,2.124400184455331,-0.7456106132792626,-0.03243389109752223,-0.3109795361110724,1.0346709088702242,-0.34237577029544475,-0.08587564297433599,0.7915378779656921,0.8582860397825703,1.5759507146715865
1,-0.3546002249825839,2.249730647686568,1.304823959384702,1.2879967513160855,-3.899465521540771,-1.4575789565727078,-0.8358818982508575,-0.28653794230705726,-0.26825896488827794,0.8875773904344304
1,-0.13057718872961527,1.2706998803415992,0.35297784216288464,-1.1899685439819447,-2.5506131759033823,-2.5191352667905322,-2.2232011480519045,0.8326312928877795,1.7863719234305975,-0.30834795686447203
1,0.9658149925029422,-0.2190808459704252,-0.3080738270436828,3.565746761973729,1.3610718223242448,0.8326619474512439,-1.7409933447401982,0.22868032587411904,0.9079968089902158,-0.28353334112248313
1,5.081409184252249,-2.5209562992459036,3.1704803847248635,2.2900561734155143,0.9429646430082109,-1.3869056043501486,-0.8793024330764369,2.736931362675608,0.1335632325505206,0.1958967759495073
1,3.132316804899701,1.661967949037764,2.533589378952433,0.246784294902784,0.017048778036569623,-0.31166597854633893,2.132376454135186,0.9359775734267085,-0.3570290459429644,1.8869839988000088
1,0.28222379825353655,-0.3103102792200267,1.7113878463159418,-1.645349809295091,-0.2834811548265395,-2.1433177546438777,-0.3223004316369023,0.30675426262778543,0.4381831871050305,-1.3601969002179906
1,1.459708042116356,-0.5129129064124921,0.45023152838644787,0.5939325450111587,0.09423829518976912,-0.36151785586573176,-0.05342076269500992,-0.27560888486615676,-2.034347333986603,-0.44918861797510934
1,-3.89675427961428,3.9592320115695583,1.3258859274327786,1.6599905960074461,-0.6139328712493164,-1.1140390076728777,2.3860454664390405,-2.8421966527482425,-3.1829720263841494,0.18209027234490144
1,-1.0591526976836583,-0.6545594110447103,1.7086511118686463,-0.635872494052312,0.5065229678467136,-2.1294147015165588,0.27711558137135256,0.45402575019713753,0.8790250450225445,-0.01806040466134623
1,1.6484479402855245,-0.48720501634988855,-0.16033333421984042,-1.3847403266866662,-1.8682506970949357,-1.2626016417534538,1.8947632763141975,2.5609462737141966,-2.456277416984009,0.06587964868642954
1,1.3235584074945796,-0.33491233901017703,-2.0569190595472437,1.4170503069171119,0.13045887494258807,0.5481825579961631,0.15278917398903313,0.5230302985773281,1.3553505770173602,0.2360360018670134
1,0.24123138474259917,1.5945928370344018,0.16706288640653402,1.6209140377284088,-1.7695052346866227,1.441785721771071,0.986330212769759,0.15377785466005364,0.8078292926262234,-0.8195545971352205
1,0.0814109297750979,-1.0765240103950122,1.4467412431018418,-0.3511361065786755,-2.0305691649616247,0.6856974240563852,-2.1098624124325838,2.0139759992733945,2.7158221680391277,-1.7135589627849663
1,-0.7787089149771439,1.1775995267941255,0.7485746524810171,-2.0878001482355377,-2.5241418601157086,1.339243209463178,0.5449556210004584,0.1915518186567518,-0.9700473245474502,-1.6722184536305482
1,1.7914273792378688,-0.34462047745121993,-0.9517186664796798,2.9139910921451997,-0.13391731339416052,-1.044605995662549,-0.47787493264799324,0.8421818681753845,0.889981780326781,0.5418029757055074
1,0.2761955056240769,0.4793277414392054,-0.231487179953865,-0.7807991273274073,-1.0823822943924508,-2.4038689911149707,0.30494669537233604,-0.42455004373053906,0.7156943806801656,1.8548969586508133
1,-0.5508117875510701,0.8740475868612992,-2.0529148561878285,1.6125566107964415,-1.6335162929386522,-0.4271821138306556,-0.9914976844688053,-0.3653676322084268,-1.0226294378693666,-0.14082937302395226
1,1.1338924633256195,-1.3229665727912043,-1.803429890999012,1.7580421468003848,0.8789302600368392,-0.7529864853029314,1.244832323644521,-0.1433707859940301,-2.370316145504334,-1.4168836748951956
1,1.8344412072769467,-1.1314166850880552,0.28010504180447277,2.131206752011475,0.7979382630755855,0.6486804367120319,1.9565609066531384,4.887787497269448,-0.29489441417218293,-0.9538945487713489
1,-0.504925526313535,0.24815682022468838,-1.6397870644054657,0.016081062499758842,-0.15223298437795135,-0.33475367128267214,1.7392873281244747,-0.29143815814514296,-1.6645182730944545,0.01949031190779371
1,-1.4174539148609044,-0.7675634207744692,0.458673567951319,0.047006481962578735,-0.019259922228965,0.2637086297054461,-0.3248030896540591,-0.26268770867169894,1.46709921824602,1.6820185600289186
1,-3.025830493644189,1.091004126897774,0.13728450607939,0.862920948035627,0.9611073539619821,0.5849156823935001,0.07814708898525746,-3.5116835047945605,-1.1039416964916984,0.2911396956872395
1,0.9671907462022132,-1.1220477219195084,2.4448546322585027,-1.2377938538631912,0.1537603571894721,-1.7164522563139037,-1.3804715416749198,2.7985599222842596,1.8256397236708168,1.2404873666447174
1,1.3829294334286422,-0.06913333642458097,-2.5743727096450737,-0.20992091109416008,-0.24479946276266804,-0.28554141409045375,0.0855367456022818,2.4908645327682875,1.7433752321705132,-0.27423238586279763
1,2.089448570616966,-0.3371077882254081,1.307564955719458,2.0860090674950915,3.020216570523301,1.0531743217336336,0.7271253913101161,1.2248540734776758,-0.005717400044187096,1.1446120830421997
1,0.43703172783517663,-0.14730278534427632,0.7184165196303406,-0.9395839971392814,0.9758031859691524,0.21457096059264866,-0.5758113083905284,-1.7831297033288076,0.10311366819688098,-0.2709239815356191
1,0.7031639847751636,-0.06174567915412332,1.956300518172354,3.2563649994001627,-0.1566922269753615,0.4663392114194327,-1.9920530498259592,-2.2220567079051414,0.743002835059639,0.5173915507604829
1,-0.2875724390808414,-0.28081875377307597,-0.846675178676554,-0.6831508502325033,-0.1131408540008593,0.7689020288885534,-2.18253785731379,-1.2893978504706747,2.0785036009550097,1.6034417817946982
1,0.23809791924507823,0.5145189376529222,0.14750509439138898,-1.0021308257636259,-2.114372375640994,0.15366763084200094,-2.1246035312930003,2.349065608873004,0.6053924315488707,-0.5086880078236005
1,2.864978216063402,0.22197658021492184,-0.3688495784330464,-1.373861127255069,-1.6698873127748448,-0.04168993276219531,-0.14545116664759555,2.75578208562887,-4.463934382736764,-0.8385481718127052
1,0.9143645760520785,1.1364058294829944,-1.8726942012472554,-0.41768306636055635,-0.9375280880994581,0.2716404027313684,-0.19910038124635848,0.7821170839612186,0.832274860071441,-0.5835531850827913
1,-0.6191864169031991,-0.21552013050358934,-0.8403477610275,1.0472177559854703,1.3373797927460738,0.6507733536166143,-3.042133694573237,-0.24597058732680344,3.632272984598832,2.1311422856096573
1,-1.997580368272671,-0.6772235739020327,-0.28127004510714265,-1.7904584682853912,-0.3130734023732805,2.2943542941087687,-1.4354214013366144,-0.10507083798244203,1.3604812529324104,0.22656123830280575
1,0.20012166818013236,0.8753307135664051,2.372742974088456,-2.19565014859956,-0.8972686301082486,-2.4026317528760117,-0.686721121470891,-1.5182875290291762,2.312588221763586,-0.24079845401169553
1,0.8962520966865419,0.9253967540943511,-1.5764326431766273,2.0789021413758606,-0.9091128432031301,-0.3431310824175244,1.5777710938406695,-0.9451821571001171,-2.939585495606794,-0.7320836039184835
1,-0.27382949271978785,0.4078282295573806,-0.07538827131534409,0.6528373117413827,-2.3078915015226555,-0.06398097472155102,0.12340490636765775,-0.38350272578222205,0.8855921616001955,-1.9939158754169
1,-1.1286651943704062,1.4296719625902425,-0.5566832630282668,-1.019436381871575,-1.318818504118331,-1.436965823873158,0.646302884224151,-0.07239123711441509,-2.465873437075611,-0.6407565062569076
1,-0.5417353798917381,-1.3235965078982002,1.8749666123218625,0.8004701592750899,2.309338340516174,1.3650893274359128,-1.28293426188605,-1.6594371498614122,3.0519332701287336,-0.014890841652173373
1,2.829328817581949,-2.08522243473632,-1.7378059535955155,1.578469013652959,0.952975039858359,1.5550216585016685,-0.9757293161822559,1.5656145131893735,0.4218962323067405,-1.6216204404879921
1,0.374182839061636,-2.301657210455886,-0.7983517193818349,1.4816085818059583,3.895856117371351,1.8512721303438044,0.05036453155764711,1.1074356555911704,-0.49937429427304025,1.2692229884105886
1,3.039496174444724,-1.9180372013742482,1.341342357946679,0.4203680577190332,0.17693144410573425,2.1098558486400645,1.0117032835400048,1.705473156890948,-1.7398281978028471,0.07750383402341099
1,0.7262309730534767,-1.4482648779366625,-0.17178743167418056,-0.3133431543687764,-1.8893927667088817,1.0850233774988964,3.504237196093124,2.29988663952255,-3.490081669206585,-0.08640366666034921
1,1.8432850754136831,-0.1400102401578277,-1.9815889648717595,-1.949319197755724,1.4468772361020388,0.7279529316057255,-0.3707914389394859,0.021568719369170437,0.6998171155106675,1.460536003768016
1,-0.4574705262245905,0.21338076721893676,-1.8388728504845995,2.725598109003391,3.2717507354218736,-0.28025416364848976,0.803897948950086,0.2641300069572766,-0.5840044923150499,1.6312677872559431
1,1.560574242887423,-1.7013965300268692,-0.2828249734976562,-0.4206482426514852,2.925235744626521,0.7712720173175615,-1.4856578559242715,1.4231102273220635,3.1079951972863684,0.6447759414835944
1,-0.2816195753536452,1.1433861187954342,-1.094915642075591,1.8104554938014041,1.8474690465619343,-0.687712016836805,2.0010813275043486,-0.5802714064686568,-1.5646696793916886,1.536651619169943
1,1.7826087548636478,0.5527596469002498,-1.761181661201555,-4.013149324800063,1.7588895067687242,1.472878427314113,1.1956195589843523,-0.7268451291127007,0.9980224952352614,1.5043089577716524
1,-0.3240583744966774,0.008016656944046088,0.432432464732642,-0.27313390655115916,1.8446308285432702,-0.23072982743546672,1.1274141776952828,-2.2553866975359536,0.4341130819885679,1.6660867791219258
1,-0.012188907502696397,-0.19392309071512043,-0.5123893338464305,-1.227408379382996,-0.01997629441127568,0.4468121043257629,-0.0888763660580911,1.2349577359488697,-0.4398160884073522,-0.24738078856258672
1,3.227555315826043,-1.8039723407212866,-2.8528887950278015,-2.3841412714013424,3.070111661979364,-0.19887164952237096,0.022902424029123066,2.0384187295600116,1.8686674132000514,0.5036144694832647
1,1.7633151044328235,-1.4052609635338564,0.7655204365211198,0.2982052887362257,1.1426290403169903,0.665354332124826,-2.431550041954211,2.6670302586480035,2.1771783845341206,0.5848614526209893
1,-1.01402536324454,0.4203001871838303,0.4901212501256751,0.7881244504229354,-2.81308623070889,-1.1594494887382119,-0.7448187017584266,1.8212680028260946,-0.5630934930129938,-0.44520757551819395
1,-0.9696628183547809,-0.5758861874300312,-1.7059242959140273,-0.5186266562413682,-1.966694202657765,-1.417073155940327,-1.617949399217418,-1.1399854065168176,-0.7555877810159922,-0.661578336125887
1,-0.7463928151439828,0.47969059012797954,-1.6066043227324014,1.184023090158936,-2.168248743653768,-0.2936237272400304,1.551250243629338,-0.15192664577758047,-2.0192795728902864,-1.1328345228511125
1,1.207729102516626,-1.7323857143501349,0.9577481703758569,-2.090715638796563,1.5214912070555782,-1.1995055809113824,1.866007018500177,-0.5441329243195471,-0.9439557377673621,-1.2516009901636056
1,-0.2741805482956228,-0.4656823060041205,0.13680113802928726,0.5926813252610053,0.7045329947302181,0.7897357968091502,-0.2648784980488249,0.403198041287479,-1.7038131656986952,2.1075380086420212
1,0.24352212358201178,0.622733012835775,-1.8142325286277416,-0.9828476655538385,-0.6787540577631649,0.44518021545487135,-0.5147147619535601,-0.46510820489121396,-0.7109651297221193,-1.125992364532655
1,-0.7137868286591872,-1.1032082936951644,-0.7600987544805842,1.723641363064637,2.8945223422214283,-0.37892619362138114,-1.6964689061646927,-0.05065804669364109,2.2972298396448023,0.9965937898900872
1,0.6616431372854162,-0.7840933870820302,-0.774624338180571,-0.43285609315296625,-0.3019667224255212,0.5047292475954885,1.4605625761841754,-0.017712189564494413,-3.13157046712657,1.752737627747041
1,0.6355628876245107,-1.3619043253560155,-0.4612511199591923,-1.603486205188846,-0.2843909524926249,1.3897830789804113,-0.218756436726328,-1.0337592478860378,2.10892200253,0.07206638665972306
1,-0.5172088518150628,-0.23355925411950051,-2.632846326244276,0.7496954549053078,-1.5235390539782783,-1.926261436322734,-0.5117816240003215,-0.34594913065913746,1.5258818167790609,-0.01100984349378481
1,4.325833574664997,-0.2645167503279915,-1.5060322800822414,0.42931879014988644,-3.3561218093003182,0.3999204572811606,-0.6322741431177796,3.3569975926386406,0.8440276929843508,-2.9513292889913783
1,-1.4933651274705255,2.650164092951705,-0.004807622280625308,-0.25388628837014743,-0.8872827189522265,0.9446747431203493,0.8979891091092758,-0.298703668575957,0.2545990253114029,1.5436045887541368
1,0.19326672831309777,-0.11285395026764822,2.654302471951376,1.7391571318108263,-1.1037646021416023,1.9738460498218477,1.4460475931643844,-2.6802765745837434,-0.35373280894645964,-1.1791768059883554
1,-0.32058847549970887,1.2945903372028165,-1.4340856074626698,-0.14419517856528227,-0.8503114704692809,-1.1974368718385127,1.268239184284719,2.3951106191077436,-0.59866325029426,1.894136205879319
1,-0.6237478837344201,1.050409360233499,1.0397318168300484,-1.0431169673183642,1.3963746521339853,0.20148320621002666,0.1850680719415907,0.23630595307798175,-1.7255576819635838,0.6387408748399213
1,-2.7441343899889548,0.354167171866869,0.15791413334987664,-0.8195792872532814,-1.136365485478226,-2.4741197832285486,-0.7033957223698595,-2.629821877876202,0.45847629321479194,-0.29065182192532507
1,-2.5219402719952666,0.6246194181122421,0.4353841041751121,-0.4751819632691551,-2.0044518147527093,0.013896435706811506,-1.6313399929732726,-1.6365260705243572,2.299052646308812,-0.942115571583681
1,-2.240276186497318,0.05099280335605205,-2.405321643850872,-1.203445252667795,-1.0896051624744894,0.6872884020435048,-1.2823301324650886,-0.692748677427798,1.611887252828411,0.27484716597089603
1,2.0221266703850844,-1.547017094815468,-2.8362213716714257,0.21031307224400259,-0.6066060742711944,1.0961311744452404,-1.3588595943301798,4.1103413362625885,2.302828903070448,-1.5905404446254539
1,0.7979370814125971,0.809474799393096,-0.24679494617977382,-1.1930182564583505,-1.5120917705464414,0.06281401659983933,-0.0936050470938311,1.2620286729228154,-1.969874665795523,-1.1215066164102112
1,-1.760829306204006,3.0903190280721344,-0.1205868105368566,1.6079386333813668,-2.267740387163829,-0.05755796330162171,2.02335935872168,-1.6032216189718878,-0.8563901345234182,-1.1023290441966411
1,-2.399642924509119,0.7026853379969638,0.17249601293173117,-0.23673222529621066,-0.31855610456294375,2.0509487558615156,0.4824872908745047,-3.0893425688333864,0.01804907603074212,1.3637939329712585
1,2.523904336406917,-1.5376981560642262,2.8941642125129863,0.49868152080288314,2.648737563729581,-1.2829233914980742,-1.9941518747595588,2.0084339130938713,1.673339338787071,0.7572891386174826
1,1.5072635939717443,-0.9541883216334177,-2.025840996477302,1.0800247656751,-0.2525734944945761,1.0385687747235548,2.183821093831197,-0.6156808241062336,-1.070718244991887,-1.7887808567032477
1,0.3611723044173649,1.846522048629677,1.205486002303059,-0.3017578481436755,-2.832220468813993,-1.1327809107562736,0.1290872455923096,-0.030251580033769876,1.4948380629797253,-2.5161620406665524
1,-2.4743809800097933,2.0396438853782515,-0.8656187827390165,-0.07531994534912088,-3.1387610504805394,-1.3161252794923357,-1.329327996654164,0.2057504708604439,1.809493707777862,-0.5568379727609432
1,-0.5625755972544589,-0.18880652716971053,-0.4741475930084941,-2.916633949631675,2.229464692434546,-0.08208386164808221,0.27579767676457856,-0.9179498620632306,1.6231583807760386,0.7977139062759837
1,-1.482907059096912,1.0351599543724175,1.6995356003131457,-1.9800276174322227,-1.350435999771316,-1.5718267140475644,-0.5090709161157287,-0.5546495445469678,-2.2066996830264967,-0.2589032377444501
1,0.47047074398771693,0.7759876818699231,-0.5841572903723016,-1.5206264355951071,-1.2427554397638227,0.11679465497807315,2.9811143752296796,0.2769565831152037,-2.8046826235986595,-0.5437259612070529
1,-1.4704762157004334,0.5212813309298718,-1.2115188102729375,0.5224117087518284,-0.437853167390929,-1.359437947257607,-1.128467393656896,0.5318355461564587,1.3287118806728342,-0.5749202878289146
1,-1.6797027091735766,0.9559042272447658,-0.7647034676621,0.18288596730436263,0.8515486116669493,0.5919513337152932,0.6412547226792183,-1.1806103812094968,-0.1299482676351502,1.0098632839745105
1,-0.566971716520327,-0.03225801227793734,0.4802910686227777,2.009585062707734,2.28067222084969,-1.1586741672045877,-0.1073991497973118,-0.7967190071543281,0.7307931598769406,3.1195805785513935
1,-2.0699671260713877,1.8692980875166048,-0.1712373771881125,1.8946514810280741,0.2711818708430876,-0.11785769297871668,2.3035026986396625,0.10186959293250832,-1.7335128099360015,0.9720803419920729
1,-2.155393947307974,1.8965295250683938,1.1638906267502538,-0.3926917683915996,-0.5746579802894941,-0.8103393258508709,3.583710980790795,-0.5773714895480517,-2.8700016060918956,-0.9810260125780788
1,1.7331438046678114,-2.162164947562774,-1.6801713876458428,-2.3978492120276176,2.118033295655258,-1.7061597766223084,-3.6670163032219287,1.4457669606441694,4.48395119126004,0.5876588001704928
1,-2.140060031129381,1.7209786400189386,-0.060295335978112444,-1.6460086498007171,-0.07637384754208587,0.3209514894375453,4.021998756829931,-0.038325699302726,-4.443742621212275,0.7694897451971048
1,1.8187962771488866,-0.7642192136341261,0.751607530731555,1.2079182565178417,1.7936130709519849,2.290789853659682,-0.5439217709348216,-0.7331474980223311,2.0878763790761496,-0.8751402720078987
1,0.055274772768379665,-0.9022074014303657,1.7551880618037434,0.8235563934870294,-0.3740219019123383,0.6213428993262078,-0.827520682313891,-0.37685129469479883,1.2322045002842237,0.7541592970850055
1,-0.5239769750594773,-0.3934818914617581,-0.41079163433321997,-0.5960575212769625,0.9766713650536192,-0.4870700559646827,0.08022981538681759,-0.1271228221284182,-0.10102788777356089,1.1418291250343038
1,2.3524843461938456,-0.9496698701426627,1.9654805333036882,-0.7814299840789705,0.5764777231084464,-0.9212168569515912,-0.7431013680934834,2.810391737568616,-0.06049604696839374,0.6149913776926371
1,1.9921936352569367,-0.5180672344964049,2.9688769811321905,-1.1813068279607657,-1.045708276858885,-1.0475258965068663,-3.993781214796059,0.7778239782560833,3.675052631083766,-1.6608032376412538
1,0.8675807981408197,0.5387208555099665,0.9336583683533135,-1.5627853615727618,-1.4074833737154706,-1.8729998612934329,1.1255558645414299,1.4018341810742607,-1.2251445778661132,-0.9555659750268932
1,-0.5662678731848647,-0.5566953175479202,-3.602389515613954,0.5567586991820441,-0.18211021977771583,-0.328898652542255,-0.23007745575188612,0.7103687610714033,0.3973832431640675,-0.7805295303827994
1,-0.0675944841478494,-0.4028103952886226,-0.28149473404321707,-0.007658535927300324,-1.3813184066838975,-2.6722326788501065,-0.6168679659198016,2.317786857835349,0.8653702459905525,-1.7872813422060412
1,3.114939700379559,-1.947188209373639,0.5166382769301222,0.8496516584533712,1.7888607564504433,0.8091110487099975,0.15073687425176988,1.2505077082620453,-1.8244232035593149,-0.3355542221775518
1,-0.7348789123440314,-1.596349963867738,0.6535129373311871,-0.7552260118409605,3.25007197330876,1.2707550314751135,-1.5314412462944529,-0.041654517579471056,0.7178071124014488,0.05347832218644751
1,-0.8084497440794167,-0.3830287696276068,0.47940420806614314,1.0788967200272466,-0.8493122753254546,-0.3943393730953025,0.02189415126782135,-1.186843590468668,0.7631993323895453,-1.0393041167499053
1,-1.7253269495229222,1.2592058704927072,-1.4952536990484506,2.6675810373975937,0.3822262486702584,0.24356116174284898,0.06180007565232816,-1.6623231449621805,1.8865638651950023,1.9545077873683558
1,1.6602346218297575,-0.8480945005722172,0.5447711338225946,-1.094758348212606,-0.03140801040042401,0.15408170122665635,-0.6533796176021238,0.8761032463432883,0.6509605662815916,-0.8117954876202773
1,4.0066040408827375,-2.8091684474064365,1.5962433231647457,2.586462200809624,3.8029386289213143,0.935178906565758,0.6370096950497401,2.018791977579828,0.07542799908254484,-0.7592187349159056
2,0.23848779802124487,-1.2095401142823357,0.4718441039058194,0.6399305458685226,0.048552395849168095,-0.03533377746080619,-8.097061421908341,-1.6585618634855852,8.80033293366778,-0.33035054098426486
2,-2.080204550016709,0.24187116946641918,-1.342255598138572,2.295796415746614,-0.6176271692303557,0.7192533463507095,2.018020516233492,-0.6685538186527347,-3.829224297937741,1.269857933329797
2,0.5282853448534244,0.9424966561026612,0.07378480964374613,-1.1248105774755188,-1.4029089996335726,0.3625108800084106,-3.5748522969649175,-0.019818554719197128,3.5655303323993404,0.7740467018764571
2,-2.02936136097016,2.101050263683631,-0.271088530005739,0.7598742744011808,-2.265466998411023,1.156698937868108,-3.3632083563090225,-0.9452203038536189,2.445222159893644,1.0299557914479793
2,-0.46985649066899976,0.22107347151406564,-0.39396144530493393,-0.20978441949525792,-3.4854880753499464,1.8313232632628416,0.06820902035541351,0.4683223075508501,-0.64756687854148,-2.1803024271730735
2,1.0262387007402702,-0.9065322968035573,0.3568322148147291,0.6051746723260197,-0.3333981586768093,-0.012716476149751943,1.1284383992329707,0.5906224057985315,-1.0066497919303665,-1.5604727037564488
2,-0.7502537385665842,1.123890315694519,-1.3081589061376435,1.2834363906858544,-1.4143917078503172,0.2578427246878088,1.8389681303036838,-0.706099189736112,-0.5045933952995667,-0.2291519466480028
2,0.13952024693243328,-0.7700719673815251,-1.0058896570953995,0.17920389980607998,1.0321354063773462,2.7843097632249543,-3.3716467329199977,-0.7520082768463714,2.3477401158399593,-0.010793707098488535
2,-1.1629094721330404,0.22660775173254386,0.12186502900197425,-0.04895638899457507,0.6377471668365899,1.5125260426769453,5.45726986492526,-1.1011726964633208,-6.5839148560957526,-2.086443510676667
2,-0.3678288441956079,-0.05674692411838171,0.9255308593316411,-1.958401849741332,1.287323614680636,0.934377592157066,0.24466968947252182,-2.750520095986999,1.582446268896467,2.1143820564233664
2,-0.5692129908981691,0.8227483423424302,-0.09636728802419506,-0.8120267832535789,-3.972898871058032,-3.3049599642404037,1.2859533624863644,2.2606374426255478,0.18133560648313551,-3.3111360242570256
2,0.8247120067794508,0.40796966399656454,-0.8345741504865846,-1.2004483167172721,-0.7488462463635916,0.25130626043536836,0.5509183498593057,-0.8250514290997584,-0.5005720400362297,-0.5941557990854117
2,-0.0404565906723926,0.5227563031926089,0.8638422304077235,2.6925065730680524,-1.9017445529524672,0.5956710090782183,-2.546985631559545,1.1322155320458183,0.08315003417073866,-0.20027894373906657
2,0.030802157717651046,0.8589291072936045,1.757592919482992,0.29510330636548615,1.5912568426110854,-1.6273371473315925,-4.475111762482748,-0.7757688001190753,3.601480192378753,0.8075140194430266
2,-3.6244907555695973,0.32629808774054503,1.622825556954753,-0.29705844738273846,-0.5725832071783629,-0.3886396586319902,-0.5397088052956216,-1.127662039794098,2.4120786955634532,-0.046433218551519384
2,0.3919070305466454,0.32301241454085017,0.09110785759826388,-0.15258151598096117,0.1771950123977202,-0.8825776803280572,1.0631232887823379,0.8322969545221005,0.9159732920086813,1.0344137670611258
2,0.8247368866566838,-0.27780555126458495,1.2779360159002415,-1.0523163524231787,0.13672964847769092,0.8025376397850826,3.030087817371938,1.4426050566712547,-2.0816626161655076,-1.3113987485183007
2,0.7891554054334882,-1.7387098176719067,0.6283819328884923,-1.974557054255512,-0.47462557559205637,-0.06008359365260937,2.966012657406309,-1.1464851928153512,-1.810261677733761,-0.12086241419113852
2,-1.0366122727917966,0.6319523170645615,0.2846251287880125,1.5141259524233157,-2.0722502306300155,-0.04323719309828626,3.713743771739733,-1.76195897997762,-2.9592447815045406,1.0373301496497331
2,0.9775272607113605,0.2518112480923008,-0.0817468895687738,-0.15887128505321002,0.9549849474089852,1.410370061087169,-2.70754619971085,-0.11995606800137931,1.5645063165070976,3.3524924292471883
2,0.5626264095930318,-0.5645285772585206,1.8203276582042565,-0.15414958763055117,0.7439543793488025,-0.7342856630547512,-1.8385227981476258,1.4754120673941502,2.2972684338348994,0.3349554971675256
2,1.4524958040066704,-0.5387558567303813,0.8408026532251459,1.417627865173172,2.7655930319633155,-0.7868082794036839,1.9480198881152981,-0.047554095316675565,-1.894248903922933,0.8496861360842568
2,1.768238335199301,-0.9984602425396258,1.2480969401001067,-0.5901246100416236,-0.1710355966412026,2.023455976169785,-3.721184483694337,0.40323776042397697,4.543210892232822,-0.3505050641681521
2,-1.313553343000232,1.7092200522211032,-2.9748803486986715,-1.7727965309526978,-2.224650652599082,-0.7769932833694656,-0.26390231073526516,-0.3797062392605516,1.7657653553698285,-1.7464326206207914
2,-1.8834430220057987,-0.4889223461197787,2.4102977951847273,-0.37391854536001773,1.8116752269810412,-0.3451719482502291,-0.8219441712492773,1.2590998144976222,1.8248364592337527,0.07754418813421414
2,-1.2386496163310017,2.8933507778081395,1.563746809734788,0.8023221334502799,2.002417306035574,1.4030471560702424,6.596712648361078,-1.5600358167054145,-5.849101522335899,2.506599376444137
2,-0.3637417376563572,-0.6958985454055905,1.4515910247562995,2.0974860229481327,1.7797695921783077,0.10385846834339475,-2.307275277903681,-0.5540407069917912,-0.4555346434035578,0.2676251442901163
2,-1.8894958319504558,1.9050842915140804,-0.5681468415867794,0.3725563447386567,-1.1839068869950662,-1.4324112649257232,3.141260179590305,-2.1512259944742222,-4.213971751075937,-1.3982370949665068
2,2.714767909465203,-1.4723910831268592,-0.3706025762748337,-0.32473496936959545,1.553656194629506,-0.2986487729164289,-1.043926213504007,0.35719425248712827,1.023072948074324,0.711212269257813
2,-0.7216288701097486,1.3844634865101733,1.3740255950641054,0.778367871530984,-0.7618716597412492,0.26905741052584786,2.117948696508871,0.724543690958876,-2.897583843275456,0.6469594345455955
2,-3.5382979085129596,1.5546552387429593,-0.6961149920746952,1.0033186126053855,-1.2864825178999095,0.731527047726801,0.9439608627466135,-1.3520270346214398,0.1365076634407159,0.8499065152323833
2,-2.3363071920213074,2.849948065648465,-0.5069260989801273,0.6034243786845712,-0.44770591320760517,0.7350712790352757,0.8658863597647966,-2.2563751665280347,0.7502096744011654,1.124247978967235
2,0.5906866135979522,-0.009749260017020922,-1.1035578000785995,-0.7956947107247843,2.1149684454791977,3.054623461833609,0.1534929429523987,-0.19944718888208263,3.2898722317644946,-1.2963478525178034
2,1.531297645558387,-1.042761819651,-1.4184160937334136,0.6228468776734383,2.495535868666839,-1.0138614697745991,-0.4815150485918366,1.418283002550826,2.122105843192288,0.33270356199028606
2,2.2160852016450416,-1.0329272051426202,-0.8314680784072723,0.38409364404027085,1.8747895822561833,1.7923384271192386,0.7006698285440238,2.3863022115689194,0.3024198839565071,-0.33039344145884436
2,2.1327896790813656,-1.5849282763695813,-2.6820924126010555,1.8754932391917192,-1.4467353798673155,-0.851627578782957,1.438683936680913,-1.1921577635155807,-1.9097473210051839,-3.6620835690078617
2,-1.751682534337628,0.8110196549429074,-0.27814410104917764,-0.051723598840972766,0.8449031954306311,1.0503126454041685,4.008409877909038,-1.445346919767195,-3.3464942499647714,0.5563143184247908
2,-1.0211683953725388,1.9628998998542633,0.6382451232390705,0.12758330675656795,-1.3824418681841877,-0.10540393171303561,-0.3377953178821867,0.2841481443652326,0.2797466771348631,-1.6605394821775525
2,2.8244358601498862,-0.025046959237270072,-0.31539767574211275,2.252812805587352,-1.185434029407067,-2.0815676367022293,-2.2562073556267204,2.75897872366895,3.102156584594462,0.6145659792494806
2,-0.4065173006310518,1.3828694906787724,-1.3534787170936824,0.8688406745008231,-2.6988348203928876,0.562527112049972,-0.13013323875917673,1.4118164628734902,-0.9405307912021118,0.646508250583501
2,1.4092741294933262,-1.4526720930031471,0.3261076170448627,-0.958453602858749,3.5320646627143164,-0.703457348567213,0.5623176102434755,0.8528526453431048,0.39712707100077793,2.075838480847986
2,-0.13117324519371976,0.8193905734429944,0.9251372999665177,2.227690946518918,-1.5170082393879578,2.9228692966408474,2.1969810000817973,1.4763937235123348,-2.414771380230747,-0.5747408922684958
2,-1.6140206100666799,-0.36622909318574703,-1.5319990203636191,0.6342836425471526,-1.1185781754427984,-1.9857063927800505,1.9662221359008683,-0.10631163135363872,-2.4719441062163097,-0.7312267159054926
2,1.823949336175402,-1.1940955151006443,0.02706302334739928,-1.105871067141614,2.102644276919395,0.692350035601358,-0.5291910404913629,2.4915257057851314,0.42001124360551606,1.6693871175951513
2,-0.8093610675856275,1.0904422467003698,-0.5821264571172282,2.8127056533943087,0.256292945718507,-2.5941818390871743,1.3495301456896724,0.03779110637755443,-1.9829053927149047,0.6228068853465736
2,-0.2787588305419144,-0.10159063101121402,-0.3285311537151545,-1.2495985698836307,-0.5805137954970679,1.2469432967183902,3.7894578067718356,0.5614120289164974,-2.2574060134409986,-0.11694060013752569
2,1.0223213638465647,0.14318149117064022,0.13737966111795624,-0.6579261646966648,0.6330813319588076,-1.1988549258398298,3.1298750475284254,0.270481468633962,-4.413618998977244,-0.3278130322165115
2,-0.12105701555645162,0.15027534888533162,-1.9369148329130206,1.0873425623073498,-0.2928548095771351,-1.5251483361459857,7.4611003247704355,-0.3764141393870547,-6.6817925961669795,-0.10379381531753716
2,2.03516376565221,0.4185202737385352,-1.6825798149106856,-0.20225744715770713,-0.3207993055155602,0.8164848720053391,-1.6122343912255088,1.427554730295422,0.1074623997944901,-0.416199557320042
2,0.47655123376198955,0.20050295177140157,-0.7813183397830681,-0.3736251432048309,0.6892503214043966,-1.7173423288313068,4.211232415865141,-1.3763409009545229,-3.735582174007365,0.0897785810236347
2,-2.868324548533863,2.9727293588232664,-1.0366406560906376,1.122803349238109,-2.564865785225888,-0.28841528141835293,-0.187199492078148,-1.13621510803608,2.2556327761204114,1.1640793611463305
2,-0.7862149929716108,1.1333421630540148,0.9360626895822457,1.8270153481845701,0.5432552537372112,0.6422237370889194,2.952735796633786,1.8784328600449296,-4.707082825878718,1.6499244899333152
2,-5.537645255454335,3.729339625977987,-0.8488152825542697,-1.1068909167409304,-2.4035212894496967,-1.0517916123754696,3.9355991134440154,-4.796169391665492,-3.9226521576628044,-0.8143538785134559
2,-1.4832014975319545,0.3732455394019644,-0.782064524810125,-1.4455514344371447,1.099602449753019,2.5345485611683216,1.239428602588661,-1.1064041471093056,-1.7868113348116619,0.31756288186033493
2,-1.4746965294554315,1.3917161128006732,-0.25381988383096993,3.2738639425992653,-1.011745433067745,-0.402292925332408,-4.66060619404388,-0.928914245542452,4.568346493502516,-1.3063912633547976
2,-0.5836923341947555,-0.35454050095203016,0.9434411528425738,-1.1376317860914198,-0.28809534757699423,0.25113566210717014,0.9771985770884245,3.193512782787457,-1.298460558368375,-1.9237242410054807
2,-0.6750480025155933,0.3110105015411845,0.8404939826525097,-1.2324181415976072,-0.5770018967053928,-0.37889176946603703,-0.2723890412691887,-2.194068412571944,0.5645365591313104,0.6473257428448799
2,2.572769963730725,-2.7852709672225657,0.7361631870470469,-0.3953064202152566,-0.49213271112664414,-0.12357349093467937,-0.08714361339031448,2.1792201143510725,0.014733416744649681,1.3575604249041922
2,-0.04464143498448757,0.7608691025950474,-1.6160953325758323,-0.11956782589712694,0.2553877717950932,0.021469024842374295,5.03909069448049,-0.139918009610654,-7.293875585561046,1.280142934686815
2,0.7303439009051411,-1.2553303214210496,-0.9277608028991894,-2.8363655493192192,0.06586628812961931,2.2098305164766834,0.21934058766672632,0.27647836662935715,-0.5171430601180422,0.8182432544358126
2,-0.4203743629595511,-0.6991639747727301,-0.4496959304217833,-0.18008112404283458,-2.1604048917231156,0.8421953843718135,-1.0479008054298087,-1.401132380340267,3.5980068309030973,-1.0552694834377463
2,-3.026317287867885,2.6351172469062503,-1.6222185996897194,0.03128198317836604,-3.0361348392872136,0.5201002352134216,3.5394701705151603,-1.315528631843763,-3.9698265004587405,-3.0422114496815946
2,-0.4138881222697436,-0.5284575553971365,0.09956358381856574,2.146625382978554,1.9674596718555244,1.5012923495761872,4.153627486064731,0.5443065407669022,-2.856419828476593,0.3608158639943723
2,-0.05560287982895351,0.7980228626403317,1.5418971816942155,0.651399218590365,2.0979950854789204,-0.8761588272335086,1.4587548822665721,0.6240673891893007,-0.4794536996952355,-1.9502457115034106
2,0.8365749272579075,-0.9789286897450805,-0.35815795532555306,-1.3750741298302829,1.1529813999808043,-1.5522776231352422,-0.6196055607964145,0.7055787269495473,2.251899927982102,-0.5165625206660227
2,1.7166476530280208,-1.5607782051781576,0.7610715546015342,-0.9943969151518278,0.024246847322263537,-0.8850128742929207,-2.324217500282437,0.5528945079416917,1.3120442744834957,0.2561942766966351
2,-1.2320920692025756,1.0775020341060924,-0.10025876801951428,0.19497937322278266,-1.3475517545733018,-1.0480400680226964,1.5705851914160864,0.9193096565828797,-1.0353332241850735,-1.3497146028471934
2,-1.6153684754431772,0.899297055668735,1.8034651632535468,0.5359823986593478,0.909929486860273,0.5984026406253076,-0.5893956512136588,-2.1906910393245225,-0.10520179805737799,1.1568169536965605
2,-1.33480478315591,1.488382772275152,-1.4486713765135786,0.1873345088497059,0.5444153576295997,-0.6810240996093031,-2.4873197796641,0.749400644349191,-0.2539249068647392,-0.01180918422112584
2,-0.17443384694238295,1.5598634025447145,-0.02513650883677221,-0.3171259301864999,-1.9484510757316955,0.5444513009711546,1.7075972102845973,-1.1572117681095684,-3.170292273655819,-0.4151454945152545
2,-0.34970730347282325,-0.02962440550186818,-1.9630587661705838,-1.3451500027975183,-1.073485305730504,2.3617395842504245,-0.03545548246689316,-0.7319469427924349,0.07283994405814477,1.0853345739648235
2,0.42731346145362764,-1.0342705569454482,-0.5192691201025926,-0.08685019647661292,0.22634188322854143,1.1251615546813625,1.2980235510048157,0.49353761782911093,-0.20598264059387833,1.1990141928056797
2,3.467865002071636,-3.316386438637951,-0.19197409250412567,0.9580634281625208,0.734495692859862,0.7659944207679523,-2.361860771964161,2.249092076406285,0.48181021756287384,-1.962019804789239
2,2.0508129157424198,-0.7751361488809643,0.10416434620454738,0.2898268426696102,-0.34490002611542403,-0.29088120295861797,-2.6255321301001224,1.1478776202642726,2.4666829502730305,-2.1782279111814833
2,0.5771698127623909,-0.9112880135192054,-1.8400041606394288,0.38683296368528175,0.21902136755366938,-1.7709609338542562,2.417850216213189,-0.8715256925411914,-1.247105785590385,0.6999927488499662
2,-1.1282636970132134,1.0718003725386076,0.3273641607960138,-1.148145540010142,-0.33521998757044974,0.8701576806189687,-0.16456622705025142,-1.9948014262205835,-1.2184833902096377,-0.5336722086135856
2,-1.897527806072806,0.5681392873360855,0.41901018191160666,0.36603932587620885,-1.818575237761229,0.798706785575086,0.17853382114133182,-0.7113233640402354,-1.459336354942434,0.736882990290731
2,1.0646012220375634,-0.1531237517241531,-2.245579651036291,-1.2087468938049208,-0.4001980377314118,-1.6107965161845057,-4.201355402050293,0.5719958261064391,2.6280064676526687,-0.4424221703864713
2,-3.469846720355625,1.149112627978654,0.44289682915829487,-1.5918790689943978,-0.9658605282450848,1.43117121880134,4.498439141446132,-0.9606951829943879,-4.278884316364696,1.0019551772814432
2,-0.22029093597870636,0.0904807272209191,-0.2696272559045529,0.7055531518750262,2.097308137623231,-1.380540479617686,3.5840578274905046,-1.491425359707893,-4.7422108029655154,0.45289337052315404
2,-2.8238970676317834,0.5341519239654902,0.8215397025732905,0.0850449203184765,-1.265113781635856,0.2663304774513608,4.369394490592044,-0.9328580818830972,-4.863076448707838,0.9207788866975983
2,-2.248916997907722,1.6491900482678352,0.4768360552021515,-0.9486795940194684,0.332689158866329,1.3519152141976871,-1.7208484001758988,-0.06201389549927996,3.4049571813937547,-1.0698423118399216
2,-0.5738405373480737,0.5835905919021405,0.6356839609884316,0.27648688491067,0.5520759426446571,-2.085630113388618,-0.849728976151213,1.2882875586735172,-0.1120039462056407,0.14336171322987667
2,2.499104152630708,-2.197494149874658,-1.1713746330301302,0.439691399048745,2.2846888499725,1.1276244803186501,-3.280751516213849,3.4905863997417366,2.9988670646623268,-0.8736476316591087
2,-2.000913294668049,1.067385476926603,0.08696212015517975,-0.123117943495806,-0.3736814169616206,-0.5684955770675428,2.582111808700851,-0.05933263743670989,-2.031969968941402,0.9041437942448212
2,-0.35776711872601197,-1.0261842785762922,-0.5762222043235319,0.028807400942276618,-1.7005942936226603,-0.01693313866430073,-0.4245806898332561,-1.2973702075370634,1.0835146948837404,-3.5643182746853723
2,1.628150805601692,-0.9431245083889946,-1.956775056524866,-1.0226250901090321,3.4681476567425014,0.43622336691420444,0.13006459746485843,1.9272488513775634,-0.6327370677552706,-0.6667753690909449
2,-0.14113679557207304,-0.9032270952325725,1.3999806240187427,-0.04924605427033466,0.2567604825812343,-0.499286798192522,-5.624602230100049,-1.4588352702405223,5.767909678053358,3.0495515510097695
2,1.248012402507479,-0.6484996909817325,-0.4039817182769672,-0.8844773462826271,0.7277074830758163,-1.2036647606156627,-1.6490958345970992,0.2613825525836952,2.104271384849442,-0.745666516502467
2,1.9194852850986002,-0.5507830489144695,1.820161434281434,-0.6710153132931092,-0.7515763258021267,-1.3802632382468285,5.314976704958692,2.85699555381677,-3.4651559837339727,-2.3327335694840063
2,-0.7903593494317158,-0.05622796230091054,-1.3696625090912575,-2.885639737277652,-1.9387194020129859,1.0969080086297553,2.1050180628666606,-0.747088905480387,-2.4081183183650348,0.7804546378973021
2,-0.27763702255760603,0.8216521026824977,0.42296557823221975,0.6488273077661321,-0.6820664594641512,-3.16386360891074,-0.7169046615890815,0.7293181845092567,-0.7791423340886635,-1.1527323145187403
2,1.4210297805908982,-0.9470232384623514,0.36479708341985917,1.2730369889405302,1.35975078724537,0.3877325915400193,-3.2425345540985218,-1.0134696782767363,4.332311707781252,0.10345112084906041
2,0.5533628871182498,0.6752548719559216,1.4332680278151657,-0.951200834895194,1.0578171998936672,0.41709837735770267,5.692548405669206,1.9989100800117916,-4.361374217001374,0.31801176221608785
2,-2.3671994736989053,0.7765435392161859,1.5651967824710342,1.9770793559763093,-1.499496189425429,-0.261697948191592,-3.378571584256695,0.3170341641994804,1.5870718646684472,-0.12954524029879477
2,-1.5733386972649357,0.5916058516221879,-0.9886922059921346,0.1520798205310599,-1.0852193307857696,0.70604683759648,2.433764275031952,-1.6074194246160727,-4.362278844008833,-0.928784960369094
2,0.7860920747610939,-2.0477591805859365,-0.14931752679191512,-0.9811789061589521,0.5257598390317191,0.2819073994196958,0.6877864261232991,0.6258313984879411,-3.8260026133778866,1.3735267977110859
2,-0.2887457797800499,-0.679934162692228,2.3082400127217126,-2.2376176774433674,-2.042452059382434,1.615922458833259,-4.387203689468877,0.9677627398197198,0.8293616959615491,-2.7384416543238
2,-0.496901815161863,1.0112593070548588,0.5228297261715962,-3.092578931762013,-0.6583278295734825,-0.7847422185846232,2.3310095935685435,1.917284402980596,-1.2137287239021552,0.4170677561850392
2,-0.9851923031181489,-0.20020032855002493,-1.4229723052658387,0.743229252788892,0.8085283249252805,-2.9143295950203965,0.9881145113497825,-2.8245059734769167,-0.291572641638878,1.990541040867127
2,0.5861056101580543,-0.3730348408422557,1.1468843210167752,-1.6730986639078973,0.4191123163337833,-1.2155770094320744,0.8776999814923977,2.964136682081196,-0.37728325832183396,-2.105063155990021
2,-0.7249304985061367,-1.7735724346582293,-1.7668478702896893,-1.230822339792837,-0.003527118320509226,-1.556047039979183,-0.028224803792140138,0.23096911530017888,0.05219202429305428,-0.164316558264823
2,-0.5028898242542894,0.0022441315021884123,-1.4886139124380005,0.11956107478152186,-0.19226439704146814,0.2857624820148565,-1.185952722100383,0.21754651590289384,-0.9628705765055483,-0.10362979539279243
2,0.7832404741292771,-1.0199248020512086,0.4093930882581267,0.019828905961623434,2.2339279090771074,-0.11283857618735448,-4.680984967230736,2.598023938366281,6.394769012272859,1.9201308985930383
2,-0.015279542388955236,0.8246819036028703,0.12552075871236704,-1.1376107134212918,-0.9226014771908879,0.381276774838342,0.1707101915267587,-0.43832090164211607,-0.9227228087770853,-2.3119754471751324
2,-0.2769005877762233,1.4505672024400735,-1.853150263687134,1.6120842225018504,-1.0583692833185476,0.13189233759472863,-0.8644834050877207,-0.8966800734638114,2.3170808394094737,-2.438078615278979
2,0.37453910175487226,1.490229274978931,-0.5982535188575802,-0.9750924260574508,-0.1736140569207391,-1.0043515821820161,0.8388260976468097,0.624074239491666,-2.937938465937626,0.6588789568422698
2,-3.20223463928786,1.2264540040808596,-1.3441936395789416,-0.19796785039125017,-1.9835314839263458,0.20795366294901066,-3.5453549495677272,-1.0686616636312083,3.1013439014070907,0.2554380039410703
2,0.9925378428006415,-0.6626424243555954,-0.713745864194666,-0.3411131338712248,0.42815458292097763,2.5274030622637875,3.3701085042317045,0.599137144288748,-3.829514501886645,-1.7357479624882675
2,-2.346940899651634,-0.9244711009441182,0.5019317816200616,1.859763128808088,-0.8410574647161781,-0.46087161551700356,0.2377922161846962,-1.6898316159362645,-2.732360792484702,-2.3326888011787608
2,1.4874829887261436,0.35869198849326356,0.9164288209059038,2.3533929364643913,-2.7547616097957937,-0.3927748643378091,4.669651463198779,1.5814591693979827,-5.101999960704668,-0.3705821489742943
2,-0.59862089444616,1.1916758369607527,-1.3455261820458928,0.9045872616096446,0.010049821152367189,0.5142172679774036,0.07931429592621544,-0.8295999472099937,-1.1423243457771795,-1.9412212606680752
2,-2.1318104621397382,1.514697471703196,0.6677593671154508,-1.5708687642475512,-0.5036815194947829,0.12847811628536462,1.1293411736089718,0.019919809330544137,0.7611097223938345,1.2449474588730889
2,0.8783243651541233,-0.018450204807663823,0.9626900242562869,-1.7794284551028066,-0.01018431303040137,2.0320758834653825,3.3779295410475463,0.24334220490205452,-1.1460947175255427,1.351456092732993
2,0.7827969532843846,-1.2418840114821186,-3.287354510411338,0.8762663825083823,0.12733659772650213,-1.9104405734252223,1.348569393879736,0.5262558170619215,-1.6153843372646857,-1.8364503002597656
2,0.8206539416341211,-2.4651148921548858,-2.112933968060546,0.6122174337673454,0.34417065652129164,0.19709729234470993,0.5547882689978829,2.1097456999478954,-0.08364546403745177,1.1447769190434902
2,-0.21611504305034998,0.5233539606295851,0.11772865843082667,0.418826689217652,-0.5283349954966963,2.8187919308253417,1.6827083200093438,-2.3985040800083217,-2.4537376510100812,-0.4179459996290502
2,-0.3811291543941847,-0.9189951148615375,0.5471219179032499,0.7447921811284516,0.3997036768333791,-1.3144042589977436,0.2619596861110084,1.0696326751532108,0.6771659908365655,-0.4562113348420642
2,1.04444665099116,0.6788935036850902,0.9012687787923308,0.22815761339487173,-3.0011991457733163,0.3321535156554047,2.122299012851141,1.7970176450115825,-1.7865373748711662,-1.2014672375716107
2,0.6978959876057776,-1.1660407531889296,-0.9780470074399263,-0.38487897208073085,1.2845770227968574,-0.8890473531560784,-3.359960849215395,2.156731236553097,1.8829017400667996,2.904814825741174
2,-0.6090042930356142,-1.5217710732677285,0.035102909878017424,-1.3486764484943394,2.37762677645343,1.1107348585062826,-2.0581456641344444,-1.0628746780097709,2.5834844650966278,1.3299634973509473
2,0.40178121683650514,1.5087542188852208,1.4381659690636635,2.4260362978819514,-1.1172432968790937,0.6573959492742631,-0.049018955984553435,0.6972836013562038,3.204781049311454,0.24079844418544877
2,-2.788872509389208,1.734929916165829,-0.40809761706125997,1.2668276451603118,0.42635553821539973,0.47058480563745086,-0.9862349237434324,-2.775763401244891,2.982246282269333,3.6311818492487693
2,1.2976528992417957,-2.1074804794063287,1.8973857286304825,-1.0337560049830323,2.0421433036536687,-2.2663568550779853,-6.908757294903694,3.8527761136011733,5.8458279437702325,0.007935147013462818
2,4.378640441024526,-0.710403878071594,2.3970272947407216,1.0022140808897715,2.186629448426687,1.4065084141058402,-2.700106568671402,1.9934401401348305,4.291666574185079,0.02925149726854054
2,-0.04534086830440123,-1.5027085819370594,0.11174932237147377,-1.2378298469162323,2.282315851781516,-0.10072884081026522,-4.384798773687675,-1.5692262441847489,3.35294264749913,-0.2480570852278693
2,0.5619099227889155,-1.5957971902904915,1.0623046132228413,-1.9746025419041668,-0.2945360169857073,-1.590069959460502,2.7741947654045895,1.5010213377633563,-2.3138670267168884,-0.5847373690556816
2,1.0163936607718733,-1.3099127884651012,0.5340586095510758,-1.2488642041619167,2.627474548457527,-1.7480282885055682,2.4287047934299877,2.518613430864883,0.16072195628650718,0.4372651537553802
2,2.2076900139350415,-0.5846462680619853,0.9654697382286586,-2.307023019989963,0.4287749556102377,2.1631240288503344,0.31905057806719994,1.079919942783384,2.9872653794807467,0.45521302031716016
2,-0.29935773733255666,-0.9932270273336494,0.08653456530601925,0.7272100227041857,0.6749761356773548,1.1900540322922843,-1.9050655915446577,1.470921978428065,1.9745897303329056,-0.23114661969105546
2,2.2937688213046723,-2.199892775928312,-1.093345648978093,-1.4846152677314985,1.8735412400050109,-3.923082039635671e-05,6.189008747167783,1.8672973268484883,-6.3347942865078695,1.866018308012752
2,-0.898963287014815,0.9012169867042645,-0.5036688285616382,-0.3633768877349332,-0.021251254421967264,-2.328108559857504,0.45281220052790055,-0.14320992264123278,-1.2393235076329934,-0.13493650115382
2,-0.05624154179788507,0.7666581766637776,-1.059909381111314,-0.049261298210600886,-1.2898924895178638,-3.0527691796286907,-3.803041670208022,-0.7711203755440793,5.070579052385577,-0.8738456108422966
2,-0.9323761959407342,-0.3032317558630571,-2.0778361852899256,-0.2980734651006913,2.390421950864405,1.616863724164499,-2.457246020753305,-2.813036942341938,2.899589824755112,0.37039589901493725
2,3.13251662430559,-2.126104283050511,2.220377516059938,-0.38461850070299725,2.5526193652979794,-0.43738299945373915,-1.4904136560028673,0.6563358532157783,0.362657794181289,-0.49014730116417343
2,1.1307765350709915,-1.798712250861479,-0.299520671694404,-1.3266232785896117,2.3721915497169803,-0.5443005885847046,0.08457597255848695,0.5434403785976712,0.8908186311823153,0.4725061406116835
2,-0.9407867140458469,0.33301350846386807,-0.5374375901724657,-1.0761073868571542,0.7567155782558941,0.15904910825434973,-3.006137722172864,2.4988575360037,1.9980899236629197,0.5535939187480194
2,-2.426074035289795,2.305271106088393,0.8938027575267132,-0.7561576127546422,-2.6407644358703677,-1.414289638293899,2.6031636616458447,0.01528741023502556,-3.0739268869678624,1.1498429975930704
2,-0.01381789940971112,-2.023830290763035,0.4631971622270035,0.19754912784415538,1.17523949223881,0.029802185326441556,0.7870938281875023,-0.8034732790840771,-0.14300911307192532,0.4250371498732822
2,0.6963624353594978,-1.4823535239463717,2.8870431987310243,-0.6152176539249173,0.609043931218575,-2.091284995840703,-0.11753047224574865,-0.3631463545270397,0.6751370690940975,0.7938284918684719
2,-2.1299172661576766,0.5376499190281965,-0.9917183219040061,0.5286546185253798,-1.5650138208894813,-0.3327886282822259,1.8750848705119914,-1.085692727086801,-0.46639404126360423,0.5092430350640922
2,-0.8936849536936375,0.2269024590302642,-0.14968175862554228,0.40243757895447313,-0.15692974368428791,-1.779205674078808,-0.8919462810899126,-0.642808072904308,0.7063092414341173,-1.6890381427127892
2,0.08803589857255575,-0.995315121662791,0.6984698439353192,1.7644553185225915,1.1902171097830858,-1.3647546505128796,1.241908553900274,1.144995884332462,-1.7370172310006664,-0.8684561396857443
2,-1.377185847404168,-0.1342327106404238,-0.13703077612990192,0.9420908843093415,0.4288750239610636,-1.598138545000826,2.9311698187342174,-0.8538599728920105,-1.3230925180758282,0.30713238095580997
2,1.0221514430953493,-0.9733836407017432,0.1018479884437357,-0.2146494425113309,1.4457281371470057,1.641356655924112,-0.29278890061790797,-2.736192443147585,1.0017638305508834,-1.639088414935843
2,-0.6259948590289202,-1.6611147280471037,-0.36423859252590285,-0.3472478310225341,0.2621163533638754,-2.109405352884965,2.407569537263642,1.3185762702359887,-5.813967966379209,1.5449374733081749
2,0.7681802532122591,-3.29523578243978,0.01715906857101297,-0.8803853470224627,3.3862730125561713,0.5528673596875753,-2.8685654588736496,-0.922350246687567,0.8824034418636014,-0.9835121513352267
2,-1.1570912908494035,0.4180811088533787,-1.3424585092418044,0.578379966020053,-2.239638999169352,0.05456065368814855,0.5975237236240634,-0.25649508951891664,-1.8070067200898823,-0.4511436808294959
2,-0.8971974407797858,1.0181095277853869,-1.5201541757139854,1.635404899637749,-2.007998348956365,1.016662086515213,-2.0083459237080126,-1.2040439148778377,2.049183506393968,0.9642901163849894
2,0.6791060598835232,-0.4263993938855949,1.1586204223731327,-0.6584533938599666,3.2005816593760077,0.10415374201103174,0.8664334041740884,0.9087620456874198,-0.47835591359401824,0.7378446360235168
2,1.6657568586149,0.4309838810823292,0.06097620521611315,-1.8017841175539167,-0.3128480982036399,0.3187748444660073,7.303243891633119,2.262491497585348,-7.228675839297502,-2.091880595860431
2,-1.502599741308412,0.3994984311336719,-0.2777002711859933,0.5967573519512609,0.8061469333346842,0.9323911253537664,1.3548715230668231,-1.7890162011532078,-1.8541148392824705,0.3184917612718598
2,-0.208199542769671,1.454673874711325,-0.5437595094653777,-0.7450304240767452,-0.729050184245847,1.9765328094809422,4.829964868432754,0.06265740646307325,-6.469131508216405,-0.425352738821577
2,-1.4823551225247513,0.57337043675796,-0.9826437456161615,4.519271520321948,-4.182489928952436,-0.1881476545537224,-4.545976669870415,0.7245289767175135,3.621699167779541,1.6080820880511708
2,0.11928595636434816,-0.09933461689284523,2.396626356982381,-0.1346014422203052,-0.1042475546991487,-1.4683824224903521,4.826655007121472,-0.5776231066066089,-8.097390339245937,-2.539886959020313
2,0.41295200207873145,0.24070698878726204,-0.24772393327209838,-0.7164811589687872,2.0298341117310352,-0.6461239237655448,2.402817976143824,-1.4248610613277144,-1.1348186225272878,-0.48200289264943164
2,1.4154306078204104,-1.787057438291686,2.4252788827231844,0.04487582045159999,1.3601242819517336,-2.278530216464335,-3.800727656955833,0.22486367619650313,4.809919359596944,0.033672094970067915
2,0.6411624880526763,-0.24597333680191183,1.2307313889280616,0.25928507417329716,-1.5718744955944262,-1.7613992970883465,0.39836806482538956,0.30508739330915646,1.7087361333345714,-0.3579317264322791
2,1.457208178738689,0.8713778891876455,-1.557468551181405,1.2390531054073273,-0.17856215204150688,0.7082907685653005,-4.1886618321419995,1.5849139267249501,3.2905617415336628,0.03791875078120133
2,-0.004061378442168417,-0.5885326169019511,-1.4438973387637268,-1.3532275971076972,-2.4585142461864784,-1.266538713137854,-1.047028240974404,-0.031653620028697926,1.7472643015522091,-1.6141181467173433
2,1.6183810470393856,-0.4442486098039489,-1.3839399670536938,0.18258726099465053,1.641339881149286,-0.6329848548192758,5.239016653104714,2.0686470350854385,-6.192564211394063,0.3235187785649146
2,-2.4900514355246273,1.5326152510114408,-0.497471131815013,-0.035755032767535576,-1.672324804740399,-0.03911193805065961,1.436638595004116,-0.22471587120352401,1.0293544563653656,1.217047308099634
2,3.1513518896022528,-2.434342624058312,-1.025357370470818,0.37728560986375576,3.784091148428524,-0.23769092770938108,-1.4718293559492945,2.7689213049737105,0.27459688577891184,1.632851295980668
2,0.2645954276569926,0.9724652366853566,-0.5248395267682576,1.5016682824540233,-2.505438165091312,0.7925535452259002,1.2646057467556246,1.881792366412387,-3.310775229429274,0.3217963380419638
2,-1.0937246092587003,1.449018518480271,2.9478044365775067,-1.5399146562154962,-1.845136549444446,0.21074507726225633,-1.6983484659297456,1.0593096451293773,0.14217786551839745,0.2704793523879211
2,2.33520468367057,-0.24048646045811006,1.1202103801094956,1.128980237562227,0.26803777139264273,1.983164702360772,-1.6479748139728227,-1.0686330808133233,1.0821515522023362,-1.765109042868874
2,1.561531900180605,0.4299955574756418,1.2396749067799075,-1.606126283895577,0.16584841526954874,-0.40643002096860253,0.4671201342805313,0.7361979525026614,1.5485294364017181,0.3010799599474732
2,0.011298412660004198,1.3042775116803313,0.7019729091855734,-1.3139428226906464,1.704102977589764,-1.7643022773398676,-2.7270278587044365,-0.5076927773026161,2.0141112031340045,0.2087227886882395
2,0.5371947895496083,-0.6769399674856009,-0.2812623157509075,-1.8463762466360452,2.279224057812296,0.3562105610891324,-3.8922270338734255,-0.2947038067858475,1.14823399493444,1.2791943827906043
2,-2.095257422600459,1.6745493908939626,3.9844906859478364,-0.04681490769103939,-1.0472373417419405,-1.639991382178873,-0.4972320663104125,-1.2906029256386775,-2.5227613223902248,-0.08938387770946575
2,-1.3008449476588604,1.046678251220761,0.19104482888129967,0.7136624405339126,0.19949150051412462,0.9831313056147977,2.692451777210997,0.7558147783614225,-0.9059124742222863,1.463897435074474
2,2.697879415571235,-1.0370805697787662,-0.8922702018593885,-0.07760711271409271,2.034668516934563,2.040766645180678,-0.48349885527646946,-1.0207582867006324,-1.0839776729772097,0.5181087507897686
2,2.1787725855988933,-1.271927343489275,-1.705761206966282,-0.5748522470632849,1.831429188549621,2.0964868321836634,2.0784146822310956,4.3662930820749235,-1.3506624401234506,-1.0728413250796864
2,-0.27882080077603505,0.040646815070124465,-1.143535997915585,-1.497974926887966,-0.1332477652863136,2.0765194768087887,-0.9196301869533287,0.5742649459729666,-0.002886378881149147,0.35268758073223117
2,0.441402447772951,-0.5492489522595803,-0.6882690111111955,-0.3155165250342498,2.072315751089393,0.610933761261644,-5.149455196285776,0.24665745466787828,3.2305511036630272,1.4160427008055323
2,-3.4401419441838934,2.019924523320658,0.3699757153108385,0.6091693743594393,-0.8750755249450108,0.08218540132386849,2.6035236696387756,-0.1843506160803315,-3.114585707682143,-0.2950435099971191
2,-0.09211420515510632,0.9960121270716193,-0.9089264170069005,1.5167995104076728,-2.848753952883293,-1.7676259394697875,0.11357164085882347,-0.7621848551448779,1.3979536911373172,0.31205477599853376
2,0.5661497278679419,0.10709595359494162,0.902208215739361,0.8933399922129599,-0.4769109744572009,1.0771432133875725,1.3547381666728908,2.8742342343057823,0.9007321159956119,0.630862919502869
2,1.2274127365473781,-2.326696774687353,1.1367070627414533,2.5477227746033,0.6836239889640165,0.4047818741200063,-2.393673074913442,1.0551210097976065,3.129577526234929,1.349912952012902
2,-2.1170886683539285,1.2273581233930617,1.180893170817537,1.533105707581915,1.7883890739284616,-0.45350946681295745,-1.325435491865475,0.4729277919973309,0.3379956940495875,1.158901369794456
2,-3.3115500145923864,2.7014630201952965,0.023384469591709582,-0.3731981411738668,0.9226446457763158,1.3579491233441194,-0.28261756189935117,-1.6515208969348376,-0.6667001977271866,-2.27827539816504
2,-0.23629160226533236,0.6316132139139373,1.1459323833419583,0.479212591940016,-0.5154986705234902,0.4858777809820593,1.740564497497363,-0.04594507082918634,-1.9408790679807968,0.9925414679346433
2,1.3651474198923295,0.11063533493585997,2.3476347839304634,2.0915710558302565,0.2871493555053073,2.1549961067588495,4.062053797239874,1.7250443082106688,-4.317516034994428,-0.3476919724363268
2,3.5443621669196084,-1.8100954690982003,0.8332958141927855,-1.0619691427374713,0.6163439613240582,1.6044611136743727,-2.5486970970905305,0.8465856535257192,0.5923784595206028,0.7658377344627119
2,0.055886379496384087,2.082134758480229,-0.10807964409029915,-0.25816087389698733,-1.2606944690623307,-0.7973492984418086,-1.2256747077414223,-0.9664441289933013,0.3064997888362351,1.875510364419278
2,0.34909466214682594,-0.08395170887881798,-1.1153795777409679,0.20026192175693963,2.400716596852632,0.4551930635107119,1.038201673235685,-0.2352840115057545,-1.6208337435046007,0.7502517644550422
2,-1.938911889981362,-0.13473446007484302,-0.1997546556152532,-0.20422730634496464,-0.10275932671888682,0.37285116226552606,-0.8140593247627085,-0.357246562681387,-1.7737244391991844,1.0427397146414574
2,1.1116737058777277,-1.6118491068029293,2.2718106588093705,-0.39068629820278333,4.023262366448498,-1.1903001938184201,4.80213175128626,-1.6434714946500653,-3.7446986420993715,1.8182828408315745
2,-2.0379156915227785,-0.8494494370664141,-0.4423265973599398,2.0496235768257804,0.20881712803436064,1.3882081757040887,-3.6997202427220026,-2.1973393362967806,1.0784382772037941,-1.0173045416681996
2,2.474215994132181,-0.46111899207255913,-1.568274947877258,0.5355335704367098,3.5163560926266255,-1.6250362274555072,-5.506657616986974,0.5758792555252106,6.668216666299267,3.073669904793787
2,2.466732572700738,-0.12991466187674638,0.14838572843141007,-0.6813147993082438,0.3571950523036645,-0.27772257598555306,-1.1948360222475078,0.4740685399777706,2.7711100514565588,-1.3363483907493
2,1.638920832141328,0.567976991456424,0.40987260645681595,-2.1556502405392015,-0.7714231576265935,1.155899460962342,-2.5056823087794995,-0.3708303197915692,2.935124732524058,0.059495078293775094
2,-0.9682721027403962,0.17663241626972997,0.06451378015886529,-1.7911589586620944,0.7664682748781587,-0.8114731348353419,0.9790309558476924,0.5291070737134012,-2.407707110805096,-0.3890006587787406
2,-1.1711414980896482,1.5496614936001811,0.45622855724420164,1.7781616913601683,-2.7111652438755955,-0.2392345579313767,5.140666758915933,-1.7793777805306512,-5.697582646912198,-2.6160298297093156
2,-1.0621733156385664,1.1157333978882598,-1.6201903022532855,0.4964762165165555,-2.167827817771101,0.4297211063417339,0.5164335910028741,-0.1509088303758811,-0.5148126037062243,0.622629637369364
2,-1.1116101855117,0.2746231848455421,3.358131936840692,1.2011634325303098,-1.8112960167824999,0.7678347826639913,1.9689421147334705,1.3311563632237509,-1.8306277445122905,-2.0556223911646243
2,0.8848534258335207,-1.1524896524445798,0.31460417285728004,0.5182501657759313,0.27575874098564995,-4.230675197100268,-2.0986094351161535,0.057628735250790014,1.5981623532328655,-0.637659517364379
2,-0.8947393006245985,1.8059583602294542,1.4526778753839038,-1.7527815361885137,-3.399302346461525,-0.2513702208585486,-2.9241281738878846,-0.9697289614252256,3.6888695778860843,-1.6067044351953577
2,0.9519874925628375,0.042623312857897167,1.6576192748062335,-1.1124629942824034,-0.24518360594076544,1.7504141666129895,-1.2532926404887863,1.4685314364108084,-1.1132260073043023,-0.381931285224774
2,-2.665157276934216,1.452603549043319,0.004475555298634447,1.4773008166358044,-1.6682507698687847,1.371533725939137,-2.313219996026825,0.1327466389693069,4.750758330510153,0.48896904540413594
2,0.9883799545671661,0.879570978070261,-1.0398586652843145,-0.6061850267805442,0.9924504945128336,-1.9002125509372891,1.632203071196825,-0.6991179186567062,-2.3143510583259217,-0.2155624815253023
2,1.1895180204733595,1.1107207875300782,2.626233271920619,0.713840085595209,-2.6658487077302753,0.1352051575233502,2.7673647578795624,2.7367465564104165,-4.300052065046556,0.02959073139945661
2,1.1184514825087022,-0.6719864711846695,0.6415089918482842,-0.21764199473169277,0.8789892950060169,0.17387974963085157,0.8161419385195248,-1.41412688096195,0.21170961407730776,-0.09979787121370948
2,-0.41094103665647674,0.48572135846838027,-0.21259242683716711,-0.2101673871809521,-1.473873596554711,0.0550744783462724,-6.319026997159802,0.49714080300211383,7.393185636626455,-0.19311070147337395
2,-2.0371154449473994,1.1835055525388967,1.7046600770595328,1.9289513843344044,0.5533137872453227,0.6591046741058055,-2.2052771544624226,-1.7267571026845114,1.1845606056213331,-1.1550013049365486
2,-1.0749407269680018,0.4838209922296211,2.1420695799176466,-0.6191343268273172,1.1807737601387935,2.462677545382947,1.1169776572774246,-1.8390962238643525,-0.8287822956315167,0.3507863367634769
2,1.4330250368984307,-0.8462402774129292,0.19750297144943432,0.3930061638763559,1.8142879001787893,0.026022243745904953,-3.1607768226343804,0.013216373032576854,1.2784635485149132,0.12984737119029577
2,-0.3718579926650931,-0.08091865756001099,-0.597636517764942,-2.1376287262251705,0.9533730161599391,-0.36523334292293336,-2.783698065755104,0.11191854559045347,3.8452199884059537,0.8876661570699463
2,0.22246068312843054,-0.8436731814095316,0.8086402754685281,0.9445603030051548,1.1017281162889423,2.4190403421297724,-0.22189483466410706,-0.7078365028919207,1.182961924260513,1.3902929468702225
2,-0.525606613319807,-0.26405159089593555,0.0508855996211596,0.17906884187722222,-1.669394418842106,2.240820418409521,-1.418016753948376,0.890905711865757,0.8770239796837185,-1.2836077322112462
2,0.5652739368094096,-1.9828604227204,-1.3329999008863669,-0.1778057259323618,-0.5278027540317374,-0.6744202228398468,0.16206443879615018,1.3620545569305686,-0.4878046777784,-0.674987322181865
2,2.6073673229247287,-0.21309364076412562,1.1205726212955924,0.36943206931918826,0.747546927317464,0.5429638912915558,2.227415791770019,1.4865600399011178,-2.3369208861265873,-1.1780703992213357
2,0.14173823126539747,0.0914723536351384,-0.9820303434164876,0.14370976095665194,-0.7219582338769013,1.1651534899333034,0.8441457172818717,-2.6941538355954835,-3.7204039194525595,1.0243806824673882
2,1.877987547201446,-0.6340812794630276,0.49294791790289405,0.09088400699060391,1.1947232329920248,0.19941921986144762,3.3939965972829755,-0.08885641938693536,-3.586257758656114,-0.9342780763684246
2,-1.0578927965499958,0.0620309804255571,0.4483255592506514,1.3257842609159673,-0.014123821138186915,-1.1244455340463806,-2.6106076679250427,-0.1771974968884718,2.9266301858816095,2.4356275368804794
2,-2.3799269709264297,0.8897780594528604,-1.1377326041982436,0.6276449568883117,0.19842542660271842,0.9594974300779346,-1.289044685047623,-0.09453250880519787,-0.44044574202474795,1.3526659830207683
2,-0.6498562846016909,-0.5440442311987242,2.686478913388568,0.09076009507739966,1.102132160129627,1.1102483979626048,0.4558897218878077,-1.231156422990861,-2.3731268544480173,0.9219357538803973
2,3.202436029024681,-1.6616100979284674,-1.1295795419191632,0.3631218080187311,2.458791684984081,-0.20927876332717585,-0.03831120730298791,2.0581922013824014,-0.05457825010451839,0.40048332346213467
2,-3.227073946032294,0.7074992281159495,-0.19581695050597814,0.47153682497399435,1.532559131936552,-0.8186183046339005,-1.26648164674424,-0.26327385240177775,0.8724053975964012,0.5030458594278859
2,0.3170654169426481,-0.6959310021732663,-0.02696908580802073,-0.07344721648855812,0.09100052432857744,-0.6498949417241388,3.305026405217447,1.2272756216862997,-1.9287595584672184,-1.1559710518640653
2,-3.3933272873776543,1.6081980550914545,-0.38039578617530034,-0.6167927739033033,-2.454312751523722,-3.0191103398737087,0.4893879415132653,-0.6771224539226689,-0.8817843856065782,-1.7498094452766835
2,-0.25584199353277726,1.080705907641471,0.6769881641799849,3.9993969863427057,-1.5272160883409012,-1.2443811925676036,-0.7818457646826354,2.3912554732412525,1.445264950077299,-0.7703988862155702
2,-0.5336735399152983,-0.6021279614778303,0.7534324142993655,0.6007426527288079,-1.4998077900965536,1.6012184017187727,1.6377634323460402,-2.4431559501731597,1.0770980248479751,0.9249164593788985
2,3.177892751104915,-0.975534077680577,-0.5841586880139912,0.6484129419851601,-0.5960827666994364,0.1296638805298577,0.1392440224481539,3.166914256845236,0.6120099362467044,-2.815079023496374
2,2.4977533953018676,-2.2157369771444166,-1.9804434964148012,-0.27704115063306634,2.509673861351212,-2.4874764271957006,-4.43784968259547,-2.068391675671267,5.878240792323238,-1.4512021272879454
2,3.5006622458617063,-2.661315119058666,-1.0302625361109583,1.2124984042928193,1.8603602534392254,-0.6972318323360552,-1.4538341392415348,2.483356307055278,-2.133977072066113,0.8607382216050489
2,0.40364742304683165,-0.2114100848478771,2.455698257984881,-0.8804778756370368,2.098141959021606,-1.6554494263872237,1.1050294282897735,0.712438782848734,-1.9346232456622272,0.6665729180948106
2,-0.9784843913687209,0.46342920549732114,0.7214705303560867,0.5552365129352784,-0.4714987144041154,2.0847928609505297,0.7395956107810768,-0.4655031898050735,-1.9425905136233736,0.7468893487263313
2,3.257552227742545,-1.5310425424154388,0.794139963004478,-1.2919821266487486,-1.2918046587346823,-0.9111902162291604,1.508638225057212,2.5551015350292836,-0.5863492402511246,0.9087711166362108
2,-0.33229553064316386,-0.3969884080685562,0.8811406557282047,-0.7284419897056633,1.650416710058495,0.6709978787021335,-1.7484150762427981,0.8627662479435987,2.271443216791865,1.1299111606969139
2,0.18938670651165576,1.843648474457515,-2.1565197570227292,1.4211706692536625,-2.969272693426122,0.7115409375840892,3.1542069600007734,1.42461355753707,-2.2408605886537596,-1.2333908806854348
2,-1.4299469854145463,0.3434720680234806,-0.32890545970533913,0.49482022044342566,1.0733441299341377,2.5626371180564465,-0.7127383412669939,-2.339074310973748,-1.6515327813543432,1.3135003680518549
2,-2.2571142721899626,3.324017555660377,1.161944364724621,1.056500900214106,-2.3318143248791228,0.5661534110201702,-4.942016642535497,-2.009364010230548,4.086329801191769,-0.26610466244308706
2,0.1781733730925839,-1.0535898267148271,-2.7921782587378403,-0.6676723289830647,-1.1628362348881973,-0.36044108821482823,0.5447365631798702,-2.017274288102993,-0.9947215980418472,1.0475764854912615
2,3.765649660714736,-3.8354155428474233,-2.190331041564465,0.08612293076361109,3.055190648465899,0.008480147403028293,-5.232279762564145,0.7308734585769173,5.165751797047676,-0.11271902671412151
2,1.5805257674453863,0.23312358622113355,-0.7351891029969626,0.7587705394100487,-2.58688824755524,0.3516007611839806,-2.1887660059615683,0.033730745650773164,0.1397265652226952,-1.3815652453863476
2,-1.114854909475682,0.366017775367509,1.0127005713777917,-1.1414759253550233,1.525039371100605,-1.1035856441813294,0.8967270770666457,-1.7078838851399063,1.856174797736247,0.813002929226441
2,-1.593811455313836,0.8819630850040056,1.1984151124742524,0.48432335385856257,-3.50807756033308,-0.20864670926387865,0.14411752237042905,-0.1540382388529922,1.0389060333069493,-1.3306692635150972
2,-2.1574880849497715,-0.37431059444933085,-0.7793676770694818,-1.4543535471236273,1.4313636742900622,0.8527407794657272,-3.038496613809873,-2.633303055810563,1.1227544967783833,1.6689964482633457
2,-0.3823459109262697,-0.4502523563233379,-1.1753303872921688,0.6539450905396634,1.1745600756582013,0.9407635643357037,-2.677573709389525,-0.7229129313769979,3.3994003213293364,0.9759196065179291
2,-2.806764043276675,1.1593203824994838,-0.30609403405467117,-0.5261707976406029,-2.0631637422751488,0.09557867171413081,1.4321769803801871,-1.926431883401766,0.5938424998114702,-1.5475213300780295
2,-1.8451925069940474,2.0303042165779437,-0.6539486188090707,-0.38450821677927194,-0.7960480276003961,0.25062377904529826,0.13956053524031128,-2.2997237082667,0.5333396912342806,0.6190639193550143
2,-0.8004274674183085,0.9266305872537272,1.0187212761126905,1.9510932447753038,-0.11378887316980091,-0.08719156775940663,-5.086397119074603,0.04878287482599074,3.1409021841651708,-1.6857124883509047
2,-2.7639209075947835,-0.36989962634893936,-0.48698719997321616,1.7566907201122965,0.8085894721626016,-0.27077011790084665,-3.3905041057786294,-1.0501178518786671,3.6338810227870084,-0.15181100581165027
2,-0.2925990612399191,0.0470774644229944,-1.950909697712759,-0.293075627100356,-0.10832237982444395,1.2288237000241848,3.444367037584995,-0.39807969974201673,-4.05015405577468,-0.032326935100093906
2,-1.7535392894368464,1.0838056865461416,-0.7619772349604443,-0.6936070532219917,-0.8083545074465394,1.6140053885747248,-0.4760128852585872,-1.6097434919178006,-0.1423116689115359,-0.271056508631647
2,0.9487385266307676,0.5338254710793352,1.4280988415883213,2.267301222315637,0.7776099283461164,0.5487208039769516,-0.9654165641919893,3.3351077863147074,3.417893247276438,1.8109391481210197
2,1.5660424194535099,-1.1715187176305217,-0.3329780533619085,-0.5323646218336691,-0.13656286387393424,1.5659746860570092,-0.0821768604041003,2.8921997772862613,-1.5825868979811526,0.7033608574978569
2,2.138254296821092,0.24919348957803628,1.6175609120346894,1.7478955205420244,-0.20552251028205143,-0.6091485306230473,3.0799222878737575,2.072427299302685,-5.037550834056853,-0.47856286553865557
2,1.0577559779375854,-1.4677169404205128,0.7826841299972694,-0.07996131077327516,0.6558031845938033,-0.22930629010239742,3.795332068245394,0.010227824224857053,-5.5134805324795195,-0.09340490969733439
