,0,1,2,3,4,5,6,7,8,9,10,11,12,13,14,15,16,17,18,19,20,21,22
1,-4.55739632986926,0.3660199154359441,-0.43900327742383505,-2.9440099821145815,-0.7862819576531013,-0.1700119156968977,-5.41086912613395,-0.703026354467599,0.3151576778645695,-3.4195040482963854,2.970481119653132,-1.1253492970953427,0.06022583898493087,2.536301987641851,3.090340777664493,1.243292659470362,-0.1913569254789037,-0.568057309866753,2.781443629829739,-1.3879583207012118,-3.2170308625522233,-1.4593505189762404,1.7791271503712494
1,3.4809123153003663,-0.2593287163688531,3.070679027981447,2.147291523300746,-2.1968243228698383,0.9120316155659275,5.27827159139845,-1.3826237415168372,0.7375358523757877,0.13919797731693664,2.9933382231959396,-2.174105372701681,-2.301595136906314,-1.811786001405398,-1.5646476288785105,3.0668750835039376,2.9809824288359117,0.6722679123006831,-4.196561161001862,0.615842856197298,-2.721706712754437,1.8135797990485736,-1.6173620173555097
1,-0.37001881736622,0.8796805974965571,-2.1199992142246185,-2.563722317361583,1.7270477686536123,-0.6959688953432015,-4.543385675849464,-2.4172865218830353,-0.9248460663149666,1.4443644766551709,1.2423803139938034,0.6604460157611463,1.8779906896829521,-1.3941709149840844,2.8087354161367535,-1.0442342783310978,0.24664922988178634,0.332107740130461,3.9454980114517344,-1.7025147216098058,-4.121146961037788,-2.828610349866683,1.1145638739212145
1,-0.3175035667511336,-1.9825072050152168,1.0357520095894321,3.72621666956612,1.3019093816338152,2.717590732644684,0.159930188984704,-0.49120196351077844,-2.942456556071607,0.12693089227150592,-5.983407798901879,-0.07084220453678292,3.911264765425369,0.4190424825531702,-4.238978606229212,1.1817097117358384,0.39397687560906147,1.070688804743394,-0.522605871717488,-2.8134117825702125,0.24199080790129496,1.7567771714693379,-0.05244955388367442
1,-0.48596243730696925,-0.7032635064762812,2.0980977692230613,1.1645222426983715,-1.1555030004235296,1.6272477083478745,1.5749246009454696,-1.5315655701580444,0.6581214248871888,-1.2607842398116715,2.0939265242088716,-0.11271906566818965,-1.5984936195808808,0.17974605303568758,-2.8566521884062133,2.069565010462307,3.275273561698942,1.4416741999118023,0.992973688222641,0.07329883344254305,-7.49904794105342,0.6056574533885877,0.2394535430399629
1,-3.063284016556455,-1.8626507064282067,-2.8835094340333356,-1.574428745887251,0.4220433047938045,-1.9078586119364793,-3.521121628522498,0.6162460610072624,-1.9169436467354282,3.937226533919976,1.6890349084100218,0.45720551023074013,1.270409618190405,-1.0094624759517692,3.0462145241617105,-1.1663766601937433,1.9907423899398364,2.1239370529174737,0.5859960309175493,-0.616393014920716,5.101698589008951,-0.8018095544571024,-1.3548355108431969
1,2.43094426223384,3.031031288291769,-3.4280437926022307,-1.8648490715357586,1.191593872688794,0.41208913280049914,-4.076933777959724,3.867085573645507,0.15841582771270113,1.7627653618081698,0.19376456680733262,1.3171847969127286,-1.9480536251128986,4.011707497799814,3.213804540514581,-2.874060686492062,0.11770765858603668,0.923911895493442,2.177875690414149,-0.988996708393475,6.943887030965845,-1.1809048515143894,1.5349848080065482
1,-4.1198984518449135,-2.053928364163167,6.036503860000596,-1.3126213839563774,1.9615242772402155,-0.36353794708252835,-1.9884628315199488,-3.4722907534113188,1.900869135205069,-0.6967044876267624,-3.037897509382788,-0.9710385519329686,-3.7408055463688554,-1.618592425218919,1.3646196099265604,3.1689388001161114,-3.6471976407803255,-0.8455691899247046,1.0720932065731692,0.20486575242651323,-0.6305377972785398,-1.099694182283476,-1.3854129331138392
1,10.246291269099903,1.5114573859463778,4.461485081208462,2.1248135165761464,0.8164488087328762,0.3956804179251403,4.211945598835763,-3.4815416703702753,2.329755528433233,0.7759849213979625,-2.8891630983426695,-2.02391603372458,-3.079528377405776,0.5387979126819753,-2.5981775044844215,4.1150191854961555,-1.171810432564856,-0.9519343103895967,-1.4601130490773087,0.060636977928664064,-6.353994693229971,1.6108336343224825,2.1300066858312303
1,-10.185532160414036,-1.7301927872262297,-3.870970157049351,-4.390542153172088,0.6567308502027053,-0.7842896634867733,-5.336041696420202,2.4442993535448068,0.24370296235451833,0.10338207321709847,3.7708192644335754,1.1566953096090993,1.9436249617902788,1.2619034474405417,6.200917282764303,-2.0264971634956406,1.5458578809208643,0.5287953447581445,3.1070391495934864,0.6742576107331735,10.09845072921416,-2.2220268765277744,-1.3355768938667407
1,-4.793689731761442,-1.726858076302777,1.7442160251766217,-1.280357599741304,1.2316575518522876,0.3216525296087115,-0.5397714939174382,-1.4660242185414891,0.11780841253493134,-1.0752469271162088,0.24060198703422528,-0.21473023444451844,-1.1284350624602315,-1.8257779632076196,1.8871039424015383,-0.28995184377652494,-0.27534783850697786,-1.174036016079847,3.294494836377309,-0.6763044181084191,0.11769869119066668,-0.9952338787584871,-0.7798423779925654
1,6.123761036576896,2.7193156251693313,2.1550772879414977,0.5484790135070926,-0.35924344464081565,1.9901740944446378,-2.5293560283171677,-6.617522615826788,-0.7851483549232483,-0.8523189141178004,-0.6426368344241185,-1.526843391538153,1.5475947805066859,-7.424218715066611,-1.3962404098126076,4.222794223835397,1.7325923629812676,-0.6050556845919445,-0.2928937080605208,1.1104804034436353,-8.843947440635214,-0.21463895365912308,-0.9513315880861645
1,-0.5590975348190508,0.6011843280068644,-0.8561183096153253,-0.5098481447939779,0.9714699487516324,0.6567974277308471,2.2382182157853676,1.0146814641158795,2.430269410453527,-1.0081572748586163,0.5232594143829874,1.6439226822126634,-2.969311309817537,6.5475047609997405,0.043448697403168104,-3.076503003125513,0.3743721477491704,-1.108249277073688,-0.9911488438152208,-2.050733570624553,1.9373343724002128,-0.34077452417460263,-1.001121416742394
1,3.4357326924568703,0.7199875050481286,-1.8168695063618439,0.06882312658671147,1.2643231872234153,0.465850736759595,3.9234593431619778,-0.6232839124636262,-2.4195951764399695,1.7282809054262678,-2.3200547474717528,0.32626954651437,3.2351486919802057,-4.823309316678069,0.393583518093205,0.8490799039961876,1.3901601201765021,1.8605996004135126,-0.7919205323932323,0.691123291116879,1.388299453072774,0.8909035319057845,-0.722193405906534
1,4.662337371567334,0.6555154917196175,-1.3874988107292086,1.4342426283030076,3.3511094467374845,-0.7061650655248509,0.049977792807801236,2.089767432968586,1.9083334116458317,-0.3487932667192479,-6.478971250770949,1.333288744172104,-1.2378268096816925,4.959171331865531,-0.8347711108415656,-3.004537172086407,-1.2645646817854839,0.7587493534585317,2.8385764453764653,0.40367150632081233,8.112165701290776,-0.22600254749400228,0.7139317503547329
1,0.7738041057569311,1.5324908455550106,4.045971848052367,-0.9292384110732891,-0.23013482666558743,0.5018713225869772,3.869724438899646,-0.16607771800610033,1.5649610558939746,1.3507010494105547,2.0091061369723437,-1.0769611709261941,-1.3016693157201045,0.936978368839352,-0.6022463103273853,1.3521334366062416,0.46830111906060096,-0.2757527755044194,0.6711945090491066,0.6432007760081356,-5.045195792266613,0.670517232507618,3.3119956097124175
1,4.671168417124583,2.175609891228023,-0.5080234198697705,2.062502377057403,0.8906883602948988,-0.7885326190406531,4.558817787055228,1.7148533845079645,-0.8851430312503392,0.4561249641803565,-4.045740288273323,-0.8579909826691395,4.161855181159203,2.6837879524836667,-1.800388781198456,1.2913491910541768,1.3099551404588816,1.1521296186431365,-2.4548957785848993,-1.2584355654503527,-0.7246405635298959,1.2121290256209158,2.7586850740964666
1,4.961722734487523,-1.4247037242076064,5.923545857615948,3.709659615821534,-0.4047710019420633,0.5305272408243548,-1.5175883637652998,-2.1967201168298742,1.3155208500540208,-0.007207351540508267,-2.9913255725750383,-1.4097521745387622,-1.772761629314956,-3.5883097543036584,-6.055841296331286,2.9223620049357364,0.49843879715214945,0.7889909170120697,0.5514907964729858,1.4152783885423321,-7.702371370641987,0.761201903207438,-0.16032944609965166
1,3.6067655504163993,1.0753923352180912,5.717759322982078,0.7922818476464991,-1.2502069679409111,-0.7258196462361216,-1.4864311093440252,-1.8220190766656987,2.3690786304798377,-1.276231811260107,3.056328972074477,-0.8626043047987767,-2.0650072761517793,-1.5567661444976035,-0.9299968625925497,1.2744179791935764,0.2560067005273009,-1.5048404494644396,1.4230735611871401,1.1507494789391741,-6.368752045136929,0.721723949655701,-0.07691593894710519
1,11.644318834010043,-2.2617561198495446,5.812729739290072,10.345752593570731,-1.290812975646243,0.3123622564965967,8.459012331497092,0.06663009572615587,3.9243290262295014,2.3543964330184304,-6.085930543753802,-1.2300170761913138,-3.326248727490405,8.801124105778248,-10.870625518534917,1.0023360764695584,-1.424300128702245,-1.668264830690609,-3.913341211900803,-1.385740379187235,-9.210656389746761,3.3625018775659936,1.3278431609819414
1,-3.6511446593009804,-2.7805826679252523,0.5005981797787094,-1.101915508439453,-0.7245963345687292,1.2449645315452058,-1.0427077652687575,-1.1917067340411363,0.5184164710056912,-2.2660897256156685,-0.09279048676586903,-1.135522071058179,-0.038862959391596424,1.3527430257171513,2.7597796207452836,0.21467260287737816,-1.409529617239952,-0.1332774402289699,1.000392924568021,-1.2554239938568996,2.8432422129603485,-0.3796571057418473,-1.095471126626564
1,-1.5909169490174981,0.20488710137594401,-1.8752238897918576,-1.1860594891564533,-1.5080332044105433,0.2547323206092812,-5.70734815258514,-0.4328130102734744,0.3495773249431336,-1.5844911085835904,4.05911867252954,0.04583152827278508,-1.3650869487996697,-0.45112561407442775,0.006283606856947677,0.28641041554286967,-1.7824051047506406,-0.7794146550940925,5.003293144510804,-0.7369196693929743,-5.303935512814299,-0.9636346600783847,-0.06077306121893772
1,-4.790542663843496,-0.6651619508252511,3.0377634301835,-2.9275061799675073,2.629995420322469,1.8586118580915354,0.337117116854775,1.2208924499639873,2.1827236355230077,0.1368658919275735,-0.4691469528786653,-0.09943186897710722,-6.475837362279016,2.0317801937954374,4.222394828384723,0.25133134407475244,-2.0464929478003904,-2.3774551632251564,1.2122630666474878,0.7399926466001424,5.95299189832749,-0.9652333447535493,0.3961728480270246
1,-1.857987601678185,0.06096504244385099,-5.304111429704538,-1.1030269446806744,-1.2451795579278908,0.5450264145435858,-1.237184281555845,0.019360370252004287,-0.865818842778969,0.2098760670668149,3.2590931520381945,1.692799576883241,3.7462424032324146,-0.27393386486370863,2.141610810295805,-3.070817116759241,3.2726628800441713,0.6367973856729261,-2.223524113684195,-0.783990389357284,-2.602967643719634,-0.09233821338478221,0.6395340352594792
1,4.987169096846651,0.10595673440451799,-2.2770837291232073,2.95514505968903,-0.26346382819494724,-1.4741042657888783,-0.31039031228880637,0.13612347265082012,1.2911763743813174,-0.41846118855251585,-1.3219112242346849,0.6078799117008715,-1.308564892112907,1.4809683809584189,-4.499044532586959,-2.76708624578523,-1.3687229394040081,-1.1193626432608716,0.15793751000332143,1.4258439322438625,-2.502491052861122,-0.5133548422412465,-0.12053615853973898
1,6.086198908608286,1.205185227318538,-0.3720802692963397,2.589077480627533,-0.08704686805361701,0.5646555118616061,1.0325061600812664,1.5758222773307793,0.43622056377939156,2.192205326793597,-1.975050906724584,1.4505484418180357,-1.7425756530832943,0.8318361394284459,-3.3822077524612073,-0.3058851431800982,1.6983029726937229,0.44569330047203415,-3.230145303400835,1.0954313535438076,-3.0727750170283734,1.548526426315442,1.9845131016423316
1,-1.5395614834014721,-0.43351812665335987,2.3473353710130413,-0.5709245590209039,-1.3788937551594298,0.950151128022322,5.0086811737824295,-1.753882058246752,1.535325534248599,-0.4689208961161831,1.1428849629952194,-0.17916539791622382,1.8791367244208086,2.3246955079163523,-0.6571521297059417,2.022483538717712,-0.21376456095958052,-0.12746182929929534,-1.6999324423590363,-0.9190167353361541,-5.387756421688107,1.202514086173469,0.7798648566865848
1,-6.837983877206983,-3.963724057281214,-4.815192750725726,-0.4343584933931046,-1.2954134538602515,1.150255635326212,-2.942499031433708,0.49761475116081877,-2.0636930934878275,-0.6887664133365573,2.3535861242815064,2.4837229030420143,1.1502699379309562,1.0479907876296295,1.2752351371183779,-3.9025923407530976,3.4784064841832434,1.7818605437599306,1.456454023205656,-1.3041961023864568,2.969380738040384,-1.0953152207810417,-1.8400302797495394
1,5.759462007000132,1.998123926124363,-0.1104675113111593,1.317304423015496,-0.2723200090834557,0.1404730242317647,0.0021776777313802596,-0.2008825952462995,-0.9142553665936118,0.3857348497111051,0.47985582844962577,-0.9395125681806076,1.915225512177592,0.4346818018342462,-3.024918246621303,1.7194917096134552,0.15429769382895575,0.23447556476453857,-0.3179141026844683,-0.9057890583894692,-4.848156641874533,-1.3213744277319805,2.6282747567959843
1,2.018374950424311,-1.0140284035315605,6.344711054901189,2.4291393502573824,-1.6831124041087742,-1.6904188837224063,2.0065499426852647,-3.858604510509293,0.9789472716103675,2.381761958602623,0.28322093184352104,-0.800976757750534,-0.5036678744507587,-3.549556572448687,-4.445055438271607,3.710040158867599,-0.5321584942643192,-0.7630142984853305,-2.0158948749616017,-0.04640598581393668,-10.718098975829983,1.485692309624333,0.47395396964906317
1,-1.141073919398175,-0.973359973175416,2.0520482111846956,2.6834964278898292,0.42696885544306057,2.550482475009281,5.337087420622014,-2.1560712711114087,-3.9961578492647263,0.4216282664706007,-2.6152701350420036,-1.4425228984935277,6.98407359159825,-4.524519468698083,-4.33769984212695,3.0093166718984112,2.6680737794345304,1.8051038058756705,-1.017469251785992,-0.47869573649041025,-6.229185703115432,1.6965907065111963,0.937576427776139
1,-5.017210502676935,-1.1541235684178102,3.0774134512751288,-1.7013104388519913,0.09752629418577875,0.37209985518041,0.39065178891276336,0.19402632563896513,-0.8421468993763943,-1.6579168038591905,0.9616437867500636,-1.139949719060617,2.219408820531746,-1.1841345973568385,1.6569118825717963,2.4288491991073378,0.1862144439473797,0.9760685872535235,-2.5786460865332903,-0.22448317447727165,0.26654769689661406,-0.4695317648295002,0.9073003839822076
1,0.9655121929558022,0.792671063752427,6.02536891988562,0.2328267791940488,-2.140305765890151,-1.2746626247058352,2.2983755549811895,-0.4376801857185975,1.578714672960825,-0.5172317708858477,3.1417487868424177,-0.38396340952409763,-2.705679421175247,-1.6970767219466818,0.7477008809365554,1.701319706642581,1.8148860519748562,0.059823837180082495,0.34685605341452397,0.1502551029092915,-1.159914268031806,0.14792608504050195,-0.4692571385184854
1,2.751082050052633,2.038256690109785,-2.065654485272528,-1.9524236746447907,0.9241202101189908,3.617957039313843,-2.9397939269897644,-0.9325680594664921,0.19651670770576946,0.5918906582537674,-1.5342149030448045,0.5319060741699371,-0.3003572690602934,0.10706525994563475,2.165573284336186,-2.35419038531933,2.9557535487137114,1.3097217258621472,4.5698512561585405,0.07328990249337977,1.6112212449819818,-1.6202127788652054,0.3696462168375767
1,4.129024650617663,2.557404318692166,0.6696109957336918,-0.8305579779575639,0.9958920311691193,-1.669759475353663,0.5047539159580812,0.6024501772152904,-1.509915801748065,1.5211544987015582,-0.31832823390499193,-0.422262108023142,1.6040984571977515,-4.502207604042149,-1.0868927595932716,0.7018605459111552,0.09213609588037572,0.3072843885710636,-1.9093407104120415,1.059717397928408,-0.7803300579034023,-0.4742288602852035,1.505738891852193
1,1.3525405376411272,2.170700951669073,2.1139332929968258,0.035972713285059466,-0.09367647884883244,0.41570784127286153,1.2256815136986732,-0.7073120735893628,0.25070570469417097,-0.4221890385330766,1.0833715685200989,1.1563646804225698,-2.2630278798972516,-1.5018742557310094,-0.8990435248064349,0.1288075625385575,-1.2642701126943332,-2.336258646570358,0.01780232127092481,1.4491875879807699,-4.315318044088297,0.07354321256877588,1.908487180256728
1,0.45811608818929295,0.42250183441424205,6.834965076693335,-0.9648430711535119,-0.010026106894570392,0.188680877393974,-3.035252050444327,-1.9284639959240475,3.166388411922936,0.5680946662947435,1.0097794456151135,-2.1641914163908647,-4.642412918110141,3.4888081830109323,1.5273161383573848,3.0559474273406906,-5.928443966940933,-2.0620119798007823,1.5622650458759335,0.12856878600823773,-2.189333023952057,-0.8521556532811517,1.165457385397197
1,-7.323304646558638,-1.9585629980418013,6.180479694112087,-1.7608970632100234,1.6105541179981282,0.005098968092833997,-2.9367484256720298,-0.7562750680291186,2.2637411312961566,0.8705650353314502,-1.7006540444091585,-1.3849725813504898,-3.6997241443523374,4.693818305533245,2.6536157348294185,4.167692555300584,-0.6079465804413876,-0.5703063743702489,2.861585156755524,-0.8838283299697876,3.2345816490767274,-1.1716372017478782,-2.123677388341145
1,-4.555946126434798,-1.4553027075784644,-2.053422702997877,-1.7130063787461371,0.98130048295563,1.79566296707411,-2.7131348341384025,1.2376029990412816,0.2774533443374066,-0.8171593004655572,-2.366748702015123,1.8624863437776478,1.3845845763405642,3.4925231447433776,0.0935687687616168,-2.0844751901570002,0.3733087700779939,0.08407156087182595,-0.23465594592579883,-0.22918229966837322,7.163707152151286,-1.1120195751251716,-1.5587277399162787
1,-0.05785508906226828,2.6101162176314334,-0.8894185828116883,-3.224565683771038,0.09172619053313937,1.1180925607771315,-3.599977926942752,-0.7858664662213254,-2.239311697126417,-1.5499282602251259,1.7233519698236257,0.45376020207381057,5.770214647608676,-3.669245203471528,5.306701559245085,1.249656073705447,4.333728482078626,0.9557448351224294,2.499440292587409,-0.6631259529164607,0.7673375318959373,-1.465079202329433,0.34909103293111454
1,2.1587534458697806,-0.04360852314912504,1.7030257066128727,1.3149953208211649,-2.151314398035177,-0.5072340848537572,3.6288200825339776,-4.472766859261523,0.8245194543464339,-1.151671646228658,1.8999764117143263,-0.5517034514948597,-0.337430895521073,-1.7506313726173157,-1.8439535677225578,3.039254959788652,-2.343264454070788,-0.9556740505389371,-1.0723435473734442,-0.2463521943192895,-6.3071803855868716,1.5904810988358673,-0.4764537600499591
1,-1.3827252427713816,-1.5017213031784753,4.043797668544006,-1.992136184485639,0.9243707200004261,1.0286809141637245,-3.7843474245295945,1.4357683865835618,2.1143120483896944,-0.45658765173055316,0.6852169548979719,-1.1161264580473222,-2.7496637189250257,5.462636769712738,-0.9454710537759679,1.9897453800971194,-3.6387396032020956,-1.000503547095358,0.03985096666053105,-0.9870013343035026,0.2704719028116254,-0.2388381467474585,-1.2525031205347947
1,-10.29908388159357,-3.473894029934959,-4.302289305553757,-1.524770297329497,-1.2702641361149853,-0.5393242160657141,-1.6927825089067416,1.197187294679378,0.3417033718617918,1.1387197209963544,3.829888491207786,1.8684829170735793,-0.24368425364771346,0.4797198445988992,0.9860125019199504,-2.8171705490677637,0.04855078807907748,-0.05421526288031155,1.6628458235771175,0.8527970626976049,-0.9393037103723869,-1.0661471399690161,-1.3500976841011125
1,1.190287505549213,2.7663020078685254,-3.8865765666613683,-1.361786386239304,1.6595882282174168,-1.793608371992517,-1.5596142714015349,-2.050590823501588,-1.2685374412371317,0.7834453495550463,-1.0186595195176396,-0.24322482992448027,1.299026012060589,-1.6853888790104954,1.2425646424606198,-0.11976554905466438,-0.7851879698948174,0.3313348469302932,-1.1616888362924997,-1.1914448857767694,0.3611748491356635,-0.719720634180424,0.6456119404163275
1,1.774654807063331,-2.725451921813466,-0.5307589728620136,2.5660903245884126,2.609471119693665,-1.253995312476042,2.5378114661468696,0.4245487375116803,1.6545342340327986,0.5657275658781099,-6.112856932502271,0.9110667427363867,-1.6702435382968042,1.599150152798668,-3.765573899900873,-2.644453417874823,-1.690034525951617,-1.0541275338164167,-0.26012188132743436,0.6769193695385763,5.203768654393092,1.014994827397618,-1.7630760668707315
1,0.5272958473967339,-1.8188118569285117,-0.14067593429316128,3.3100182467500914,0.26800872170294193,0.1871578199398465,4.148079936986992,-0.17933961168966966,-1.8751226303841355,-0.904805669046966,-3.799461928568392,-1.8309913611351014,3.6673673585564606,-5.604860925460778,-2.1028513341850914,2.780004615381382,0.0986256107832698,0.07568125795975787,-3.973810293195586,0.7236465242358121,-0.8653506886680487,1.4860832751204414,0.5838708391293701
1,-8.089469462538833,-1.7525702026727432,-0.6710591461448178,-3.12433458256807,0.9403743350479804,1.8993262111477995,-0.8073270392172103,-1.159788901022729,-0.9592750999553435,-0.08772357309594121,1.2047893288067237,0.7151658083144905,2.1141514650494573,-2.4897952671923043,2.7680166846235337,0.6366856589007066,-0.9794553900633516,-0.6824840146129574,0.21645272462576284,1.0220780480281306,-0.06217991486813732,-1.5491079562845853,-1.0662869855716954
1,-12.518176827201703,-2.1646900054565665,-2.8147557754264905,-5.89390906297281,-1.1245607701738296,0.7051599987235125,-6.003850358536215,0.4132676243105334,-3.2238059645015436,2.3046761592731997,6.808849678025863,0.5609153648600699,4.885367166967964,-4.1307108267484445,9.415773537043199,-0.398195542087962,0.32462681789177783,0.1797106830783706,1.4574848874565565,-0.16289697969843317,5.850262719259784,-3.6287717792350844,-1.1619050849992425
1,-10.035857581964782,-2.2775088032161106,-3.624712467319954,-4.873680843375069,-1.3062472620753078,0.4338433561522783,-4.7495695942458545,1.52336777242384,-0.4369310705007463,-0.16265347247455492,8.708096251102788,1.6557760521621334,0.7972572523086643,-0.25750948647678856,5.739208566038162,-3.7487933834411877,0.8550711075729605,0.7331069240546204,2.576012744941162,-0.21178652415446486,4.590938602032042,-2.3874060493754383,-1.7426129916422872
1,-4.823670519167497,-1.8239936204426517,-0.4232952739982614,-1.9727697686022452,-0.07592269615669762,-1.3560320962662655,-2.0668470368048477,-0.1197913399692418,2.991601177207249,1.2088660473541784,2.868283132168318,0.05292983468211718,-4.631271664576577,4.107350267030153,0.8944242848781516,-0.9179492737968749,-2.413258888908564,-1.7085798657031093,1.1480291311331816,-0.6010962730189349,-1.5954470841866433,-1.4017664865271375,0.7051662226754439
2,-2.780748040371236,-1.2152915582787074,2.5215379004438483,-1.7544132173436788,-1.0394854361903263,-0.32398967320502353,-2.7143877771178286,-0.8000734454501964,-1.2623471783585236,0.9762643683104468,3.5818816428799445,-0.3038012092347218,2.7692431254124017,1.8235971777627902,-1.1461375737229216,2.4663632484269877,-0.7809530210355553,-0.79505226357318,1.6568015128157383,-2.2666638308999363,-0.3017177161656066,-2.124172270412752,-1.7217527567963125
2,-0.5828803230181415,-1.2051948436126956,-2.2241540792184753,-0.9312830401107629,0.6637777023598191,-0.6208369969592693,-1.6498483291825095,3.802649683596873,-1.0186667941435406,0.8820568649136163,-2.239485421130186,0.2559585335861983,-0.12313173795473302,2.334182823449279,0.15328378826162684,-1.4400499135220408,3.2131454871130676,1.6687475578495918,1.6367994785122575,-0.943744552004137,6.029415314619351,-1.0862238264567219,0.9213559307158766
2,-3.2087750871014613,-0.27429401299891804,-3.8746196090577523,-2.606415895718314,-0.608350558874567,-2.0755613912362105,-6.3912849655632895,0.1234438965655384,-0.7555778278102887,-1.2597307679039025,4.2221118398711095,0.0923250702335766,1.3739762752680356,-4.591208315815847,4.387083767272519,-1.0187505594034787,3.263491084478957,1.8279268426985418,3.0078317112842923,2.801985268213043,0.8831414153938891,-1.9981193507576571,-0.061874315283205375
2,2.2284599934114686,1.654175903127316,-4.841158982996583,-0.8094578576782537,1.7295382231798258,0.30268011292092795,0.058698835618864326,1.2161700753112223,-2.3279345992383997,0.37981973976705713,-2.015799032985562,0.042327071598973115,4.121708594090472,-4.103206701545394,2.9007710025613553,-2.635961310001471,-0.24756968117612219,0.1353063766115681,1.1272158635264449,-0.22903356380783793,7.15475949790099,-0.14413422033757015,0.9626530583546518
2,6.9866905320263974,1.98992175677701,2.304285726238958,2.674044063468666,-0.8096535330036483,-0.3710305599405945,-0.8389565529176221,-0.6363963708609125,0.485090026788878,-0.00197616861480564,-3.0552940568188918,-1.9241994913315086,-2.845900529801664,0.8145697822431307,-3.7914431979243113,3.760769396103795,-3.8470429308406575,-1.3843358252477795,0.090236814716276,-0.561324761842982,-3.6086992222360514,-0.13084782149854737,0.4168341266046571
2,4.373688903647167,1.7749852522953227,1.980237961002448,-0.17238504995589046,1.9714754745327987,-1.2743446092161455,-0.09431495865318028,-0.29922501855651895,0.5252953504888374,0.5680107422582307,-3.617734363847301,-1.478631740105159,-1.4913954878286197,-1.3322899509361612,-0.8884911977436238,2.7390585549311584,-0.495417301521482,-0.10840422069088378,-0.9545950926428038,-0.13582375138265304,1.7560830653796653,0.7778688279627195,-0.26777052846632515
2,-5.750978728693184,-3.062251016158146,-2.3296146801932336,-0.3501670339307181,1.7475836685491772,1.0152153336772853,3.5373303133607883,1.2469612204823828,-0.10489025761846539,1.0765516694194983,-2.7435268947379226,0.05853245956592913,-0.29262911280261206,-2.525079920742745,0.3431785261202232,-1.029389031435578,-2.6014298877152835,-0.3244566276733913,-2.023294100451949,1.6251068192659113,3.395972064716433,0.9188338713443411,0.5655601055887937
2,6.467324886957271,0.5079149544720927,6.234702464252991,3.1275062446390254,-1.714715269548913,-0.07730565497889237,4.856502386677895,-6.444837070851819,3.139965310975579,-1.0421418586165667,-0.994383736342825,-2.1572458606213107,-1.63112506057303,-1.791232259344238,-4.727714231599541,4.6663095094728,1.3773107652460843,-1.075738679669524,-3.591149869235898,0.23129981180391956,-14.265241189982516,2.222036864646303,1.1177794343914715
2,-2.1626699492458954,-0.5433997306713851,0.4941935839353268,-2.650834196920642,-1.8216954196261057,-0.09022947420948862,-3.428544636717103,1.262063701030343,2.042169001979486,-1.29878532152475,5.16516806665034,-0.5857076444805721,-2.286012848032451,2.7857515935173542,1.3449266604586267,-0.2829951613207824,-3.5206015027008815,-1.967216583608829,2.9947423907217545,-0.5808980071234462,0.7477923049478437,-2.472861030475053,-0.6828539140110317
2,4.722817764851436,1.0448491363118677,-8.626350968913206,1.3314907179836182,-0.8737441716238938,0.33326930363401347,3.508087505271434,1.6464082590306122,-3.7455474140392697,-0.33877142133465243,0.03425941629614506,0.8523299320522647,3.6346063164996263,-2.2601298641706036,-0.5590097612028605,-3.192365128997568,3.334058074919649,1.549062434078865,-2.5751256010438537,-0.8978732115045178,2.509507452234489,0.979744562624108,0.2895347421215959
2,-7.1442599786155405,-3.5417270802007597,-6.708204365864724,-2.706329437242142,1.5542558668024582,2.3528737984341443,-5.795696349653378,1.2263971205509083,-1.5338380520799693,-0.8569232916309445,1.0071895163077746,2.5490835666934037,0.6394947943075142,-3.3208944505638445,4.5691801962990635,-3.154186671766866,2.483090020243886,1.293446876887924,3.595948774194137,0.5099868028550882,6.2509672766320845,-3.585945858492837,-0.9755054451902861
2,0.4012068437741968,-0.6007985583478099,-7.6166629187475365,-0.2932919139281997,-0.2655064622089634,0.9741681743192636,-4.546271339129818,3.1185400273180814,-1.7192184807053223,0.044941508749340435,0.5891732936258897,0.9150206944823724,1.1853270294071074,0.5460403219899765,0.26078061379874173,-2.357290354637627,3.9065317746138777,1.7589809897805087,1.2856876497864145,0.8844146173185558,3.2901065057265955,-1.178333562909596,-0.6529023071854236
2,5.056550105893434,-0.5226466138452245,0.8546961124134491,4.076034470040529,-0.2328109719564434,1.1127282208081726,5.236438817727141,-0.675415996991653,-0.4036078192048833,0.7024813814349208,-5.21403872530088,0.16945761317966795,-1.302401708331272,-0.7726363453604939,-6.286722798089758,1.538249065346383,0.149860395991503,0.6278564298295659,0.1120408231764355,-0.0858534109155411,-1.5253705260752957,2.2321020536927754,-0.08142596773091035
2,2.049889011512459,0.14113536727087017,5.829384948215433,0.3321977666516914,-0.156459760872526,1.0148864870278187,2.1537508338710882,-3.4043421533787854,-1.422223165837709,0.3587507875383736,0.4576745617855719,-2.485166829937525,1.9357789901109483,-7.748796282049445,-0.5479689944165388,5.684990191940767,2.446267355715188,2.4041973112619948,-2.4795253732373856,1.9165349690478921,-5.926817377343531,0.1313617879608185,-0.2630960634273585
2,-1.8465004037995498,2.3364627029141136,-0.10900240646456885,-3.3871221881964813,0.8677563803194156,3.6027410073382136,-0.7203399804583727,-4.132579256719009,-1.6543061072100718,-0.0031480225834211763,2.356726947672434,-0.03120389705704795,0.8069038547765406,-7.624768009849738,3.294325585145094,1.4311409062330842,0.7254165513329087,0.6334323823636918,0.004219930177286319,0.8155241292488244,-8.775940206130818,-1.2366392064276452,2.9213382832159986
2,-1.7624216674543007,-0.4913471689961969,1.594644326677698,0.6655929212375084,-0.8924988067168501,0.10769619724921978,4.8049766938612555,0.7066275084376933,1.5512986237543853,-0.747651828437828,0.3645204881452297,-0.30557979877214186,-1.960127289109255,1.029694851100556,-1.6392367761144226,-0.7790916799603245,1.6117940055703504,0.9237418243348766,-1.675526605124217,1.0111710548360124,1.1847093779157858,2.2958421080917115,-0.480758470966066
2,5.125477210957275,1.5090372725375218,3.7696988835772163,2.574916170204394,0.2457986438191813,1.958231741729832,2.61950114312938,-3.6426766601077754,1.485844281382308,0.0890773090866694,-3.0732671882648437,-0.9585365779299446,-0.8451484045150638,1.6860530832332656,-4.536684200035515,2.26204903032077,-0.04694922410906877,-0.19012472707804606,-2.143956043349945,-0.9557557972878893,-7.949980736569998,1.2924919737853875,-0.3337890629079208
2,1.2021784870506016,1.8009682375161027,-0.31479335065776687,-1.7378724474712692,-1.0077614635799068,0.21884195422880337,-0.9504552540250861,-4.765461073547241,-3.889488178400332,-1.775651696779287,1.4725857167301157,-0.913025298507377,5.870931254505198,-9.868347107639636,2.0460380022218048,2.777726815294946,4.248231879179723,2.6366863572846695,0.9881611646485169,1.0512115894194636,-8.125167355782976,-0.16461034090986018,1.921769979073797
2,-4.7527113550646245,0.8689192680783083,0.8226426408848925,-4.90255743895417,-1.1312221761225676,-2.205939446355415,-7.401902309903404,-2.31084573348016,-2.0188208151269715,-0.3173743661887674,9.957541927084366,0.3198907920258694,2.4196600086393145,-4.486141020183493,8.1186097241141,1.5658687600096177,0.1379605486903097,0.44976309282874416,5.21740103436936,-0.8893527329046259,-1.2085280859002328,-2.1651777655863333,-1.1957374729473806
2,0.1452846773645342,-1.7007888781921796,-0.24194652802050184,2.22272714779051,-0.10389816025762913,0.13310621459884203,5.566901905161333,0.594355006586761,-2.824810386429702,0.48616040118127446,-2.257813952179844,-1.1616053174175947,0.7570590975374196,-5.452881017086424,-3.2583499648391503,2.998380010299306,3.2647425828503938,1.2732724995429348,-2.5884777622796147,1.058915754684048,0.8878358968931402,0.23204427517674453,-1.4122946341020257
2,-2.170459614016455,-2.0849814266541036,1.795199879339036,0.5292480011053075,-1.7993004394318615,1.7902053147405304,-0.3278929332584734,2.341813665617752,0.5696184310276715,0.3134686770738764,1.5901651611212977,-1.571370041422742,-1.125405400511339,0.27203328724738474,-1.5262191239460545,2.1042318858713727,-0.027916435030866667,-0.30272719698797307,2.173115974835518,0.22202509718659796,1.5401168262171119,-0.05326940224194249,-1.5458835354966218
2,4.314635233176801,0.24356936380682612,2.8362462540973983,2.542111695294062,-1.9496616119510535,0.10412993265905146,7.608511610121898,5.040412989990639,5.54487841953316,-1.806026567489529,2.3086344302853608,0.6655355763711741,-6.343723487131925,12.108087520388887,-2.5364863366161057,-2.462933779841464,-4.046638538434476,-2.9979477664783456,-3.6453212344099093,-0.16726071460668832,3.0068780462753306,2.5542626967627458,0.5214633184621709
2,-1.905707482846394,-2.1650479884177423,-1.5625567278456776,-0.19382683876162102,-0.1471688641978587,-0.9966477231772022,-3.2874168338937655,0.9159450514240994,2.240496023669471,-0.376775040030616,1.5399950645119505,1.3272819683960695,-3.582753807878551,3.0925458106704165,1.4687488495181686,-2.8276459640567118,-0.6848407741580774,-0.09972800849229706,1.0119127372984278,-0.2513640718720539,0.9079735446037855,-0.6734852761702709,-1.9604102687522356
2,-5.677794593285434,-2.2712218005663023,1.7782885941029498,-1.3328561657116154,-3.1027779511220017,1.3808886295806149,-3.1963257803064544,2.5031230683249586,2.6746924550398883,-0.059509651645895584,7.531291351489455,0.14042620915967258,-3.323578076932032,5.134736196598966,3.576788944592889,-0.992917625101016,-3.921654983877319,-1.758149086567236,2.2501695733404405,-0.6264232874757475,4.6690837941184,-1.0265924175932075,-2.451298421669553
2,-5.94316549355373,-3.4762582321560673,0.9044841798218336,-1.7673719293951582,-0.8936998331666911,0.025849846218798586,1.1347615386543728,-1.4370167996161454,2.843062187120617,-0.09616145421517351,2.156205923510217,0.36364613050305006,-4.933943741530117,6.097460648257917,4.102337994268981,-0.4262688473824977,0.6350077682974576,-0.5610263008350016,-0.5588936707859816,-1.9319252062401,3.327044873325812,0.006149286453426833,-1.948945330074948
2,5.365764153563454,1.762402970792305,-2.0276691731793908,2.47885177530202,1.5707910835926835,2.2682112869254367,1.8565964604890393,3.7033929793693825,-0.9950054084576633,1.4168211827776886,-4.930801557387677,1.2391312799855285,0.7664096088207478,2.2941476728457606,-3.2578666144648634,-1.8891530980404252,0.34197469888243587,1.1575192144717077,0.5040558481033772,1.0609311851342462,6.144218231000944,0.6799339396157109,-0.844318167646023
2,1.7065616925449827,1.8695231707332085,-0.9516886965236411,-1.3732720169472241,0.25742094792051406,-0.9895808586530315,1.9805600352948802,-0.2494990612521173,-0.009892560206489967,-0.7408709735538527,1.6527353873542794,-0.48437437544363343,0.9823401287520038,0.7072909600466974,0.6507335760985655,-0.3154598676495838,-3.3745921114442714,-1.8520024713646142,-0.10979391707853443,-0.39093129584910125,-3.3524337745488877,0.0007196855814055585,3.4428998006330866
2,-5.34879838126589,-4.088824213949222,-0.9163721242060267,0.11896483051706735,-0.33506003690293706,3.6007936213852645,-4.449806725930774,0.6650476909592876,-1.1394872083947603,-1.2944036151458558,-0.11816883265402431,1.3076239696987955,2.849411694586558,-5.222610819091325,-1.1022427913881745,-2.018887250573343,0.033740001275202436,0.3442894908390643,2.5083583704359063,1.141476548594699,1.3902238844574752,-1.0354591613124153,-3.281787910784812
2,-9.831618373593885,-1.0517842112011213,1.4753471247521457,-6.182257392087124,1.1545324992994002,1.1804875212387456,-9.695855363243487,2.121707986245584,1.3757503768999229,0.3336711941627455,1.932026417910053,1.1639037527772638,2.09752595339991,2.4922546280228612,6.442172570088857,-1.0139305934441358,2.027145580525898,-0.40076455344987894,5.892962799482068,-0.28350740029224125,11.61203026430724,-3.7662355768091413,-1.1884062347576088
2,8.291027338802111,1.9105084240963361,-0.16382918864145124,3.420975800550352,0.5925484212679593,1.630580598229959,3.360962183542061,3.3126548212750677,-1.610488134696307,0.2948175514286186,-2.742977703478756,-0.6915808695517042,0.9724685931360733,3.146718207075468,-4.897873008888067,1.2041116788549886,1.3223194892231882,1.005842457773702,-2.577840650941233,-2.2701010184278814,0.594161656835705,1.6270808035013165,0.6922691944992194
2,-1.2424783641455854,-1.500136722765627,-5.578472479602318,1.1096471203455072,-0.14052378395077172,-1.6818959735191286,1.0984027360543478,1.1055558541784587,-3.2902363218609754,1.329138844804518,2.206142717625653,1.4650096746409806,5.671206910538115,-4.060846251586764,-1.732009321476192,-2.0646686810929618,3.248001373301116,2.313098912663022,-1.2673575333884144,0.3229164469857942,0.05732379892384365,-0.49299304301546987,-1.805877576287777
2,0.7368389449126588,-1.4776001539575985,-0.7035624732444276,2.2744836779575204,-0.8295352625001822,0.7067111848494203,-1.434951824943975,-3.0693760481748282,-1.856595155005965,-0.19744539259001376,-1.6314791892978495,0.9553902882166294,0.9904053379511146,-4.6803362304792175,-3.132134052458593,-0.3679106788919442,-1.5245699739289185,0.05952568194774362,0.4230473237962487,0.23113514370452098,-3.151179738970999,0.6937137048231007,-1.054976355398151
2,-2.240859957678789,2.0978740786402965,-1.356808056504696,-3.222538658019792,0.1506889257165774,0.5395873919905202,-3.185434356871242,-2.46444347473368,-0.779416942939781,-0.6990644061487701,2.7038672847162433,0.9597570332240655,-0.3468627352297605,1.0926834193155672,3.391831394198614,-1.8423181783710727,-1.1875456626715382,-0.4850165127949486,1.6919849211450282,-1.330665472108282,-4.387029939302107,-1.8006952372155762,1.5564547232545574
2,-1.7610467114433983,-1.1891098691287307,2.258125041916957,0.6083417424098287,-0.332925510687232,0.7372882646537856,3.175562214774487,-0.1596980461147905,0.40231650345990067,0.8294134040315486,-0.8946616235098218,-0.11965667305664346,-1.552135976292919,-1.0340025081422644,3.0606315693217945,1.2317190211564741,-1.5606223135195747,-1.2068698900648078,-2.180913126714052,0.9321763365596906,-0.30479874794010975,0.7283143218428505,0.7407631364251706
2,-3.3094683123483453,-2.7266256154545214,0.6599061593931249,-0.6742980391693967,-0.26356601630489657,0.5902756164990458,-1.8000594134142254,1.8309691159109196,0.6174564010541953,-0.4846702060272193,4.1558359059845795,0.6861973948531542,-0.6357371231443835,4.245260729555006,0.5221111496016044,-1.8436848193242066,-2.8082264005027775,-0.15066357069987066,-0.3350631836609037,-1.8321370574791789,1.522523393381981,-0.7885155377193521,-0.892871033628388
2,-3.4161233222603755,2.9435432489444637,2.4452126555356988,-5.6300351794821655,-0.49896735642362566,1.3551014841061055,-6.334389791227957,-3.670041122152214,0.2817555699119087,2.7555122839743906,5.153720611751196,0.40442864094019665,-1.7389791664741376,-0.584253536206748,8.006293756285304,0.0999187744621884,-0.8877560308474517,-1.004640907147658,2.8002967728294226,-1.589737435159408,-2.434849192021249,-2.303468221534031,2.292709006312029
2,-0.9111452913263559,0.11853875318159166,2.4612058750813635,-1.6920015948249703,-1.0514297677926026,-1.6082512023063473,-0.02194933004498654,-1.5492436597768042,-0.1823299672953828,1.0862877641603226,4.465249561723477,-1.6549945384852727,1.8281005098528376,1.9350717250238993,0.899818711545963,2.872086991888451,0.718176788353948,0.3535491890266077,0.2238825331386457,-1.631516935947022,-6.535351171323605,-0.4110332200512412,2.140390599417047
2,-3.198149030896465,-3.236017391912796,0.13329642930015154,1.0444718586752835,-1.531980487189156,0.1557476574747096,3.123442502982369,-1.3172720120672703,-0.10623303002648701,-0.5661564792637405,0.08533852215741862,-0.09097066063665088,2.334439529515271,-3.9399495087847014,-3.076067903495384,0.06841950336752287,0.4823130006000648,-0.9204195588945472,-0.39758858301181543,1.71910559400463,-2.9345075993172913,1.4722590825485413,-1.216372103108722
2,-2.0900939220392156,-1.6053936649322549,-4.7063381576095065,-0.03545785886450231,0.20057401214471077,-1.2210255719104974,-1.2214044991382689,-2.3439437196486357,-1.2293247778973582,-1.1607593518400832,0.4853541812126031,1.616715149776191,2.8135533324937856,-3.193703533058065,-0.8059210886477484,-2.941834587696644,1.5454269131217677,-0.07589457887428445,0.9933974929389989,-0.5689429136711572,-5.281361909404259,-1.1109815037569306,-0.4158821469676041
2,8.081183040547955,2.625780838507299,-1.1936106903347021,2.913066920761862,1.3214900202148547,2.2968799407508773,-1.7781366376160581,0.7937687122127423,-1.4107061383767627,1.684716093368799,-3.5661640881060723,1.6689809674854919,1.5162660176171923,-5.069425807355153,-5.0501004476994344,-2.0261095128728615,3.028649990462982,1.0737684244105465,-0.49478083765737463,2.348093088151317,-5.961185784860235,-0.19439358940001428,2.9982847846363576
2,-1.1244590379593045,-1.2760386912974597,-0.4608472475313374,-0.3679358541650595,-1.0206921188844877,1.9170057776993996,1.15176454006021,4.805120904378934,-1.4659788031612058,-0.795286299825048,1.7819350444338586,0.1641073956220388,0.9824568628162749,0.41898643530322816,0.3232426272815109,-1.502950530435642,-1.3339599606408452,-1.0111907938136486,-0.8744708839640687,-1.2118074715907015,7.0409824925081335,0.28097894341533436,-1.1740951798555195
2,-1.2908591227219197,-0.7109311445713974,9.052229891999666,0.5783694571701069,1.2395764549276045,1.646387553523107,-2.4417585963272774,-4.330598535782033,2.8947313934334944,0.384112857466016,0.7847784466406429,-1.7540397877829466,-3.021127443924862,-3.782655369277564,0.09918297632975275,5.711393674704332,-4.4889876194100395,-1.391662957252541,1.3940941661163664,1.9603019715101628,-4.484039149339205,0.19519689621833625,-0.47728797006126544
2,5.173839883891485,2.7944721469378857,1.423513148024789,2.549624388343902,0.5223308178215312,1.8277268943910703,3.876556472420319,1.9908499089670735,0.7713481594651137,-2.250493311936604,-1.802891400185936,-0.0741077366148388,-2.4006754088413307,0.6115247192071261,-4.174039571017799,-1.0175241868897011,-3.5696567136147497,-1.868054579016661,-2.4412001156917342,0.4274391155060615,0.25741811799341474,1.0182820597822215,1.0833126195714065
2,-5.418225675799602,-2.087059418750768,-1.024434010535066,-1.67502251567147,-2.067645646037421,-2.0539565609895982,-4.173075228653351,0.7322170033897192,0.05444804651544677,-1.2258374500443086,5.826812586906183,0.9115865010201107,1.277722018920212,-0.9713085733820228,1.4116107534347082,-2.007370747196434,0.6427628937054433,0.7213428562702257,1.8681798906137537,1.1797578513265699,-0.460656155863634,-1.4644594929123855,-0.31670410748183964
2,-5.990144902733854,-2.289255110004824,-1.9407745334281423,-1.2965723843257202,-1.217591154857063,-0.4063513254444609,-2.471333781374359,0.325369290603877,1.3198395757420975,0.23158070953422935,3.3131954344361447,1.4775700432160639,-0.7934378441276431,5.112337752357804,1.633415485458001,-3.2760745118364802,-2.0681688615096503,-2.7125869848968933,0.5986436046187238,-2.705870994033526,-2.1741786918603148,0.2509998245480675,-0.34528240542781224
2,2.6361649447490003,-1.8464796549093074,2.5809584867643878,3.096168457343033,-0.23573935514575403,-1.4639453658725405,1.6463450290618191,-2.398812573142594,-1.9413791416670922,-2.3946336401366843,-3.418961057302643,-1.8370505249831663,3.628304642126762,-0.27860297743938967,-4.3192482050042,3.641601347382603,5.0831589636797725,1.9263321533024447,-0.839834754037943,-1.6376918364671607,-4.501880766967815,1.2280391586085646,-0.2274884719712053
2,2.7967507611826865,1.475208271435113,-5.773523013953555,2.025093793940105,0.6154509735322725,-0.43294199408184186,-0.44344033546889167,2.5651416191681697,-4.016433967228935,-0.2807455921167152,-1.9247294320530723,0.40304162663144905,5.957601474210053,0.6725718610047412,-2.8589983781942556,-1.795851029302978,1.9674666738000626,1.546278672229385,-1.1158402225880226,-2.3989321023359986,-0.05962045949459722,0.18761179185820073,0.773426195476746
2,4.510799443528407,1.15291252584068,5.424484303896586,2.5270971359871592,1.2684940573074508,-0.21406504082743066,3.447085967668433,-2.166384341624732,2.0079663803103283,1.1451208901705896,-3.5943493781916307,-0.9625032609257694,-3.482383991444461,-0.9576370668796428,-2.0191429495396203,-0.18776484029857463,0.04910653260985523,0.10098036682311864,-0.17789647125689573,0.1624122690123418,2.0758743386876763,0.042605634648473285,-0.23320021499804822
2,-2.858869415109773,-0.5739161459664631,-1.7127265083563354,0.15199101595004846,0.7270023627406326,0.10350652119802072,-0.712994501350428,4.130538959006367,0.39747423521056036,1.9089133369387672,-1.0957651228351097,1.445843716451461,-1.195842006885669,-1.0617611214934117,-0.0911728045018598,-1.4209255920747246,1.231214416737516,0.5455529185862757,-0.3498736497796277,2.675698509839879,7.932349472625103,0.3338120053739152,-0.5437738352383424
2,-9.46239731522072,-2.9901158537595864,2.164034284193867,-4.495138339933897,-0.3316476265469071,-0.684214637938136,-4.382023677890891,2.6319709936502957,1.4310550744178276,0.5243803016515195,4.507735123241139,-1.7146581152268356,-0.12257999917025915,4.662103238319834,5.0229015193478395,2.305123340846372,-4.657880140114723,-3.170277789304305,1.5082437321858932,-0.7157489408229216,6.16926978072562,-2.4290522086920947,-1.5772146132109093
