,0,1,2,3,4,5,6
1,-5.013271196590459,-1.3928917099993159,-0.6917800852535791,-1.2782087653411793,-0.45977229775839046,1.9839977270033224,0.9493885872720773
1,-4.2116823052968035,-1.0260751695632773,0.36822212798178117,0.5389816735848462,-0.22577725746378702,0.6283559916858796,-0.2157496347056791
1,0.17313180518572313,-0.14653110242855627,-0.02611482171191585,7.330212507207507,-1.980016347134786,-6.273427917211295,4.656125389169358
1,1.6740461039338752,0.2814094876289416,0.08701654111508288,-2.3132365078146773,0.46669079419807663,0.6790097304276833,-1.2634825783112682
1,0.33467232449961304,0.7684946987973937,0.3453073033392966,-2.700003659120182,2.5555496741687374,4.383720783074905,-2.982946750901013
1,0.6387120589964872,-0.034421327801722024,0.2462062089816869,0.5912269306600405,0.2786770543707339,0.5268178710591321,1.0022619445843979
1,-4.275031308023828,-2.6544490708922095,-1.979883886680861,-3.7661580403234787,-0.9200556907118168,4.028562965986779,0.27524202782222423
1,3.3134781639756987,1.012083948310314,-1.3827604063868715,0.9532219652219011,-0.23101544868849874,-2.31977741857361,0.3333739201908633
1,2.4998361871058545,1.667263190650636,-0.07899880423719031,4.8053746724263116,-2.266610835515406,-7.756049806545065,3.2090807822772267
1,1.9585315559809964,0.5122548760118888,0.726639778840032,-2.5871126349641846,0.946068512738432,1.4629906885678363,-1.4842141667165252
1,-2.7145654907899783,-0.9172621738013013,0.3554857592255538,5.06231930187363,-0.3155890919363966,-1.4139985241542399,2.638357042907282
1,-2.8419515581329,-1.130892073518701,0.4131192075658697,-5.686549125480976,1.624817774337919,4.693390844257579,-2.6116591787580106
1,4.993723151036936,2.1768192685788974,-1.032935995482557,7.412970847934224,-1.7831421469619835,-5.80531378524828,2.1106902520297917
1,1.3285692282656159,0.2823589591054556,-0.8422392363992536,1.1266013181484058,0.1329863746157677,1.2011199715511394,-0.8556354697007644
1,-1.2281384683437875,0.18623877835358357,-0.8811734611713233,-7.137189618174952,2.3201695066620207,5.630611556282718,-4.400266203536073
1,-2.553816679681508,-0.4686571602329033,-0.2876894438293718,-14.138925961422263,3.545109972112975,16.21274125652646,-9.215630675316307
1,0.9328298537594191,0.7003719459427699,0.3399162920326495,0.47645832839196706,1.6226731212426666,-0.8919944154221021,-0.7233427531352666
1,-0.4609479482509056,0.3903238858809123,-2.48836720409066,-0.8156201315052617,-0.8591724572005097,-0.40137186844084627,-1.2943956784222654
1,-2.039169896473265,-1.16523603284639,0.012938772233972462,-1.2146925521135845,-0.28079983590224616,1.2741344590260106,0.8426206617957392
1,1.1491305471822821,0.3610208351623309,0.21116934512484542,-0.06750672340198746,-0.6865057043371601,-1.104336235065454,0.5750563149104027
1,0.38573570571627597,0.13762658318624188,0.2764771738844631,-1.8318790222071628,1.444080945446656,2.495979574816282,-1.5866961848624934
1,-3.421829041526618,-1.3996295653012207,-0.5806857461647188,-4.427516403040823,0.5715014395172109,5.892532647455549,-1.8503495859711343
1,-0.767033720201708,0.07768634318684603,0.4057460765405271,-1.8585586408431563,1.7231864184075252,2.2834634079415497,-1.9629762759000025
1,-1.9307181405869343,-0.6925677964666747,-1.742735725890781,-4.125321556165271,0.09888830942842966,3.1070784578498447,-0.7123697175156153
1,4.525635197484535,0.6870335789579514,1.1505183012488085,-5.368920545649258,1.3046391041070533,7.11031496272046,-4.723661658759369
1,2.2896491784794217,0.005208153897168111,0.057694234487728854,3.707176512009734,-1.210660649444796,-1.0280926922530513,0.13638505183463867
1,-1.989966464471309,-0.6705781096571413,-0.4387308607080974,-5.211918531863215,-0.1830172750836664,2.0143120448600764,-2.011304440340535
1,-1.7009776990091525,-0.5097407280403257,-1.352946701265183,4.879699199191337,-2.0938532476709626,-3.969531579298691,3.789904045712654
1,1.2026454776767848,-0.2848398820770883,-0.144841657240256,2.3394051851552495,-0.32023444702517534,-4.114277002153335,1.343235896891234
1,-1.5208590206689379,0.4437289429861849,-0.6365868473482735,-0.9799756234519325,0.8882646979377095,-2.377982220212876,0.5966242659984609
1,-2.9865528022522203,-0.7351761399126064,-0.3006722252232614,2.428479617155413,-0.80222782036517,0.019307679246780535,1.9442215104261515
1,4.355955379949561,1.9849053162259138,-1.5272013073111737,4.2800139885979025,0.7072955880610095,-3.080157459157529,0.4022735797845441
1,2.679922550095163,0.4727368110246922,1.5787358468946047,0.4982555266114485,-0.18190493688029533,-1.101692681354491,0.45171381959958035
1,-2.3837418949186895,0.7285699416069233,1.638666152841633,-6.537123549757949,3.1963628293119752,12.362544902286363,-7.649736927074059
1,-0.7645489328660631,-0.4866270497106169,0.5006132924773153,-3.9869519016370862,-1.1354846819966262,0.5632664676236123,-0.6351009845199589
1,-1.6146209085880188,-0.8894592710170599,-0.7485001316198461,3.883367801269175,-2.9514206364249187,-3.890500575649289,4.613131358339306
1,-2.453223295471255,-1.2317109167757414,0.023262771992280887,-0.32621102036683,-0.12362362949271599,-3.7781570964691227,1.7106562300897155
1,-2.3998964962721887,-0.8221667322836317,0.34687094086181136,-1.1419873043755013,0.09393353200540644,0.4941239492394073,0.9048347636533447
1,-0.07441469782506888,0.08693110536646563,-1.1926926866215364,2.59021784999959,-1.2697928816656165,-2.2459375959197834,1.732595178576255
1,2.3013278982437493,0.20425596710009145,0.49809331521406064,-2.1023029617641,1.3949008395617835,1.6432070381356476,-0.7192586597347792
1,1.7952312647198578,1.180763767231865,1.6275789194578423,0.8141488823794101,-0.12724807925673715,-3.3968776950140205,-0.7506828281542931
1,-0.8415953115596806,0.28056730860681245,-0.04343343928342461,-2.5838517953671007,0.8835864129335756,2.4272408512380084,-1.7541928743145445
1,0.9263973494631093,0.10928640030500775,2.0407230318432883,5.16918510904891,-1.295239516711563,-3.874713754752943,2.330718151861234
1,-4.2180166691570795,-3.0165796231554145,1.3200464097994127,-8.308500541016246,1.4693301043489027,12.469878902684592,-3.70544023660827
1,0.488545789441093,-0.7799661433624071,1.2002794703758988,-0.7067062805813912,0.7954330072359107,3.6531775286832002,-0.5867335693822056
1,0.8813881410745323,-0.06641680149680881,0.4895442553977006,3.120456672447211,-0.31942442073822247,-4.452928749675619,3.267210788369909
1,-1.9962968729669321,-1.5320452769804147,-0.05372240407579222,-5.76279287047503,3.454036179798687,10.949863941341798,-4.111455490860343
1,-1.2410504142001966,0.4013108689219606,-0.45329877496787496,7.244566948811525,-0.8230341415609693,-7.447507674036918,3.8456247287021643
1,0.8402149540556086,-0.9588952601992401,-0.2993639082633877,-1.2431369386181554,0.46719362229123274,1.9655522331437147,0.12485446079417648
1,2.623570444892572,1.5846622154970564,-0.4982348489666219,3.6775670351657204,0.26451356842243745,-1.7174443024702672,-0.5659027322122973
1,-0.7853709514149563,-0.42178590660497306,0.8971121805644052,0.6226294257400404,0.19475704303438093,-0.19664756581275195,0.4473028294751632
1,1.1690230424346877,0.5184786083704029,1.2071860214304377,0.637929408186025,0.9325171908579128,-3.275234048198581,0.10328548437976862
1,2.1825036238352955,1.0284341966847148,-0.3019067978877538,0.42819487710977455,1.4752877637109407,1.0107959452230535,-0.7597891779805948
1,1.4656593485826848,0.0759120512071324,-2.2784761913353724,-1.5434926380664582,0.9145714743999418,1.502431852285277,-2.3446147919376146
1,0.6122237387115741,0.39836298726593,2.2322804724532976,2.150267412938349,0.4255408777993465,-2.801755450699949,0.8054851372079388
1,2.1460651298522815,0.9335014331058822,-0.8056596300053593,-6.703649230661864,1.3740052126200961,6.625259468191743,-4.475556792154197
1,-3.4985375031922,-1.6988557510227562,3.1423042847304425,-5.668657528417597,1.1923677462283178,5.669399085817899,-1.4581536827399555
1,-2.3800962905702896,-2.1864498246790225,0.28655986331612887,-2.1393547424306916,-0.25687130616046255,3.128365709967925,0.46760395011129485
1,4.874337042653847,2.1000641786494842,1.2014243448141708,2.9497983949867232,0.7273484027233331,-1.5896097582999422,-0.5257550854228328
1,0.06309826955298047,-0.0514635814661913,-0.5343185247247196,-2.576495017705109,-1.2535147763257943,0.24261214724328878,-0.48701110429445954
1,4.333053077222432,1.971012427633645,0.6872730426877337,2.407711618581121,0.6264029117300266,-0.8580797731948508,-1.072988098861814
1,0.5116549875604788,1.001861875031991,-2.4529696772747305,5.734259674686485,-1.0462050708208426,-4.7379950225110825,2.6108670047199807
1,0.8545249374114318,0.1623494371970967,1.7239487171754475,-1.8664283774102146,-0.0008193829197152228,-2.942532845132462,0.5570328951070769
1,2.1968761061278514,1.0350916851950305,-1.6922609532140651,0.5282112780380023,-0.5560055957934104,-1.5727452598611198,-1.1344145875447973
1,0.13024505398005967,0.3978054411184801,-1.0560579454273777,2.8065050061271863,0.28820250025061384,-4.155940606203468,1.1453331446581683
1,-0.5688789503570427,0.7729599307668216,-0.16453791143636393,-2.8785288500714,1.1462173635655637,2.032186821317369,-2.406759976104227
1,-1.8437629758983858,-0.6458003008883575,2.89806472652192,-2.746444494850329,1.0624087361607897,0.31406572398999955,1.189736331034088
1,2.077474795637659,1.6061090077086684,1.8478610597943013,3.704230237972362,-0.7508690278457109,-6.826896791949652,1.3374704494293301
1,-0.7042206641070948,0.12909992994685077,1.5777991529180777,2.166283192658621,0.4539797188032466,-5.582145888954139,2.5389632206983874
1,-1.4017160908505513,-0.878275607455954,0.18032734773935472,-2.1503168809631417,-0.6387006800052035,-0.15813905572281073,0.11765965399217931
1,0.5757401089696278,0.010190520376002155,1.6163258590875818,-1.9925283433850212,1.439486413719534,1.1840626034954864,-1.3459424796047523
1,-1.4434941234514331,-0.9970243407972177,1.409922316543716,0.8767052705137467,-1.4392036592313062,-2.9558134061112256,1.7583215012203806
1,3.4891266102430043,0.6893341622968302,-0.08669218370993834,0.5442229669688072,-0.4246968044611224,-0.7181490937547206,-0.3082318891451823
1,1.415663452988052,-0.05339753864674168,-0.16844905716390476,1.1789183879599063,-0.08452435986245599,0.8385621042603557,-0.06218952556241389
1,4.243004015417211,1.8397317844156627,-0.8304594218456498,3.409933454277589,-0.6660150647926615,-4.973086026427102,0.7466879621143592
1,1.6469808002969375,0.9338180096199327,-0.11838210865488492,3.103994531510798,-1.0227990644046512,-3.4096278074873996,0.7921699877914051
1,-2.3941402456098486,-0.5163965037188045,0.5846063421889404,-1.6254014121771678,0.8917921266556886,3.6513778493301543,-0.88229556278884
1,-1.699863539761575,-1.0555794780650096,0.4266654022060218,-2.992907086293286,0.22982967542477792,0.6855540537836377,0.7702876786927345
1,4.643207141340828,1.5446110841157177,0.4568168759343739,-1.2363493035889666,0.12401782708344884,-1.723852659469268,-0.7450316690638908
1,-2.2097089441328723,-0.4235412654873707,0.3507672388475102,-1.2437146955372318,0.27944666023515763,-0.9088387693734382,0.2396964882123789
1,-1.955331858655472,-2.0771269963416747,0.17205406617311061,-4.346735707508797,0.3412896442371058,6.395115634733245,-1.643441898236403
1,2.296483781492339,2.001840416887066,0.015569886139339942,-5.7734138934690895,4.4690844001708445,5.440888989813325,-6.798202204430699
1,0.6105045308839318,0.06414889447975686,-1.0517235984857807,3.774583965688947,-1.1356220267154784,-5.436455820254107,3.067340664731651
1,0.5990898041879463,1.0461669668913471,-2.3298900826446425,5.061717326776719,-1.0187077100509114,-4.989095157591645,1.3744338371199765
1,-4.088464068645167,-1.7727938302382285,1.6261792130162527,0.4269895026740784,-1.1241753199686029,-0.534314164874024,1.665563067529721
1,1.6437642460585937,1.5657824619933998,-1.220974177527243,6.200887537469735,-0.13948154097613594,-7.64183088537886,3.399235548664085
1,2.260107578989107,0.978263956694204,-0.00485463086795074,-2.683722552341111,0.8697335762222923,1.787668616847594,-1.7793144960100309
1,0.9814683809786686,-0.5608174070275507,0.15004456828862808,-0.5009900386117877,-0.4042369935691068,-1.0709028428611547,-0.5784777392322988
1,-0.19751244255443415,-0.7949605948800292,-0.5859846130668372,-0.4872158624590184,0.27615722055336955,-0.5640957604827509,1.0217285182227949
1,3.6472842310014872,2.286041349247673,0.2292888935681472,1.886786027003482,-1.1412597876120574,-4.515483461211458,-0.09687837845415692
1,0.8367628491250894,1.0396503809925965,0.017191263582186117,3.323227814288997,0.4589904628616867,-3.112994039751476,0.07045579691767824
1,-2.725379269875725,-0.7694189479468658,-1.1630563201051185,-1.8486247379050575,0.3318781805642653,3.9132877504651695,-1.7578379917402802
1,0.19047581263916982,0.08745912728879308,1.8233061047006254,-2.5722428335448493,1.4592451317609407,5.113865324403299,-2.5931079185285513
1,1.4634064250289016,0.9343552914968518,0.1779388160923148,2.469772284153529,-0.5708122602886455,-4.338630698486835,2.002144697130259
1,0.4443800973961238,-0.07401853407957357,0.2382511761105909,-0.7494092211783779,-0.0452594875113752,-1.8218680846580135,0.49589371329788856
1,-1.2561644256745614,0.47156735635841807,-2.1971599324947535,2.1074451375287415,0.9429421128419682,-2.3747713754032267,0.5596146929257303
1,1.2501078842318158,0.7476620867960354,-0.9628059141425667,1.2604727464601435,0.20637900709205853,-3.1596526858815883,-0.8270743136034933
1,0.9402283438897676,-0.2366419601839322,0.33239293343105203,5.005312624352596,-0.19517398847975378,-4.483908417622485,3.2943482751869375
1,2.8452607704826973,1.4022037043897078,-0.1792978445861257,-4.118168902304464,1.7641678509336074,7.66378948980353,-6.238142000190303
1,3.0065731663850768,0.6662768262995838,0.08498522453692645,3.7243088990385043,-1.1049883208405953,-0.7536026517502277,0.4839140392412591
2,2.697654672973621,2.1964206458808615,-1.3343895284231615,-2.660753464196422,1.572211957837497,-0.19972033582180343,-3.288260085781826
2,1.0448185981221751,0.3303273000712058,0.6137809272312934,0.9814527978704249,-0.5736545418079845,-1.870187983437253,1.9494783731574679
2,-1.060677692790874,-1.5804837656671893,-1.5736870752451793,-1.751428210115028,-0.27784513260971955,3.472837501119715,0.1797523505645875
2,-0.3454513133793931,-0.17061393878813957,2.872861269193381,-1.1312996345913229,0.8833938989837529,2.164339843051063,0.3508332412609484
2,1.5033612713219984,1.4607890968670765,1.161934958000269,-0.48100942376887773,1.048100190510699,1.1119744772054614,-2.6569335813253994
2,-0.7918585840740897,0.8941004943492757,-0.48882186979142944,4.445526875683086,-2.6416033790066944,-3.486657965072106,2.955694219599163
2,-3.1379778132871765,-1.4241450951190546,0.42827800459649484,5.391913684184703,-1.9594309815660103,-4.656035024803235,4.944895393126986
2,2.248301903112062,1.0358454559770238,-1.3761867915399526,5.305664691640009,-0.9632734443321814,-1.6639372939144996,0.9076520589670192
2,-0.9020813182767532,-0.407062670697281,0.4496042406866349,-4.8803117698099,0.9978915386136579,6.210660367496951,-3.326604214339518
2,1.142804609368798,-0.6990541368788841,0.09149357463640459,-0.9892930344952208,1.0403140456277942,4.047640773940167,-0.40240198212118183
2,-2.0059446728140613,-0.6519546342338851,-1.0021336805491174,-1.4376386786419266,0.866804011986648,8.56346369431446,-2.873213715433066
2,1.886192381968453,0.27358552937653435,0.5193991078010624,-5.782676254505812,1.305199028300521,4.113634637658643,-2.8322373743138862
2,-1.3511715332896246,-0.6612175246777003,-0.4794949995607694,-11.61764503818601,3.458050550567957,13.501867496486293,-7.707582656239098
2,1.4649919169807812,0.8759198821656252,2.0381925280216944,0.32869715342618677,-0.18344616535071442,-5.370758759206734,1.267142900156643
2,-3.461856379061546,-0.9058015081904622,-1.058836610924783,-4.516089665179831,0.11915655766938782,3.406020177614621,-0.8713683033038707
2,-0.4450372085193461,-0.26564539291437117,0.20224509448294986,4.27098948795335,-1.0132366115960878,-1.3242445337475788,0.2543512682942785
2,3.2534778723453988,1.0589907817654243,-0.22858486817422885,1.1300561740060964,-0.5135226020563151,-2.5210899198190178,0.5535014201194245
2,0.8615922695877601,-0.16428625377564404,-0.17330876062280076,3.1054741855436694,-0.36489215937036423,-3.0265897023450883,2.868857891950658
2,0.9193915426990528,-0.532522905299319,-0.17187026612195913,-4.332872808893254,1.047685143614498,2.571167338335726,-0.9067829207154194
2,2.848920968032852,2.146049621101454,-0.3970027291537335,0.4015459357351674,0.6519674978348934,-1.941206991211001,-1.2677744806283322
2,0.37623577372905004,-0.6853450179216983,1.7007652638538426,3.582615018463994,-1.400781515687378,-3.4337328570494905,2.3829026920068648
2,-2.812652539515773,-2.006194479780073,-0.014676145408481856,-4.745591407676054,0.06698499905012478,5.192660668997239,-1.498161072056578
2,-2.4297430516216103,-0.9566253158876643,-1.3653607132566112,-4.229106378248111,1.2111497285078072,2.440179955178497,-1.6636465919504138
2,3.663940265300078,0.9779350615962605,-2.0272334442606352,-1.3632447107485155,1.535594427058769,3.6483209454099463,-3.11578227117576
2,1.700808912180032,1.244791573301987,1.960540494945237,8.413054183531852,-2.4137816625067865,-8.69715412032815,5.133161212068289
2,-4.219604517949064,-2.236933409681534,-0.1780480741136815,-6.992132831802106,0.4211673229500981,7.859667280645645,-1.307972841111999
2,-1.9277905763754473,-0.39074488070312063,0.880089106426743,5.567005325777676,-1.0773137076080845,-2.5421438034523005,1.4646577648294414
2,-2.5608059719428224,-0.9574529434611443,0.15298098493104367,1.7618815027564538,-0.7388528624041671,1.9567067307148838,1.8583203387970082
2,1.5538280526317885,0.7044850526078184,-1.019777549152538,-7.864723769890015,3.2895675406154012,9.959198263768338,-6.690502208382655
2,2.181527362831439,1.0736900479129077,-0.14935349259267158,-2.834023586359413,0.9758399424604888,0.6123896148040969,-1.9042144296569246
2,-0.7441705356108758,1.2166446277537775,-1.1365547808466459,-0.4489096174679654,0.6867927366121435,-0.8178635272737034,-0.8074751342790689
2,-4.524668104700462,-1.388852164033336,-3.6444926187214874,-3.226058430040305,0.9360482901095555,2.037295382787654,1.1130319529899686
2,-3.2737016614014505,-1.6549821847115285,-0.597378519436879,1.806650690423936,0.23448904866021097,2.0088543949757853,1.2361099351453915
2,-2.583988284597496,-1.767051476826514,1.517745468463318,-3.3655228170053304,0.05114746906061426,0.7618188227348395,1.070217715881463
2,-3.4647132578200117,-2.3060168693642593,-0.045002071358292164,-0.4075813165631812,-1.3979974959227184,-1.4349693730221922,4.44150337839136
2,-1.9132730864985865,0.004703865727606227,-2.0532948701990446,6.562342407818932,-1.4791983588225468,-5.773461368650061,4.191004508742598
2,0.29941468308179564,0.34350511719360055,-0.009317677089738952,-4.103875445862636,1.1794969900626853,2.4248985186556555,-2.349886949721756
2,-4.972410745953163,-3.1235010461669805,0.7112382496346834,-6.707143288872116,-0.7243982829192415,6.357558911464366,-0.7052595012217666
2,-6.621215574639993,-1.4786554705734896,0.5740337562083568,-9.92611098153511,1.3968179635787823,7.051882226764195,-4.087699619291404
2,4.261535519369995,2.0870979083941883,-0.6508144919565341,8.535148422471458,-0.7099308951856601,-7.490433073960577,1.9020488743708728
2,4.965524705462525,1.1174028520455233,0.5309205001433529,-2.4068845292791115,-0.16442646450917064,0.2904542771883763,-0.14837971675209216
2,-0.35779383189576597,-0.3965262619194314,3.7563878778986317,-11.148282463321776,2.230878528255639,9.0899230946782,-5.074219591529875
2,-2.2168937370843476,0.1852434403348736,0.3263433974932999,7.854088273454191,-3.0872696212299093,-7.510580004559576,5.127933933631308
2,1.9114046825813729,1.2090158330055694,0.7598223734465295,1.4654585631048547,1.9570789697662785,4.942535450762985,-2.1400291186690583
2,-4.337854309789622,-1.6757142833992018,0.3009053418891881,1.1208214185508862,0.4267037380848779,2.1113177851753946,0.2014917300745717
2,-3.4338486324452773,-1.1753483118144492,-1.8918079873313844,1.9430181169738816,-0.5165866791620661,-0.9600015664438512,2.2655439874408136
2,5.492617289910315,2.2052886319756366,-0.7031348405739294,-0.27934217505608033,2.4073165475806917,-0.6314969694529159,-2.388492526192053
2,-5.613717068936107,-1.8560212586147573,-1.583268937495294,-0.348264486268192,1.1465680445891706,3.8539227236029303,-1.31336024442392
2,-4.682858927409073,-1.6623753227661797,2.852525198040672,-0.018591046830279085,-0.30733764271853053,2.565090764077791,0.5429635571635595
2,-0.9165114160216927,-1.459657797518022,0.5164191927909367,-5.187404320262992,1.4793526070863638,5.604415360156228,-0.8852437560129515
2,-2.5088520423373706,-1.548917631292232,2.289700072674976,-8.086563032868979,1.1848259652126267,11.40367278188836,-4.043727655445207
2,-4.9148473227904965,-1.6108915713265575,0.5966029197079771,1.813627685209733,-1.090992734773197,-1.7152649916838834,3.4259798352696365
2,-4.480521230564758,-1.730576807138891,1.5000736539838477,2.8363687559658843,-0.9603972651721896,-1.6797936987344164,3.350612446549192
2,-2.46815888041365,-0.3053676709646386,-0.12569325863239736,0.47244754897318925,1.3647092179136469,-0.1687471900349941,0.3173346652795542
2,-0.2174374214987463,-0.7128860630176614,0.22275907889719204,-2.0781056968570404,-0.4086856251170762,-0.8764569292815427,1.0253011189565446
2,0.5662288647077828,0.9348800195741692,-1.4353231801388011,1.3484492674140645,-0.5701530558222973,-2.3289521364664814,-0.3458603419512051
2,-3.730572329836322,-2.985501459093308,-0.1213223992886215,-5.417111700388715,0.06900428381961729,3.885784700759656,1.8257903203202135
2,0.7148691538420472,2.8124381329253065,-1.6926077970031894,2.695947657543479,-0.4853120725339104,-3.4542057531736536,-1.4821107010446841
2,-4.526634059228455,-1.864289677951746,-0.07891991944484936,1.053335439523533,-0.017829660779215016,-1.3780794366203442,1.914148455858906
2,-3.7207217014456315,-1.7282795598945737,-1.1169314531914114,4.025464762354396,-2.6832132523233896,-4.262235136756408,4.456567572879227
2,-0.4113850530482204,0.20282489136927995,0.570413128702152,-2.617649518890272,2.492631301961627,7.927971818682445,-3.164617911247686
2,-2.6948500360759553,-2.0686940788269554,1.5115420351625506,-4.5012444695062666,-0.10294399008944208,7.150614939293647,-1.9007518328866506
2,-2.1785187218712863,-1.2486371755127352,2.9289580285241805,3.0680434093025903,-2.6020980438938706,-4.096323568133632,3.497508830014456
2,-2.2553119050506054,-1.543621693537671,2.1834003835347433,-3.1996937182452405,-1.1307048376925841,4.347153636864297,-0.7320098575252182
2,2.376850188673968,0.8119717588316808,-1.6429016277810933,-2.826380569122991,1.6177835775731302,4.649601614527742,-3.8998597837088944
2,2.4352845944507835,1.1220594770835846,-0.46921343297720913,0.20511215096881638,-0.19686811557995298,0.3498779361234777,-1.557488101012302
2,4.7080368983764895,1.8536347721549566,1.398451838403943,5.477998117418568,-0.18131849463305605,-9.307524519243731,2.790347016110461
2,2.965858331004001,1.2855688628338091,1.516666250712767,0.7621718282549629,0.4212253241036037,-1.2942709820444522,-3.064172635872441
2,1.6666856951436004,0.08469323596410255,1.0497892240981077,-2.299412266191827,0.5105538920769518,2.18382133854504,-1.1898121476223344
2,-0.792656088212152,-0.13326657264941166,-2.487303912678468,-6.267130097587995,1.348094365329907,4.6923271733573655,-1.8861423848674055
2,-0.6263699370237714,-0.2993511958778843,3.1531198848978685,5.764766166648783,0.0850690857083431,-2.9059034346311434,2.730322870200306
2,-0.0011105606518209687,0.269446470538149,0.7828548789530801,-1.7525949549519684,-0.05641896047976269,0.02305111513537727,-0.42972149550427513
2,-2.764132201824344,-2.375270607777572,0.5464071072190362,-2.4016223449528478,0.0027416066763680524,2.9574159975221126,-0.29782389720969193
2,-1.494727409045591,-0.5049745934587105,-0.5524709924072977,0.3728476995091409,-0.27868998209688345,-0.6446099199754453,0.5470056714886584
2,4.786682232130358,1.617940788513093,1.7519054115487098,-3.240748509448825,1.7976488349041517,1.306794501630851,-3.75306315647187
2,-1.1881208767109932,0.0850023028422352,-1.1891099088076869,-0.34542962005873673,0.45562479320834703,-1.4738650270945297,0.35413801948649193
2,-0.08816960375047417,-0.5512045822297978,0.8105703823860919,-2.134468755003653,-2.051495747891666,-2.6623249658410564,0.7458820310065167
2,-1.4880720029236392,-0.9798257925585816,1.210126507694524,4.5383925613642795,-2.997536268446814,-4.2153040487322,3.538017517744914
2,0.08433039693766252,0.4280654968993602,0.13980475773686965,3.1952011387740487,-1.0122541910972198,-3.8480992303720867,1.9746872378799754
2,6.678656302180084,2.5035893932473914,-3.125222654216815,0.29098984015292473,1.2420657999131341,-0.914750127686856,-3.0245062924829846
2,1.1440934103179075,0.5189293160203525,1.043919950367263,1.3521417354551994,-0.5518033109323525,-0.23998018583971248,-0.956796129535608
2,1.8479306967799323,0.35773501786428624,1.1492657032926696,2.981745738966943,-0.6553009459468194,-4.389824218441837,1.1730326455085738
2,-0.42718653498452563,-0.16126172365922306,-0.5783768942297124,0.28428244872662184,0.46070933770455247,1.6879725257314924,-0.6733987339077049
2,3.0664343153368896,0.9730927778276399,-0.11962527015243565,-1.6369892770729932,-0.36141494428833765,-3.0071188265330604,-0.3718519586119665
2,-1.6391945611620744,0.4890265756882435,-2.2046043366196866,-6.532797863531978,0.628288462132926,-0.7287597792581739,-1.6008123634856697
2,4.382609247962454,1.4617062977602193,-1.02637390495952,3.2260364464534375,-0.27396109329027185,-3.485722853309427,1.4995790109912894
2,1.1924952508928024,0.909496712753074,0.06686361446764574,-4.130252005701088,2.66160986896242,7.899665955658208,-4.50463039407314
2,-0.7872862191517178,0.5265890785733529,-0.4593782249697058,6.173995239971388,-0.6635258148957844,-5.754303176631868,2.212395150616355
2,3.788218766207237,2.412130480681391,-0.16384953865280424,2.983117152925543,-0.28794017060017674,-4.641364516280359,-0.08346941180525475
2,-0.28612824043244306,0.21797451825349834,1.198852107197372,-4.541507490700946,1.938523516299172,8.728864306942889,-4.891349753556315
2,4.5249716371213475,1.8536028179576949,-1.3157451715643742,0.7217208957110878,-0.3202996956172614,-5.214197496474567,-0.7746918148558319
2,-2.1802841094947953,-1.2437183045697229,0.25418033647584914,-6.1795351335278585,-0.03965802578939439,4.365842374979395,-1.5660600453738962
2,0.48535024000834404,-0.3395400950724714,-0.7362587000046117,2.430731066578728,-2.030663112562327,-3.06540113673596,1.9457987195880164
2,-0.9077671455363306,-1.6067825228806956,2.0356277532531264,2.4910991911137033,-1.6049567209943856,-1.7104756702742592,3.6369135013833924
2,-1.5282907910494918,-0.6079868828441499,2.217813975756791,3.1902047139648047,-1.687038398799893,-0.12408151374941587,2.297797868645776
2,-0.41294368615313626,0.4690396216443856,-0.31522218411112884,-2.7757985722871052,0.38609435760177035,3.0000796067389963,-2.6175483639398944
2,1.626607451187019,0.19377799659594136,-2.3692514027853915,3.339185671512713,0.014275030864849922,-2.4255555298492033,0.9326875048037567
2,-0.26264500716178363,0.5167012930160414,2.595496036513208,-6.868833521451105,1.0477664497473111,0.2829879563375616,-1.188718810251281
2,3.08465194183876,0.9719333731517199,-1.1181180305389973,-1.6981051034591368,0.12992799631835222,-1.540632717506262,-1.0599904134597493
2,-1.45498350663267,-0.8957449712964094,-0.3215259254321911,-3.1694019390596497,0.8283761601436108,5.815939759500671,-0.8601450608775972
