,0,1,2,3,4,5
1,-0.7225417486500874,0.42181632612603837,2.0467374122358817,-3.729795584849513,0.7038929146826305,-1.6338877168902648
1,-1.7699721021060306,-1.9221581855120684,0.3350477628939652,-3.156440110335705,-0.9003727113661266,0.07764650708836915
1,-0.8133679421718056,0.012061284205243786,-2.6451629662809846,3.5708363608955773,-1.5132047918577265,1.7935472502332273
1,-1.9649157125585985,-0.38343939573896546,-1.3702411314110776,0.8976982469530879,-0.5795419411526432,0.5771812368434517
1,-0.9816270022026239,-0.42702271791680946,0.29630800921603456,-1.7321516003545432,0.08394362077212905,-0.04882868199460787
1,3.365207423143388,1.7986888241500494,2.261337684786102,0.5707022297370228,1.6473209102422188,-1.621699318133968
1,-0.02667108865101994,0.14931337379080142,-1.7595133938097247,2.490441775487517,0.07550297434518922,0.4431849543373334
1,0.4660176706512865,-0.2877625187255365,1.7435972034334994,-2.6716036021174823,0.4861950265347732,-1.2857309683075586
1,1.623938147940993,0.4921554630367648,-0.9534827035718383,2.3430267394080495,0.25769892434013103,0.16322984909853977
1,-0.0929550969741634,0.401150372102386,2.320523776888667,-3.4370893831873426,0.12050915253867929,-2.0502909589187595
1,0.4731280760559705,-0.4819093630971518,-1.4003155338547133,1.374845729234306,-1.0712849459417835,0.4799520628126973
1,-0.1233487339193844,0.0006687353959268505,-1.178442323891888,2.433828342164941,-0.5665919553793957,1.2780265778139392
1,2.6486811426609855,0.6707148718263178,0.9394312820875022,1.8802135619226217,0.49906542952371163,-0.1092751813694044
1,0.4930462260990141,-1.030422903435423,-2.700279971653383,3.244563042436293,-1.5666977201072299,1.6381972741793196
1,0.6803692268022071,-0.2525376427724206,-1.7277534419322516,2.9024656619263984,-0.05651112801590684,0.9649818471942821
1,-1.8750151834973636,-1.2318260989439695,-1.1155452250816313,-0.7245653354584256,-0.7303258109850664,1.1901902018080912
1,-2.9386602852468986,0.6123646084617048,-1.5721965932222493,2.3488509341806205,-0.43904883294235064,0.7815780429355306
1,-2.4771501532653923,-0.808715731223473,0.3650155700979546,-5.01946688888623,-0.31078808971613403,-1.107537249295296
1,1.3943942662479119,0.5489898566998318,0.851224230640564,-0.3405428841008592,0.9956471759211903,-1.5703286045008509
1,-1.6198091488029251,1.1476246493320759,2.398816531924452,-2.59458752450987,0.47442080500082334,-1.2319070257323927
1,2.750103875399604,0.11896869568125742,-0.3269484671424783,2.762145324429212,0.048806454724080836,0.7432722596299013
1,-1.7224749547509024,0.48526765497832103,-0.32664294169370456,-0.2065459719888469,-0.4407808559571973,0.25457097723881117
1,1.347442286629731,-0.7606982299531946,-1.3200516663672885,2.1656233841861687,-1.0043199917857455,1.289705038833757
1,0.5901013786087216,-0.23213607755997334,1.5384283553487252,-1.5618620479357725,0.38313141233133813,-1.1855379790741858
1,0.18672052056524033,-1.0115715626681756,-1.2374662837226584,0.2513746564594147,-1.017693633976949,0.5419481770837608
1,-0.36991380912281024,-0.5802833099810029,-1.9134434061091385,2.2491969991045173,-1.2362392354164236,1.3213585709405262
1,0.17072193509964204,0.04913562275560694,-1.2626018586757224,0.6680465475069328,-0.3217710433169145,-0.2020454577261916
1,-1.562875905710508,-0.5691944409988677,-1.6775484951567305,0.6820030405174011,-0.8752429612217149,1.035134566552608
1,0.2286671221553626,0.9943411693155992,1.4869436989848486,-0.9280474581118302,0.8965712089680982,-1.0724468462033605
1,0.17682930720408313,-1.346428214915977,-1.5048996727777846,0.08584591003307863,-1.143740891097952,0.8359596166710673
1,-3.002857940491951,-0.09621011584630099,-1.2838918299446331,0.9489544732929814,-0.7328639190027049,1.4653670854372043
1,-0.09455790145556117,-0.5915579444066357,-0.59581540156232,-0.5637162739600031,-0.43443823308890434,0.3888075424133026
1,-0.6552016223453232,0.7881290012099255,0.9674355404396426,-0.18994435086950334,0.828588894344429,-0.29158335216294
1,-0.09444011879252245,-0.7199573030267769,-0.8733697843644448,0.17442890471379124,0.4955252640713298,-0.02873251197338074
1,-1.0187306506261273,0.2525908613591154,1.3169678633199347,-1.931756803562024,0.15383074815165507,-0.7482710106408004
1,-0.14352541038495029,0.11674777274837453,1.6959248105188762,-1.2332848532577438,0.05018190924728014,-0.12071558155023301
1,1.1559097937179565,-0.602913550726133,-0.5321956315816827,0.9941495598358542,-0.1257537080403039,0.4631943956956911
1,-1.1116971284652566,0.41195125596129206,2.449250273637901,-2.9391386052026767,0.6769083130966185,-1.0008840311122882
1,1.0728808510920074,0.8232858474150299,1.160300329046427,-0.07327445785516579,0.9764681164739706,-0.4618656477662705
1,0.2561798481193248,0.04699584713232521,2.369660237978101,-3.051911456715832,1.3813520256722487,-1.4804968161101768
1,-0.5351692743749151,1.4739849205482907,1.5278581572855046,-0.2714493866198699,1.7612961205347148,-0.38165291883188296
1,-0.13225114596393028,-2.0070435435346567,-0.7526639243516373,-0.17308578242786865,-1.553400430409104,1.9936145174607462
1,-0.9591950630595162,1.4947002273279901,1.4523806733415632,0.21087357316333624,0.7374032055879023,-0.24672379571340403
1,1.422035289205738,-0.42530268318985887,-0.7598445099103995,1.4817057541091239,0.03797280638849271,-0.2085481262535211
1,0.4547229130904632,-0.1373247962037898,0.5220799504739173,-1.465939846517564,-0.139540464804913,-1.1267899293287156
1,-2.7051387485668337,-0.2658333236208258,-2.6311053467355965,1.6694961133134671,-1.6793196775929335,1.6849293046926503
1,-0.28790219486751034,-1.0554852728412085,0.42745029308545746,-2.113191699816887,0.1409587697373732,-0.39041463053354863
1,1.3604314316777013,1.1429589769022483,1.8419881371462086,-0.0579179349068491,0.8937013541000841,-0.6731778082168276
1,-0.7547356913276511,0.01337454823743757,0.14323507491605642,-1.1610531256622354,-0.6222176175059718,-0.15318368147081657
1,1.242697832978204,0.16065435965379665,0.6699334135224765,0.3562094454135597,0.2901034653236234,-0.1555517577089583
1,1.0622385405633743,-0.24303485955809528,0.08124086657926533,0.7037730785727095,0.5263910595564125,-0.0310913126275874
1,-0.7410826855415332,-0.16078521471109622,-0.5950221841313603,0.8807382498615358,-1.2009927142292862,0.8605220774343612
1,0.7506465887370103,-1.0144908834327722,-2.6633053959282615,2.9942133017879007,-0.7713745330564401,1.7069346465406203
1,-3.2615670726853687,-2.6303693320701083,-3.1068630966331994,-2.0018067547196043,-2.355498316475469,0.9444454101694297
1,1.47366570163686,1.6563236519653468,2.9349494490009285,-1.633226579831923,1.8714022557564083,-2.0920910231115792
1,-1.5773237708332044,-0.882853102844335,-2.1907526410020477,0.46601743262116535,-0.894404907930883,0.9232999018944655
1,0.41981643595818396,-0.33423124897223067,-3.4629942768514077,4.732701341882374,-1.1355340659523887,1.3737616729060835
1,0.8005810415482759,-1.1350144595491567,-2.8003211286614063,2.9620200601350946,-2.1248094370116024,1.5279033357251939
1,-0.7064595885682864,-0.6514325497423119,-2.5192714460939367,2.0973937857884857,-1.2464252795691297,1.5883024795374157
1,-2.0154835947326637,-0.03301106476683906,-0.16695515829149632,-0.4836590074763008,-0.19047351825261896,0.01023278277786592
1,1.0750690833341936,0.04304601057876212,-0.08807763428582385,1.4792252827562162,-0.05426139635706932,0.03604462011927653
1,-1.113538701134015,0.21194264117968536,0.6929086808386069,-2.436119893336988,1.0657972407214809,-1.3565203120183256
1,1.4047495679406568,0.5511190045065532,-0.701727582685934,3.3321984345809246,0.4612265055407575,0.6505899628151981
1,-3.8338491277118796,-1.4735799232395201,-0.33519189374170844,-4.204833481460099,-0.7200445967543814,-0.11270227820863535
1,-1.2412937459597289,-0.7453232411841465,-0.6730524462592591,-1.296745332011,-1.0319882944413186,0.09628193710265018
1,0.09872646976397842,-1.0576966897949314,-0.6236906575650695,-1.1745596430907674,-0.8758801370847592,-0.11739479234360344
1,0.3699167311232099,-0.5914808520956945,-3.0311783732857127,2.4833987140477656,-1.3346595779847852,0.9326410853508604
1,-0.06330124935826481,-0.12052410636199457,-1.6456356225383417,1.8057973157820255,-0.5453613704670083,0.580674498152639
1,-0.28644439294777263,-0.34563427037254635,-1.5548203565628946,1.5926221783248238,-0.9418426954501484,0.9978962007980327
1,0.7054199458441641,0.031922652807915175,-0.5978426530919065,1.5518025304829688,0.10561458384408182,0.7610593880359415
1,0.589794513963305,-0.01241422203002009,-0.639418879767518,0.7805461834268176,-0.4433998099481078,0.1323659324278082
1,-2.925787273323589,-0.5526656454480414,-1.2967481568858499,-0.20556757703688472,-1.18933357163366,1.13194588305778
1,-2.5840188233296417,-0.041647227525557245,-0.664820275369773,0.5512931107696782,-0.6871254796992402,0.9643015062267566
1,-0.1616153627559207,0.7609129294262624,1.2264179106677138,-0.6165068951152172,0.48645326919240767,0.07492412456137934
1,1.0153471400208822,0.749704567273726,1.7299814607086494,-1.5699990703926998,0.9096799570593285,-1.4372968865452311
1,-0.9253105827283957,1.0625956103073169,0.18639421163444142,1.629060180539592,0.8397141722868083,0.2670544269540479
1,1.3141257586319435,0.35820597679411187,0.7142639420575373,0.4872518010477217,0.5194263480441932,0.6015723964424462
1,-1.716878694963708,0.998829702260202,1.3687131423150252,-1.8676219972106316,0.857190328611794,-0.38446473387268565
1,0.5676185567752213,0.4952046769016748,1.589876232147228,-0.5971584700110385,0.8325019097429288,-0.6400810482931791
1,-1.030442302990691,-1.2297664017377312,-2.7478016314914835,1.990918115700642,-1.0271569735929333,1.3261436563780105
1,2.1851917606059454,0.2336733809683398,0.911187453583975,0.7876739043701262,0.9148708657032973,-0.6024260728202948
1,-0.2595631257320796,0.20120050353156516,-1.398269391465262,1.6640880287952258,-0.7402630000355837,0.8542532628820286
1,0.004933610620563092,1.1353793460708592,5.227932325498405,-5.254523245272392,1.93315148003125,-1.624058748865103
1,0.5000635435726478,0.2314037625211289,-0.26955221969565035,1.7522132834708721,-0.5375654146734865,0.5169223396114235
1,2.085721382013819,0.37038862641931813,1.6594727160873575,-0.18083423660820513,0.818936472545002,0.050171347900859975
1,2.339127829639851,-0.28712628160918446,0.9718808435679221,0.24345707271422656,0.9578083110564098,-0.3467382450767693
1,-0.7359736156608929,0.09753835088813968,1.1332621321193805,-2.30775352253168,0.33763748729072485,-0.14824619643312772
1,-0.3132149549742683,-1.3245109226084941,-1.554554844750608,0.057766522665239226,-1.2633129287674454,1.1090780835682048
1,0.3384272353889843,-1.0142998150293754,-3.147637028434608,1.9394723695488958,-0.9855480250505992,0.7419804133566122
1,-1.4312552663138751,-0.009588870900215745,-0.07434361967272134,-1.1056466121136213,0.3818342455878257,-0.6507138996757593
1,1.1557323353336673,-0.18785520167705044,1.025918768890979,-1.3669162051716046,0.42636306654283546,-0.7557181935033632
1,-0.7030667559070566,-0.2594680501061457,1.8230228259481698,-4.438166931737204,0.3545131604795328,-1.1631413716274674
1,-1.7805088530585043,-0.7244599662462916,0.7713150269942877,-3.2240382667536513,0.07293981294951557,-0.21457313159550787
1,-1.0348049486805226,0.2637381285553154,4.414755377197654,-5.675496102352378,2.3619970803388273,-2.2863091055053446
1,-0.5084626701919869,-0.6798978289763387,-3.2140393658958932,2.9334862639471853,-0.9334317620094745,1.0148171117932607
1,-0.3299759705322651,0.7290486921545484,0.6563370188108062,0.3441401746238769,0.28268749883653166,0.07198275778679562
1,1.182549431271495,0.5435695365353018,0.558179043942357,0.4198797867883885,0.26668584482327223,-0.5340995091041703
1,-0.8318733413823396,-0.6059596626153919,-2.3141986605326865,1.7922547231915593,-1.3071116697847385,0.7813767019427694
1,-1.1609305615164218,-0.03975791197627029,-0.7130900103608477,-0.03075145280143056,-0.5638597009669487,-0.037997713189544174
1,0.953186174085311,1.374475402609933,3.5905264353882904,-1.9604363396589601,1.637229146799635,-1.2507594616448217
1,-1.6931879239462333,-0.7861480145366546,-2.4229571227045295,0.4574471808188904,-1.3760047847082628,0.7706913031795852
1,-0.9801447542802536,0.0445897721421622,1.8630875272471679,-1.6602699803886336,0.37176000401307496,-0.6232407596019169
1,2.7669173199047523,-0.3592888591110672,-0.11911410492575523,1.9147201586536218,-0.20967061619802974,0.5672821769156953
1,-0.3486286530714844,-0.9444652004935301,-2.751703115642932,3.431406410202994,-1.0050438177254748,2.294225509579729
1,-1.576328990294515,0.02289464897997473,-0.20149883650954767,-0.48685120551495953,-0.008272499528645755,0.7546019890209674
1,-1.5254001867269895,-0.7149481397765282,-1.4945860955060277,0.055073320433326904,-1.1181285528032547,0.8212142176522549
1,0.2823217371011399,0.030333189773081803,0.9586533362825794,-0.29247287281421314,0.019652670767420357,0.21181749450126108
1,1.181015528090324,-0.6402091067306781,-3.6617228062968796,5.375653866831229,-1.1934196092282894,2.406521557027484
1,1.7444057630392087,-0.8898213037115015,0.7563092396837017,-1.3045534270611592,0.39431228586938355,-0.8662054843308538
1,-0.5428075175074593,-0.9827320125135581,-3.011100746083709,2.801742732428599,-2.1354409193832162,1.740114482584637
1,1.0461032900832172,0.5191652783672003,0.7419989851655605,0.0869293052002705,0.20159542751662915,-0.03997096121393473
1,0.2639123953615282,0.10487050241210776,3.0309622931887925,-3.316944671566619,0.8028504906879845,-0.8592480226107435
1,0.2861319729405327,0.7424245216881702,3.3152652626833157,-1.8164859552843158,1.1892282890406314,-1.4451231193336997
1,-0.6612302459278098,-0.19070910553205322,-1.1245803457496655,1.0381060261592951,-0.26340553802071637,0.9688972093630217
1,2.866873356792526,-0.4067348106885435,2.0918623110832177,-0.9751774165594395,1.0507494808257485,-0.19736601752717525
1,-0.7523904012650281,0.5920481387376703,-1.6708404462962025,2.2309925013688576,-0.30502859636758584,0.7679334420480297
1,0.1639443167774107,0.21181209232011122,2.0770701700462224,-3.1708872953230904,-0.058235499957011765,-0.7778885820899016
1,1.715713018043956,-1.0321423149357194,0.1983543589552986,-1.3113034362525744,0.10923095902081399,-0.49234755941567737
1,-0.2336371255335656,-0.3329403752636442,-0.8471745704468946,1.1008430718166506,-0.44607848456781496,0.7484580792105765
1,-0.05303566571617863,-0.32983645727293154,1.0268741785000235,-2.1209067177461374,-0.17721010655290437,-0.5622534959304288
1,0.41407883180531924,0.18921158363611312,-0.8957387049481524,2.519748200404745,-0.13441840858717563,0.6859526224766247
1,-0.36708465242940364,0.11574743394107823,0.43182169033562817,-1.0231875982803107,-0.4344404000882088,-0.9393677371524326
1,0.1817648804049738,1.6518093471665614,1.99348778573578,-0.008234748468485764,1.2472855018884599,-1.5656326635189206
1,-1.3590680345824033,0.152466990862936,0.44051903070058296,-1.4877120820619072,0.2266886408432613,-0.17290445588351794
1,-1.7276962893801868,-0.11759870536261405,0.24018244260811378,-1.2770477741127264,0.07605533094579484,-1.1379771719844498
1,-0.9450469712353272,-0.7200820911915831,-2.030748235914015,0.6851187524232396,-0.810343035851178,0.7093996706928037
1,0.08198183720901413,-0.6427175964783663,0.4165408617055933,-1.669628863770621,-0.4136267786215227,-0.3276018683486621
1,-0.4262391238983245,1.002198599764805,1.2618267400201777,-1.0000906639711253,0.766218678249877,-0.5629835538070512
1,0.8073423477242359,0.45731136390920485,0.3184228996090983,1.138372434455438,0.19463864312261842,0.2690179164343407
1,-0.9983341989196693,-0.22433952469308077,-0.6528210822966856,0.12971794609451076,-0.45670588272836304,0.14404250443928396
1,0.2649205724493278,0.7947082982733994,-0.42006180682771127,2.8192432186287752,0.1359322531203192,0.5076463274085208
1,-1.374161803321953,0.3434954857610658,1.895986403951293,-2.4569234406987843,-0.18217993032794302,-1.0543190604874901
1,0.003783984137208967,-0.29434214153403193,-0.6083131648335518,1.10889153254775,-0.2666819182938247,1.0801484051313561
1,1.612188658471011,1.8269995990813404,1.6511521748554259,-0.23298640013686522,1.4541095868279392,-1.9670510118260152
1,0.005618737406823844,-1.5342822527943665,-4.016558790921653,4.119899555673646,-1.3512257744821345,1.9916234625694342
1,0.2629435311016776,-0.7296254165099005,-3.077200609987587,3.2545789419937363,-1.578499017484588,1.3327877141640538
1,-1.1257536987675358,-1.6382590800145413,2.8786210812903668,-7.518510902397476,0.5602756309387276,-2.052290588440789
1,0.9376178432655673,-1.0146303469329243,-2.7115306193487236,2.7098265582170757,-1.6321955457176243,2.16708464913119
1,1.8894425039735931,0.19858243062050368,-0.7341137445226025,1.3843557482063211,0.30622873627630187,-0.20633932381041775
1,-1.7936213624817865,0.7674223173254515,-0.847410621332677,0.9748372854429298,-0.2559276230614374,0.06925821403243262
1,1.1677207948902335,0.06237805906869674,1.0675110909641123,-1.24629020003503,0.08803175447732162,-0.853838021421369
1,1.3979354200457752,0.032855125680712666,0.1886551989820695,1.177728103413698,0.0863916492288776,0.24227472813720793
1,1.1664781042766463,-0.4558750758487647,-2.124729421051767,2.6425343178718785,-0.2869367041673525,0.6583273895733056
1,-0.7508896491937797,-0.7290801912542365,-1.378784795193458,-0.5230628200498032,-1.171565808818447,-0.2811428381728678
1,-1.2120829281278036,-1.65389356710764,-3.0539987523909757,2.0568068167728297,-1.3740796174918235,1.3723329978743497
1,3.120848620365343,1.2729988188812014,0.6074417711143195,1.9587252320077768,1.3173709190318783,-0.6807830747172283
1,0.16368149653266148,-0.2508856411756256,2.326155427810788,-3.829611690771889,0.22202748984974102,-2.0367788693449738
1,0.6114608604265946,-0.5151303421710637,-1.0029054458912952,1.2224398441664215,-0.12630614761165113,0.6293159823156528
1,1.1480071836199703,-0.14247027074374138,0.806303529885146,0.13170811492233855,-0.001662945453485637,-0.2598316523994769
1,2.5618097347911406,-0.12268320828167567,0.5420163095747833,-0.19522734121946583,0.22585724509277616,-0.3700206319741189
2,1.2595500307949776,-4.677046776712965,8.486203508842047,-5.5344371541859285,3.9608237816769694,-4.276679365729845
2,1.3554310641733167,-2.8393401444145194,4.593906779854168,-2.1849567016823337,2.9047246440238506,-2.775489360681103
2,0.9274854106650543,0.8670823572837003,-2.2348050283264955,2.9849528483499355,-0.6846027276933272,1.1948551500025633
2,2.3996267339614743,0.25618587643807444,-2.8337381391095016,3.6901691862233053,-0.389873362236188,0.5700889966126215
2,-1.716032451518775,0.7824961592871745,-3.4557066125885383,2.2357375716951973,-1.9342357539278712,2.3131749719661356
2,-1.0750698866917512,1.0608623013941947,-4.520747227595907,4.600177347333755,-2.3626829532816953,3.0882209474780726
2,-0.5299879562970569,0.6304530388736812,-2.67460433763594,1.8947157523107,-1.3531611651491107,1.342293234722043
2,-0.5017310317514767,-1.3924229513129218,3.897227679697318,-3.6536451939277645,1.3244251124519273,-1.4557246638841228
2,-0.09953016512803668,2.3182429623382284,-5.3214706117328605,5.10919345597568,-3.0072346646512687,3.0598486668195077
2,1.2678467520837515,-0.710594577136566,2.5997610832929055,-1.0306684880692798,1.125483229052111,-0.456705261217433
2,0.46979581392000974,-0.23690221153327862,0.2418415008812031,0.08786557354368174,0.8919492762986547,-0.9175890484603432
2,-0.04097946544061343,-0.7797103775846784,0.18114202356136988,0.3716491887907353,-0.061491763203062696,0.5893556035176708
2,-0.8453962289259322,0.8540592045189501,-3.1368141542068355,1.9159524846209395,-1.682493570471113,0.841802663236974
2,-2.422612271139808,3.2702469363383693,-6.531720670021712,3.955034824588651,-3.2058528116057814,3.8665314862851883
2,0.01264250167323732,0.7603477041796605,-1.613654081869117,1.0867933197880024,-0.4471296806113997,0.6352648389549057
2,1.0478290821692304,-1.275511271098872,2.6129436376544204,-1.8770376148736676,1.472039029828789,-1.5101895584804284
2,-2.396270566515945,1.8576066333864096,-2.526565069067366,-0.32084165008953425,-2.341929874437015,1.61217899596519
2,-0.5078869168476496,-0.5194934292052266,1.6819600663630208,-1.0118875581527706,0.7915154303958877,-0.28462280941890894
2,0.589565380470514,-0.5845784188656092,2.257153767833821,-1.970050436955361,0.3694189158552556,-1.1096276547094106
2,-1.2734602598140052,0.7181081039544094,-1.1219510527428627,-0.9530207556878185,-0.8964782434439005,0.7286915939596763
2,-1.9023324229837464,-0.8209555219648317,-1.843127904065022,1.5936063088201315,-0.563848388658542,0.8670605750196592
2,-1.3518448893767223,1.3559206782819002,-2.5267059936076532,1.595850652151313,-0.7149502089460154,0.694034529129756
2,-1.8132034397148717,2.862289878566685,-4.596902260376213,1.9108947500690796,-2.5376705221343046,2.1184439400156143
2,1.7787883573873267,-1.0312626950250459,2.245774182339258,-0.8232022899725459,1.1425801645124423,-1.2986921541468093
2,1.1283697243593716,0.2511351616867107,-1.8380828059171408,4.165080302455072,-0.44059072364821006,0.668618956669485
2,0.21372975631226357,0.5112154805110246,2.70190143615422,-4.343671187795108,0.20569752277296408,-0.6319872629327538
2,-2.1249484145874065,3.9014578064535987,-4.860997099809056,1.2299262419003998,-2.021937343215811,2.697036292514939
2,-2.377585846724099,2.7055230631332323,-3.5685891248670343,1.4210545845351432,-1.5703960535761763,1.5689151000006132
2,1.357218005832273,-1.0116356736718872,1.2071322732264245,0.15218628093740041,0.45342543559419507,-0.3653269754959709
2,-0.8475156336822922,-0.8234680163446714,1.8383566483905611,-2.155669985609306,0.7494041660531423,-1.3010264333312949
2,1.6122454033992506,-1.6933216097328605,2.2926360576255327,1.051354430998535,1.328472068462011,-0.5720481911749005
2,0.3510304180338939,-0.5797987837565146,1.9977329833660176,-1.9395277356395,0.6084719278216174,-0.8739716057586765
2,-0.9032357134925506,1.0725554381068212,-2.236825618350274,0.29500076826980276,-1.0523300879076631,0.4438784557783595
2,0.44467448557577754,-0.30091056015150136,0.5668519491194421,-0.514558656393218,0.5667555474746603,-0.9614260705205845
2,0.36099601635120937,0.5565919308405038,0.05240987189562027,-1.0762974495462065,-0.35690916165013276,0.07959606054164814
2,-0.3920111929369002,0.8113907403148272,-3.681295072717757,4.360543152502457,-1.4631358693244936,1.6894355976596744
2,2.1607116480393884,-2.9791839203340365,4.783444351581893,-1.5367859724540738,2.545951092613668,-2.1578058333392627
2,1.8737695360760553,-0.898069511093958,3.8659776263399332,-3.9132081190364127,1.9890907301991982,-2.6034640549886583
2,0.5028514032948219,0.7575970005781717,-3.5854265848991713,4.3685369380325305,-1.5439333599542286,1.6640060368928402
2,2.4055391596532534,-2.9497550957957004,5.277073137168979,-2.395636831381005,3.2589013644586964,-2.9597096969585373
2,0.1896180275786507,-1.0135630416757664,1.7423192863393417,-1.2277767825240278,1.2184235556675764,-0.8612016914120764
2,-2.0910963395591584,2.4907250068746305,-2.554562175863144,-0.6336875498851994,-2.0281515143331497,1.5403772090676904
2,-0.40716620712121065,4.463465549545332,-5.818202331137686,2.621557457310551,-3.5846329199781977,3.5373776805656707
2,0.17861914389188388,-0.9513102950832311,-0.10674063148523906,0.08345176205746198,0.3159482980387151,-0.6149602396079916
2,-1.3784698210636241,0.6981343488428433,-1.39728724979101,-0.6509450525556592,-0.7723016641929484,0.4814059976177937
2,-0.3725317591112841,-2.570232050837285,5.423784498199709,-4.5192816632737065,3.1445905935267144,-3.236005645930624
2,-1.9801189594813355,3.060376262319564,-5.524967820309221,2.4973727515964756,-3.2633662270344663,3.1479528523731504
2,0.10294171286939638,-0.8546007261420643,-0.31341709599478995,1.35143301079557,0.12920815609777497,-0.17191389514297026
2,-1.006953385258185,0.5027528786891239,-0.9096037436732749,0.4198303766924337,-0.5125520754280655,0.2031998700195563
2,-0.1245392055499297,-1.1739560889117049,1.9945341927356122,-1.9804635908419637,0.830240046772654,-0.5372642159951411
2,-3.0932036503554667,1.8716488176644934,-3.9266815834859354,2.3700079657180715,-2.430469820672013,2.522694958329745
2,-0.2679937045884138,-1.6155952947710865,0.8880392264676454,0.050442492522394966,-0.02302383626743259,-0.6022219140672965
2,1.823611724637946,-0.5247360909492226,0.4310015258633477,0.32669031709969726,0.7015149268303775,-0.7212268535937931
2,1.1132832499365937,-1.6883594210645367,3.3737972261962073,-2.170495739930574,1.4960887680988015,-1.9127814144406259
2,0.8435926590749476,0.14416647076096975,2.57045923230471,-3.0155425124074076,0.9226835011243392,-0.46344622935704793
2,-0.44551766232402346,0.9548756350614022,-2.2520773263987324,1.2064419780116318,-1.4006522189118136,0.5540267710873921
2,-0.6826060036803766,0.9221646373472964,-1.3206189370827133,-0.5114749292147294,-0.6615624352520975,0.14718050524602483
2,0.7458747651448014,-2.6237179527757974,2.562171035936464,-0.4100769381117127,1.5976070112903926,-1.4690585346344087
2,-2.883714490506285,1.81675676343245,-1.5485071742269974,-2.5404305560918736,-1.9286126860669763,0.7037418466066214
2,0.10269066433953813,-0.1367151321186287,-0.8256047656329548,1.5093509551669197,-0.17524963500612012,0.705360763438608
2,-1.0761644984127265,-1.664433863099366,4.024161135695448,-4.422799332109899,1.4305978067645344,-2.8408218257558
2,-1.060422740971258,2.668844493514073,-6.558515021807362,5.914116159758536,-2.9818765359715065,3.0377733201507464
2,-1.354367635606223,2.226495210034904,-2.565516180703155,-0.5836047812718862,-1.86540585852508,0.7578928347801509
2,0.6094967854897688,-1.009461035704055,3.4534170488123777,-1.6978163542498794,2.1808363236622483,-0.6420425581498959
2,-0.009270786939869047,-0.17041109732772533,1.4270376252251409,-1.2941473092470397,0.77566926692601,-0.8710314368046362
2,1.1133786802287378,-2.2682161966714314,1.8272922701925212,1.2388976317516693,1.256521698340403,-1.1234080116247014
2,0.5903441895671414,-0.8503749380523744,0.884524000764516,0.12926787545594173,0.08567281965472492,0.24850781123649227
2,1.1016423583791919,-1.2000632401102393,1.6608056695713693,1.1598376377844362,1.4328726368288967,0.11355817040559633
2,0.5797918093945758,-0.18281822466231404,-0.14991072287380924,-0.03208474221309035,0.9087438141539306,-0.7082758338791072
2,0.7774532078577278,-0.3170328797953634,0.9769395580051965,0.07093001460305322,0.04442852224356823,-0.25633716795294087
2,0.0032746488660056715,1.8280576145850473,-3.1416236984358785,3.0102688802379776,-1.1713797359889477,2.288531904513688
2,2.415147536113088,-1.3912941552921767,0.04639460923003986,3.651474160193966,0.628055383390313,0.23538069270084044
2,0.37450323022919646,0.2945780731930861,-1.0017438048217089,0.746657658051223,-0.757381242255907,0.3335652512655062
2,-0.7071075572443096,0.02301199799267553,-1.30177800301716,-0.17667776801571122,-0.6937727340832762,0.06039803004062355
2,-1.966061180821708,2.744514898822141,-6.851069571833693,5.5342694017077765,-3.663270536567919,3.9400797005773525
2,0.5597665121634868,0.020047947105098197,1.4391926412829787,-2.022038104121525,0.6545265659220035,-1.0841360604954908
2,2.505187717303888,-1.0601531700799587,2.5390280914962635,-1.9788902554060344,1.817560340382834,-2.2719529004275
2,0.07981895689232572,0.8229827814840331,-0.7493802414600308,0.6128736344940177,0.1987577206025874,1.004166977758539
2,-1.0175314500588317,2.5964206080474503,-4.631725830292504,2.42086459375973,-3.12781544356362,2.099849891872872
2,-1.5273374076437407,0.8215363539706209,0.16620441337691055,-1.774841679066935,-0.2624013097166457,0.1367202204062176
2,-1.595544618320335,-0.33119658908424743,-0.9792419608309816,0.5874575565372834,0.035628541335372306,-0.01658332878653359
2,1.2433298825997658,0.8333135668463911,-1.3587967480841305,0.35352085823605506,-0.049200411020768456,0.012783245791327835
2,0.8354142740177012,-2.4488178022219507,4.566874326025955,-3.4957044309024856,2.2670120807000367,-2.401768110465907
2,-2.8246724602324615,1.5519393619233943,-0.8547330210721643,-2.2950873441074173,-0.7165702498581018,0.7331662637819844
2,-2.001659709161424,1.1309401447596252,-0.2428047792647396,-1.9671094065085661,-0.4968579083564895,0.9526021893388475
2,0.3158193448736865,0.06286966198775845,-1.0601153700434143,1.6523430190052637,-0.08981316854406944,0.2944318716409297
2,1.7900844475229216,-0.8104461640115647,0.4361946729648651,1.4378425033960742,0.32076368410373723,0.31274613298746556
2,2.572655252945604,0.380492117889849,-0.12617495309646334,1.3132168291401443,0.2823892138180604,0.7314106446495344
2,-1.13951854042559,1.232978051943704,-0.9990560414107705,-0.8423878555817214,-0.8995772401102394,0.7121859585411099
2,1.8524393677556648,-2.2431772332496718,2.4009218257874996,0.722250421120635,1.1445312473738545,-0.9541283000594207
2,-0.7953051046167683,1.478604128702436,-3.309789839342654,1.7932912720945595,-1.8554467186061718,1.590275328158136
2,0.39183605784256087,-1.480911368783924,3.475513636862687,-1.2185186162229373,2.3858126179661663,-1.411989671496712
2,0.6747417840976453,0.21791120707472217,0.8284770000860004,-0.6628543542646201,-0.26855452866464935,-0.22025703293365764
2,-1.912083978695231,1.2354306420222763,-1.3963369037769948,-0.8328177219182129,-0.8361128200607075,0.650521015059363
2,0.933072797176719,0.20959489207516774,0.10829619110164004,-0.23391053252949912,-0.0556583625309381,-0.19184731855189813
2,0.14863920704874686,0.36575894652671626,-1.5207624921335923,2.1797676466971545,-1.070646395953017,1.3668575386205084
2,2.575762679997785,-3.597071004671336,6.355150169400571,-2.8106008059914256,3.7104179279374763,-3.631452014290774
2,0.3150324044821364,-1.2255395847621504,1.5659697024048356,-1.9852722737823099,0.7742835436551729,-2.0130875370278907
2,-0.46029409648213215,0.4969257243675309,-1.7391047277644103,1.0085247498364738,-1.0357251398958376,0.6662051354287402
2,0.008412853103863792,-0.06435926970991826,-0.35335310791870367,0.024806610100393717,0.22145763794667672,-0.4875432539280917
2,-0.3297174816579325,-0.1341623638122799,2.295215771155879,-4.034142541914364,1.0896591826091209,-2.003624083430354
2,-2.3195163012899433,2.068878657729436,-2.961506985798303,0.3053393107012192,-1.856611431006454,2.158442224625478
2,-0.22740705855493265,2.488431406925917,-3.781838041698068,3.045720239659297,-2.448925705859949,2.2859865599943237
2,-1.0474187056982354,0.5540934421635786,-1.665403966156467,0.6663021455799606,-1.1107680936306357,0.8291832130079093
2,1.9624734652587539,-2.9570719060597055,3.4866773320964333,-1.4891673734395223,2.4902503998374996,-2.8874431546863377
2,0.2955384738422754,1.1647823826962935,0.8554266102588,-0.3153834811480435,-0.18032296113905968,0.45483349179836563
2,-0.5032994152596721,1.4466029832064549,-1.1686536780934713,-0.5228182508824891,-0.6236161425407685,0.03213348065367516
2,1.0538466116502292,0.9098566680829119,-3.879808978721778,4.950222015729585,-1.6271056549704632,2.117440461063937
2,-2.549978256107595,2.294663474965424,-4.472314226304771,2.624376332729998,-2.660357692537673,3.060164811330788
2,-0.7215658343306394,2.233773800077102,-3.005177755789844,0.9636307486845858,-1.4411258861526037,1.5710566792157172
2,1.2400024299708357,-1.2790796341003712,1.5606961866708517,-1.309925136005009,0.7291291472816153,-1.2637053569168646
2,0.1317366400968603,1.267747980608879,-0.16677892398991043,-0.5122220121118524,-1.028788924248826,0.9128172263190039
2,-2.75613126644795,2.2799606447277947,-5.335204877721689,3.532602961050959,-2.4068700064980044,2.8673150173098736
2,-1.5188026874039582,0.24273478651544578,0.4153150549551368,-2.4854133164775987,-0.12398735117342509,-1.0767673242053415
2,-0.06988071155073422,2.517981589901497,-5.089077192517787,4.5237383316463164,-2.3881944725793156,3.330835347979338
2,0.8182020296658079,-1.3189361452548463,4.061525271298521,-3.220968265550709,1.8765861054903072,-2.2136267390970197
2,0.5615849368222076,-1.2647046983473464,3.6566682192703506,-2.8275538423897983,1.333301372173076,-1.51969151904782
2,-0.9562473236246035,0.46369208366715786,-0.4425917932432765,0.00940908075897754,0.17062059076502975,0.1496677479354848
2,1.7243722549836398,-2.0574297077526422,0.17106974720701668,2.572173475059151,0.9548611504442324,-1.0885093341117709
2,0.8521935403312868,-3.4719019626903798,3.3873085171158204,-0.0818567088244586,2.600848684589714,-1.7206910943609302
2,-2.8922905253663673,3.643251603875004,-5.52741171332736,1.583620563395902,-4.010092582563534,2.845431335427919
2,1.8986011407403904,-1.143204861095349,3.146869153306613,-2.865080623294537,1.8274588638494949,-2.1985951207384864
2,-0.6723637385184725,1.7616140767414246,-2.1656327243107745,0.2280957282315001,-0.8780544472106832,0.2210937647349484
2,-0.2825445137911085,-0.49819432317504053,2.427496893690981,-3.2805388600232583,1.3849772187532001,-1.9048058525997635
2,0.6392618241792455,-1.3772580333618663,3.2369418036942443,-3.6149113759449976,1.3662961873335195,-2.6477670354295597
2,0.5188569753808839,-1.4492387904953192,1.2088237236230959,-0.4909903891569548,0.6976279612126515,-1.2707064363685592
2,0.1629258956388034,2.1758438560989815,-2.666750846361192,0.9845426469467199,-1.1277310846285111,0.6884968006031887
2,1.4731781335519696,-1.1633656415610734,2.245415777016098,-0.9684258406472859,1.328039160818265,-0.8569830075954072
2,-1.051420485857106,-0.8705589495292918,2.2973616414859874,-2.6171573754235222,0.6859343767184375,-1.9970227359972053
2,0.37098622958123983,-0.6677731193320527,-4.016264841546656,6.622619385806995,-1.311800253474775,1.873911315160888
2,-1.3892776316721687,1.0518874104341442,-3.638223891869054,4.880979506196585,-2.061581281687924,3.2622064292431743
2,-1.2180181550090974,0.6472046085264845,-0.6977733067344392,0.7284177524478701,-0.8413600013443376,1.359782987001528
2,1.6623364395518287,0.3972900123850635,1.7181781053883554,-1.700282324630344,0.6660779338329059,-1.060260943415491
2,0.5768470774215242,-0.3590402201264992,0.3405932593544468,0.6138750270075779,0.3258602331432289,0.12621217350253217
2,-0.32008177697360013,1.147938662015928,-1.1526503901654865,0.3048478786224169,-0.6197753681987023,0.9990901268112412
2,-1.985986357653104,-0.6450743016357208,1.3614984054198502,-2.8028579505283284,0.5430388968530324,-0.759225659287165
2,0.6272200448447626,1.9508852412598177,-0.5422333188535137,-0.8541121178993973,-0.540709258318515,0.6667688402877593
2,-0.15328308847219557,-1.0805614091385138,2.2007051696636624,-2.4540178480761563,1.0233348328235348,-1.3273820236927265
2,2.7787203850085818,-2.9884732821687576,7.170924151410498,-5.0397450050366785,4.242460887690978,-4.319840302525455
2,-2.57797250434225,1.2046886784336917,-3.9392929323679673,1.1452164602969983,-2.132406381366491,1.5629052283455869
2,-0.5631841767586991,2.197027646513115,-3.5270834329693175,2.994199118277893,-1.8175111810693,2.204293271782666
2,1.7064384544496185,-0.07989736523650931,-0.5191243357177944,1.1893775450506654,0.10785980441551016,0.06326306226997494
2,-1.587426401183366,-0.02959324739174773,1.7417107355530614,-4.039559034970104,0.6099746300927144,-1.465281368948739
2,0.7917487063239926,-1.1465984064371395,1.432586969111668,0.6757508588182459,0.5771605726064503,0.02797047264544119
2,-1.2292929593765605,0.8904674763252911,-0.03344787703810882,-1.3590201891352787,-0.25509235961775945,0.76071234409
2,0.5758603871249448,-0.8027031850939965,1.6826560925655984,-3.029223989189086,0.7742467855808346,-1.3579999398815952
2,0.6337306671647617,-0.9849297105618187,-1.145682632706282,2.5657136694783893,-0.4929822065850429,0.6705607385368939
2,0.9980968657128738,-1.8744250814671255,5.111516689324884,-4.722688485101133,1.8917275009461756,-2.777687535900344
2,0.2014724377761902,-1.5943085722756565,1.3088905898658487,0.28273470348365415,0.8533233356239056,-0.12135928521137186
2,-0.2900995580569748,-0.524815658625658,1.5262549990658283,-1.5954671712351005,1.6417816177557076,-1.7114617724394852
