,0,1,2,3,4,5,6,7,8,9,10,11,12
1,-5.147700301252152,-4.491950557332836,0.18901176298083008,-0.7944894559953527,2.131616067398135,2.4785950064642086,-0.34556194666710044,12.265604144634747,2.4622514691096593,-3.4911176909313313,1.8370048982507112,-1.8347576626514954,-1.0510022304595716
1,1.2282743505178397,3.8739053066048807,0.711351826334048,-2.7228227361396993,-0.309405497722776,-1.393000451629552,1.2912349627999535,-0.6763665999984029,-0.3811275834108144,1.7126739301518996,-2.899349924774574,-1.4538418787462615,-2.0791093264728606
1,-1.290574937659431,-7.35286547633237,-0.14487535115719755,-3.7164507247852296,-1.025962827471508,0.9822639717188729,5.135156597344426,26.10873725795287,0.7445559210514808,-4.531902234610102,3.869305175154786,-1.6821677601994036,-2.5483651063842396
1,-1.0706393362146787,-5.710407134711767,-2.1054416120275596,0.2875358351120333,-1.052972309691332,0.701509553993048,3.053629961791828,14.990367815287616,1.0799588799481536,-1.683705609340306,1.464873358705799,0.4876619862955902,0.9841148593796266
1,-4.414527918902369,-5.187018022343427,0.6193432367192492,-7.544156582111013,-2.1462662485260635,2.020804127613519,9.551034478898856,30.821007119851927,3.719860625978926,-3.867187130717492,4.6880395196013644,-1.019158803909925,-1.2018723282274748
1,-0.6109437398105623,3.099152383960744,-0.6235644142339642,-3.5689852308437615,-1.267620264066931,-0.18495359547801887,3.8375894373052413,2.354180857314682,0.18602012181610833,1.9218240655684662,0.5581176269648332,2.8737143103595675,2.0055262331484305
1,3.8754925147860333,9.40858973937764,-0.4616942748916901,6.099935751320473,2.8238206306276967,-2.718386238268087,-8.900073832778082,-34.11066119217121,-2.966584701458285,5.89063447167912,-2.1090987224029742,-0.018292421337436835,-0.36674285630714676
1,-2.3417483639374064,-5.468627259739783,1.3030806362737157,0.8183081312366569,1.5811485883494634,1.2804286280920825,-2.173018455051116,-2.2527020741671238,1.2951801677015273,-5.372062145794899,3.128153190685818,1.122579159547247,1.37980722896819
1,4.135695071210354,2.0624242933418735,-0.8130538284980122,2.736211132172565,0.43696154856903635,-0.42687910212089747,-3.337280473642427,-10.381505277618801,-1.5451546222082106,0.4677189917316189,-1.9553196128825354,-1.220698525915316,-2.4549737273809287
1,5.207817124250572,-1.9769197450738465,-1.335025372091428,5.948736709383538,-1.7298428525856604,-0.7158836101654751,-1.8331431386457528,-4.433298498689983,-2.608937495194471,-0.16081815939536684,-4.579852405131615,-0.04391003747635805,-2.653446358435103
1,1.064974143366898,5.403401763861385,2.0151045118209274,-0.40861248260081146,2.012310953316591,-1.6727361416540998,-5.147326557536518,-17.52846306210547,-1.9212516801034432,2.019229732543374,-4.110072450118269,-0.08742073890235297,0.49532450653283844
1,7.987541528385752,5.80967187268146,-0.5257490601866746,7.333827774496073,0.2302560918820439,-2.8069481656338144,-7.940366028468901,-25.95166949429692,-4.973813176643167,4.785062329971834,-6.281874488726904,-1.1828258666575653,-0.2555298401840575
1,0.14614668222209848,5.280788456940179,0.18672105755374713,-3.629137634616749,1.7554542718689619,1.0301296292746485,2.1487237190144617,-3.4105396473404133,1.3201696791483226,1.4524811422214217,2.0021571263906464,0.12683795175427806,0.6004128382464913
1,-1.4359953326213415,-6.151983896308188,-0.21459182122451598,-2.347816848774648,-0.5027971026010927,1.609892862145254,3.3038621111085544,16.102251910328743,2.3450409418639464,-3.0311464293153536,2.229907771692264,1.1778582312891124,0.44104004184975815
1,1.8848076045786193,3.9887093438926775,-0.43225376334754706,4.120639415762907,-2.098241564275308,-2.2507642310489326,-1.84296196185863,-17.431537300811495,-2.3955785447502382,2.6595246347016563,-5.597672148412553,1.4143124092472525,0.9202507276302685
1,3.755070544208476,3.980538712907236,2.0732629141589674,7.269629169640022,2.0089858043884443,-0.25051240659516266,-9.519096836333247,-27.915138382313447,-3.1280962235140573,-0.15894118202833982,-4.579960582662639,-1.1009685484948726,-2.2912485997346783
1,8.499261226559145,3.810931681678859,0.9787395487768815,9.852117948689779,-0.38581349201771914,-4.757903576237571,-11.473429302279541,-39.016866969892234,-6.269430185991825,2.8704868781050266,-11.307774528748144,1.4862266532297463,1.4079367006014116
1,3.495523870787196,5.925381238965255,-0.7092470142690714,8.251589008192607,-1.3142294068580158,0.30475891903598595,-3.6893972513191415,-21.518532823964957,-2.558087865844697,3.842649264385538,-3.9320278660750567,-2.4616747215171233,-2.930213467439286
1,0.3819501007478907,-1.0500316323626457,-2.3506750694536502,4.785482383043447,-1.0351340146603107,-0.00306633137091541,-1.9657918153529241,-0.4351331653951234,-1.1279852648572055,2.0398196113072378,-0.8852649676774177,-1.7231649714554362,-2.1053698777205536
1,0.49525561896293435,4.234816930616504,0.38801041444521556,-6.376059502903318,0.12121451807330988,-0.5867368568656209,5.380322408183257,13.966899298237832,1.2740190762680144,1.577257977033081,2.6670612609642257,-2.6380111439892002,-2.4415327839724967
1,-0.635727738362317,0.080708805027371,0.30776991776055934,-1.5471703151130924,1.91501416944487,-0.5303664330076838,-2.020691928258174,-1.3214520016288058,-0.9046999655379104,1.4930088337155365,0.33069723022493913,0.7674479222113979,-1.044156775009259
1,-4.0829238203470455,-4.2260649752233865,-3.45801146065335,0.386338458336292,-0.24813167776598594,-0.4113357991266936,3.6416780827150803,13.487659346094281,2.5417639380451553,1.4012799596849566,2.404534483234653,-0.1217147703104511,-0.05067520665182879
1,5.440442818193944,-0.8202431475245051,0.9711338241650627,1.8066454766783593,-2.2920300015388415,-0.11035030095514516,-0.7042556234025054,-4.859658212720549,-2.9580811063421297,-0.6905165783490679,-2.012477889732849,0.308089338923066,0.5395082951537336
1,-3.6207250945837806,-3.895562398962558,0.511135675021896,-5.23133075173814,1.6524242889564376,0.6902591954398392,0.6796515692221848,15.67662057973278,1.6377748526988145,-1.5948896780733546,0.2246609010649662,-0.7514387541443899,-1.8391537610795372
1,-6.7061611293649745,-7.793262846033751,-0.8519131745950674,-8.579394836499038,-0.35808133838477185,3.331510830932981,7.266400490542393,39.96124547831174,5.762187969309746,-3.602535076400508,5.488561931400128,-2.080526738527863,-0.9421063288485393
1,5.400565578114897,-1.9170181574165872,0.41389191226728544,1.208963953120312,-2.4390193837304026,-0.3087272381925086,1.664356751497439,0.8020173916341736,-1.6296036636051845,-0.021458933509480263,-4.434742045102363,0.5387395487509515,0.8617116508336022
1,-10.244367510834037,-10.081231246306464,-2.001503385036344,-0.8319286475816919,0.7961697008897913,2.438443360704735,6.259761304332035,26.212699815993577,6.1767396560602705,-4.655827806890704,7.941828116454125,0.8766107238600274,0.932297503026799
1,-5.008618081423536,-5.966602131051335,-1.1997235010098457,-4.424376891297775,-1.2168693660008332,1.167750661996894,7.278026812492422,27.528882209753917,2.581845745153909,-1.6125127982186662,2.5739458793670713,-1.3499910199110212,-1.3274161066765526
1,-2.8961878356154873,6.1769917241876104,3.514591173722113,-5.664516679404014,-2.6881592092729916,0.7252727547363,6.558547923314031,5.7371600573930035,2.4561742630116714,-0.7042314017707108,2.349480011690889,-1.9289924039999349,-3.220174117351795
1,-3.067121921739411,0.14336479019490128,-3.31254132540365,-0.7701906668261288,1.0901754828108814,-0.7317224499151326,1.149776592787469,3.3843586670885917,2.0334972385224197,0.46891238045086053,2.5783403288798317,1.702814196133012,-0.6612994105818866
1,2.0244485123780076,7.6072197573537315,1.7749691198056263,0.5862565257047682,-0.06338873985293986,-0.1709365178802686,-1.7716950176515005,-17.000663011464713,-0.687695096554138,1.3226957615046842,-0.02365805354563108,-1.1553387292906718,-3.5257080398180274
1,-1.4493152386701484,-2.53062772124324,0.00439438175525897,1.6717980240006585,1.3685888073150958,1.73978306921066,-2.1965030350618195,-0.715728514798331,0.7400224025248768,-2.0704864209700946,3.111040829161078,-0.780107227561306,-0.2880095260205991
1,7.347616709056128,1.862575918216775,-0.5247046585503958,5.764850897298115,1.4524698978839805,-1.7575897287544076,-7.62316477442629,-24.880838845015067,-4.369259871180701,2.563733546389393,-6.423954723682574,1.2451851912268685,0.03258667000742788
1,-0.015729019164367208,-0.9953919895751739,-0.34006306416395565,1.946378533999771,0.4363066418948823,0.8059169052349038,1.2528262668472079,2.246325304491901,0.7400498835941839,-0.9979156739234656,-0.25385287219277103,-0.6422012382400121,1.782907801846661
1,-7.055979805276216,-7.681385719717864,-0.43418777539955977,-10.934827700225695,0.7179618549296458,1.7430113702771313,9.720258739628175,49.05937241824388,6.692233276806603,-3.9778243363774846,6.572432884605525,-4.933053850873514,-6.7269658594075965
1,-7.232984816227527,-3.392909010529715,0.7811430830625733,-10.975645274880899,0.5212820645341388,1.9913357648036394,7.11273003495262,30.32681927899576,3.792189168328222,-3.7624400451518807,4.168051704736227,0.1617880776857484,-0.6408392100011139
1,-6.795463595974948,-9.287977685019012,0.09537598825409221,-10.701315497275846,0.02177325830463594,3.3319968709078953,8.273262555567223,38.293242566495444,3.8587117709984344,-5.003762191756792,3.5667780588662064,1.0022671420360623,0.2665634061829303
1,-1.8630985153322503,-3.9620104658906334,-1.066376754896021,-0.5035713704518252,0.3095001855697239,1.2887061201298349,-0.546466225452589,5.753015031528793,0.06358685718998883,-0.5808125145560091,0.7375967201486436,0.4394979542130233,-2.841720840630462
1,3.897684291578184,9.068275644417087,2.3396170647869505,-0.1970801416631179,-0.4839163999861081,-0.710652140710094,-3.1610192453201456,-22.977799503915882,-2.309535086497825,3.1085296323123837,-2.4332854453325288,1.6110229751433762,0.15551691250985353
1,-1.9775229764595255,-1.823021658830271,0.5697805367509882,-7.838065706496015,-0.8899384939875279,0.8433853434817453,5.709328340029284,23.878641367951207,1.6747943893732733,-2.196597656303938,0.04148784805496061,-0.5153999505321063,-1.9247160016411853
1,2.989340902385265,4.508940183038716,0.49000625404622034,3.2122709627072994,-2.1912839565137543,-0.6895523236820654,-1.2441425609047834,-13.461491763180591,-1.298352838522601,2.1574285362198067,-1.889989149313289,-0.20884446540394125,0.416073850813654
1,-1.3354345242601457,-9.765725766798408,-0.4158767937955872,0.13797358185895134,0.708811215893645,1.0757039753894526,-0.3983569538917835,18.506801079902356,-0.8536896019816186,-3.6010807207876394,-1.5013577063840762,-1.5796684474891345,-1.5389831693869649
1,-0.07003214690366927,1.063482215762207,3.140551432859609,-2.8322320856373984,-1.6475303463920492,-0.2331264538492022,1.6055724241228764,-1.3471680893256277,-0.344688188837022,-2.2495845336365963,-3.140776031409978,1.078060191645544,2.455705303010154
1,4.074758937035517,-1.4723988574100593,-3.4791616736707107,12.862138567125958,1.0960255223127764,-2.715446325758645,-9.029380404775084,-25.127294324052755,-3.918863221048682,2.2686604069623018,-5.294344578764487,-0.18286179211729484,-2.2656400604108486
1,-1.1520795670741524,3.2580896418281897,1.852957092968624,-7.710948844132844,-2.06537931024681,0.300626433711512,6.3528275387929884,9.618986939176818,0.81141827153877,-1.346277622184914,2.474692149237164,1.7016487724511957,3.2149279649910754
1,-5.94406776746683,-4.74163356028168,0.742646770737888,-8.738327062888528,0.24592007898854443,1.6196400494656134,5.022687959966676,27.75609614640276,3.6062138945683047,-3.126985779762461,3.9928114669664927,-1.253835831234102,-2.086254819239092
1,-1.097821994013688,4.549443060247466,0.7717948993697238,-0.810107194465437,2.737816398932171,-0.14717302475463015,-4.094754685902417,-12.556596541036921,0.9943251449555603,1.4925101075879514,1.1337738434471194,0.023691495233193506,-1.0466933790961768
1,-2.2543113900999683,-6.4795103395515286,0.8045160417916296,-4.2708311359241,0.44107251428835864,2.1874469920445256,1.8233631444714438,17.71624365524674,2.5151865208145687,-3.150973737457875,3.1352462505881853,1.0338874741392516,4.775709260780661
1,4.9375076508860545,3.923264663955044,0.2879988657201451,6.05807864286262,-0.5107076822258816,-1.0938753258167047,-2.69228728786619,-18.660688535598336,-2.970726353100873,1.8740063097797168,-1.2457410262248867,0.15704859628932577,-0.35700758538245536
1,0.33746379742187993,0.3108968690667946,0.18308291163208312,-0.4967397552499565,0.006923823312604202,-1.3343566050123021,0.16465398176668683,-2.499254814994595,-0.2626395872993509,1.6841054713960562,1.8364507516130704,1.8616974307382486,2.3666205228958073
2,1.510191177387548,1.3990813446469261,-0.6368462142288814,-3.121715958682622,-0.13829527090144153,0.06158356164987382,2.8564912161090694,-2.077418292121405,0.20054124177555993,1.0718023416228406,-0.4394471395611594,1.2740730551336763,0.9393764575517346
2,-2.6263299641612305,9.336455022541205,1.1619727087432332,-3.136356968579424,1.4065383765685004,0.6069548203273585,1.4050868804361034,-17.708816856178352,1.3714430769993768,5.191978029984208,0.45197135013993256,-8.746969965473583e-05,-1.7850288063978172
2,-2.9319183373168842,0.903579645709415,0.3584928015757523,-1.9782480658327883,1.9164917717016112,0.11464204336762028,-1.1927403475890361,-10.531378182111292,1.45419267076798,0.6913145049899331,-0.19310137062202742,1.7647757621101539,1.1581084561327393
2,2.177850468760026,6.577855193209323,0.5352445185572082,4.248776399152817,-0.791670293212035,-1.0525289691966115,-4.239547366495769,-12.79826776813906,-2.986738046055354,2.857865690629417,-3.003116839184556,0.6468162431244107,2.0083640861258214
2,1.017794207177116,3.2981102135160025,0.41923521393429375,2.418926260904549,0.7405658489011155,0.17123572412053975,-1.0681512555322663,-0.364531544108555,0.3101960713903819,0.560367089912875,-0.5831169010977799,-2.7341357455442483,-1.8335160254877887
2,-3.698522612597127,-8.720009315201736,-0.7115616981729644,-1.1827822823742598,-2.0315997003825337,2.0124076170639023,5.83617604090393,18.701427959745118,1.6738261174609523,-4.310468704179325,0.8319476034761158,0.6336780466230627,1.408629787880187
2,0.9107169911369335,2.6844282708336666,-1.3327868131266587,-0.5933135418362052,-0.6506335372401001,0.1817016463239699,2.9195785113295747,-2.0511704328929006,1.82221387364245,2.7223077585825473,2.9538671247809174,1.2605495831670401,0.9270868817477766
2,1.427851322536369,-4.3231635847073715,-1.2089187242403403,5.04042373134943,1.4101612796288112,-1.9995189676229639,-4.2871315918065465,3.79288380255662,-1.4361321541585756,-2.8243383265487476,-2.190068848145296,2.2949355805120106,2.1636792270581022
2,1.5755294361158652,8.626732997782241,-0.33745193070366053,3.6554228456573603,-1.155985734129173,-1.6226780699739607,-1.6446705519148581,-9.761074086296778,-1.6231102685675518,4.61703028926454,-0.8214723939356741,-0.6019347844634615,-1.0084888158460876
2,3.13235529741185,-0.1677831731823431,-2.2330221268556065,3.6199294796425607,-0.31491455143253905,-0.9879097214291093,-0.25342345272086547,6.366060559086524,-0.11653854678754309,4.301304310760013,0.9413635167391696,0.6842014392850285,2.997412853190022
2,3.1558267167943233,-8.566871234290655,-1.9308471434271444,4.5398993585888165,0.5685816031121075,-2.3309755913888566,-4.240058633988695,13.607243105104262,-2.661753661995571,-2.940489814509421,-4.343876480831274,0.8289907192892157,1.3571212213169548
2,-6.423701776489452,-8.52217702659049,-0.918261985528553,-4.802536290439675,-0.38901778450191005,3.3175032440197456,7.4050727730448385,20.51043389466007,3.5707150316815803,-5.385961253095469,5.541074877328327,-1.702905492354715,-1.3520007448221627
2,-2.3704581516134877,-2.622998175560768,-2.261252315251047,2.159765741649978,2.8553975533662523,1.9261928595279005,-1.2356638477447894,11.409937170136594,2.6827069413897884,-1.4749611691507911,2.0802193863440506,-1.6580822681108904,-3.219226153987532
2,2.256962844888738,3.4767444787818818,1.076545574199341,3.7541911950109723,-1.6428119398369057,-1.1479833378121505,-0.6324990679407252,-5.1421662557126036,-2.017525811951732,1.20110586915561,-1.032603590994037,0.2588957742868498,0.9247715656463653
2,1.4553912527606028,-1.6938034536957394,-0.8103639263097557,1.8140906192243702,2.8502543178567143,0.8846652078236289,-5.428396846803493,-2.6644025566397707,1.1996271110164523,0.13512867456068167,3.5493372879252627,0.763202261780504,-0.39170954569334104
2,-2.47177608159662,-3.252936780965324,-0.495172594977337,-1.6598843595186514,-0.5992760648940677,0.039309743692123034,3.563993201610806,5.539693713227023,1.4657782678711557,-1.9045695846249708,1.422301538428028,-0.08383062175799401,-0.8569019878417053
2,2.0501315682283403,7.343757229077583,-0.09800045901035145,4.318522978869643,1.0068058986487944,-2.350850224355477,-6.587939495222781,-12.846713658285418,-0.7990840774919176,5.102637357202632,-1.9017455504610477,-1.3210512569551598,-1.8266575949586663
2,-1.3932242502625045,3.168136126825707,1.5173855722772283,-6.732554952747832,0.6257130155239962,2.405628258173196,2.0878751101374626,-15.19278318280915,1.7885995972455973,0.6849563081694503,-0.932077469723378,0.9508293461993839,1.1804523857508624
2,-1.078243166824039,-2.179113410423248,2.3188760969157456,-1.830489790940358,2.6819357843527207,-0.5411227510462402,-5.026161066124047,-6.889490927158309,-1.009569372151513,-2.8905211988335813,-1.6423125995820875,0.4743266783031942,2.2352266726795254
2,0.800562020840073,3.781482922080233,0.03187374179644965,-0.09314835429871728,0.4798939142880555,-0.7407782916848242,-2.553698977187503,-9.430061890830288,-1.2537904525759813,2.52455052646716,-0.01091274232251359,-0.7489575580067597,1.3210783695141775
2,8.45669334856343,0.6118990649392548,-2.592197445071982,9.98476657230006,2.0553426101417167,-2.729811332363387,-8.448323718484696,6.247995399428439,-3.589505775384507,3.0095102713705684,-3.92064741642243,-1.973749599852577,-3.390579514281051
2,-1.1992098161413554,-3.788770265843978,0.17289815399785124,-3.7810096457410847,-1.8452137702633518,1.7809983199042783,6.510154809235091,8.067047531357058,2.466587271188809,-4.933736578092801,-0.49504074582847907,0.4388932570102751,0.7512970832032493
2,-1.761506774256141,-0.3517586392774076,0.5007252140020374,-3.646070186400809,-0.5341970941647521,-0.5870638004018122,3.2729363596002647,-1.9909488724804105,-0.09280261376410055,-1.1610287592176065,-1.5775660770768953,1.0359126635878553,1.4664164679834486
2,-0.22434097042537998,-7.739107461994523,-0.07793070742218602,1.9132977032153624,-0.8121958415473285,1.1644789911107372,-1.7926845890232896,9.36139614640587,-0.6083479322730331,-2.572151571272383,-1.10941243670059,0.6999866893706783,2.3898260012299124
2,-2.1478971530680164,-7.523297495216465,-2.333167461145068,0.817930322325655,-1.8467667062917097,-0.8205307363003778,2.9998812110630033,19.640726095855115,0.5650280723850426,-3.4222519861750875,3.5835227788613815,-0.0635425861671468,-0.26564336857419824
2,-1.198768646967419,5.642018297804723,0.49333154469181156,0.8988052632419623,0.09572896364194403,-1.149928795573379,-1.0777277558882639,-10.243798755555078,0.5325218936340637,1.1942042648781128,2.4434399186501357,0.8449142242571496,2.600387112791226
2,3.755587514617438,1.0323759796753391,0.7443211902222232,2.5064103036601852,-1.5511726083228117,-3.2547196831944376,-1.4048943165127,-2.17963236450562,-2.457545411964341,2.389150457846368,-3.448541820717957,-0.7520366779551637,-1.6360288758752688
2,3.456826716575455,-2.8963028403816344,-0.4801923026496865,0.228910985466827,1.5173299714911286,-0.15963887378989997,-2.736039698325156,1.7111954293976144,-0.8101058161222016,-0.11298493460266655,0.5523153107096941,0.6634437869378371,2.004792961759175
2,-1.6959171359524747,5.942281864928563,-0.7315634007208658,1.8940245319158457,-0.12006082793293978,-1.5029852819648863,-0.5986515755202968,-5.496067815353949,0.3179304526313871,5.736869254574771,0.8560421737441031,0.09908550457252728,-0.7275698735167662
2,1.127849969265277,3.802386488894491,2.4139493266312217,-6.049540095616193,0.3761357385331076,0.8969536323752846,-1.4170351937809633,-15.226903616924941,-1.0315607965048097,0.9782091138453349,-0.5746191016521609,0.04217996975851293,-0.4190687533737485
2,-4.716117688659822,0.0034493088803574305,-1.048804294738287,-4.969196368523304,2.9159370335154557,1.593222435904516,1.633363719717388,-4.420315029489302,2.8633769340135546,0.994811902357101,3.1329191324047243,0.8342372709466259,1.169078070414446
2,-1.2516540677809402,-1.8630357175063614,0.03529362776903074,-6.449160140463657,0.22636995128636347,-1.338627565400266,3.4605121803081706,0.7454708181208344,1.8073097809277354,-1.9025361879622773,3.524868374102864,-0.9619526928856331,-0.6335646404977865
2,-1.298870908576463,-1.9231357474511488,-0.9545104146852661,0.2499688886815175,-1.1155890620593203,1.341035964076052,4.838928635443725,14.586843446774282,0.15297011872282482,-0.2572734906014218,-0.9058077980660999,-2.3655632428157616,-1.5788701199246675
2,1.4254910112883956,0.9253889107522123,1.5914781747358253,-3.250558532920126,-1.1071659129729008,0.02572775848487134,1.920313284337581,-4.738982809720753,-1.1286459254189352,-2.5027429538777928,-2.0844393941715267,1.2865397293450742,1.552360651854926
2,-0.561152247580008,6.0889720525827995,1.5229128746843625,-7.152799526641542,-1.5166246705803386,-1.881775252675575,5.377194884401349,-12.868375615915639,0.7044022218377043,2.7294667492826283,-2.365610027639522,0.9900879167302336,1.6979811794121749
2,-1.5225881050734988,6.14216876613705,2.9454628282215527,-2.7258168166939063,0.23824294655792688,3.270959086993766,0.04197080240433611,-12.958116878852648,0.925786566748754,1.600181839924613,-0.997477031321597,-1.0464288734048761,-2.582957446415636
2,1.57056924675336,-5.766088054738356,-1.6170663730675259,7.348664927393256,0.33768834833144007,-1.2213750344776932,-4.20350127368783,12.06185215682163,-0.6446298050224635,-0.2863145965064045,2.10096806342612,0.44076588906521585,1.0291381417681433
2,-1.6579683722302863,1.0056883818403026,0.8400782504381298,-6.894240915389557,-0.2833505292765855,-0.4705530755076314,3.602020182993595,-3.266695020275319,1.4250899094840954,-0.09637303259556539,-0.4798668971394435,-0.8925023171798735,-1.1104630496692522
2,3.259784197525418,-8.81326215500111,-3.2933886472372484,12.990891359169822,0.4601848140845998,-1.3939098400603345,-5.182721938688454,24.535057050301152,-1.696710814543597,-1.4393407137684744,-2.7005734095501612,1.6573795842127583,2.991691758343958
2,-1.0256793640724648,-5.741866889549403,1.2318149877469688,-4.96307822617253,1.3143968388968983,-0.3979233193508137,-0.18100953275736378,4.872406711623421,0.09974411829588652,-5.150405430856676,1.3323783706919203,-1.2241741457261792,-2.4905466265685816
2,-0.8743767200721944,-2.4379885411856166,0.12537398945564565,1.8685211311467191,1.6984459191874917,-0.3563927346585032,-3.684661379595578,-2.0422883026543666,-0.21143869133535892,-1.2036125221393927,0.389664215048724,2.1889384845523487,0.2842343842187347
2,-0.8416576461929283,-3.3596771359054642,1.390324447927686,-2.1127848958745012,-1.3126483631944768,0.32526610931649597,2.5889662220951095,4.842141410270087,2.3974399437493576,-4.5140898993631815,3.8038523949478655,-0.4149234038438219,0.3040251533509148
2,-3.2908943806782602,-4.967364340512273,-1.3002407753176972,-3.5889657781768487,-1.0019421292070252,2.9406124881447746,6.800082181396372,11.98533728937661,2.409975427847328,-3.1362764793004367,2.1817821677651086,2.012069580038986,2.1121110023936174
2,-2.058587744515338,-6.633427761779834,-0.4734518629601495,-4.155134976098843,-1.007319369873359,2.565692863609693,4.4580892672359935,13.195435436196222,1.4137867159224315,-4.294542165981264,-0.08483748825379907,-1.236077399985055,2.7292471036990884
2,-4.239898553520348,-2.0948362815290906,-0.05025389658664932,-2.4919493910104618,0.9053817880007237,2.00581070734784,-1.1159527364445723,-2.7582286070840016,1.8725438004163195,-2.288308504646508,4.008574406116161,1.7246189396792357,2.0358938684871593
2,4.279215606344117,-2.316830232715289,-0.7227175521425748,3.624094754835998,0.12353071869150771,-0.9188618294665518,-5.076840576378531,0.8595660701348881,-2.8378799154974033,0.4011471927565698,-4.650925929344472,0.4205971533289909,0.8903274785856511
2,4.668338592981583,6.987253846268103,-0.3241705814235658,5.9888220890813875,-0.8966433263524811,-0.3715950518768331,-3.951185215559972,-9.764858484437159,-2.4244918881075663,5.60604656545125,-4.456915760253558,-0.9616438640021783,-0.3979886572465641
2,-1.6206422536533511,2.673216562758282,-0.2126932284439013,-1.6123134906539978,0.691088724022151,-0.763301912723231,-0.4790276617613163,-4.106163939469451,0.11466472059111887,1.9151479854204896,-2.1194399744488064,-1.8531300676350524,-4.711976578790097
2,-3.929612686849389,1.2853522574192262,2.2830396820684364,-10.703566707823475,-0.8501302494662062,0.4232758758462836,6.009795860446634,-7.722768775597215,1.7123086965175989,-1.531167970903662,3.6742618948092605,0.2037020321524195,-1.4039585149174814
2,0.720071888559024,-1.838900586507968,1.6055063639735596,-3.2120243425628554,0.21520931177824243,1.0832372168597184,0.4652854134508009,-2.981011400744301,0.8843313134407311,-1.847569521355007,1.3156112605671864,1.3660931724238448,1.3537312133887618
