,0,1,2,3,4,5,6,7,8
1,-1.2248898822355516,-2.4791219493865615,4.371151439061942,1.1167202735936703,-7.014396433182747,-2.996168736953849,-2.4459544562842335,5.108665163744797,-0.8536620307887879
1,-0.29858670611379345,0.20628123971985057,-3.995597048991591,-0.5485094153065595,5.2185258816159745,1.9269794490877707,1.0524168802168585,-3.5373767336329505,2.6493031980209887
1,-0.31893085351848405,0.2236402988071011,1.7916614886907734,0.33912425283030057,1.117483986288208,0.09268929730391089,-0.23209996956839543,-0.1990925986845074,-0.6423787052894679
1,-0.48537207434711305,2.54213608313449,-2.479570830351237,-1.8541206311873952,6.120948914030984,1.9388054072208367,1.877254017705982,-2.905473858984745,-0.04308647735084365
1,0.31173775569806383,1.8978471835500916,7.022927910376183,-0.28709963733034843,1.9272011598556653,1.2387262296198331,-0.4832373604377848,-1.2273740355554918,-4.887532747729439
1,0.7262634314038854,-1.240246942291692,-0.8701938203675874,0.03132105227902106,-1.7746510746734754,1.8768424029201882,-0.8159897554772171,-2.14825027407777,-0.7659542371972357
1,0.17343240121593861,0.3297912885171955,1.1594606586478926,-0.1466235759064169,2.1542894409045057,1.5725786251798841,-0.6615289665751739,-2.166239821509393,-0.9547689648517428
1,-0.40106311319805804,-0.9536400458527244,-3.444511141872403,0.2835803317666701,-1.4372475667050597,0.682354824772499,1.2350304461719976,-1.572211112883532,3.24993290819225
1,0.6271861912612532,-1.4986690041949169,-1.0691249768986313,0.627516439036098,-4.186676304796585,-0.827748807323918,-0.8825577249274243,1.2341186254715295,0.553509103853622
1,0.5871705870988307,1.5983654050524967,-3.402689992945804,-0.9898731114723327,1.3582149635117498,0.6832372175054438,1.0696222441790781,-1.1700751747370204,-0.15982733331024235
1,0.6216282300334003,0.7659003054630421,-1.4165637810441354,-0.13073779992378207,3.2418510979220643,2.68093673538517,0.46045284893749683,-3.9467854088848555,0.5158746888592658
1,-0.10286280297649734,0.25157838421174256,2.3477316562307187,-0.11997112230349267,1.0210789826537947,1.571733622902151,-1.466687743783809,-2.415183010990826,-2.094831769215493
1,0.9137817271834099,1.4888464925341165,-2.0375606261058965,-0.29722685317472924,5.206036216523766,2.278085267770965,1.5943721052606947,-3.856738888195523,0.4479419653951467
1,-1.0834997014112537,1.6197946546312547,1.953915714424064,0.1018852724589109,0.28714509669336546,-1.1361733767758393,1.1505114998979125,2.1036384489252895,-1.029255201602062
1,-0.46039298685324836,-2.9157850349314476,5.415914594529535,1.877672023767845,-8.992857203152807,-5.257469355235838,-3.417821060749483,8.023927681220812,-0.8377096382436557
1,0.7699796202147937,0.9462956750527511,-3.4751416369485897,-0.8214449084142932,3.565742685863728,3.0648579469449837,1.354308987319056,-4.2419616032107665,0.9608273488627675
1,-1.0248211665137725,2.4776843856860338,-1.7819668611562685,-0.8950921845341243,5.2190472056100745,0.290711313606543,2.6768988111483085,-0.8990168583635102,0.958038069233632
1,-0.26106599825850146,-2.9391364711559946,2.356814915766874,1.3919080066461562,-6.536416479698388,-3.11493003153705,-1.6037325666291515,4.544301017565489,0.2930959037046078
1,-0.9725277388996281,-1.2361921853735753,3.310205117080144,0.6183737995394883,-4.585574406751983,-3.0286238735412976,-1.1088158301993132,4.564408560217646,0.028980104157014137
1,-0.9334316632103065,-0.17075306830505474,-2.225174778764226,0.4173526946902242,-0.17274851141058878,0.3582842257740634,1.2651135379868865,-0.40721961383811495,2.9617507733773656
1,0.09612013996714008,0.12153324907512089,3.5565882107653364,0.10597016941492077,-0.3303962855768962,-0.8900235584813918,-1.4777415423093336,0.4311033647488123,-1.900197848808883
1,0.2911220761051613,1.732710711921845,-3.264983242819053,-0.9197830937574234,4.966270275259811,2.4873518454637646,2.1562926487134453,-3.762334276653739,1.9184990027182671
1,-1.3222333096214542,3.0869292616128434,-4.6589148964778,-1.968836076580341,4.402458894178439,-0.909523861888776,3.905579998176174,0.7970909190978748,2.2728943365029908
1,-1.1017075661452056,-3.504580879098394,3.6965351259697843,1.2399263013726256,-11.326638045046504,-5.925237002205627,-2.8061614747918004,8.965391958137577,-0.04835715553102484
1,1.3215129529328795,-0.8782603155798675,-1.121858365984581,0.966564715390678,-1.5045241411181,-0.7235667878511638,-0.5444280755982606,1.2041188216390755,-0.7625755939535377
1,-1.1349885866589955,2.7021972265390413,2.14789314411562,-1.237382234101176,5.190874841461307,0.6012174890250147,2.12142719141786,-0.8470139344269221,-1.2806694694396414
1,0.4481237622942247,0.9020498908074255,-6.063844411085532,-0.14186779363728277,1.784433498880796,0.718023761825226,2.212915457652866,-0.7032643013985591,3.820609633502082
1,0.13326631917161497,-1.792238604423928,-2.9490974493155595,0.7070934604447953,-0.16136079773935458,1.6589545338478737,-0.5818503907066694,-2.3929344344781964,2.0433863032281283
1,-1.516599213138365,0.2252910271776005,5.936098938890759,0.11046705353657746,-2.509833036229001,-1.4789541689703796,-0.27776417912637125,2.3414803438209075,-1.3387235948459104
1,-0.23079008328899037,-3.846635809928376,2.052656926279796,2.3323982411303574,-9.644368032830597,-4.36542710660158,-2.218780032438946,6.65889980402202,1.8308078967896104
1,1.52782060934645,0.08328301806136823,2.0794892745757214,-0.5442252315391961,2.72479393728442,5.371048334106094,-1.0658569104911582,-7.108790114757468,-3.396273974635782
1,-1.8605731454550773,0.38924473419847344,0.8234966367280621,-0.38172162926242026,0.26930203771341565,-1.9725154520745392,1.8106870181334211,2.978502434315491,0.6717627152572772
1,0.25609510918725775,1.2688197770405671,5.828239401611752,-0.6239394271627121,4.182644571301146,1.710505934248776,0.05079913192578106,-2.1600780965806274,-3.936136275008193
1,0.8782375074879353,0.42096972532020316,-0.69947575928296,0.0667216204855399,-1.3574810629631247,0.47196189597823146,-0.18493836231277921,0.18365009676020164,-1.0507481104050935
1,-0.7996164525233496,-3.046648396842243,-1.5442819066840237,0.621308022385802,-5.658658036872142,-1.3238292803302103,-1.5228944924428256,1.8882181371738311,2.751380905653591
1,0.674877680983845,-2.9820128502288683,-7.555435977026607,0.7212512594482755,-4.1890992020276,0.865163706975934,-0.5106742238995791,-1.3750237120085396,4.40299412772787
1,-1.073687921989927,0.2682259783942343,-1.4315663200931956,-0.5605237359072498,0.8445487420706639,-0.8503535187585505,0.5052739797318789,1.2193004929746012,1.7288039610413999
1,2.014708812949579,2.2830227289297618,-7.942341465254708,-1.4892669071925848,10.818696200435518,8.099385530069554,2.3917623815867888,-11.937647745073168,1.347708616543616
1,0.1327810296717385,1.0185766786514125,2.9167418111977192,0.11087458797471966,1.6693975846323916,-1.3968947278033477,0.2122405641844435,2.1555130078258933,-1.3030950244480932
1,0.09525396853610357,1.5327335385830605,2.0102190222223837,-0.1895973727475093,2.4493495809501376,0.1804575353183816,-0.7305936557949791,-0.1863657409501452,-1.9986682023874571
1,-1.3422058637999565,1.8037300702979404,1.3391869238052776,-0.8106748258170392,2.8182057450366043,-1.6076920963208559,1.446424848413475,2.553425179986157,-0.7339203753914266
1,1.3339779185956424,-0.39394080538570536,-4.445815780378845,0.11312735186711816,0.7879539225024847,1.839256617438198,0.23061596083149238,-2.7140467782280453,1.2034150976262181
1,-0.20874391578001036,-2.369412226337726,0.5830808389402022,0.8483904126874331,-2.3119196706656853,-1.684195939472481,-1.7882651003345216,1.7865911407924366,0.6638192090508107
1,-0.2726979344568812,-0.3074024372857596,-4.0771731427365605,-0.135498583125658,-1.2541120669561696,-1.2843122313314184,0.6318204252901142,1.9003438669583106,1.9906992700118187
1,1.059631437748529,0.4400531689342469,-1.2009527174655081,-0.27813349831961703,0.5356013124507568,2.0767657261061103,0.3614922121244783,-2.5290694959257785,-0.7512529460033939
1,0.1488960847732238,-1.480705513993037,3.838039633604772,1.0109589113655142,-2.835048961267799,-1.6011789767278695,-2.5940901705113597,2.0470250609488674,-1.9967305874967813
1,-1.2259988775361157,2.0513711838967605,-3.723273925077035,-0.716855506169283,1.97289602951141,-0.33566248062959037,1.8925367263782216,0.7789408689111152,1.9791112774029154
1,-0.047250912263560936,1.9350954010962604,-2.887841836993843,-1.508778715205082,3.632962233306019,2.3575311725468846,1.111181197811675,-3.1728871148672053,-0.13013217513625708
1,1.6485105531451674,-0.942856927062702,-5.547345075899965,0.8306437666429916,-1.1873555123151014,2.161880947878557,0.35090573347579707,-2.9537751571723776,2.5455852254898526
1,1.1317254533264085,-2.999490825029286,3.3354515492967165,2.2846899071515887,-6.9737118489558,-2.647510140065293,-3.3228625712256123,3.8759809925974484,-1.562823823878409
1,0.40566536567695016,1.6936409282905978,-9.003987806833653,-0.7697473168867425,3.693566513806949,2.7176747415386613,3.1371733745245063,-3.906063233122857,4.887395855408026
1,-1.1497900487284087,-2.899075858615468,1.1218555443854765,0.738911260915561,-7.607158416399707,-3.39097784476861,-1.808307655683027,5.001033819450276,1.215747572902025
1,-1.0981668257019301,1.0351347200731158,-2.2411134168827553,-0.9999055294518655,2.0570561373298526,-0.7075778987701065,1.3256353933599139,1.8036623316007745,1.608495388049626
1,-0.4766476234996455,1.0766125783545337,-0.5503793571922243,-0.16412364610865834,2.0145098245122477,-2.242527765731467,1.159384446847916,2.94199865390198,-0.1529300334008144
1,-0.227842424480588,0.7417750309680284,-0.2347701486092153,-0.644434529827841,2.5911786684240607,1.4987046329154528,0.9087742927129275,-2.8538282947469793,-0.30778372690679595
1,-0.84212257502968,3.5544037690115116,-1.3260883531528946,-1.8058466249974436,4.901054727734966,-0.021530005851853162,2.5059581771019563,0.7919744359101778,-0.9001178400977438
1,-0.4692165399353701,0.35623222273710836,-0.3604220973328781,-0.3830754056945337,1.2759813213294744,-0.053833124536136284,0.3989559521641437,-0.29651214328957765,1.2068601374305319
1,-0.777844762198944,-0.28964970282473423,0.15886862386079087,0.41257021784277287,-1.8857495260318924,-3.1762629894087984,0.05054587080007944,5.087364795984032,0.8507565748776086
1,1.3782397374242434,3.2693973670127554,0.7313091674766454,-0.6634731070964861,8.91799251912127,3.044094812544095,1.1951783650698828,-5.086488534533691,-3.3134363154964737
1,-1.8475832859453936,-3.754153139298284,3.2654116842711156,1.548459444021683,-11.233783014523876,-7.366309136587608,-2.696133699327607,10.825682328173338,1.7845882324150812
1,1.1776888267627483,-0.179077465253172,-2.646544080232544,-0.5721374145160415,1.4555903148834828,2.6022386080000457,-0.42058612207146745,-4.08315194529031,0.039769638815319655
1,2.271177371773761,2.1172959666972186,-2.790908790443169,-0.5767967523910914,3.70131930776251,4.168964781642869,0.7970499936135711,-5.749161710727687,-0.9971667387475021
1,0.6076998839074639,0.4585562667242969,-5.232149839660945,-1.2198759453510493,1.6866362625447693,2.740580844910895,1.2258156382986882,-3.843725063080045,0.8454172927734467
1,0.409258450184362,-0.42370872184057257,-8.793938585871972,-0.35154549383752265,0.4046549980438806,-0.977288519327595,2.1073302966618637,0.7709260645789253,5.232765473363258
1,-2.178815452915127,-0.39987186964305754,3.9098442114080534,-0.08134341807193962,-3.4364329413487362,-3.917042256097619,-0.8384942024413322,5.4688761798233045,0.16055257966496866
1,-1.3616080946858768,0.06963464355158057,-0.7738406104182284,-0.6958633584134074,-1.2464512532843914,-2.216448122414077,0.8556614387503177,3.7339916074697546,0.16785359869608077
1,0.24512661236831904,-0.1345312965657468,6.281247499359748,0.7923647917620862,0.7802863423749059,0.447085909911453,-2.78051520327058,-0.435383092663126,-4.095344096631608
1,-1.3808396787029746,2.0628733687254117,4.759002853099683,-0.7365237386839376,2.6527954174906547,-1.527935675177707,0.4887341956173787,2.1014635843724974,-2.990974860117973
1,-0.8328446043021003,-0.22467236454173303,11.623513457187556,0.9841778884208957,-3.4511872338306104,-3.697434464433853,-3.2044109706394868,5.5152739460967775,-5.186766799085548
1,-0.29392366603019676,-1.9911760169951298,2.2194230820117524,0.5593946016906284,-4.842561757647145,-2.5443817890890674,-2.815356132639419,3.722620993758656,-1.1884969140564023
1,0.357019210475857,0.7345988594646784,1.9745941038010486,0.5589912195484538,1.9042035794111518,-0.6312221929252086,-1.1052373419346542,0.6524679065959261,-1.5236003395382047
1,-0.20769902244392963,-0.7044169387875461,0.4968895228518424,0.28090907229273926,-1.9803569711893396,-0.29392753346712847,-1.0005977376918758,0.020498171898819917,0.11340489769853641
1,1.3977266149864918,0.2536368160743502,-4.638616089579132,-0.5297232124367431,2.3387948850269775,2.00317790167442,1.0729175739008707,-3.030034200229977,0.4598258833904806
1,-0.6719759900739546,-0.7133776813671119,3.0579773879050425,0.9176207269343208,-5.456021741474074,-4.349700119113393,-1.1627254226711459,6.264344851154932,-0.4455270500136835
1,0.18432389669175375,1.2345953548126332,-6.6573274055376075,-1.4172539720707493,2.8912943384970937,0.43087959307924484,3.3048639875232664,-0.7043015970119255,3.089052547044454
1,-1.3023017123360292,0.7424152741727719,-0.969044747726867,-0.8922858543239592,0.9031276707041704,-0.2696279797283732,0.5461468006970325,0.35468550331915116,0.4878314446642976
1,-1.200652649892142,1.5163973106596151,2.418342394805383,-0.8919308979554199,1.7846564113328836,0.012861861941588726,0.7255612246315452,-0.23327071391155807,-1.6218814387680547
1,-1.698524979858919,-1.331446880490677,1.9904815722765694,-0.20175321282554487,-2.9692000628351543,-2.403158119686291,-0.8701251935109939,3.6185174188104168,-0.522982833796984
1,-1.4335281477001167,0.26377276355029633,0.28869106451796794,-0.8408728987879172,0.22375320982479407,-0.1022732679983779,0.6520408471358128,-0.044102790219298915,0.8053672030059857
1,-0.11860268556591423,-1.1761666484024513,11.16971386649785,0.9337348439154951,-1.498406563469359,-0.9464898880917318,-3.9977996257219712,0.4894438104761863,-5.0561211125323275
1,0.1858686780020202,0.15431190797069025,1.0523139674634152,0.7260858940729662,-1.5063408496158253,-1.8492893150738283,0.3974209845702625,2.9156101145932,-0.7006450507822943
1,1.2054140802164315,1.967614986643313,-2.7103345112441057,-0.8253883537348979,4.341527355218287,1.8209874651900138,1.6639485657847874,-2.976827602013255,0.04428030722625323
1,-0.25439736943786,-0.21780296502357613,4.361235689912277,0.6414683326017441,-2.0647624574300676,-2.4040046328650515,-1.2390616774852081,3.3743716336193152,-1.905758176023433
1,1.0776752487422263,2.009309144909375,-7.396354488195785,-1.4132807133695868,6.2907426261660815,5.759086380805639,2.6578945655959827,-8.146856577361488,0.6599122722327618
1,-0.058501327314909674,1.854376437070535,10.132131779930301,-0.34090877518698504,2.137295191939958,-2.1547637234297166,-1.5203561779153352,3.035537834476809,-7.00733955771651
1,-0.664956046352157,1.784506186696378,-2.973245001030611,-1.7345354065705167,5.336431192340746,1.7575296882869784,2.706908203206829,-3.1667047919568807,0.3483129890275293
1,0.29659798648281877,-1.2891727136365436,-6.823868298697041,0.37117064518599213,-0.4749935865375301,2.011424232367434,1.2613174455447846,-3.010433761354204,4.817970882123611
1,2.1921115000630267,-1.0747811452822649,-7.912829005811339,0.013208462110440787,0.7767908697678625,4.667160096738276,1.4697395504259698,-6.574023772718367,3.1274813435212465
1,-0.09269114587501412,-1.0217679648080515,-6.861657600157824,-0.31277876023680323,-0.6417790603110237,1.7284455753325907,1.6423095015275677,-2.650257228495293,4.401310407872354
1,0.3955798677547223,-0.3739120975810455,-0.6255542212238784,0.06348213301293965,1.1140128029527092,0.20015030370916476,-0.4703704371497981,-0.5435579067592734,-0.45682762740161825
1,1.089250965991487,-1.1237857228574317,-6.2928648011616914,-0.2580807309554812,-1.9040287813335615,0.9490597834472514,0.17043609295438056,-1.4874623698878773,3.2703963573616663
1,-2.6166031711817244,-0.0259975036462179,-3.0011437542710704,-0.8872185015023029,-1.646881057472477,-2.1233890191167752,2.029956772972463,3.062443220881192,3.6025030251315227
1,-0.5709051883909539,0.6659729261940693,3.1076622447892297,-0.326422600830673,1.2767535102147567,1.6931763972038516,0.07853485719470604,-1.8253232315191812,-0.8654336905403383
1,-0.4016396660350352,0.8780659641393537,3.211766689041895,-0.009689892858299055,0.1699210947860299,0.3675454044768362,-0.12298657324135788,-0.21890195625400438,-2.017528801513116
1,-0.32245918673633056,-0.7691620259583771,4.261472746649144,0.35928777242812987,-1.6188245778010448,-1.1954100624101485,-0.7906521385180582,2.0598618474734782,-1.8734941232794708
1,-1.7823215244505184,0.5857698344648962,5.110190412003947,0.19749888033192523,-2.2506466504959652,-1.6767638404344707,-0.30442486293806126,3.027020630513813,-1.350281550528821
1,-0.14083122521027405,0.8145409255404497,-2.964017694528187,-1.0057947400390919,1.3781141683020501,0.6631288994537624,1.8555045701515458,-0.7414692286399395,1.7562168952920338
1,-0.0389609457447482,1.1177265483796142,-2.112114986669697,-0.4717492157579092,1.9694190111255103,-0.20757973401646446,0.34312648591732114,0.45387363067999875,-0.23687038021368484
1,-0.2311154822428359,-0.3433599421471828,4.66773452778008,0.2956616076057045,-2.1394961681063362,-1.4631840934601563,-2.232667671232452,2.3117967799124424,-2.2319544373150424
1,0.19525479625087816,-1.1806878143194628,-0.4978032307859006,0.36139638798096596,-2.6859704988544597,-1.6893423393192735,-0.26172776166616096,2.2206847913973604,0.7290132194223038
1,0.6933365702035735,-0.8469556983546851,0.12252177726226839,0.4012112957464772,-0.5305054214750732,0.658781757448969,-1.161217488426532,-0.8568145801270738,-0.19433128726963542
1,-2.069442726256998,3.4849584940586955,9.808169317714912,-1.4106840824062712,5.491305275393297,-1.2559517710613273,1.3505636935053036,1.7329283056328564,-4.555745088216413
1,-0.7735654731177826,1.441875395482852,1.4195882877976644,-0.5384232610262958,0.7539408588616926,-0.6893765849754177,0.6047520798897221,1.4302362008533276,0.015449715750846405
1,-0.933613441194723,-2.7547739262036135,0.366592623477861,1.3555088906713753,-5.3564583484286965,-2.8608227338764265,-1.155837821782525,3.7736947821634588,1.242550315168101
1,1.9687267530387578,-0.3257446517740503,-8.00129011028176,-0.2855196917732354,2.43615915221426,4.827064902983653,1.4649026860027687,-6.8922154544270375,2.4838433455928604
1,0.7292564719001228,1.7705384223080416,5.127277900081066,-0.5559398310493998,5.7493193689843745,2.4891165524391887,0.4470838183392742,-3.578778286262653,-3.480348620069073
1,-0.04129926348933251,0.9893599792238759,3.2848169930171416,-0.019154017027790245,1.652970000429351,-0.39190185829413177,-0.714874146995955,0.6217587805831749,-1.9930611880045146
1,-1.0462151166533882,0.9289356544046208,0.6565753460336369,-0.31681628649171245,1.0662881999126161,-2.3997961570366884,1.2148943661451002,3.6767477177497208,0.6547369507840737
1,-1.1696883371749105,1.1386346952249171,-5.020545633415343,-1.1055923986288596,1.6793465211915175,-0.06943934435771658,3.4707939453899774,0.26458439008927814,2.712810320166515
1,0.16259946897987443,-0.9727272750142988,2.667621874475929,0.24803452015667377,-1.0897766649897,-1.3347990100980835,-1.386415242052079,2.3769594708659874,-0.8928246395391178
1,-1.8417985171375644,-2.702996251133856,4.992571629800014,1.4479620741675925,-9.159892728755942,-4.883099383932565,-2.540580569374879,7.074290076723648,-0.16078820512430664
1,-0.36750182622873007,-1.9118114611678168,3.259488343644588,1.2456746951995912,-5.146652941784037,-1.4435161992602235,-1.5665398418048675,2.0935024584368924,0.12095761083364634
1,-1.553805259395699,-3.2814303416228428,6.108548407353331,1.1101454206484038,-10.427950994166592,-4.906153301222808,-3.799478519070253,7.152119794684292,-1.2764293876291923
1,0.8628989189708403,0.9951055126768176,-2.0147332493657544,-0.422556354106396,5.243257934128746,3.4212409701535162,0.3286220014325487,-5.787882267325116,-0.420119622960069
1,-0.10319270138180213,-2.736738860103066,0.41235521118581037,1.0444317710694238,-5.6117391699155785,-1.8522288068982897,-2.3831488664809757,2.8188891198002013,0.9978041813677093
1,-0.2406320563450315,-3.5999886125436746,1.6305365594277759,2.182644352276586,-9.21678579464863,-4.367426611440855,-2.1533668611743093,6.586462440986596,1.5910087459562618
1,-2.054795642881939,0.5667348486851617,9.013314179705333,-0.19617968890599252,-0.4927407795302317,-2.4219011543756346,-1.4584267142720286,3.1605001257770153,-3.053785724489971
1,1.9318911703700883,0.7774077625026048,-4.785471369700792,0.17041691754902025,5.792008453515394,4.9020862034008035,0.6090359866753724,-7.288711461884339,1.4315391150268166
1,-0.6071720740291845,0.9444131289110427,1.9296275168900934,-0.14680077898182392,0.47319514710709354,-1.1859483260288175,0.45836843892318474,2.2638412280145093,-0.8530382597647052
1,-1.1774830063435138,0.1929220236675002,0.9882862351216123,-0.7283266539575518,1.6627012176530074,-0.39875490618079823,0.10520774295268344,-0.13768993210054653,1.0104123674740706
1,-0.8816746428461087,1.2436931538552742,-2.7677193378802962,-0.6747169483420251,3.5657059785223404,-0.40974493150416325,1.5979432084851182,0.12031652849726371,0.5295437909824886
1,0.2602094328184513,1.5582340232693275,3.9888111264090957,-0.3908308024901269,4.1529435699710024,0.9842237278509547,-0.45350485511432725,-1.7849096958096387,-3.1066588930492385
1,-0.7508964733196776,2.0747974480893694,1.323674223125407,-0.9804287466276354,3.8589838431435224,0.15579040406778777,0.5193696401702597,-0.30514771455211936,-1.196654477164993
1,0.04701384990048242,1.2513656989813822,-0.3435806240800212,0.19194719547139666,3.181579978422469,0.4851733075068586,0.42034254043834324,-0.28486300643448514,-0.4326691535897692
1,1.1592414682203178,0.7679199841711897,-3.7558889487552265,-0.7482130839823283,4.110101149298674,2.0937635756271527,1.0141959248210923,-2.929205604050802,0.3964001911506393
1,0.5529981697222963,-1.2177795609329762,-0.44846408788826936,0.13365156368927092,-1.59030948861582,-0.12540013114132106,-1.194148399488853,0.23289749077183552,0.025372284401786845
1,-0.06364992146765883,-1.4585136645436918,1.4215131324002033,1.313072322888383,-3.4384516953244684,-2.815135928799467,-1.305624302976993,4.076627414352591,-0.09188207064852222
1,-0.043708033406627204,-1.64174865341464,3.4923482550521356,1.0672880247597438,-7.911909078279208,-3.352758159217516,-2.1398357130114496,5.2153877459703875,-1.5717891236150352
1,-0.14508744708645097,1.75614399284217,-3.4453765451224356,-0.7747826109385189,1.8745408969704644,-0.36458465493734965,1.9318185856158467,0.7030139651174956,2.0764187161751715
1,-0.10333207077499315,-0.05508572265186658,6.146182902238933,1.0131336786502523,-0.7818249229782855,-0.3586224577905696,-1.6611590178392983,-0.053895852901119895,-2.9048488306269906
1,0.7217694368016836,-1.031511219799102,2.139909100494473,0.6556647933985889,-1.3102674365575333,1.3186331820809005,-1.4780082577555176,-1.9662185583929035,-1.6202355975221854
1,0.6858317002549923,-0.33451022784818946,-5.146141087908698,0.0006981124304312625,1.0650850619910623,0.7546158700301855,0.8932456730574323,-1.4367847456049447,2.323385852205069
1,1.101177485795547,2.6976901404479636,3.117248667269994,-0.43884538408889145,6.966031926557533,2.149765622835393,0.2685325565481406,-2.844545719271735,-3.9658632108133576
1,-0.7257071753407901,1.6826936364772622,-0.670030889733057,-1.3839252618733482,1.3387034066350467,0.06451767080756268,0.9658535536429307,-0.20946746207593983,-0.3845787389739238
1,0.008095754086098068,1.4156239803159438,-0.5080500554250107,-0.4437755081107534,1.9610276130451294,2.0036586681360893,0.617621546451027,-2.3196405522994485,-0.5494211534127359
1,-0.05712669543823203,-2.5847118261791477,-0.5468600951820196,0.7429922927799136,-5.374546865679934,-0.3420192077476676,-1.9374668142000193,0.3835234157645454,0.9113859391748569
1,-0.8562543285840873,-1.4453114193388665,0.27926122690359073,-0.03021791698742462,-2.2218005018691254,-1.0937214395685986,-0.37594903443409133,1.276785152098652,1.09653656931881
1,-0.7874367902602543,0.5121361554394382,4.8836953284639195,0.13416705365554407,0.0006243169676154927,-0.10442294300054673,-0.49925091350250256,0.16341121951398288,-1.5639676530584
1,-0.498363236495193,-1.2386644475634019,1.6337614729706094,1.0294709108849414,-1.478244143349142,-1.842159725830877,-1.1585143513350948,2.333689582155722,-0.19966006890514126
1,-0.5431887389809255,-0.6139527870253741,-2.6352543232145353,-0.24177083953082903,0.22094296451162307,-0.5918597392101047,1.0921867151991724,0.7282647248552897,2.0767198409625864
1,1.7058186077607282,-3.214719602080944,-2.560294720647505,1.475727466937916,-4.157982131086845,-0.31284730707551983,-2.7921507044732223,0.34277844832405746,0.9695497157228271
1,0.11761704666241082,-3.330708414012718,-5.978207900881699,1.1570847766229633,-8.355331713254717,-1.177960247613358,-0.17357945739039507,2.3015245374647084,4.808676105484333
1,-0.3878936895743952,0.984751417541947,-4.588906807577267,-0.6701770388058451,1.349694444540638,-0.7825874497876917,2.731575231718315,1.2103877231327926,2.819374955254329
1,0.29208400623058905,-1.519887935772121,1.0095775754602885,0.009887533919106625,-2.768464117941523,-0.009831422453457667,-2.114866521469819,-0.370112288235114,-0.9406803779076215
1,0.5716312539365168,-0.6145721636394301,5.539441008301522,1.0355484933800425,0.4416173214417535,-0.6774476340902682,-2.9642614311303594,1.0170041948922568,-3.982598365299319
1,-0.5818390580880808,0.21429681730513384,-6.126268696315019,-0.9451227924708638,0.4569093641869771,0.2418552815109919,1.5159167409535879,-0.40816106688136194,4.261815369255466
1,0.21499670799662038,-0.1475740683844146,5.332027648474455,0.6617430260306378,2.4910697523543983,1.7040387291952648,-2.079475518053081,-2.9866218339698216,-3.7308410429528585
1,-0.40617973268949104,-1.9862218625692623,-0.8446037947903564,0.985684246161734,-5.571209442491261,-3.422523311151334,-0.9553986028171293,5.292390303740711,2.4231976470444807
1,0.4053926257043389,-0.45342415362771055,3.3995419742460213,0.5289471279837622,-1.7992734353941355,-1.665407190415726,-1.0239347991222263,2.731967906781953,-2.204636468114586
1,0.250071940498942,1.96185621001616,-2.884203251559451,-0.9022502179824381,8.093768417559918,3.9962679961331027,2.198386653010521,-6.268714846940707,0.7791124567996073
1,0.15347494033022485,-0.04657763229044869,0.3525643710731095,0.2777312263200796,1.2185066033724627,-0.25192072958496087,-0.7767903632824021,0.8515237720656168,0.47060601713253575
1,-0.7503268372592442,-1.7205423660086256,5.119068573633632,1.0625177240495949,-3.099330358297031,-2.7118061758395178,-2.7085264449883546,4.0356424443234005,-1.8132344726812704
1,2.3209295142657074,-0.38605859562572603,-8.188176286887796,-0.3290024236649756,-0.15038781665087708,3.6589361811953243,0.2931864027232249,-5.3059379827414945,1.9078007860839796
1,-0.7667470571961641,0.42819944065671456,-0.28377390275355924,-0.45702496294293987,-0.036248515476806985,-1.3999134880558817,1.2750077561288597,1.4397322779948105,0.6032581203084548
1,0.5515165814956177,-1.0138238905978354,2.3403241696104904,0.4004254701677295,1.100667904284928,-0.031297342368158385,-1.5327641394673979,-0.6053776749712978,-1.6523129437610933
1,-0.97340824547088,-1.0114094011147337,7.615373495603407,1.0607389264973843,-5.00071667336216,-3.432706334501135,-1.0278191005462538,5.853500652543828,-1.928875654583618
1,0.038054257433146804,-0.8486173666651271,-1.422631730706352,0.6202527532487978,-2.4851292498075646,-1.6009616870187007,0.5382554623945021,1.6454601172842358,1.9046167585127145
1,-0.6133375235249487,0.6034909009680656,0.727632894288177,-0.3137765916503782,-0.0453556215905061,-1.924659134561164,1.152125487659746,2.3178458273096045,0.058963905365542225
1,-1.703214029788025,0.8119663836930077,7.79044680194036,-0.44714267222154813,-2.8769022989891595,-2.1460557048174684,-1.6361078599928356,3.5020464992913682,-3.781563620716845
1,0.9949232457827221,2.8556467680864928,-0.3289654706506993,-1.7519594940094252,7.044809630211643,4.438270348851446,2.721079434809315,-6.583299012641725,-2.0860803790974263
1,0.07449739566109677,2.195364282232469,0.6107831814801222,-1.046199167690416,6.08883504052156,2.4759615562480284,1.3120514574466458,-3.720066318140696,-1.4195805199169993
1,-1.4979967587360892,1.0483844084252925,5.309342873651571,-0.09167386200452234,1.7056275279501805,-1.1334007902452425,-0.09546319550848283,1.0656050745582968,-1.5863801329487608
1,-0.5532684372255917,1.5900176926940062,0.06377220062380533,-0.658409734962304,4.1721317251708845,0.36610672854568366,0.6480764809777625,-0.6965156307462145,-0.23273828475624345
1,-1.0400518459373833,1.1812862131242108,-0.8043463199344851,-0.9189309449433484,3.011396672129636,0.6724005357411388,0.4984180084506075,-0.6987237418163637,-0.033123169207222775
1,-0.7703914614457938,-1.049984351495856,2.979973615265951,0.7380308709546064,-2.249206145193741,-1.636222656112981,-0.3941995572436688,2.40698961228008,-0.7555747976091864
1,0.8941308248719385,-1.4263727753085311,2.4596663492296775,0.9062137442303274,-3.8907442468722517,-0.5307176112247882,-2.230301124902577,0.9971291053580432,-1.0711001944883427
1,-0.8505328843393645,5.122958042863562,0.8539082960819899,-2.763763378902997,13.046215731247479,4.969877987599591,2.2983815706282735,-6.550333720724213,-3.748537741724776
1,-1.5925494244153335,2.1278278589635486,-0.7095259403791218,-1.4315436938865358,1.9804955439502314,-0.6072492486633019,1.761840524067441,0.956192270079846,0.436937680323636
1,0.2392867950387009,-0.36925149677298785,-5.430547982079744,-0.5335788857039141,0.006212768389557296,1.8610071378521522,1.4362907854236973,-2.522496577797399,2.091619683469636
1,0.4437233737374672,-1.792940274956173,3.7263882804640787,0.7974471733315168,-2.4407977739987534,-0.25704757083641155,-2.9712705908999495,0.2147054631193001,-2.2193615348943214
1,-1.259334616856903,2.774736279071112,-3.371903175135238,-0.9565575448465234,3.140564611451448,-3.0408608774197257,3.170982661428404,4.49747223823852,2.439825178452842
1,1.0464029676455338,1.4702693274527077,-7.42538166024358,-0.9431211839562534,4.870457109153121,3.496456654799011,2.329008344125072,-5.054668616601111,1.474050709606721
1,-1.0314618922249892,1.3969228847766464,2.8655901716031633,-0.8482690404405068,-1.0201681146567991,-2.7097284912556012,0.9758587993551753,4.111181148677978,-0.6553521370888107
1,-1.3999537882218853,0.026732045970989486,-3.29363037914018,-0.23119562362688542,-3.057438752784761,-3.3397880617514235,1.491733562692933,4.875422028858777,3.3325588308032694
1,-1.8854896213905554,-3.215246741564797,1.4863599926552384,1.0665934692125267,-8.143773859275285,-4.485957952310686,-2.059095532458806,6.390582095371606,1.991559770909462
1,-1.221927306654085,1.7248047553666237,2.9220234727203356,-0.9337974971476057,1.8638460092697817,-0.8361796024552839,0.9120545206399954,1.0720871310317837,-1.4846530110833598
1,0.1627064714561216,-3.0949763678899225,2.338481041508081,1.7825236118314352,-5.175141911525612,-0.3417096464142719,-2.3636592229339786,0.308973244666623,0.05933137341548635
1,-0.8303088799252848,3.293845708117915,-2.4005638797341016,-1.2461549298351347,6.211471434875328,0.556265597133236,3.35949593760082,-0.9504200905223839,1.9081407585148158
1,-0.1322621360151272,-1.0853289308773666,3.451584868737243,1.257803195693272,-5.697274461112079,-4.123279543171339,-1.5454230506252777,6.143222519106212,-1.3713202656893948
1,-1.1591437251740733,-0.5511407111955777,4.263996318609575,0.11333179181325499,-1.7466123432865017,-0.8735423791352779,-1.0040094217119793,1.4109064738597452,-0.10904945079378515
1,0.5859390297950632,-3.3916529050722914,6.983176994453377,1.5728566561305217,-7.009453404863588,-1.0135625165804758,-4.120535111001473,1.7252930683515073,-2.558393057329844
1,-1.1618181771874099,-1.604786496068116,6.046235684889541,0.8955783083809682,-4.801627907461401,-3.0237210010995574,-2.5502430969191914,4.749925598853482,-1.4046416301384876
1,1.4393954222852379,2.280577151619949,-8.296456090283588,-1.3350129022908175,6.2324068742177126,5.530326304782184,3.510338330380101,-7.999625685346623,2.355842730319253
1,-0.8350255366015571,-1.9874384869774013,2.9255409151016134,0.7082803264269406,-3.7800349067394867,-2.017654909913667,-1.1825741192951065,2.4099022272535477,-0.15252979450628681
1,-1.9996732396223413,2.5385653156760952,2.979118002128089,-0.8819455856037449,3.45083197452816,-1.9110094278121108,2.1626494779890812,3.1935507179823355,0.54996549315568
1,1.2389467106360037,-0.14227693033053238,2.3745739577633436,0.7982993855022407,-1.653616718649823,-0.1150405474665295,-1.487162391313961,0.7921215940118905,-3.3052956400291147
1,-2.0767464739541737,-0.9056029678271021,-1.6696160843162422,-0.3509000146354325,-2.8880735190469915,-3.283998397250971,0.8764276593622171,5.101215641685467,3.015731762512159
1,1.5686567990965476,0.7570706059719039,-1.4179774932483364,0.08882299118146975,2.947875620800083,1.8768880706284072,0.5896722990885126,-2.875901289820228,-0.7948253961100246
1,-0.3326344624746371,0.7304520589470911,1.4564952309244885,0.13664005984046124,-1.232126806656562,-0.22055505747938461,0.3719140512145867,0.9954695962012202,-0.2683658378639176
1,0.1475334441256687,0.017445540737065418,-0.2725569591541812,0.6478155390777677,0.60488152102508,-0.39139180998265033,0.20713850914654183,0.5557000583756958,0.5812058330987981
1,-0.6914727503876491,1.4296183855567803,1.3350898960748148,-0.3368297848567241,3.530741275774184,0.9761186415460377,-0.3556537764852515,-1.3300853278285443,-0.867625211936287
1,-0.5693032463840316,-0.8328796806674181,-5.864563707548834,-0.768278430541216,0.3960855704795912,1.8297706689761903,1.2326835592298828,-2.380354609188532,4.001838424911852
1,0.07379585831320123,0.7202474055343386,-4.901427640347584,-1.3366778542431914,1.419221501252881,0.2581037362493009,1.5318923247868355,-0.6255696562808858,1.4792935189187884
1,-0.018029046679649406,2.342394184596067,-1.6692579691311786,-1.2713784501511682,6.466661844517347,2.0948021559342633,3.0098622917420945,-3.1804894567537185,-0.12877998629024753
1,-1.9761788133706328,-0.39705467072729494,-0.3298132538152543,-0.39277122914572343,-1.2070743972975844,-2.8844001649466717,0.9581281445822977,3.8985312021695804,0.9216192608384149
1,-1.1918928829064437,1.8741891653024436,-4.935453586475032,-1.3598615613720026,3.5596856107125214,0.27007381007149556,2.8040217195865402,-0.7361624835989329,3.4403871954436367
1,-2.2827376474167598,5.500840607783574,3.739713963341012,-2.7349286740006917,8.847208145456234,-0.008381832274853895,4.2625018576443825,0.33560981136208495,-2.228032318254923
1,0.7653612227527131,0.39257670218108,1.2829938197460928,0.34591469210814696,2.949521163052295,0.7656029197512846,-0.24092315240908083,-1.5227747593347432,-1.208858353198092
1,0.43547617443330067,0.11289750249056234,-7.613262758945591,-0.34814430055990125,1.4667458695693094,1.4671670456641823,2.5183518318203966,-1.8186472190274674,4.949387218110283
1,0.5819603278426929,-2.3397958304350635,0.7986556899259994,0.8246998540498818,-3.8867238773378534,0.9335391403186026,-1.954136381799289,-0.8971629777892356,-0.9361828969637594
1,-1.0869089040351294,-2.5975739980309553,0.44602405822631525,1.324742219763317,-6.0801924680308,-4.225454711048189,-1.3551228816051564,6.071516571277377,1.9961512689676693
1,-1.488219711111752,-1.5165880345210014,-1.1818709846834303,-0.6484338621935608,-3.3208852247257816,-1.765138036152461,-0.3414325293319225,2.5886555059828944,2.229120753901161
1,1.3307856418726873,0.17376533765433244,-0.03426692506425875,0.15518087983639298,1.1252646604451,2.2273318533935456,-0.5174921864096551,-3.6869767823746105,-0.7612074665207671
1,-1.6382487498732046,1.7042370973526773,2.239717458447416,-0.9151916414114503,3.099633430049648,-2.143398675044282,1.5272875842344964,2.513521555792501,0.4041651690340612
1,0.2056344439612524,-1.9890491379323958,-2.722847277645738,0.07654450754560457,-4.897356666165844,-0.41645015239813177,-0.7457719677463183,0.7028648771553412,1.3433442592536178
1,-0.23604919123619406,-2.38980338214787,-3.168894797446567,0.90945587074961,-2.2452002366138744,-2.082221107472559,0.14481069433963045,1.759796962741721,3.455957449098942
1,-0.050282212108082314,0.8747406445433699,2.9919920106612903,-0.38849676119154725,1.885835132677576,0.7381452296861647,0.4749682359307628,-1.3272581270761619,-2.9428639942387482
1,0.015732761506925333,-1.3312979219876817,-6.461083774675131,-0.03511029224242471,-3.3332467721399723,-0.5293569856326943,1.605357684473965,1.1544507548737672,4.190704949653295
1,-1.8473010243837469,0.16542564738933052,3.4066689353728936,0.17850503558194444,-1.2955054695889259,-0.9941065339602183,0.16771617214440024,1.3731775532569608,-0.09058779449616107
1,1.4668282742101117,-0.8246098420871155,-5.038042994949296,-0.7382778087636708,2.7523335505388364,4.910463380877234,0.9789432266266077,-7.0668978255412505,1.9820684107147792
1,-0.5394402880817123,0.02054678491112591,-3.1747522233316703,0.02969602103175071,-0.5578868859547207,-2.069596672304369,1.4848563942567894,2.8401453583067093,3.296749843929708
1,-0.9656115285227597,0.9332584719723956,0.5397613256472882,-0.45663046642895955,0.5092360990814315,-1.2867094618001018,0.7539019801785601,1.2891909140691407,-0.17382142233705397
1,-0.8252358411586468,0.9514558251464472,-4.287254971575187,-0.30827415454431667,3.6780122877884547,-1.207426463235456,1.4692086238658146,0.9891323302115699,2.8438315378149
1,0.7776314218353336,-0.9368147152084105,2.8658861553075643,0.6298200730360209,-0.08438847517272426,1.884289422265569,-2.558549998939583,-3.1037134385952614,-1.9697182493760395
1,-0.7859304533264831,2.3829818705207213,2.3231125443895175,-0.798664164106474,3.5607209584808457,0.3286545824975724,1.9662642115725906,-0.7761000950737088,-1.114747841682087
1,-0.974108833895936,2.321289221014259,-0.6486474937653196,-2.037608850508135,6.119941214389711,2.3337257228835595,1.9659908402594926,-3.450342591564941,-1.1713677056676346
1,-0.16796728293172564,-1.0743231069498602,1.5135005432713182,0.22362237523952605,-0.25306265612379064,-0.22115355135513257,-0.7721459928436596,0.014949349101589243,-0.5885543434845456
1,0.05337352772006259,2.0683363396320766,5.44038689732586,-0.784408683765222,5.423492290616481,1.2922402310715384,-0.4921496248302278,-2.130514858123337,-4.710383195565061
1,0.4648027807386339,0.4391272624567359,-6.999909216442235,-0.451248646562298,1.3095013426172957,0.8508440427260272,1.7463585746360522,-1.162986553235524,2.9970069963522277
1,1.1250100655978028,0.4090915358583271,6.017906795034187,0.11760828599075267,4.134064360529043,2.1365589155135996,-2.250806617499988,-3.6469483640386753,-3.811181436405446
1,-0.11556067475135437,-2.5611929523776604,2.2968820814576683,1.3904245728245146,-5.1040008394019845,-3.9778128896813008,-2.964124545338006,5.306929069576653,-0.3588975244715725
1,1.1877745495945522,-1.2226583909902276,1.783853616219435,0.8868630923274529,-0.5875917421097595,0.5974125471191595,-2.2997632523963114,-0.7363060490915128,-1.9865229108008107
1,-1.0536663522116854,2.7568088404387785,1.3583789418313927,-1.106482635194876,3.1142500700460185,-1.2982012253296624,2.7211299306864247,2.016156749672533,-1.552172227234467
1,0.2424246260937955,-0.09899947600586972,1.8180858435537426,-0.229514135340833,1.147587037653452,0.6977017942605712,-0.8175077364201581,-1.2714776788343636,-2.1984397416044317
1,-0.7484502181105899,0.8870199354655904,1.5778801775961142,-0.6942191003745154,0.17085153882762116,0.22461115192241426,0.8703554359456733,0.4404356237457862,-0.5839025702605446
1,-2.622844628076706,3.091870629574011,2.871587123148398,-1.9826140269745676,2.567716059960025,-0.8760659863232,1.324320834129466,1.6871851593543472,-1.6001276540769716
1,0.0612450351783839,-0.3690150360883681,0.21887016298277165,0.5578418390591466,-0.9188669670453817,-0.5849600737450641,-0.08639441141179514,0.5976558222995512,-0.25220971281263005
1,0.6641828580585688,2.549206623593194,-5.343670462750036,-1.2658679728121234,7.855396452495725,4.633204692033187,2.9547791477443295,-6.998956535307172,1.2651259282246083
1,0.9650611737290482,-0.6421412097931658,1.4995552947304114,0.3039988621145389,0.6709681387723788,0.8153510599834924,-0.16065100491045808,-1.6957801694646208,-1.2372869625995708
1,0.6898532706471929,-0.9587890081309833,-2.705480925701639,0.3000656864800338,0.006295297021860925,-1.3908858393133363,-0.4296808188249008,1.3548337288629646,0.7982839448046664
1,-0.532269931825573,0.054572576790719335,3.0498121637942393,0.3461833972255858,-0.6168859788891494,1.0734814401140407,-0.08510303048150898,-1.7955985842349607,-0.9225408114967436
1,-0.1318788216733219,-0.28474965858296125,-1.7994900979787132,-0.04112143107949689,-1.0250785171441898,-0.4388992014998049,0.46428634749165404,0.40328913694473006,1.2135589824476047
1,1.233898331758224,-1.791871817318191,-6.184516553224582,0.0020401712979178296,-2.242801669210387,1.0011076707065751,-0.6829680281682695,-1.5960877868869108,2.6794347150111393
1,0.042966907728128605,1.72157436594335,-0.44993423706153696,-1.3150484620272498,7.050416169556279,3.5545764493087404,1.435033413159438,-5.744679398341634,-0.5658306847755986
1,1.0702459783218057,1.0843096485334507,6.698840193467223,0.28213854666442567,1.0245406590221153,-0.6002428085361435,-2.026240810036926,1.0517122416688887,-5.049665749795165
1,1.259936501042015,-2.225402114213507,2.5671197918469733,1.4338441081542308,-3.3916168227731225,-0.743642028316893,-2.4005545358997784,1.2657927795439325,-0.9238004883365813
1,-0.743751237751502,-2.3863491582888194,2.0063469467050123,0.6751286058503109,-4.21797862851026,-1.2605136903618326,-1.3729846089824427,1.3299620740917746,0.7725067546710173
1,-0.10465757443483173,-1.1752628805687095,1.1002795482533945,0.9694089698051793,-1.1503620227383249,-0.8369243975153191,-1.276814384526208,0.9889323623985112,-0.20435674059687337
1,-1.2005580250317223,0.3875002853587496,3.0816756569011883,-0.5696875430320841,-0.05437826877600174,0.3665087822384851,-0.6914653024635973,0.11024648937217044,-1.347232801499953
1,0.067971413718753,1.732161734826223,-6.946139273605491,-1.4841674151426147,6.196520328302889,4.548503056753844,2.9581195332923818,-6.659182841442681,2.966243518606804
1,0.4990475021025561,1.0536065514089077,2.16420886234631,0.2945072450914496,4.749465731801445,1.3971848968077851,0.056836971693486005,-2.5625330168915093,-1.748716126020451
1,1.0919742845579605,0.12421741104447637,-5.3110545333646915,-0.6035859152869707,1.7361550020352967,1.2059369041742443,0.9794799151818454,-2.0171173735303847,1.9925682466648014
1,-0.46707163716832345,-2.025583183120064,-3.7499003124296597,0.07921027223013163,-3.3230648476692264,0.24458052707186176,0.023578652434741828,-0.3914054062171091,2.6910868413449713
1,-0.2918827216352497,1.1391462312401175,-3.5883805647116525,-1.2928388877875792,4.682057562791883,3.4147679856777886,1.2105555767574083,-5.18236886203494,0.6027842338391892
1,-0.23210702113867443,-0.9933029231410387,1.116666527256022,-0.15065426915332883,-0.36123242864154503,0.7770499887352056,-0.37415929263839803,-1.1385465165318205,0.58042112843961
1,-0.5746473037172727,-0.2992524894284541,-4.084278382405498,0.05931947986872798,-2.676260127083371,-1.9791941749101343,0.7501544752391323,2.524505083945407,2.904209642487838
1,0.34338626886978785,-1.1684526348890882,3.6088058469622246,0.5441974256497908,-3.6481863877149263,-0.7300032616074884,-1.3882716383975078,1.9517275507134122,-0.9913559819382953
1,-0.9006695363310058,-1.5750001622308865,4.088331622394052,0.9126629184327248,-3.076053483477563,-1.4780714136324633,-2.525365891621359,2.183068885164794,-1.0880992756391443
1,1.5591280740242448,1.0545317117931503,-0.04690607864784859,-0.32211857441789604,3.8380136024611793,3.2807490270728037,0.31889045501597935,-4.3276381184530255,-1.7903625919331605
1,-1.1457185026759824,1.326956370257189,-0.8664047294109831,-0.8162420357775488,1.613524970971448,0.6879689858705103,2.2378303961958332,-0.6127931509141022,1.4653083429761726
1,-0.9316596384468486,-1.8278304370388756,5.640601853363666,0.9894314212061751,-5.675443288976505,-5.466920601490152,-2.564794498646362,7.964419030614303,-1.1456044733719795
1,0.9603467996247252,-1.2351753840679325,3.4393096074655243,0.8309633391432947,-0.8403177905594926,0.2009043630336165,-2.349493631434391,-0.48225976136074944,-1.88158205526484
1,-0.5652587140004653,-4.3729777082735195,3.1202986940828477,1.9300503674429461,-11.381004813967413,-4.771163203356012,-1.6681640319009985,7.253669254143337,1.0752643624857594
1,-0.34667275386503565,-0.4181133255215225,-0.7027322945366207,0.025036360634742794,-0.6015181465669571,-1.054748810707224,-0.11798227544537306,1.5285102589555777,0.6044220982285442
1,-1.0814715510448403,1.0233019797624698,3.1864144686054963,-0.04759104156587393,-0.5063409793796101,-3.018084981510584,0.10184000833215467,4.114169627235548,-0.9585187319036961
1,-0.25727575034040323,-3.5976491231035044,4.6849740069376615,1.609214374026138,-8.128748450920927,-4.689370001375469,-2.138994463660685,7.063034694486446,-1.2619301340316984
1,1.0461632487924275,-1.5375011191026686,-6.026799321968749,-0.21611887206978053,1.6202116762398624,3.7649149194610634,0.26568977414012473,-5.37051050416617,2.973075460785232
1,0.9303165623583555,0.1268795798016477,-3.473765051656836,0.07239852769855394,1.7220330020524524,2.0760345736340806,0.857884453810755,-2.901941282603799,1.8007179410747693
1,0.7766198788466342,1.3675751907375644,-2.044007621278357,-0.8413720956705929,2.4787311076551446,1.2253449499905251,0.7314075805963268,-1.3746961222084573,-0.6808337227263229
1,-1.318999730137083,1.8300229821579943,0.47680194976746754,-0.6576451641037042,3.8648854991152053,1.5041265742251257,1.89825729522449,-2.6732795539894982,-0.31539575827757627
1,-0.6215160781388703,1.7019414282628835,2.9494968269250226,-1.0499970978290945,3.336723408866341,1.11428450462558,0.1199372498944362,-1.616592920750944,-2.9155162250663893
1,-0.07664418414740345,1.8853642823477323,1.0560030339982522,-0.49725769452703095,2.871112417125452,-0.5573554995828003,1.2255144129851554,1.0139434241519316,-1.4477376922109093
1,-0.32965334252578055,-1.7177817427734667,1.9686095800069274,0.9057497061757757,-4.884933942012819,-3.07920325398719,-1.8333869198538708,4.32488989142312,-0.8211855073563633
1,1.5244164366778186,-0.974780135984959,1.9478080700496312,0.7464139167655575,-1.8181074191678412,1.9775865445748246,-1.34418745953517,-2.8254660800814357,-1.8669844512740816
1,1.2434547829647378,-0.3137529425776368,1.9466898407426467,0.46160570817259317,1.4128249056671858,2.157963689077177,-1.9723607078223893,-2.796178473984918,-2.8702340531844994
1,0.6675630049586903,1.7410892466187131,0.2140630511946873,-0.8863411788022939,4.556494526444965,2.9340784319044775,0.7275526538364748,-4.3226695273235975,-1.5071095085034447
1,0.3852864170188136,1.3360624508575811,-3.3051825813115565,-0.7385052542368717,3.849532552314786,1.2078795995834533,1.7271297709679558,-1.8431152616032966,-0.1937523020415812
1,-0.043113005457919934,1.104875255570538,-0.3382798110270549,-1.129591928512073,3.477801404823305,1.7654644474463015,0.8667437521163193,-2.497336187532661,-0.9148320611678915
1,0.9241561265734929,-1.829745660587733,-1.4827775163911363,0.9808251318342645,-2.7813108125631363,1.1240661889494974,-0.5627988252267834,-1.0863442350744064,1.6718260891439398
1,0.844419135214113,1.7084135767585102,-5.57668135910121,-1.0243296668601223,5.314189889356151,1.5635102966284502,1.8880355137112907,-2.351853346222448,1.4488832556830376
1,-1.1818418624087745,-0.1251219594856466,-1.731297060978124,-0.3473092956167051,1.545682633555967,1.8041839197067355,0.9039692616168575,-2.519523893890568,2.2050772991666867
1,0.38896190673667796,1.771660793279415,-1.6654685235312734,-0.9228007472552181,3.5841262953195203,0.44346373999399824,0.4726524026504027,-0.9375443358854466,-0.7670666431896542
1,1.4766261377530274,-3.0298910530539933,-3.5692687189693273,1.238854262950662,-5.075736374559915,-1.0343041994278817,-2.2209079679505175,0.818674962143955,1.0623842373167016
1,0.07768179668435317,1.4413378829132828,5.2417305634474,0.0584406968586558,1.6995878381009506,-0.24555274726212156,-0.81706239292353,-0.16582942000087564,-3.352691002609288
1,1.0113938164244953,1.7689891377256741,-1.5175551471332565,-0.9439146708134317,7.673702109400901,4.1193888088874795,1.3260846343397594,-6.30647236569314,-1.000801919229423
1,-0.5393614376415736,-4.423256002642624,5.882200776125566,2.516615439306787,-10.531142917939366,-5.2720617749310215,-3.7652603926361246,7.9227108874588525,-0.42666978764946417
1,-0.8833064027319477,0.9439850275340705,2.0200032729369335,-0.029930257794588546,-0.19998319988172678,-2.566061532151484,-0.6464399688863216,3.663345443845434,-2.0713831250514527
1,1.0424369015888217,-2.913487740937632,-4.289455049746802,1.2533364523732469,-6.179446330302681,-1.6109076038008325,-1.69472525325915,2.2915748730527175,2.838265407279597
1,0.8404705032032139,-0.09506739298746938,-8.847629324688825,-0.7484744088207704,1.884058961232222,1.8891384312962485,1.7417798208098223,-2.888417303933609,4.264525296699326
1,-0.4101019494322789,-2.5998544893871123,4.696152749917243,1.4555517031882859,-5.9516137508748805,-3.916194971585328,-2.9524728311221327,5.473053422508113,-1.8426394117287457
1,0.3484438436718078,-1.2198204302965028,6.577741742775109,1.2295222233822285,-2.6092904778779875,-1.6493474069582512,-3.3874884280173188,1.7942683869204659,-3.2464293829108066
1,-0.9216286918101019,0.7402218953829868,1.284532646876863,-1.081920548851855,0.8428469337414073,-0.3274002723678714,0.6504161301373618,0.6775526370402772,-0.8159240818630044
1,0.28106996755068414,0.8667626629557346,2.373782054852246,-0.8411169352263723,3.6676977020597055,1.7178512466466582,-0.14730493518873686,-3.1803605968349182,-2.5547147912994275
1,-0.360198995543217,-1.4874153217076982,3.3297871429626027,0.5757372861917243,-3.4068704350560837,-1.0834144726494828,-1.7919903764154113,1.580447804543925,-1.3179311494627293
1,0.010521132303567507,0.5260117277174882,-3.2411591368440194,-0.6575277952547903,2.9096972305377395,1.1571259208038873,2.022035785625556,-2.1410264807801056,1.1807855183881002
1,0.2706087595705274,-1.9721027369012,-1.2165454243346767,0.8136255745411854,-5.482975920250129,-1.441250790855175,-0.20075716313793557,1.8796117971126223,3.205744282664163
1,1.9766431810275489,-0.48843959967466966,-4.064427788443671,-0.027626560074034624,2.2325017816932347,3.5455265636773006,0.5718352043809882,-5.228403623827249,-0.054112224799476236
1,1.2620429202878352,-0.22920200341020763,0.9621378969811455,1.2909198527946297,2.3921754613558472,0.5653505137783341,-0.5897323890248103,-1.2381498506786757,-0.8048998471733023
1,0.411835235229379,1.0429422891581877,-2.790885254579024,-0.07900158259336028,1.1501093540496299,-0.03915600380044073,1.4501977759612477,0.3147424064964714,1.7951921353716327
1,-0.5486672942182381,-1.4325421583442473,-4.223329172530301,-0.2897468204517313,-1.8396031136992141,-0.9508149580806421,0.5593701072101839,1.0560601310882323,3.2455388645963406
1,2.237473638772027,-0.6783464936075643,-9.542632325903563,-0.10516435035619967,1.5236410210802362,3.3161571845912516,0.8127209908858399,-5.391843721256698,3.4189100600066946
1,-0.2971761745267284,2.2360779078919037,4.442191179789723,-1.0390149914181173,4.337549777707775,1.1733737651486207,-1.0999145973224997,-1.5336481109618973,-5.29347777945662
1,-0.1674523192147583,-2.195204573313633,-0.10089978510615896,0.8837532304863648,-3.8084776289947424,-1.4242364100890759,-2.4476718892645803,1.7215985233714515,0.08166144044315904
1,-1.1783243268822026,-0.0697844951541261,2.687741486513352,-0.05947267636179525,-1.6425638236132636,-0.34787420076681985,-1.1579707192813724,0.33475619697362285,-0.5963965070522497
1,1.4787594731509173,0.685371812272505,-2.277953944250432,-0.877946991315487,1.28360794263568,2.0193190612243908,0.9845002597857454,-2.9312208609797277,0.4619129291181143
1,0.859486220590963,3.2996753600102835,0.18173546478794655,-0.7776296259956252,10.428765538153186,2.8559188773411264,1.4604533092331282,-4.487067726464382,-2.1521092735076346
1,-0.8790458896417931,-0.2274303631646819,8.635046178422106,1.0241421338254149,-4.661578283391536,-2.913573663823784,-1.8885507077281638,4.768026253567922,-3.8111939673587334
1,0.4051327153016397,2.2739978604020497,-0.1378535484350687,-0.5152994294677115,5.10034447393507,0.4312476019754676,0.6519764508105793,-0.8905317045922245,-1.4722398792864986
1,0.24465259534858685,2.709283193067143,0.10926044657471069,-1.1225047444404632,7.164028112486393,3.1161113510923615,1.1501798137382182,-4.464735637188304,-1.8433363722377996
1,0.8477460687914584,1.6473722273253943,2.322580143590562,-1.0159415938059497,5.150341036097914,2.4585815649579628,0.7980351853278057,-3.302457058423134,-2.413619464269035
1,-0.9839839047091525,-2.445255276627247,4.944579212234626,1.2282640588772389,-7.897565628193004,-3.4884787125178445,-2.471349882630835,5.253290265968185,-0.8881822538008025
1,-0.06081355700097633,0.6587821978642485,2.0866341277515352,0.20726990899572056,-3.830186048284778,-3.4278584717166543,-0.4238317027540406,5.883133763528324,-1.5680468129883918
1,0.01693446684588677,1.084236632140531,-6.8517587559821,-0.6753372611626218,3.998253430947257,2.306461168056263,2.569607339934696,-3.683977271708807,3.203349001808672
1,-1.7015907464712612,0.3015818799312463,5.321793583934616,0.09841526151148357,-2.7354055477165056,-5.102773858123975,-0.7588363506506735,7.976829081119203,-1.8100386284623335
1,-1.4971197289207718,-3.4634962133418257,-0.12305155483806345,1.0804354187261682,-9.32680548339436,-4.961673728276873,-1.202101369898335,7.024814090539124,2.4627130983353007
1,0.17518220550331745,0.013718274493166689,0.07377536652888043,0.5232831714569252,-0.6033214548111601,0.040016110132355676,0.3827311125719694,-0.10814119016086328,0.5748915207216534
1,-0.14813073762176415,-1.7276852876411937,1.2219026382086577,1.1309827967710424,-5.390398698175315,-3.3160232095658277,-1.4987542259727795,5.009183147035245,0.49136367105043877
1,-0.8769955226176117,-0.11401685599982138,-4.393145335208632,-0.19524845937309365,-0.9180994326235894,-1.31534348728417,1.5956587248304304,1.8870714345703488,2.8617860099272527
1,-0.5146511081713175,0.8663922868152166,-2.6132530587660425,-0.9352529194685644,-0.0011142070082936799,-0.1737457944061901,1.8862982643812165,0.32007770008511843,1.4981765672582004
1,0.08734976170410347,0.24367159443370748,-0.2827324988821307,-0.22704802290457696,1.774022424313681,1.559172729743987,0.65814052949023,-2.2925904357761127,0.7432992376802718
1,1.356719022899692,-1.447868598057448,-7.116465634923679,0.22356769781313826,-0.72464563988405,2.6196811611436743,0.5492782666419193,-4.063829044460927,4.008461907249868
1,-0.36714759486125476,0.6081744400533504,5.36631241319259,0.2796839259550558,2.7554366183041705,-0.4848143280305889,-0.9769943986728061,-0.38588450442176553,-2.602531619582475
1,-0.637404752385399,0.10103657764878889,1.2324759363457576,0.28663592608864474,-0.22399016338794228,-0.057486764251063874,0.35599659319563143,0.2553078197504415,-0.4970590932353741
1,-0.6737464606184465,-0.9133932896912211,-0.7677745923999774,0.008241501003072147,-0.18002508149578192,-0.8130635917317689,-0.6413854602932573,0.7841839433632225,1.1329066959595782
1,-0.4672888922191064,1.7128618906520332,3.786127949049153,0.06157674404213351,1.1315125455368558,-0.9537227942778277,0.13087671388262498,1.6780485250264203,-2.317241706801211
1,-0.20070113420651112,-1.8306313830854517,-3.143819480161714,0.620027174766038,-4.296169957068008,-1.8426539737663974,0.12223427874099893,2.814938081788478,3.0027819012354087
1,0.819947905502623,-3.012942004241635,-6.3186272073858145,0.9845771253328358,-7.289491887340547,-0.6213522905461158,-0.879142663674172,1.129154136354865,3.8040687823500083
1,1.001309998052678,-0.8936110389183881,-6.421592610049306,-0.01578507462393626,1.2418739989356833,1.9458501102657249,-0.29933406212321884,-2.9893735242595665,2.9189812873338865
1,1.2080038591028672,-0.5058259822628018,-7.217664517473752,-0.7089973900581155,0.3527896712392396,2.376778047412885,1.4895697911611494,-3.83318649642923,2.9787603677227206
1,-1.430527115597178,3.405234426815537,-2.216809543712512,-1.579184171805986,7.618051815603493,0.8521301232713243,4.04568829042515,-1.511603092782097,2.0601291065452276
1,-0.11906550050710321,0.1377157245444628,0.4409808680523118,-0.6546992260764242,3.340192236347773,3.3062941612744674,-0.02874310696410532,-4.682673675036073,-1.6836491909512366
1,-0.744544230873694,-3.0668218356748356,2.6888246034411027,1.539433517602816,-7.245630477162709,-4.82188009381435,-3.1455452129304584,6.9504475168331705,1.4734489931699846
1,0.8745055359528922,1.8984606404983386,-6.374914862819677,-0.9118673231680221,6.377185962227296,2.776779500804128,2.6788313616680743,-4.438521678820338,2.430565766225424
1,-0.7648076500663775,-0.8021862817732055,0.13206220825356502,-0.2189903566447305,-1.6076193968598618,0.07752149316321433,0.5935337292164916,0.015582760077710235,1.0546684244297502
1,1.8886599001652025,-0.004509448764919412,-0.7022094513121717,1.0009679056918792,2.49493447983285,2.105259520036991,0.48897859967701385,-3.221480759409874,-0.36748867429100573
1,0.1283455872190871,1.638885459581809,-6.416385801363337,-1.3107108390406725,4.875604234724012,3.073664473898525,2.301946397005559,-4.323254504253181,2.169698556171321
1,-1.9284377271421476,-1.339985495324219,5.5110440520990585,1.1975290193447603,-8.298831705853328,-6.735064048984234,-2.5212099659740073,9.921530166023773,-1.6426867008245833
1,1.8980658366278396,2.217460570118239,1.5744403768804802,-0.5196059800574911,6.149085725191669,4.0832694170553765,0.5653619885785265,-5.952204135185982,-2.5819746281364266
1,-0.35060115844342726,-0.8153072169766801,-1.7201083129959935,0.4727283533813291,-3.338992324521365,-0.7961498267019191,-1.0459667272710849,1.0853074441800277,1.0369803771509163
1,1.1289040432197026,2.648149361387549,-6.337461036742283,-1.5470179352110807,8.180553595500047,5.037998562437403,3.260373672297999,-7.548274783387264,1.706949285263941
1,-0.8107170435498351,0.4907556677312852,4.461468963946178,-0.02543529904422005,1.0232279177846704,0.3958493872725257,-0.7273994530146699,-0.2877769406774139,-2.568697462769843
1,-0.38471224218669214,-1.1690511809745912,-1.1658190043783037,0.5427489217728765,-4.107238687081228,-2.581513602616586,0.7633657998570589,4.338889892265734,1.633605186443217
1,-0.5578403620037663,-1.0501858695343735,0.6267037901059439,0.6246836183809837,-2.4675964533301324,0.398348032396469,0.39647985656410945,-0.37760436972243905,1.143091797030121
1,0.9360029449739548,3.887842768616002,-2.489595990911894,-1.3668523387464733,10.1624471302291,3.9214467049486013,2.7823024934401532,-6.076504720482368,-1.2555179502026785
1,0.03542411667250872,1.148226739753822,0.6472044909860746,-0.5341110447226253,1.828979944182819,-0.4007335602134989,0.16689640887951174,0.40757268511179123,-1.22182862884507
1,-0.5897047120126422,0.6169012117870817,-2.85253841193536,-0.636082563843367,2.560537266486134,0.5966106002177517,1.0049820369544569,-0.951453118599291,1.7909988743158232
1,-1.3348574065469352,1.3337956908272237,0.9856236583213391,-0.6033492516907234,-0.6671103481249601,-2.195108226255351,1.2045962329035624,4.4227526825923,-0.48187553010181944
1,-0.3157380860213815,2.064431221678418,-2.687788284755944,-1.297811593428922,4.66157331048944,1.9780479553331045,2.4862048576739184,-3.2733308979347924,1.3536724393434865
1,-0.8557340826948171,0.3494253237068953,2.317060210107934,-0.2211885534864554,0.7164803343382173,0.5156469436878163,-0.9979566525035269,-0.6334346268218803,-1.8754209580058507
1,-0.9499157432690306,-1.7378403696936284,0.7703568544335828,0.05417055933757666,-4.347228930009781,-2.0428166350762083,-0.9018496352986228,3.045354642203134,0.591543125168356
1,1.3318514842702447,2.1336715000156246,-9.52544748974313,-1.1123621480224082,9.637274170444003,5.703912206417119,2.3706600108057017,-8.230099486164585,2.5193101724676215
1,2.316186138645704,-1.2170304591989523,-5.61249323806962,0.293625754766227,2.438289759735653,5.312097507720772,-0.499384369513868,-7.2636215622760645,1.2335289818998116
1,1.0161923544013656,0.26249506806086126,-2.6157533860233864,-0.7668629878957357,1.6313113948386284,2.184038048254827,-0.26284898150220637,-3.3205243193502945,0.2523344577567735
1,0.38902381231138994,-1.0067963414621157,-2.9028942643071582,0.27062859824352964,-0.3554868521279123,1.062399885071972,-0.20414895000679237,-1.9717238379913655,0.9316296421511652
1,0.11189233054771433,-1.8311960421675646,2.1851603343327723,0.8514911445711697,-5.12000877675979,-2.1501133004268573,-1.698481626483635,3.3863427489086515,-0.8212208790302231
1,-1.8157089937419526,1.5992087681748728,-1.9631856178088813,-1.467579740591115,2.4576992943703693,-1.388893017715022,2.855311933723037,1.9048537690339207,1.9624464356087978
1,-0.4228790952255081,0.03822200477037344,0.49983564217985516,-0.06452195427891472,3.82312788634298,2.403544849507417,1.0908667916489923,-4.134944351178264,0.12207038031888538
1,-0.20015028609448923,-2.779487036483029,-4.510578611256574,0.8528533399803576,-4.3429390657292615,0.0025374333803930386,-0.3516348549467641,-0.14129076017392486,3.8196766964256117
1,0.6461742550434625,-1.2102505283118705,-9.219900301347607,0.3180268332374548,-1.1662739269936921,-0.15000401223113136,1.8912421791301681,-0.32766108366297153,6.34766350771023
1,0.03063921281333014,-1.1399045177007459,1.11312215890429,0.6034399853476694,-2.306358012546299,-1.8574165842049615,-1.436144033631286,2.7142720049506712,-0.09358848467147086
1,0.14451680438820194,0.2229385159170899,2.702345394048923,-0.020153569941973058,3.1584500935876942,1.6837928839431482,-0.7884667447025402,-2.3328829236633624,-1.4290333214075286
1,1.0954698644212562,0.19251718411473978,-2.362981325695386,0.35371626998797046,1.3017916684586628,1.3757695259092435,0.48597746533382224,-1.9393347410830566,0.9481620887552651
1,0.4459238914635738,-2.2580516143745726,1.7031210282443134,1.215683677688672,-5.5422276089302915,-0.8629300294072967,-2.0181810023859845,1.4974374522806577,-0.46404201787640764
1,0.16257795070959127,-0.966682051383869,4.220895833600063,0.3209998247044134,-2.5333221964255994,-0.2989206283993675,-2.4386769100930055,0.5931193815955716,-2.7040683394691367
1,1.0186440892410953,-0.9990938172525538,-10.794372502548919,-0.48277612356469274,1.8105079593221869,2.9693931129863,2.1248780738299864,-4.6868867305786175,5.3422110168712535
1,0.4224911269477292,-0.0592854825056849,3.2736955175523463,-0.012256161542432009,0.8507905687648125,0.7362499752363907,-0.6890632346292018,-0.7905643219457841,-3.787627672706445
1,1.0935922975484293,0.6626749493035508,-2.1491578586379068,-0.8473696762059698,3.4690819823688623,2.8321568032875675,-0.02928844315076496,-4.707754360608135,-0.7108678447978587
1,-0.7279940359551013,1.4866409013400839,1.379260729145754,-0.48998963012570307,3.043824424512007,1.4459115813161538,0.44135510848848475,-1.872012974192728,-0.8523637599693399
1,2.5712277347360555,0.9148416305223782,-5.738720542387419,-0.06915747573464094,3.0816388736839806,2.524415686410589,1.2631042587175445,-3.5582409134145183,1.2585702972390684
1,-0.500739686618973,1.261586353366564,-4.766121211970447,-1.804089142000278,2.758990800581847,1.3221008238204708,2.64610200170208,-1.8344202391648552,2.499514391311109
1,1.728438033066805,4.898898666166067,-0.8740310921170998,-1.6238775797582867,10.882085877684569,4.373662451538488,2.8753465681561363,-6.056444965025349,-3.1718822078684448
1,-0.5916780827917798,-0.31477160318933295,0.7261774320576226,0.5478762264622186,-2.327158886582504,-2.1542659603508043,-1.6445368481215494,3.4781517524921517,0.07697728863017905
1,-0.8309858353967721,-0.7210737285591055,3.8173412777416447,0.8300589615975486,-5.051751837905336,-3.115546130389692,-1.6663959219530775,4.350978770807616,-0.2042821830251164
1,-1.5217987120163474,0.37326142933852163,10.196590155734025,0.4646187374596491,-1.7857708559791106,-1.848893148646666,-1.8727318535858786,3.474495543145193,-4.670464108543649
1,0.8526956731328784,-0.6209149843540046,8.15522870844159,1.1217118276314537,-1.2155279178710088,0.9363370582792029,-3.7314670876547296,-1.2286204092569812,-5.856282124878459
1,-1.382745660610666,1.5430097270358247,-0.40974323108888966,-1.3435900558196494,3.724427090170528,-0.24434366753019046,2.014692813435056,0.0527125757864984,0.8940322425702607
1,0.9881211259277732,-1.1747185638502378,-0.46299881780774,-0.1701982951764708,0.25220599713062963,2.5152679885230427,-2.3044011219839526,-4.119461349413791,-0.8908839162206212
1,-1.1580836501008946,2.3429870880195036,-3.8337569277936505,-1.7010066626701394,5.735745664330266,0.8184971478402243,2.439784702148325,-1.1651944683495317,1.087541640894207
1,-1.7088983957471322,1.9786250391613156,9.71235794370708,-0.2573110461747163,-1.6747201672846175,-2.0816357549859186,-0.7414982671827908,3.291047019138117,-4.093521870996597
1,-1.152408001660211,-2.166012942640235,2.7060987310691953,1.1835550604599372,-6.271986235376205,-2.7823557385019857,-2.0135735043199903,4.069829166503733,0.6297239991641799
1,0.4465894697055336,0.16817142200360063,3.269159758474519,-0.013031745706171027,0.9413841319708177,0.9791722007714005,-1.2794471735457746,-1.8967149684707967,-3.429603406733039
1,-1.9407742540446398,-0.09102429969680235,3.6769597242400094,0.5559041326175852,-3.0314619751240364,-2.89169646453825,-0.3466028987405734,4.400934564251058,0.1288510160516437
1,-2.071561888882319,-0.20020961111744198,-2.9859338065966385,-0.3114498632587174,-2.1754447487602744,-3.2108307071415156,1.5513776302039262,4.7033972245501525,4.202571261568571
1,-1.752511072281331,-1.5688093685604045,0.6199124369013101,0.44072668987283414,-6.810649582301117,-3.5489649490625967,-0.5922667308162011,5.684657464483043,1.7364067003419161
1,1.0989784324229441,-0.2214873936004908,-2.287262701708678,-0.3617970323562181,2.7195792984612606,1.971248561232269,-0.6809269041013151,-2.887183466964713,-0.062017984603533485
1,-1.1026634566154048,0.8714941218722091,-6.748780417028584,-0.9208345020302922,0.500462392847302,-0.5250989540344613,3.7632032917771596,0.7527593962291326,4.543714104384713
1,0.629320392631009,2.867400267766112,-0.7118655767230768,-1.4939761657839166,6.676408867331738,2.278844503356563,1.4736519107923147,-3.1453926384634956,-1.385933427711975
1,-1.2657578256536326,1.0682294909525987,4.969180255842604,0.004884424857779582,-1.9667884800466542,-2.0015417225588124,-0.14664233685348993,3.011503771237005,-1.9604800218469345
1,0.2572281307581701,-0.5974414398729085,-3.3651138244574974,-0.12665859954024122,-0.7923831646618947,-0.08445787543301243,1.2178454200188624,0.12078340972202029,2.1024672788118157
1,0.48435182588640224,0.8182857041839461,-4.256840349717797,-0.2643404855269316,1.1230521702005671,-0.15369092949878238,1.5448608022861035,0.8353149078272253,1.3704094492343637
1,-0.7010842398033614,-3.4603793849060165,1.3615759520197384,1.1341551408810289,-6.388700824695044,-1.1865606770195067,-1.9126015284537825,1.635593166518706,1.8753911759683797
1,0.44376535385958393,0.757887017444087,2.16686036687253,-0.4180767847108609,0.6768672287882158,1.4697468890505423,-0.9988053273334663,-1.5739955082382608,-2.980492531828532
1,-0.2109863719952049,-1.4118576801795595,4.214171970108641,0.6389808563507019,-3.409435508901838,-1.7013466833367463,-1.7233415196174495,2.8112622895909554,-1.4871433181177343
1,-0.004701156163249809,1.7901764714513875,-0.5548818154832551,-1.0547160095739856,3.347604356622667,1.7696320817691804,1.7556397992967847,-2.7189793314008335,-0.6832955061486455
1,0.27293283028117993,-2.2143991124056797,-2.0999562588240304,0.8497123575181621,-3.5556529018287035,-1.013446553024211,-0.5275623288391276,1.081775801803353,1.5476291306768595
1,-0.5461477098250084,-0.048803458156712415,-4.623640206084389,-0.21778500195126124,-1.901835960588721,-0.42759975512663706,3.1315913133232316,0.888294475295922,4.112536283727613
1,-0.3561788806449788,-0.8082932361236774,0.4257577214509009,0.6078084220164571,-2.992177065653665,-1.0353596023778295,-0.2616499015603852,1.5856575895324037,0.6891682297113717
1,0.9104073523281943,1.1061215978001455,-4.14885978768034,-0.9447321176269373,2.8115763865568413,3.2536535704847807,2.4337987365039497,-4.712830843332895,1.1406824878071253
1,-1.4249593591702152,0.7701714673699069,1.7231947716514833,-0.06032681653469743,0.6101054574996673,-2.272004362454856,0.46508354334366014,3.000180790860858,0.38386493432941055
1,0.7762020941415161,1.013128243986277,-1.4924606182523052,-0.6878423243877008,3.6645833300692368,2.937703234809335,1.604849507638697,-4.058435241433801,-0.32957912103852743
1,0.5743962172557241,-2.0965909186645613,-2.9701765201294816,0.4434792207903691,-3.824674680208289,-0.1422300201315993,-1.1569412832205896,0.27322553321178217,1.6574413583198448
1,0.07920848874563478,1.049763044698532,5.348745989086014,-0.6809975270149883,-0.30201509608399113,-1.3292716383888117,-1.2673071888774703,1.8040954545017136,-4.1594795779182006
1,-0.6216268381948086,0.9950742472501546,4.468663578358897,-0.5123880308722698,2.2722109952460032,1.8601321803248234,-0.5909739630937354,-3.0117313918110353,-3.6377626168535278
1,0.7452058786643575,2.449135570929886,-3.202896874366182,-1.1242409643626747,7.781077027145112,2.985013738473972,1.7838157116055173,-4.9335159840511,0.23001262035328426
1,0.765538227455293,-0.8980361118356985,-3.4307644737168608,0.5487839638888988,0.8405282679392162,2.350793983920579,-0.4982457115910808,-3.3821016066522587,1.0357206077240058
1,0.13564153965145306,-0.4209142503562512,1.649524594031156,0.038427702870505995,-2.02690713578749,0.9006910247785703,-0.688093664853617,-0.7211640058093103,-1.1208709786454287
1,-0.7901642660771835,1.2173369179721656,-7.465827094786335,-1.4878490291752162,5.274293630529369,2.2237984084427693,4.216560699356591,-2.9338139468700044,4.183550977820013
1,-0.32802869977886573,1.4080154453954632,-3.0132598569662723,-0.2678266787981848,0.596676184059419,0.021784432538023542,2.60928209869692,0.21924190280869565,1.9203499134832098
1,-1.033238167038692,1.0346441049433237,6.882469661519849,-0.019730977077270367,2.283392754111974,-0.5678989741209858,-0.3489493622649231,0.7511778275000615,-2.6491127716237557
1,1.3985048950437553,0.06643586546139946,-8.809343195539038,-1.0657129549795676,3.2423018587375774,5.085538749422637,0.9175580728417788,-7.835174989851137,2.7134915183985653
2,-1.8350810092458276,0.4953995583421609,16.25223543263785,1.3360265741908965,14.697956491863376,-3.769922202382091,-3.0769805902558605,6.501798746166328,-6.573852980770799
2,0.8994051795545525,0.06854104592450416,-2.6614057145342493,0.13023262102146016,-8.06911679361894,2.0786649204412164,1.3724319268618297,-2.2784002280318543,1.9816325720037524
2,-0.8070280542236775,2.1819212032291584,14.635066368823404,3.5947072485367757,8.0322826640007,-1.6634835441019273,-4.57550379364479,2.3462315507113836,-10.912904602070325
2,-1.2088698463011498,0.23570720338953258,8.114848714429577,2.3290236977024925,14.03822554591117,-2.9612350959513156,-1.367352693624045,5.786787449605526,-2.5590378685774753
2,0.27832062789086626,-0.016297689553687766,-10.779362815047035,-1.782971382042185,-9.055418585752973,1.6877378515301291,2.160708350654626,-3.1601923380877652,4.783694748398148
2,0.41175555486347376,-0.5369401035828862,-10.173440321664911,-1.7078485318770906,-8.101170538709967,2.0620051008277502,1.7786126538651414,-3.2772376216694186,4.264653540882034
2,-0.4230316273751762,-2.0864145646837122,-8.164790986832513,-1.6147118049498086,-10.717035131716479,0.7106290435032213,0.977064790983035,-2.5905127560006034,4.869672358288964
2,2.083479474231774,1.5670752706572546,11.829929644115781,2.3215692008950812,-5.744030090944372,2.6954210090578314,-2.999574184842131,-4.1341813786767965,-6.270113437028002
2,-0.6918511875775262,2.1768775251512498,15.978874739045605,2.125147842741839,14.481124517077799,-3.9826236482792763,-3.1903432746330123,3.3914514008476,-8.193922056237074
2,0.45806844571872257,1.6514259977034325,6.842888445941882,1.6576708148847517,5.995821985654348,-1.4468181769881094,-0.4668580734339211,0.02086273533945584,-4.468712379178722
2,1.377605160538809,0.23997693462569772,-4.279814236232202,-0.29201668109257384,-14.533781800030946,4.043711737347601,1.0896695733930937,-7.1835033507044646,2.4883279455366476
2,-0.09315245921301624,-0.6523451045219455,1.1874537627204176,0.12583555327339335,3.909030620915874,-2.2046050554635492,-0.21542746025958226,1.9681794038526947,-0.2925588235355926
2,1.0954475518016278,-0.3910181709530497,-12.445641556726962,-2.322708839573833,-16.8377331685331,4.280151897319153,2.053905923548593,-5.877476789979981,3.3718332917420435
2,-0.8864807608362124,-2.8369408042542372,-12.437322460663513,-1.2148664126682778,-3.878753399811363,0.17779007693534335,1.8651125373049502,-0.023245252446166854,7.527217459972426
2,0.49808223379280114,1.2350149116437517,6.181753973707769,1.6169121115589724,3.658360063033252,-1.014209598249431,-2.7142193978349884,2.0517484433232114,-5.921143452437097
2,1.6257292798887377,1.1089066073052376,6.844203186850038,1.3091650869443243,0.23490076148439681,0.4622195485926133,-0.7878899571466399,1.5724373901697795,-3.1226669792094186
2,0.8306431722848124,0.052644471371604204,-3.8830736577820413,-0.5628113515476583,-5.469170702742587,2.2583072134742355,0.26970671530233614,-2.258008381726493,0.7283253069331177
2,1.1573197495398946,-1.1916181319262726,-4.2468985298437065,-0.3514211335045003,-13.214574845674042,2.4115530288371256,-1.0836889187627974,-6.041790292757319,0.22034267558254567
2,0.9183441810145372,0.2770317041049894,-9.654306629688387,-2.3631258997227373,-3.7922235044093493,2.3641595939242905,2.9804713610290627,-3.485724867566491,4.579853769155168
2,0.6936455876638363,-2.0416589540702614,-9.874223897530827,-2.404266987332514,-15.370492134359564,2.1718121342362564,3.1998511962765317,-5.246304678400149,6.8091009584908475
2,-0.025044889979768246,-0.3165379192877373,-4.189202338327223,-0.5738801811755602,-7.635119500708855,1.862092151129176,2.3368071320908164,-4.668749917064001,3.825798406392584
2,0.0323662181860561,1.2175123196933308,5.433081121510887,1.8567963408337276,-0.7006056186984716,-0.566448481587677,-0.3832995500014462,-1.6857497105792023,-2.832369701655967
2,0.4681789197099399,0.8968357245036214,4.883597519658399,1.0519301192168204,4.878149817825477,-0.38937962249343244,0.4581832420225834,0.7076085968276368,-0.77369719360764
2,0.05087261340390702,-0.7615271267897394,2.231014139656945,-0.3159559419683735,-1.7336338010177659,0.7880902409176997,-0.5859278834003021,-1.0809012460754073,0.457162583909711
2,-1.002601307056853,0.8269467229643337,-0.6635936493595439,-1.2381706828602774,-1.6400219793187694,0.606037965723949,2.0174572232461987,-0.29336740247386417,1.5635728171853012
2,-0.752105004951053,-2.1154994439898407,-10.471849265260966,-1.5971581858466402,-8.083857053881008,1.7578811805103052,2.6349834101109058,-1.4184961675053946,8.622403298993817
2,-1.8083371210886536,1.1257300389252232,11.538533306662506,2.2156807087329637,21.39013120436894,-4.969038012010405,-2.9464500899511332,9.159605642693714,-5.786186509833007
2,-1.046742909093021,-2.7171485231555166,-6.725934858922688,-0.8151797381368822,-3.358607427651111,-0.30659853086007194,0.3236233495218965,0.827884094275494,5.145372500277035
2,2.2354183986813605,0.2213514186099675,8.31794279234583,0.42965971569474853,-10.352693773782182,2.5504701221629666,-2.7675124291904383,-7.801916615036499,-5.581977351835194
2,0.7617240766292961,-0.4606838308335672,0.7056238680680063,0.050740813365288254,-6.9894579348407735,1.6282210104317263,-0.4645965095809943,-2.3849175403206417,-1.0286444296084931
2,-0.6742001445446394,-1.0477625058533235,-0.5065403521639076,0.985353742187591,7.004431087538188,-3.111123675812789,-0.19999529727628998,3.429345574486417,1.1008089750827157
2,1.1100557938307176,-1.857516677660982,-11.119513453645613,-3.5385397530743217,-13.409780480196469,3.9744444628849784,3.7724578477297013,-3.7950255202616936,7.896421087558555
2,-0.7220311910390913,-0.401961717869356,-0.08232637569743259,0.19965433692780798,3.280804079103146,-0.5372620776776358,0.2632399240124502,-0.09495542949448559,1.1196556387253507
2,0.003599261844885772,2.2580602819300992,20.455706840608496,4.539467434271553,13.916215815006996,-3.101152887539454,-4.891077312358956,4.128238619702675,-11.800064421739037
2,0.7217197171492074,-0.9669872003822324,-9.19009509098305,-2.607056185636181,-2.3178184705240583,1.4599619952502958,2.135138609486868,-0.4053215292223602,5.0181086778754445
2,2.2556159633469814,-3.2620691410598903,-14.533674646667007,-1.5487350498967734,-19.414678404899576,5.4719629435549075,2.587333026851395,-5.249476305910448,8.087570778277737
2,0.15699265850330074,-1.6527894295157124,-15.787875079272721,-2.8262227930565302,-11.30381948384276,1.6816453340786808,3.5843817313581097,-3.9919908102668313,7.913174576122957
2,-0.6823195904088318,1.807861782159669,12.7255255867152,2.422829350041012,9.887310710291205,-3.4478311743801915,-1.4418100378019905,0.07032524014173498,-5.3960835264524905
2,-1.534606803752106,-2.4404018779522296,-5.577499293945829,-1.8159251532111056,-4.463941402726004,0.20006144842592546,0.1023244061723288,-0.8446530979073588,2.7107087165156742
2,1.12084765754362,0.1841298634328899,-1.0429243242727415,0.2683055991602328,-9.359334724240433,2.62152705532968,-0.6246715312823676,-5.4583103772490675,-1.3857630375220549
2,-1.0793380377564032,-0.4172609965096745,-3.4510101422339967,-1.057884487557555,-0.6896130813994354,-0.26675051739237365,2.9621907325596846,0.7680429553134638,4.473173049374517
2,0.8481109993598913,-0.5108397489806408,1.0066142761697978,1.0871627492325653,-2.8488233572128934,0.59420902049562,-0.7818523903999599,-3.4191740390821748,-0.9152595635441655
2,-0.6172725603556757,-2.600381113691422,-20.19636713715762,-2.689707533500542,-1.9670442179075738,1.5593008596471236,3.4231361743843958,1.4682168046680122,10.443667258773806
2,0.4524601612088607,0.7431946317473386,-9.501222252943771,-1.6221469303333889,-4.134457993688245,2.1233099770719375,1.1941811947329481,-1.598590015250836,0.55098724395838
2,0.2850304790918766,-0.20518065115261336,-3.748762598258697,-1.0617520740944464,-8.428396544882826,1.5696716850043013,1.1268276523247578,-5.611415404755444,1.9200818535327886
2,0.14152233661825833,-0.09094372566883542,0.11316787026659719,-0.4546084244753766,-9.01005120322405,2.4254992631690904,1.1659075293805425,-2.120798471577656,1.0190559378439097
2,0.8492474658286315,0.10258019868986558,5.580972594496362,1.2477434030975276,0.9344371151566984,0.5459904603850799,-2.713477247745187,-0.01677524022711987,-4.000720786586886
2,-0.7731086663335764,-1.2784496389208662,-10.991508617128602,-3.211499223450569,-13.935329430220857,2.0904964678935607,1.1489100932544665,-6.509668419116738,4.504789775747719
2,0.20137462202708367,-1.61722016860157,-4.685363369943026,-0.24921383719804704,-8.430777587529686,0.7702855271703667,2.116729649403007,-2.4276644100136044,4.303569490162439
2,0.4834572124582396,0.4752801306550066,7.1576397680460255,1.3525486862651435,1.6431178915963771,-0.8006084742999964,-0.7489326830411265,-1.4731679014819306,-3.0318666502715876
2,-1.2796270060145336,-0.5385526810367622,-8.740432080568004,-1.7969225390092811,6.993122965299774,-1.7430468824455085,2.5058981905636597,5.2482363300188775,5.295473242436564
2,0.22751104105478528,1.423544289436579,6.851078564880428,1.9837842532132108,7.305946829061725,-1.9972670897051048,-2.707697146957986,3.0824587397564125,-6.599909032620916
2,0.5791690448316145,1.3657749370954504,-1.84712063796838,-1.1349277613578692,-8.232633799931389,2.0184709213369603,1.08239966046123,-4.929859460910972,-0.5207128203534391
2,-1.6568838187612858,-0.3455146941408609,2.7598281229721215,1.1844058655910539,9.97658167696219,-3.77670826905812,-1.328615149876495,7.008725153704893,-0.8534325238824199
2,-1.1656001094469473,4.10437947169033,29.795029582428974,5.682486031885625,26.11315990124608,-6.592197763031442,-5.3353194412740805,9.567721849594488,-14.927530345852135
2,0.8240079540998698,-0.20367531476162876,-0.5108699351369733,0.026314977333049574,-7.854892782477061,1.244945887690091,-0.42946746085430904,-3.453634453356985,-0.404419077882133
2,-0.45611517422620934,-0.11430832785756481,4.5278762701322,0.08821011141217439,-4.041527648631764,-0.9190952483196209,-0.804833281040087,-2.931955732463673,-2.04458527693279
2,-0.3462356590596742,1.7187780121252312,6.675719479680873,1.001323278834383,10.821070905059187,-2.6658831986716294,-2.193164431928238,2.1508442580881404,-6.362452157832888
2,0.8763029671333914,-0.4629545475736591,-11.878991310271234,-0.09133652070882538,-1.6305442944366635,-0.4204498562399623,1.8224672334014191,-1.6170427789892732,4.50444181476548
2,0.05949769986698164,0.018764662632915513,-3.1802174222786883,0.36902421338617525,-3.5042448725619666,1.5842090875604278,0.5585252554807603,-1.8348061880305817,0.760655329664923
2,0.15465634980744075,0.31456025402641136,-0.30324112802802977,-0.0525051818748611,-5.099560387654261,1.6356942960163712,0.08662458679696472,-1.3413014376873265,0.6976151182192639
2,0.5527804584933068,2.0130089897359023,14.049535375995234,3.005714730030871,5.564832703473749,-0.9365949855446829,-2.104733155493025,0.8350017260990726,-7.210113514331011
2,-1.3186755641816499,-0.18962423600723166,2.0372701326541613,0.40846946565313796,20.58385240988612,-5.471388170268807,-0.1449664829161973,11.737500034958023,0.41119836871913296
2,0.2114169444330585,-1.3072073440037826,-10.633858394711096,-3.4396773040381805,-5.690454639182528,2.243508429036628,3.65482970466186,-3.1265288427891913,7.07873024832055
2,-0.6239219541680333,1.7438626652211413,15.416429790876126,2.4196211423255525,8.691977641260149,-2.390881919572223,-2.5166228780101956,0.8335101572410997,-8.423827188551698
2,-0.5250595713797457,1.3906371564141877,13.67814270012392,2.366608762195879,18.208778152446836,-4.327627195680911,-3.0018036375592936,7.217859500010275,-7.182815738376512
2,0.6054425991638894,1.4673355817903513,19.21180856512274,2.949886104158853,10.159873612570427,-0.8310477941192165,-3.6973645327404574,3.837227320370576,-9.046780744125355
2,0.32174770819816456,-0.3407997026009543,-0.6377317821457135,0.5182032036290228,-8.681833011100208,2.382137803600741,-0.747159408737452,-3.8281100624166533,-0.355062201062309
2,-0.3779408659420244,2.682402553258923,16.03149715037403,2.7763935007636302,13.525120434577426,-3.181302323054499,-3.096795473155195,4.9111229366814175,-9.039438118794939
2,1.022295335979601,1.5722160309720226,4.499218903676094,1.636057528465774,7.692727407722289,-0.8421998124965844,-1.2934060836275152,0.9705242851608371,-3.941918641353859
2,-1.3476386771597586,2.272307192591734,15.667033622294982,2.3539622857235987,19.79965392065976,-4.881122577164755,-1.5568419423219317,8.907820579399344,-6.165458670806066
2,0.5371980176634622,-0.4554446358203191,-5.035718362816867,-0.5656008968440387,-9.355757096274761,2.672076648080276,0.0824241116718973,-3.709004369368488,0.6566983447318407
2,-0.6751385315568944,-0.391537137208594,-3.859628043878385,-1.1415786444257026,-6.862205638570847,1.4013299083826942,1.0516872141991407,-2.9101218435027283,2.2197433150423134
2,-0.22911518920434645,1.759964185460612,15.013871669817995,3.6705015363921953,15.047033027626242,-4.966177915873631,-4.901597479549585,4.175778036145178,-10.974155421677873
2,-0.8993778385325509,0.20764946463923273,3.8223895941935746,1.7110481497456913,10.307342853889622,-3.9248190678088637,-0.9568293857519162,6.087645178811933,-2.0261819565315755
2,-0.2283266061674728,-1.877385671746822,-5.850645548238311,-1.0866812712574656,-4.574406817107925,0.5477543185449074,0.491660808493562,-1.7518272850379772,3.316416450906973
2,0.5942836487390513,0.1847208274468273,9.150781237120986,1.8754007663935466,3.1718754347155835,-2.310204447341347,-2.8603026400254192,1.5076700682870132,-3.724431120572789
2,-0.3721839342884408,-0.6440667504881062,-6.8027343199844745,-1.9063138560685498,-7.814878900696573,2.1408972687810257,0.66587355770485,-3.1062421441929615,1.9867721006044383
2,-0.71934969935796,2.3856637841612085,11.789089527705084,1.4058486443592706,12.625082473315278,-1.8147043999520442,-1.0879845123738672,5.0897938268164085,-5.6905472736448655
2,-0.03748794512485078,1.4996910524909244,6.747249595329176,1.860245352281882,11.083651085858294,-3.864250322414933,-0.12441097171063563,4.667698415593563,-2.565161220586149
2,-1.331729292908634,1.2316841038569792,12.034454591603902,1.9050147478547672,19.358436312507404,-5.128394907763383,-2.876281768081859,8.396922121777054,-5.770877994145637
2,1.1954859086538527,-1.5584437617661047,-5.603408937069824,-0.8065645659405296,-9.341922145556163,1.9785292601507494,0.9222320289301716,-4.244154610792578,3.4937557473331617
2,0.03469682477978131,0.5857683552473056,6.906604706343919,-0.019833696738658563,-5.032907531772306,2.0596264556016584,0.1128236371684338,-3.5322986061586867,-2.6686189482542377
2,-0.8824287884995651,-2.006320132460899,-21.49328216588523,-4.606069983844252,-13.082029530053374,2.829756107268898,5.750958873298169,-5.213497051449576,12.569312626116263
2,-0.5497307875434672,1.6247083916790321,15.43483482995687,1.2410662059646038,8.011438080442247,-0.26943510720538216,-2.889002782163271,2.871148615428479,-7.851363225048864
2,0.00032855433305591965,-0.45783116003728974,-4.25862684005161,-1.626702837569045,1.4875951106501177,-0.011695378832581595,2.424877959660162,-0.5183001879945792,4.398385830472134
2,0.17738313288320604,1.5161976047369814,-0.6388732447056238,0.8617990969867024,0.5917669562956056,0.08846773750523879,-0.3070035845033545,-0.13589107093845387,-1.6051176709084625
2,1.240071795851607,-1.1680550450501357,-3.6851501377720663,-0.46061157016405363,-4.864241601082666,1.6765194018163214,0.6160220082577645,-1.1238359997190919,1.78957771321416
2,0.6288803116732424,-0.22029156457972354,-2.411181857384099,-0.3964885352115798,-1.5167398309979008,1.8486055124663971,0.23081691118261927,-1.2185887342347421,1.8040214149838034
2,1.5042848566281812,0.4951151578264347,4.136991532606501,1.620775387289907,-1.7507866460281607,0.8641664324841388,-1.9927288183337724,-1.0616313611529968,-4.934420321048774
2,0.1676162507782043,1.5520986864756698,9.804866759337495,2.2598375281812526,12.77531287444594,-1.966769383493571,-2.943861493144413,7.158244012301507,-6.5961511030913496
2,-1.3641074723206768,-1.3608099420437978,1.7881969279022836,0.8063087543933287,5.552509184950812,-3.103136689928257,-0.9204832688177114,3.630089271016348,0.8429267820069363
2,-0.20686789092459335,1.6847052906625832,8.112763372078202,1.9005004816194107,15.361787928000934,-2.3592196581860736,-1.2072429083641545,5.136440018635077,-3.746693438208596
2,-0.6632883418770943,-0.3745112291751386,-6.972419316569364,-1.228736881947075,-1.3639781374223667,-0.5133728240624487,2.927972509743072,-1.117228181446067,4.283376897812328
2,-0.13781160170000184,-0.20324054424052784,-0.7902408489040877,-1.2123237565271645,-4.156474625873378,0.8699997590322885,0.8380309401603867,-2.7168215542780434,1.1013889470981588
2,1.243795290260742,0.025294154337041796,-11.77590527562419,-1.667265328066076,-14.064141957078393,2.8085329801674406,1.7787920300110907,-6.973191735682838,4.383571312098993
2,-2.217458532214483,2.2837701057864876,12.796276284848023,0.8103008428917998,16.360241429907465,-3.517672040263224,-1.018409630212528,5.510745853996809,-4.724043746945465
2,-0.7133842940115842,-1.3202353192006897,-2.781539355479336,-0.28099239908928386,6.384475144213005,-2.154806336685719,0.38674689267061757,2.7048415790489395,2.1172495023233395
2,0.9008070622431842,-0.2984522779855302,0.43231725192541426,0.6438340119678192,-4.398891614741591,1.0430868773564055,-1.394740158728118,-2.2056274981438992,-1.7826321899713269
2,-1.172171124833456,-0.3838319845757702,-0.39009881959238235,-0.5090737129326744,2.4320953307753697,-0.7054504988984992,-0.38418531117658333,0.43232214797084173,1.2320721937888242
