,0,1,2,3,4,5,6,7,8,9,10,11,12,13,14,15,16,17
1,2.633873738390902,-0.5709233144261682,-0.19015614522858965,-1.387890155790541,-2.258586560496879,1.3404229560897858,2.5046642936524486,0.9451313090863106,0.07165446596855186,0.5965585046638021,-0.4291777706922457,0.7430164075658603,0.858458111247471,0.9597212789362283,-0.24807078811124225,1.635907543577157,0.2827703165134108,-0.11846891754669392
1,0.6773176264310723,0.6678115801521829,0.39349554634970946,-1.5154703983954796,-0.38209389403252475,-1.0501916947137167,-1.3814521459753688,-1.083336195311629,-0.10241657394351433,-0.8202589749594862,-0.19728141864247312,-0.8117004527274818,-0.5555795166988227,-1.589084783157461,0.2688377386216666,0.8511665642509334,0.6640800310381544,-0.8995675392987857
1,-0.9140876337512095,-0.9277169865726451,0.05693343493136401,0.8268532997248585,0.5334138624311813,-0.5197919159908309,0.3359310827933268,-0.5367566469447369,1.2310356065889747,0.699672077354548,-0.1283832607286135,1.7230899503511652,0.6444120464720547,0.9355356245427212,1.5005250572429039,-0.25763537689012594,0.9947800427396303,0.07151229058791103
1,1.9818613730797112,-1.1419358745328723,1.160756053338513,0.4610043718815779,0.4409422356202755,-0.09292294163179769,1.127754861993046,-0.5891136201340322,0.9875974595001735,-0.2864257802471152,2.1666937451854587,1.0445272046465526,1.188772106184038,-0.43231038653254533,-0.1321617228497241,0.13674668754230646,-0.4594890653187716,-0.42081123287077427
1,-0.7802538156953543,-2.280975317007958,-0.4639572496464333,-1.7482138101687652,-1.3321665338864712,-0.3573652365948041,-1.3228111820757542,0.33679893774849423,1.2733745770876235,-1.2475551497281485,-1.277718353156058,-0.2594261524855123,0.19811775937217,2.462209820897395,0.4570369440263623,1.340327615632244,-0.5185314073642483,2.8454722122982283
1,-1.627691043848249,1.6506931745960456,1.624881668428303,-1.6999238713386569,0.919637456340233,-1.5322500330012812,0.4713875068602328,1.1172545434463532,-3.0757929400819104,0.46212052550313554,0.9798776417702131,1.3797528269260817,0.029375446828496535,0.14878051404435322,-0.2998723623223,0.6091077997278246,0.2228489792888848,0.12230471074070876
1,-1.4101775073314806,-0.8356903572593894,-2.383266464697227,0.3149533508275119,0.31752128175472905,0.27777317235655413,0.08691806246316858,-0.7179635536067095,0.4767044454213885,0.583089183618466,-1.4650294825660728,-1.1791973426313394,1.268608113274639,1.6459958005574746,0.36476843989244734,-1.2793384298543193,-0.9364060341346038,-0.809874193566705
1,-0.2173861636334838,-0.2244541550902035,2.26659123143614,1.4435351160063985,0.2136716914629855,-2.9202158831830944,0.8443584600634364,-1.084363526476024,1.1533872934194105,1.2531654132709338,-0.49865678315479983,-0.8893304473496395,0.5250539617330369,-1.3022294809874175,-2.297716292739957,-0.06625246212569236,-2.207812921582915,-1.4346630869149464
1,-2.55942997243037,-0.3051312626594294,0.915193548515419,-2.221447879270545,0.8338622358183762,-1.8293199073862818,-0.6928940206120037,0.2772107030364616,-1.3012475202688707,-0.7541011308526725,0.04907862475861358,-1.4278791843166552,0.5587546874765655,-0.9746511068377827,-3.1559487100431167,1.291836613451677,-1.089643252516365,-0.4412918634703708
1,0.10056805748647472,-0.7505507414955686,-0.6343646027406098,-0.3924181322228089,-0.39243365081097215,0.774843079565785,1.305293162891382,0.03954783685076012,-1.214001942380752,0.7334237118663952,-1.1361927823696674,-1.7592521935783163,0.6764340436370178,0.9988890954935743,-0.008287834687967226,-0.10793274869346439,0.5860655799203326,-0.2715799082605227
1,2.0776719408306543,-0.997310878324186,-1.3091628481509128,-0.13117156277477934,-1.1797848457890796,0.0816680866800075,-1.7677942117335805,0.565257396873892,2.9181830232622303,-0.6486243632616295,0.4563835973477362,0.615088203306336,-0.008678340244640072,2.968097576011866,-1.0693750357638225,0.5844226707616661,2.6655108237133422,0.5621542984416523
1,-0.9731563737881803,0.5715613296775344,-0.3389283694997914,0.11046487952660432,-1.6657628290378086,0.3681187828799557,0.12956498860233248,-0.10464169381551536,-0.550194673201584,0.29975454942678315,-1.3184114469814567,-0.6745867085604974,0.2361277017586411,-0.9912165148182234,-0.14336220940059927,2.203565128328813,0.4200631448065145,-1.3914453961475974
1,0.46516558079213316,0.7692426164938289,-0.5716538820382586,-0.22191027883256204,1.651613520300535,0.18092225891429117,0.4541499784842312,0.2643892484826856,-0.43507899443064646,0.4524340426748202,-0.7410395154319566,-1.258453294853196,-0.7709675916610338,-0.8622773164886828,0.6879249771762153,1.1711126431212022,-0.8026481150046044,-1.3618892029263947
1,-1.9443629578441592,-0.08021441338313878,-3.939506296229891,1.0449393835299838,0.571487069830228,-0.5829268594209123,0.45739000230936794,2.5493100055022024,-1.8057369879916136,0.6145478789035207,-1.7229667719049122,0.4356410840129822,0.9692602424134392,1.5307678434891854,2.590072157919145,-0.2906812345843589,0.4480622848376026,-1.7501725693816872
1,0.009971903416405003,0.6274535306681703,0.8612666118255664,0.3028178521563647,-0.7977751285406668,0.6194779899224411,0.011901331731188288,-0.7088522006249992,-1.6379981440234948,0.6941221248022071,0.17452181371823836,0.4282189316721388,0.6457321835915327,-1.4012417761838338,-0.8406553541300322,1.019729605175542,-1.8825320491924835,-1.1224136185962763
1,1.3383582325229655,2.6733973060645955,-0.3814062697159728,-0.7274514799132673,-1.3258978015500562,1.0072984147413184,0.06843631639704788,-0.011823081262386166,-1.1268567304602068,-0.8879441765347418,0.394013851570358,-0.5049729557380452,-1.0391443836703202,0.11178347650276002,0.24255210042127248,1.398934547139259,1.6367447283440355,-0.3903565792538989
1,-3.1306561751826343,0.6472598753473179,0.017325234712199357,0.607566280284803,0.35001207842358284,1.2164591916751029,0.1847002297396484,2.4117373991982025,-1.314611707521857,0.968251301006991,-1.131849827897854,1.7309403740161151,-0.44563755229063184,-0.17597014013334747,-1.225374663829409,1.5906164382523142,-0.47349868178483284,-0.8178421080915199
1,-5.087733009143242,-0.1597584424797091,-0.04849463840647143,2.136168847117251,1.6163735311649945,-0.7460725853055169,-1.3154953634566424,-0.2874814072926901,-2.0725133205390525,2.00725860703486,-0.254838323617298,-1.1030334159667883,0.4399720060005909,-2.915144323532983,-0.008229184977429228,-1.680504371093978,-1.9874473695240291,-0.6101137133540189
1,0.2563336608342724,2.112124412693883,-0.7687015487157852,1.3251984990136028,1.1433778790146436,1.0292497576735429,-0.20515679869169728,0.5577164784417511,-1.3108124985688079,-0.7722412298956476,-1.187942219414051,-1.0442218631054583,0.7073520301587423,-0.3953818247824893,-1.0336729118338064,-0.954418736373811,-0.11390936535452469,-1.163741425884132
1,1.3629621635081404,-1.6726558962310323,1.116363322161594,-0.6920529809188033,1.4485900198425008,1.5651832498938927,1.0575801609272115,-1.3470890507444937,1.3023111489472234,1.4428463609087174,1.035470289826142,2.159045385102474,0.5535639967717602,-1.2224874555238487,2.075153514955919,2.0912379496008837,-2.13587302423336,-0.24187105547695756
1,-0.8605430415144388,-0.45491252353669914,-1.38619398505641,0.13217101834254705,1.0792344625303196,1.2204778232423052,0.015561945139955548,1.9820076851956159,1.0246477210885943,0.2062847721090171,-1.0369855182662864,-1.027833708023747,0.01686779989091137,0.6006452312900397,-0.5603104275532231,0.8096031988440122,0.29198312186821446,0.5919993732400599
1,-0.7520120520212293,-0.16198282626682814,1.4128883451174117,-0.7881154219690836,-0.5848130051127121,-1.6524721848405204,-0.4591020121454228,-0.5909722011338462,-0.568366030040242,0.7737492995830625,0.2631517223367869,-0.288987313917655,0.5457425833744601,-1.2784761747619733,0.3427974198863019,-1.021324129700239,-1.6051405815899142,-0.03473127883153024
1,2.8758947885394326,0.26283763003976385,0.019352764169039662,1.6647167698973386,-0.4203376194477588,-0.24944015989243018,1.3061508714440835,-0.5385299148063515,0.12834143563763314,0.47453779363373016,-0.6033676058547731,-1.1295908343454832,-0.6028641918166735,0.6329157262867929,0.6537445810374914,-2.042139836275261,-0.3579336854945953,0.08578064440505814
1,-0.380894142092193,2.066050770401074,-0.46691614911258916,-0.5136516863160784,1.3910668288769796,-0.6162597628127825,-0.4353860297649796,1.6040055777890767,-1.2453202564659003,0.5987531383598091,0.31914324893085705,0.4754848767909237,-1.3958710400798915,1.3356052682367634,-0.31350308790206255,-0.9581245348974587,0.5510915973943652,0.6141200907933232
1,-1.1177192775022486,-0.3619984521158505,1.639259649566872,0.14411432465682003,0.5426981578776477,-0.7575884214241008,-0.7543383260587863,-2.4501370011881454,-1.9627053477807883,-0.8338057543437871,-1.1664016356184101,-0.849484514613559,-0.4731242228975872,-2.6871639663079074,-1.0876365765014775,-0.028035989143257056,0.244853599033619,-1.2824498347902342
1,-2.5158265793512244,0.2704125299753979,-1.8522045431317984,0.9859838464737286,0.4731460372432596,0.09839181745039303,-0.27518088942062374,2.3607021395387955,-0.34416330664379086,0.41878597130088696,0.5416981351802777,-0.37838596759510784,0.8327520797863119,0.6553941265940868,-0.04906735172561089,-0.2569446428838505,1.1300087705173008,-0.7535171250035665
1,0.3464636997005622,0.4778243490647886,0.3949980073635786,0.6773165484135979,-0.025677738688915003,-0.8115967609284268,-1.0478673468586983,0.1835336844999401,-1.6438406474243952,-1.0637525172151345,-1.0509846320021135,1.0389981032322144,-0.006109233466936498,-0.4792759867537514,-1.3614571374319386,-0.06684487280954629,-0.16538006839148525,0.025810744281547893
1,0.8642715921296542,0.23691647629205198,-2.7161198012911005,0.8581705627570511,-0.14878718504897095,1.5447494030483968,0.29371024285314656,-0.15215237746370036,-0.47506219020494606,0.08459511410158352,-1.1286599590652917,-3.275887416486066,-1.1708431086043078,-0.46490377549348916,1.073457181387885,-0.9988880003868716,-1.08974163902896,-0.6094428164914909
1,-0.7011541056952393,1.5445104578706668,-0.7806096521760385,1.7137396300396222,0.4171612260445034,0.8002614043623628,-0.5754279535799626,-0.8028243665734281,-0.9316560732283613,-1.514567787499692,0.6642756624031779,0.02817056868400385,-0.1582387268811888,-0.8753002877067951,0.5380750651035293,0.4306367054088346,0.16269605244554264,0.01158238979247006
1,-0.6420660238389004,0.6476307318363654,0.3311379121939749,1.900740119051253,-1.0252502633253915,-0.04767833877569826,-0.6696855482997591,0.6244687994038284,-1.1368029384868243,-1.1474800376787693,-1.9171061175808348,-2.8102678680456363,-0.14329873827380663,1.4172246715039498,0.3073979616063992,-0.7274652518490861,-0.5515181213273921,-0.676298105519887
1,1.2279621248803225,0.6632400594844018,-0.12724203173834303,-1.0214194891362638,1.5700304180601499,-2.3663354064411317,0.5796223602909822,0.49141169191380746,0.9667580323959722,-1.7587947266488182,-0.8581807899399012,0.14496833955160005,-1.2976839578907393,1.2548491896080076,0.9856578719757152,0.9823455554352093,1.6688549350398385,-1.8134266125201974
1,0.5403557566943771,0.289175102849179,-1.0197149574812574,1.6032443548595108,-0.28449541905500053,2.3986964845697343,0.7644825862713428,0.6397419726379404,2.5426615583551344,-0.12040793201114375,1.5284130703149463,1.6788920149288626,-0.8948274255670106,3.0291819935169113,-0.3149502025660978,-0.9417694279416725,1.5923959766742375,0.2522030951036532
1,0.4501368277722063,0.4449420987815126,0.09022958099290414,-0.9231169034458735,-0.6243375504167281,-0.08055815398559878,-0.008336606143358308,0.7351389153308453,0.412138536693326,-0.13641447352008046,0.5961018323128404,0.037500071474481894,1.2453892383438079,2.344395087608875,0.5960855730787192,-0.8207272017748966,2.011328544404781,0.7729063766793264
1,2.794571072649605,1.3196638334896276,0.9184877098080255,-0.4484270634140589,0.7991960664209274,-0.8599327027149463,0.062028270008348034,-0.16539476473698897,-0.5060603025522276,-3.1899348626885082,1.0089541467428869,-0.6905729653502632,-0.5601766964000071,1.3162104288212826,0.613173528804181,0.3521986059004968,1.4562299016307296,-0.7092936476244598
1,-0.735998321869988,0.4526575390760991,-0.4684252415099685,1.4490680478795923,0.45368541312778915,-0.7695343306068008,-1.145514392706593,-0.47735380019091694,0.40149323650757746,-0.6399359047284366,-0.298212159435899,0.016282022029326416,0.3077377086364213,-0.8729898673025296,1.2284616954898835,-0.3174224126618491,-0.15380735266100448,-0.5340940489829786
1,1.9184150390505037,1.6368617605126856,-0.2799205311933173,-0.920496109499498,-2.147137002005848,-1.0564417944632145,1.9644497610259835,0.4898705220077857,-0.653033783796652,-1.5663884850571304,0.12650287298872778,0.20716284407341654,-0.5038647220174051,0.5979803993219632,-0.28837150964836766,0.1534004244773815,1.979519196486785,0.7977889825510971
1,1.123938611797895,-1.383182894480104,0.3512864141158115,-0.2833480588311838,-0.11576032408333128,0.3528868767301738,-0.487907223496546,-0.5009280409878686,0.33460273734722973,-1.178132318266972,-0.13636465733336925,-0.42945176816331015,0.8613345319905323,0.015575850308625315,-1.2833803908871864,-0.5130058308490065,0.3796886982272935,0.38013618730858334
1,0.7428995141613763,-1.1980577644466823,0.46420734473141545,-1.6654034805176483,0.7044112495477282,0.8150312101006034,1.9169360914021882,-1.0832965533292414,-0.5280907837599089,-0.26392300821291886,-0.07964089151850878,1.2900481266840986,0.811177336361849,-0.04213497407076751,-0.9515011646165547,1.4634281742989064,0.6202373023881284,0.30328860717404726
1,-0.7779182074370312,0.8168664566536605,-0.5336912980617724,-0.08286612933888496,0.17059765695167262,-0.31331073961667716,-0.5657802044419258,0.7173406711125098,1.2808809990089862,1.077880093180733,1.6852489310085954,2.4742679703683357,-0.1965511885565844,0.212683733500767,1.3116999429486684,1.0344200751933526,-1.4032268240988939,-0.2624426874019652
1,0.62162351362906,-1.327753431517437,-0.4789343919051743,-0.2925099173095105,-0.9570358564232194,-0.9694753391853727,0.0899246097711845,1.8594782791631583,-0.571769208491797,0.637078712555847,0.7832482394674107,-0.25904193795374575,0.1092438790847468,0.4443551650988356,2.4613863132021967,-0.8758279256737957,1.658611837930854,0.5770175448392905
1,-2.8110341492017503,-0.6554255897861759,-1.6020160229249067,0.21641549668800145,1.7039653281335332,0.5786242011722088,-1.5663886720352538,1.4075224697675561,1.2656956329279103,1.7218543664142363,2.5602791056759515,0.8089866195118514,1.9647110824971679,2.6979039311941615,2.298908830433072,0.9751411365787326,0.9068053877824683,-0.8085844604918554
1,-2.7126323666954706,-0.15055217079853417,-0.8720322351223296,-0.3784975061125122,0.6946173453609172,-0.3783813934403362,0.4175676010511649,-0.058246973705428584,0.9863896575865374,0.157607483392074,0.5422937320267529,-1.3500330288462263,0.9004884505106244,0.9711890609395547,-1.3618512068910487,-0.8125714492895958,1.0204010319010173,1.7625137323067401
1,-0.41037412938931456,-1.2183279891792818,0.08282965886238712,0.8457999176810393,-0.07440826658562139,-1.328468727459598,-1.3935782334457114,2.8924375206025883,2.6021936150597993,-0.5109230459144746,-1.1866258897357271,2.145439155681034,1.2071135501813233,3.576102286726264,1.0460796234213272,0.4645870082123442,0.3996633942087401,-0.6921416190850015
1,0.9567149339126901,-2.0572209719005716,-0.9920808172448958,-0.31198503524707866,-0.8936374557788549,0.9412855284824612,1.4075354459466207,2.2161584801802285,-0.38808532188848277,-0.46867111871066036,0.849131131721793,0.6518866821969884,0.6292126914359649,2.3615174250009416,-0.7864708315433229,0.2336996392032285,2.686661837085002,1.1791307374196345
1,-0.37007480911250634,-0.3518649768707062,0.0963693875954582,-0.5572149637954225,0.9007943414910832,0.5257145988152424,-0.256247069977156,1.396764856187515,2.549033737203324,0.055071058909505095,-1.233859310839643,-0.3837357620778873,0.833525307934019,0.7264354251270058,0.741601803530861,0.38459450561595043,-1.0989251399636641,-0.5843107694555411
1,-0.7435988071662756,-0.2863296916052094,-0.40738208575461526,2.0633719452095383,-0.8904730915828756,0.22768190347949374,-0.8743675059711259,-1.7382040406767822,1.1080006725592195,0.9478315360375603,0.40706439597185917,0.601338832164918,1.644647475712389,-2.567034409095671,0.107509847013653,-1.5812196255651148,-0.13796520976057902,-1.4051874899093932
1,0.5753042572190844,-0.24477943596433155,-1.6197819098763908,-0.6599231476195612,3.4208940893746793,-1.2205658293282369,0.19393254008667316,2.3563469900763945,2.8431082861559354,0.4531247839661504,-0.5152505922518456,0.5357262272763726,-0.5339708090385454,2.568023028668592,-0.15292921286974762,0.3062487275163355,0.07433977823914023,-0.19428380194485279
1,-0.5398022477093825,1.0329079182636536,-0.502620039069618,0.03654174994679996,-0.7463816950279121,-0.09578472450658876,0.7651653951762264,-0.7527120144500364,-1.3054229665456751,0.6441591512355624,-0.9153335858128846,0.9228053808389807,-0.0446229134122403,-2.288353764181241,0.9071176422750342,0.7018762260812321,-0.5003685737201109,-0.1744599722298929
1,-0.03816262612524757,0.558694043983455,1.539639358409625,1.8004495206239939,-0.7769404065891339,1.913170130497954,0.7384179620327371,1.5655276361556258,0.5244885233712092,-0.01968344420997621,0.34937968490420523,-3.443199058002472,-0.13943337078183515,2.96498437902675,-0.3065331875094672,-2.023575136313379,0.5521166262577699,1.3554199826667612
1,1.8610928605796535,0.24798903536871067,-0.4920035949851624,-1.6564760252743502,-1.9876026859141411,-1.2369157227492933,2.012607765549461,-0.03141313508614105,-0.025623315342184403,-0.3266359550551839,0.4395589699183659,0.5423716007991761,-0.28978395900286735,0.09364250988383302,-0.5128445417639459,-0.15038745949813406,0.8152870025804186,0.6324338092017364
1,1.6225333192541163,1.0049887494770842,-0.9373644202892211,-2.6828736343166844,-0.25249131473994596,-0.19721949391982777,0.5580308719115942,-1.4900135987046699,0.8132977413934193,-1.873796343243837,1.2971694883224023,1.8041364591717002,0.10178242686536076,-0.5613766654377235,0.5156796373414578,1.5823926737219163,-0.5786523842483704,0.3163005551934647
1,-0.9594741534594206,0.12900091585888185,1.8305836817454821,0.8287338075262012,-1.2945809139511977,-0.7157913731445285,-0.31425688935011753,0.5460529232298994,-0.5506590036795904,1.1521551331406903,0.14519919604297196,0.0026424578170196745,1.037162317409181,-1.029126958651974,-0.40715695901387017,0.17994786452318462,-0.2689367000981264,0.5890295622390309
1,0.8067521542175903,0.8404111017235556,-1.1267960820030878,-0.211677811992775,0.935491670626761,-0.12477814612161946,-0.8179045383433436,-0.520542377705818,-1.0128916099589564,-0.6597588726012759,0.16408351791124662,-1.0379697859181125,1.463365199824765,-0.7040347678083291,-1.5745077651358852,-0.8841998111931647,0.14285923377022713,0.08829190289154398
1,-0.027533952189814796,-1.9676477257768585,0.7876506464927363,1.8722978519687725,-0.7179418113574747,-0.31349577455246924,-0.5896919848288278,0.6543816966366032,-1.8288404930481101,-1.2935893563341638,1.026722406684972,1.763608216279721,-1.2386301952397123,-1.8998191886035356,1.496409219528428,-0.9372046437593966,-0.07621729123181967,-0.29998358858986085
1,0.8386377007548723,-0.893695322022261,0.2515334718319087,0.7736187560009874,-0.5075755448072514,0.3943924040105857,0.44958430318060616,0.3075406474307587,-0.1760163730792142,-0.6146636657071145,-1.3975417503908412,-1.3993121958727208,0.975142219220195,-2.653366311240142,1.5070847011688409,0.01405637021323125,1.5361052493820713,-0.017868127035024273
1,-1.0810141752224194,1.3495471859828752,-0.5140364318651872,-1.8865318362999632,0.07669867399289894,0.5633668234192627,-1.2165530207484738,-0.8870916885047643,1.0566335708056027,0.7417764149160847,1.2249005731559106,-0.6041485469815959,-1.5835163818249796,2.2415098333236805,-1.8086890231064017,1.7119374338486306,2.8962107226102116,0.6641310818453392
1,-3.0474555795483234,0.14305331540265473,0.48648682944839067,2.0929406694096144,0.6486078649349034,2.264206148516451,-0.6177979768733521,-0.2717513059247188,-0.24616367132020175,0.16419524733787383,1.1226277892858214,2.1636079152848886,0.36281522310471126,0.9163787936858716,-0.13556173153097786,-0.3343620519090328,0.0857332821527379,0.20515088328430942
1,-1.3212252187515152,0.35883930429667477,-1.0739341515938716,-1.1169616585319195,-2.4871207359906,1.0607208614296273,-0.13675259405684934,-2.6878397905719362,-0.6743462528259027,-0.7194229919227326,0.8092772767783806,0.717300549185205,0.028633748624228208,-0.41423181871386383,0.3728716053352429,0.7696606032676738,0.08243200310928467,0.6936302336068065
1,-0.5959124059726242,0.46413758444408826,0.40122902807715444,-2.9134736735322955,0.8503774662852358,0.07750472925137554,-0.4192224361237011,0.10325273317822463,-0.24901970829398595,-0.35428876082480665,-0.9116274108662089,0.4634858075868901,0.24526151712085068,0.500088074732906,-0.15786943234414247,1.8384524838248573,1.4665841515889613,1.5861449632479019
1,2.3560816581630366,0.6886150849202622,-0.6271741975906034,1.5518130080364823,0.38960688691051565,1.4239446995607852,-0.8959178864910825,-2.3141743378956954,-0.01586203843369074,-0.021194017434039418,1.5829482406853084,3.2130539974060763,-1.173917571277597,-2.629859481944579,1.1846072431959958,-1.0298615489365208,-0.7740040757133982,-1.2579417506764374
1,1.9866805932285903,2.29035891711821,-0.11790382515288542,0.39496295785689634,0.313233060402323,0.8886882505259198,0.5378265931043289,1.6035517638403993,1.4009561142117684,1.0631476348517621,-0.045920987894093754,-2.0786205537914113,-1.0342133365346944,3.0285058513213117,1.113645743596573,-2.334818463089497,0.1546611844666828,1.5822201003772403
1,-1.0025628998843708,1.538978195910766,0.3762240383158673,1.0796315561404206,-0.00040500485484238306,1.751383296874437,0.26945648736228683,0.303828203014288,-1.662661095614787,0.40305465212240543,-0.7967209062818248,2.124639651026597,-0.5943479155741197,-0.8397754696302133,0.5985288962124962,2.2432620029802943,-0.6844983431996474,-0.4457197648570165
1,0.7527248561045059,-0.03715555250933708,-1.5564620966974083,0.0859933842649149,-0.13453887771814457,0.9857439639472115,-0.26412999282195193,1.304020350736664,1.4816885342937773,0.1271304009266969,-0.23149429640691177,-2.4153154885145023,-0.32884105189603535,2.181810054401587,0.282728710339089,0.9400933932773168,1.1378875034982703,-0.4017751486531833
1,1.3810349894641767,2.1650966906191003,-0.1381934120272435,1.9121222090098802,-0.0038249625927031096,0.14704868537917787,-0.19979138400820262,-1.890333375150818,-1.779021077692615,-0.5313785214466733,1.462494771112815,0.7211583564632926,-0.43391189108705064,-1.9142119332030327,0.37160883247562493,-0.8560392486711156,0.8893282205722071,-0.7219017416955383
1,0.23414167797313917,0.2172949786119217,1.4761150213353582,1.3360919628739436,0.019391985042303203,0.8327364183591349,-0.1875676881913842,-0.12077269411031978,0.6041463058421722,-1.0988534446828846,-0.7250440855916158,-0.2444579661923542,-0.6282828327379971,0.1749293104397626,0.8577762087116839,-0.7699628216609193,-0.6756864657578333,0.2991599805846055
1,-3.4073386899309677,-0.379070110195968,-1.6169733477340216,-0.27559851896592213,-0.08834315755370152,0.8957184197240099,0.11116300621434004,-0.6153380269992993,1.1263055619090743,0.5202692523542759,1.306135028790258,-0.058931608626632735,1.3624462666599668,0.2711605132629104,-0.7058093941097097,-0.27718113443845027,1.6409469952510178,-0.21621838463911414
1,0.9319296224151741,-0.5815950779188482,-2.085039387740205,1.369314422794601,-1.1474441619073843,0.1497322303033758,-0.6130821102443663,0.6557186382554611,2.4818453512349943,0.9393966914880889,0.903518242701948,1.4943745536268618,0.8151348041470018,0.302429675330817,0.9674402325274745,0.6586021940631706,-0.4189380203507523,-0.663102082179525
1,-0.7175738069154612,0.7185345309194351,1.3850994175790163,0.9204717071246649,1.6364557675148266,1.2494337673457794,1.583532202470777,1.4211378316320347,0.6871318787407996,0.5981355604977037,-1.572483586261744,-1.3399578193240564,0.4890389617385118,2.363494584862732,-0.15044856760244224,-0.9717687112996127,0.6501540807468487,-0.0037672468401659387
1,1.3786189836543417,0.2697851417533805,0.06065769945478209,1.8674997104456172,-0.42226741304401855,1.579395415279123,0.8486120743192569,-2.7523830608720092,1.9317106868270486,-0.2010793411827379,0.9690156702079895,-0.38439108309340564,-0.5174556621643818,0.3388082856805119,1.5108659546558243,-1.4992979523133472,2.0009018871453668,-0.4919662875828371
1,-0.7210875799416275,0.9176427311111561,-0.024367086815953364,-1.0617579291187969,-0.47633972539945924,-0.5710010920424193,0.893415766066279,-1.0446326290011891,-0.8110589545820236,1.8057417945252587,0.5847973892627698,1.4362994190168203,-1.153706632970863,0.2525492752021501,-2.1289190264274533,0.48968406049018953,-1.3938890525468381,0.45891778236721414
1,1.0001537382746553,0.13447932619399258,-0.8219993148992021,-0.3928804826474712,-0.6530462696174966,-0.22222737780663854,0.09940898402306445,0.7261325099231303,0.058742642354405794,0.049415474841184075,-0.5874351018931676,0.02073621990359812,-0.5658031791008387,0.8973899743458831,0.2765649973255765,0.5351862703181905,-0.29235458449091867,0.9905247953673408
1,-0.3603660251650369,-1.5579622771299813,1.0724577159542237,0.5163124862143815,-0.7248344793404132,0.3600333933210264,0.473152366366105,2.25230831924582,-0.15017640504059823,0.8889611687541129,0.238934533477195,-0.4666449500066822,1.2370265016451352,1.7559096269230512,-1.0194992037409187,-0.03789868167044383,0.8330159862085065,0.16503191206051518
1,0.277834988148101,0.19044703434433,1.2633517302497252,-1.3484670167098158,1.0670724936788238,-0.4939755731344737,0.4209445756247642,1.7529332930921122,-1.359559201138197,-1.090643390921995,-0.04809725965073328,1.739269975699435,-0.2637722563326694,1.4354362772749887,-0.8801851503668623,-0.0564306906687001,2.5737433397356946,1.438518926489889
1,-0.28771984636431847,0.9829273013466062,-1.2051840973589232,-1.5228272035164896,-0.7282674990576045,-1.082345685933137,0.38288948838380765,-1.5050675329941583,0.5425009155823841,0.23121110943718517,0.04563448992432622,-0.6263913433015632,0.021500507293805614,1.399516669669402,0.28172700894207886,1.122805553631604,-0.30787276436118116,1.2092786948328245
1,0.47288881985380404,0.21328063693636173,-0.25328261258446577,-0.22341591382012993,-0.5337665862852055,-2.228421930808719,1.8919554079405498,-0.10959160406854863,-0.17746825857303594,0.5116368680944808,0.16108080291463991,-0.5670781687378396,-1.7166761476604253,0.7698241658881606,0.43485225507455494,-0.7760806082533354,0.7290885354800467,-0.4859305752463067
1,-0.008205145594726567,-0.005154202984311231,0.1228440515720873,1.2923646980349117,-0.7478793145248517,-1.1774656632149962,-0.8879565445171352,-1.3592049758030047,-1.1095543096695377,0.42681020915445245,0.5097980339861314,1.4939175759617591,-0.8715635316140451,-2.7730807731931058,-1.7675801418482866,-0.4039457924198958,-0.22766310515042373,-0.7822206950609882
1,-1.6231923967462873,-0.48880648766562873,0.33737626008200416,0.742315168195425,0.3477647118388009,-1.6977014665324888,-1.0231165411483139,0.05919919916831859,-1.3130572255074338,1.0691076866694322,-1.3414963100061705,-1.7519743911568764,0.12030958531193077,-1.4591401132330704,-0.7320517224794802,-2.4608179926756555,-3.0205599484572208,-1.1180461373356367
1,-2.835170856791631,-0.45863435576810274,1.6779128202590279,0.17477619850202472,-0.08805935848497864,0.6859552927038507,-1.4416460376518432,0.39152051498683654,-0.06263030553726658,1.6658070758550894,-1.2419188807329256,-0.6978362609304751,0.02294994968148357,0.294966581649711,3.374742299558706,-0.9071784306459033,-0.7565333574783075,0.14482648012288124
1,0.9899418162951659,-0.6481394501240114,1.0776755063626622,-0.4451106653365754,-0.7578043696806032,0.8340458947590017,0.8210138240709787,-0.3283189657977899,-0.44954930880586685,0.38872798929908187,-1.1388782999834002,-0.5179288872276687,-0.07060775975168351,0.2320117203053369,-0.4003505443463192,1.1158304699169086,1.474502784091528,0.47273640816896656
1,-3.2455031443836186,1.1549004539625634,0.8941180328509464,0.8020096361055191,-1.042797627054943,-0.856168011270497,-1.3205049170593752,-1.3735700190425073,1.0926683358358518,-0.18328486531774282,0.7294463856017149,1.3610621370635543,1.897504714818898,0.9583467922874899,-0.08860244440777633,-0.11935173786109235,1.1002531394074757,0.19528754329825493
1,1.9058782362173985,-0.6824293021875084,0.8869586154069397,0.6110190618160841,1.7960199792226026,0.6674778504072129,-0.8760419857448924,-0.43144880880274017,1.3541105078681555,-0.4612818568277535,-0.042857732500722175,-0.576880923503637,-0.24485387010096726,0.6922700272712401,-1.5124736895417616,0.5353543956350266,1.966613154349532,0.030485542071891192
1,-1.0510135867336319,-0.9585720498131146,-0.577804451911004,0.2404491647375371,1.3533497105830952,-1.1994303820121035,-0.9380801130413722,1.6552021067934721,-0.25255261666639583,-1.1978484859021206,-0.015212777719198883,-0.3145231483617598,1.0438560892883393,1.9172808199654956,-0.44496018368193585,2.034493264201097,1.5269083062413218,0.642664584075056
1,3.0039304466344756,0.6703841446845004,-0.41426960301670046,-3.58781440476079,-0.8083061359365912,-1.4740529202156147,1.7950777923145784,2.8410644607706477,2.888916355351687,0.17401918406798156,-0.6479552450724252,-1.5469739420210806,-0.766676920151982,2.230108591880215,0.07432922373369318,1.763422504111559,-1.0797145020481236,-0.732033160510154
1,0.8928863942755707,-0.593940763801352,-0.08972746536852524,-0.8550588727881266,0.2533046163771255,-0.6422969885210355,-0.23601564817762602,-0.4141800407594067,0.4322086951225094,0.2786812355394535,-2.0919491753310826,-0.9099477676737071,-0.11477861081450118,0.8073844408012265,-0.24215006459962066,-1.1963035200620276,0.1535100186253511,1.3818010358228812
1,-0.27340863278096456,0.14306098086874774,1.9995267951866005,-1.475636969438666,1.7367012468779457,-1.5580785861019602,-0.09584665812623899,-1.258307645104277,-0.4127531678979594,1.345880768887026,-1.393868239743831,-0.044237900394372004,0.0723851815100347,-0.7542227025624403,-0.03964106008051539,0.011921808116991811,-1.1725645535623963,0.6228476083987338
1,-0.8268547425214712,0.5237608630304813,0.28137552087458395,0.8342284814096632,0.2156455881098625,1.7903594312233126,0.11426460384602494,2.0012085153429084,0.8776722760389629,2.371486991811515,-1.5176246943606824,0.450925819053738,0.5336968835513921,0.9073931284958067,-0.5013132267797739,1.0244371472647302,1.046270178075956,-0.6671556390358544
1,0.8271507135657334,-0.9824256924913878,1.5781819246790298,-0.830737667462809,-1.8275152630960638,-0.5323975714941496,0.3107626719053388,1.2650778835681749,-1.0630450940690883,-0.1934891742464266,-0.5985337681599134,-1.7947398552931226,-0.16223452606024374,2.0732684665847616,0.9841649143492324,-0.670922157811751,1.010223200002232,0.27880861981182137
1,1.4865082206823539,0.4545196386541459,0.4582742189732175,0.3923653431057268,0.4354043225314875,0.6826417786917757,0.43257942333372246,1.2210832792609199,0.26864479823628545,-0.6818385738162742,2.6079342208347587,1.2254020621654431,-2.1435853725157057,3.1798156821387398,-0.06450492451785944,0.4322760502130537,1.4901375049857244,1.6337471761820135
1,1.868631929912738,-0.0824931819345707,-0.6212390942267638,1.5033515503276726,-0.868388911385245,-0.2843024848597109,0.13978411386064424,0.43561434536838045,0.9785701446273835,-0.88749627530532,2.533229831892538,0.7063396740634954,1.680033643510712,-2.6743615313307343,0.3474421120710734,-2.004864442368984,-2.3920805220437624,-3.0216756024783193
1,1.378726153003476,0.954320605319591,0.13791165140556985,0.04513620604201324,0.7368414476915806,0.34884799384900195,-0.4700888187114644,1.2243369723909945,-2.2810287976754076,-0.4492684376997699,-0.8789052543862116,0.794069003295189,-0.6661069503846625,-0.6428244029328505,1.164406244831692,-0.030164725771608364,-0.04505067922270527,0.43891795473706363
1,1.1153897028188269,-1.81400890984901,0.412130712992728,-1.1445541394810494,0.24736395225538943,-1.3634030766646803,-0.40434331401564927,0.18567983628407247,-0.8045503903530002,-0.5604183158342892,0.35446348172965164,0.0962779846044472,-0.6567709690507101,0.3695632996936433,1.2206097404649547,-0.18119111173442226,1.3946787691192728,0.36469750290121655
1,1.2175912467124073,0.11289179531480639,1.231847994725181,0.5998882118448691,0.294268748226552,1.948103121183429,-0.09381391490726469,-1.9337167685293897,-2.5171629840584986,-0.7073840522821324,1.160532284697198,1.4037775745422778,0.3868274983366025,-1.605349900194589,0.03550517559625413,0.828599624534584,1.5762265492512635,-0.5439829409790615
1,0.5482334863254701,-1.039547576122776,-0.16095045354887766,-1.3149267590841183,0.7319129400041121,-1.561950922137515,-0.64443099788289,2.1853762063836744,0.619465946629786,-0.19314550360918234,1.5471269677968946,0.6417586800097445,-0.16007176274409388,2.226639906621529,1.0731939247305642,-0.9471020745914678,-0.12422673869829323,1.4929267516959235
1,3.100996148448519,-0.029660943346377137,0.7221861878235382,0.3457122422777825,1.1593719783746577,0.15543400960480025,-0.40747157105471293,2.9157121682484823,-0.008462468369636007,-1.6283010623998315,0.18912535793734636,-0.38519826632854415,-0.16209816498757343,2.42661599876752,0.6932864663657168,0.9686646504298627,0.3777775482572659,-1.1389238605355383
1,-1.8415835225617743,-0.8191059813759531,1.0639327110688144,-1.2457995902702803,0.6522882008076087,-1.7094861851866245,-0.8855203971072445,2.170769052971926,-1.5377586893093824,1.3467983824889096,-0.15783791161499694,-0.831210766897969,0.15371430107047612,0.4333231899454554,0.5057953735127992,-0.6520398492351478,-0.3173181843917719,-0.30073534726348106
1,0.4647191740333461,0.6825349555852591,-0.06053363671207536,1.2187751612130617,-1.8488390354055433,0.8467124117429545,1.002636032402889,-2.062239967849513,0.017091648713645075,-0.7860382742982673,-0.4550276724950599,1.3736761398006736,-0.3185904110670455,-1.2197709040636893,2.2433189595867344,-0.6055153394284404,-0.33567206873035965,0.2871824091617705
1,-0.8654768152677155,-0.72784591242715,-0.3190306031687775,0.5696536325986526,0.2507784556618346,-0.6995248945886716,-0.7359503527372783,1.054843768310071,0.5280463863006223,0.74963531189714,-0.09089975140507389,0.2830809012760464,-1.6222095283106022,0.49686907485048265,0.13457639135288973,-0.7421260445872225,-0.8928943216148477,-0.21557529973794826
1,0.289414318640693,2.2390835545468812,0.7489533813499365,-0.21961343884421722,1.6081738777363652,-0.5146396164958639,-0.16311456733356908,1.6369140602105436,0.7805148548222378,1.077307011972042,0.031083951554737196,2.1527962042438227,0.21390414944827094,0.9653150475296856,-0.18425981999633068,-1.2520247571818806,0.12667522539949921,-0.14144594315740952
1,0.7971123248785742,-2.3141840789250465,0.9069636920767817,-0.4739209893247554,-2.5200039223605453,-0.24825374946587006,-0.42731719793588624,0.0008085901896409622,-2.9317484733655452,-0.7188896911362529,-0.7770008366260925,-1.5173782253358492,1.2610347629123866,-0.9094895987988373,0.6357259857230805,1.0130324980392118,0.2823466769356871,-0.029913047934757738
1,-1.9926348882210345,-1.448803936746547,-0.21389929800913915,0.6340797448422224,0.4622040948459465,-0.3108027243593362,-0.6655774068571239,-0.44664323789168836,1.6010604446374102,0.47277387134690974,0.7224612748708705,1.3379716275531344,0.6897733414723091,-0.4669728489946274,0.8976764005566668,-2.2615482148002926,-0.2467202987653361,-0.17069081965628813
2,0.2882845195248782,3.372731345392901,-3.1450500425707486,-0.23440622553385151,0.15617889153164116,-0.5840632758749734,0.7870518696021953,-1.2407853014522323,0.4020834850822445,-1.1319911839127257,1.6406413528462318,0.11716255852191336,-0.6165207963074332,0.08798758957815979,0.9130152636320483,0.8740658797580035,-0.17726287200720497,-0.8837894411409509
2,0.8729250781053528,-2.7198064190795486,1.5538794453046576,1.1196928597586453,0.9827017113183469,0.18608534352884074,-0.287024792703617,0.4347963826812463,-1.0981942873914332,0.8890309206350796,1.7095755868901636,4.799726545225819,0.6909420943220865,-1.0995456836538289,-0.06870042458396096,0.6129598299219315,-0.2107132322496797,-0.8790533699808646
2,-1.687216512531037,0.5897996254232545,3.3985505325380223,-0.0901712805067652,0.0008786799291842568,0.13662276143940472,0.8421311566578584,1.3501240163804502,-0.9223795700631315,2.205518358603759,0.7274373753174019,0.22087845202227496,-0.7810101015425146,-0.6396384902551986,0.6915142038399379,-1.105865450427215,-0.35885762022508155,-1.5585113883664785
2,1.204778563760817,3.0018384173949193,-3.5890345051771826,0.33007884483812105,0.0071342867601853314,0.538128580040138,0.06667631675281162,-0.8316815513280392,2.529736806565225,-1.5513838029791462,1.8741525614768428,-0.2599719295294587,-0.6665207384440727,-1.6019682567911115,-1.1775388779998304,1.1113287451446434,-0.006778738431223225,0.1917220797660979
2,-2.628672613113663,-2.4122092153754306,-2.8363737985966133,0.15388364787802056,0.2780405775712491,0.4333665263945252,0.14114822928110496,1.9705003840999071,0.2960671517914971,2.6746143774735445,-1.8084097464888236,-1.2327601482047001,2.455644202210787,0.3719319338990963,-0.23598375087684062,0.3138360821308543,-2.2490672497748174,-0.2025562026756488
2,0.4690430834198043,1.8226335476287863,-0.19085648188279636,-0.0040669012358494645,0.2601254333856227,-0.8543982110039195,0.8786355899678122,-0.14898849346859822,-0.6113370312032088,-2.5979653340912408,-0.19609905023503113,1.5764491197617432,2.2242362032815164,3.1353147505034054,0.24776606478894042,0.39240419712732133,4.04213339482008,-0.6111558374920564
2,-0.7996625536950108,0.8136937616245049,0.26965409024917686,-0.45990880470203155,-0.28281641484720255,-0.8601750143920918,0.39696522369212334,-0.8948941731809051,-0.48470884035767764,-1.425455891737618,0.8553667141878225,1.1562761345862562,0.41844824890406834,-2.1878293716562887,1.5956028987572193,0.8381050016200469,-2.1047361729388747,-0.3077798454979356
2,-3.9606104513137015,-0.3227851491174765,0.32543776566078425,-0.35376706803801755,-0.10220462078112047,-0.4209723003642639,0.5567367233553021,0.9148332139055713,0.14363249141716422,-0.014458305574785627,0.40942795468425486,-3.903140946859008,4.572106688244581,5.815753422877723,0.09432710187971338,0.5665628462995245,3.8768456361031367,0.1821290164822098
2,-0.6513614719488304,-0.4405760475483326,-1.4495088356608057,1.5951088444386368,0.368654439009838,2.5960186158508565,-0.6363118718927859,-0.2844920251179032,-0.0639299172129086,4.4707504549034125,1.0380043928282536,-0.23038202511152078,-1.8567134600812307,0.6748619739364996,-0.9599949260332057,0.019237379962618484,-2.0892707355630917,-1.6225708008952908
2,-1.1261969481962746,-5.64905246979593,3.797080751909895,-1.1394999521877787,-1.5345074128225924,-1.5568950986860346,-0.16589543778058627,-1.6924218440835195,-0.40055409104994383,-2.03916858029578,-0.7059163456290557,1.7917556735851607,3.9024038723386267,-3.12210520394122,-0.5189851405911319,0.4987756483825348,-3.175272464596225,-1.3279685553234626
2,-0.5494533440551267,2.24215963882164,-1.803344303660988,1.3200268383187233,-1.6251726722772137,0.10393129271580948,-0.07780018263264174,0.8925196119536623,-0.38343536660297595,1.4462069757851275,-0.19400970463930817,0.13754128929350753,1.3992651131027183,-1.0880983137878664,-0.5754866012932988,-1.262401305038522,-2.82229591576406,-1.0311525580789032
2,-1.362722081848824,-1.0233671962619668,-2.568941010026077,-3.131987521499632,-0.2441423027825617,-1.7070728038397733,-0.508572500018141,-0.024925674795261747,2.3769218563474555,3.1648594891460973,0.7188138546941163,-0.8804425771741925,-0.7487097378621188,0.7423322372929896,-0.5221532686118184,0.6792858833994266,-0.17299486331409508,0.4791603005508771
2,-2.160160879582526,-1.880347848996525,2.1949212132733367,0.5316522056192668,-1.7552014349209004,-1.2828052887380483,0.5662145167693877,1.4350801890445766,0.3680587091847919,-1.0246694816377957,-0.6274943490845517,1.6235180778447207,0.8149010596981863,0.1035659159165496,0.4700714685137394,0.35326474072972813,1.8074005279208303,-1.7061360142254167
2,1.2805889241244992,0.13439659684044156,-0.19552461649269579,-0.2596321018217949,0.19366352360128858,-0.38302543962031566,-0.7811591884958927,1.969760114147988,-1.0192352310631116,-0.8347695825607309,-0.8903480395937939,2.404204967171392,0.31815410665752725,-1.0070788928749919,-0.29343712293433294,0.39350056140867373,0.5700911979191454,-0.1217238603694929
2,0.9117807363736865,2.9424968435322216,1.204301895041252,-2.042987055984908,-1.5386347826507294,-0.9819271255492324,-0.915161837872471,-0.27763110690681714,2.1127272545304954,-1.6512466739067635,-1.01425980145802,0.36328073582149867,1.9652682138962585,1.8176940865158653,-0.47919025043493013,-0.5252477534962525,3.70959393408932,-0.03601410872611166
2,1.8299705882044373,1.0402592801153319,-0.1516730950983801,-0.7394971106449687,1.2006547023430454,-1.2443125964649007,0.05106889793835594,0.621873314747484,0.5229869062837693,1.6631754383965067,0.2931102679874048,1.1614530875526667,-3.693329691001407,-0.6488252787129487,0.5841549494400257,-0.33789975251775395,-4.313823177315188,1.401607808983905
2,1.0393617910023853,0.4941472864955644,-3.272327598998287,1.2406321062293095,0.522813928600438,0.016603191322456037,0.1436293313390148,2.102218764408975,1.2218862394419288,0.3579683681998555,0.9266327481393164,0.2807851747984167,0.24265260688673052,-0.4152613036067221,0.21572018967133477,0.9097481824992225,0.7209709488475086,-1.825238707485168
2,1.0289643738633691,2.4020576343112623,0.17281522635388044,1.398162065903095,1.2345891886499194,-0.8848799671205895,0.09565749120267963,0.9494866116997883,0.8006809396501915,1.252211015096256,-0.9539068295086781,2.362831748071421,-1.7303205989048147,4.126131634294946,1.2832200271802408,-2.9049986613825434,4.758334159861808,0.3505620482652146
2,0.41060565000049665,0.7975878456450778,-0.7219387307169078,0.10638677421520445,-0.6681532991231284,-1.722625689035171,2.091450325658358,1.584554296580316,2.0520899595730473,0.2655840728594653,0.4915665733675666,0.3520990327345277,-0.2895784685379996,3.1060850057669933,-0.270723599946084,-0.2540916688973876,0.18965031886525335,0.8302642621106884
2,-2.1451905834113383,-2.099214459533803,-2.397056477271863,2.0814941584803113,0.46190585714660626,0.7661455447212882,-0.2961237253443076,-0.4661926574897631,2.1935134975922264,-1.7501773574786161,-1.3458775184195564,-0.5811371338911698,-0.1578413166580615,-1.4723410083426856,1.0311589622513577,-1.4884250121633587,-0.45115817966690486,0.653815970650028
2,0.5656702927989443,2.097502356088112,2.6642387151288176,0.41936612962525116,0.19428093986711717,0.3247295244360536,0.7077409264648827,0.5633723738126872,-1.0208740702082133,-0.7131534295200199,1.5844571323866057,1.4856081840622533,2.1161091159240515,0.019104500705796654,0.26504456683215993,0.02941646002369236,-0.23868859025317446,1.0255055116307836
2,0.13878340452159513,-1.4278849220532401,-0.3121554925983528,-1.0380784452457525,-0.8816019242256722,0.7301972281878446,1.0279678263702585,-1.0404815432575159,2.2200026719677766,-1.8849831695423558,-1.9126088718435168,0.9198342297260681,0.7416586673080544,5.901936259948469,-0.8492677998688525,-0.5256695628020123,7.097395704789393,0.5784718610753723
2,0.4154476437393676,2.5298175690668105,1.538062804880083,-0.230363075068419,1.681889046962187,0.22346662181039184,-0.18936990220398386,-1.6298743136925649,-2.820402027902011,0.09769028579131821,0.5604065767236144,-0.7571716383421935,-2.536974438143203,-5.476816634601253,-1.3134668182607259,-1.6764438574587288,-6.730270765797053,-0.053433936361297174
2,-0.97980838532024,2.41795117663608,-0.7536149993269837,-1.4622472296416946,-0.1195040847549311,-0.6836308481123776,-0.05347878696142321,-1.1590344296344188,-0.08673898600493704,2.514402773625735,-0.34929745628340114,1.8338270581086809,-1.7349278881599597,-3.3768017339484646,1.109770336413879,0.009823972487418814,-5.13715569927217,0.43944533820369913
2,0.019626490525779597,2.7347814346335966,2.8278772194211355,-1.7111934145987788,-1.2390716140575846,1.2944408974678454,-0.17687019030613235,-0.2660500089091572,-1.1734003185443773,-0.16842716318297046,-0.8167627282668036,-1.465577830007892,-2.326722297456287,0.44676452988197324,0.18847137617303056,2.130917188521215,1.1488888464087668,1.060516741922795
2,0.2665893193293864,-0.8364934951093953,-0.9448302504065553,0.7281673043021273,2.1598099387084977,-0.06780149440315664,-0.5341676225081219,0.03652088701964905,2.121628858359067,-0.7314409889993195,-0.16349361464442475,0.4791946295380965,2.2788593166565603,2.0395003704836268,0.3297703022883971,-0.9235254990123414,1.1554898454809381,-0.11872501395840873
2,0.38848011238978797,0.10605423123785035,0.25729287518727345,0.4236993056457016,0.5918774164808338,0.612906054345053,-0.49379605659310044,-1.156878774860812,-0.8432344109464146,-0.14844201962543196,-0.3101533130134156,1.0118814589416898,1.540214925547587,1.5883515265026085,-0.5561197435144793,-0.5100795798859257,1.318891452602141,-0.2605042520881741
2,1.2467825328979507,-2.331383103147294,0.6302986535283759,-0.1287266416004403,1.6393652999673998,-0.5320640876444793,1.619902462716048,0.6561424934702393,-0.3602751165927648,1.5877345196101689,-0.2926156240572771,0.179760333198909,1.2205754671601963,5.225191881335175,-0.005980313627382623,0.8223422804962808,5.720416839730054,-0.1913126300393607
2,-1.7506711923051796,2.674375783988317,-0.09504103352840487,0.4678537102396727,-0.5248318341676511,-1.4059059276152648,-0.4300331933584084,2.109363289091958,0.8112364638085081,0.608427588633214,-0.8845398422352018,3.935098375428082,1.6553329009178626,-3.6994462397430685,-0.026427572628280917,-0.1539773926109611,-3.7055123960847465,-0.34451344906850206
2,2.3518843605243758,-0.6948453583006569,-2.7170263883490957,0.7500041328242504,-0.8204681824773972,0.7581634565407497,0.5527350321472081,-0.5916019198907422,0.30462151685367056,-3.5879082566942926,0.7512561432000073,1.9100993493779599,-0.5466740341708805,4.178945450114243,-0.6399231307937027,0.8923098843648857,6.321102631052457,-1.1679278448339836
2,1.4589653614556712,1.7698502786891825,1.1083694366520658,-1.5651662307087209,0.013046895751033138,-0.965612036995206,1.631752363776045,-1.7891434001536817,0.5106781767033776,-0.6659575161466422,-1.6503405220802987,0.264180900921068,-1.7142843001842238,0.38213278892916747,1.1347012755649324,-0.5243091791519138,0.22470931971355196,2.230055337302948
2,3.6838489286942964,2.5425631336668704,-0.05218861740089157,-0.2646837184271779,0.9092861822109297,-0.8523510719510812,-1.3024042966772296,3.599835557007009,-0.8772587726943879,-1.539566876980166,-0.07158049821684109,-1.1472965641649324,-3.770557819743284,-1.170672656588079,-1.0220264544803341,2.2161798846537235,-0.6194143674664423,-1.289103289280085
2,3.158089574326374,2.3888061466791397,-5.534135653270733,-0.6102096381847615,1.4836828284378052,-0.02273522081056133,-0.7307993537021307,0.1920243044225123,1.4213054751213774,-3.503017493874989,-0.7871214197598917,-1.364582089463495,-2.030387780884769,2.4132452093505665,-0.2826625778104322,-0.43864134348676614,3.5344659927663384,0.2879738558158083
2,-3.277694301745956,0.7755042710456618,-2.6400789399144764,-0.6746364416916006,1.0383669504102986,0.22900195297948314,-1.3556700036523404,1.3378378976591423,3.0296423014966054,-0.3091658166501869,-0.25245926642912925,0.4288134681775708,3.3908801589969366,5.05156419826676,-0.9343753383265677,-1.2595990920144726,6.75549091796218,0.9484578658529976
2,1.151484050419919,-1.1688381304299853,3.501580039578439,-0.7699857027334319,0.6245696402109785,0.4496301659939847,-0.6874263485164238,0.8524007426283456,-1.855401850802771,-2.243031292795436,-0.4312373655581769,-1.0930625890416827,-0.644624812047061,-4.574063904114805,1.0088180046270465,-1.0053569295056635,-3.554851531049469,-0.43849589511052245
2,-0.7278437885065474,-1.936301626106357,2.957484389220809,1.8146779345685191,0.6403669110483083,1.8872236184544775,0.4443164505279802,-0.04828776419058701,0.5955990867435901,-1.624463888167303,0.46284869624382613,-1.4524607889908194,3.252690861093582,-1.1729540528037203,2.3991521516143037,0.6859472540645352,-2.374913616049562,-0.9299373517373424
2,2.31195511505087,-1.0089542851405902,3.7055808228432987,0.40824585405747194,0.9326662867833232,-0.989167348820779,1.0103205028294935,-1.6131235993118558,-2.297930614747394,-4.303758468190096,1.392363008362643,3.8257853231071275,0.09386212379043658,-4.841415981199159,-2.125451128830993,-1.2682641579283205,-2.4495077227790416,-0.9167995653301377
2,0.9290568045021499,-2.956467788492071,1.8212861471393598,-0.7834443934889707,1.6905656906744164,0.6828508148692775,0.585264444364897,-2.0860326727499654,-0.4898247699298578,-0.9906152784744857,-0.20003737792602766,0.09443225932030885,2.0223603636031293,-2.8838476583287127,1.0246109166970914,2.3139401887706432,-2.748718298403032,0.13254531400279745
2,-1.151565191169166,-0.6913578278429923,3.292578889011049,0.4199649756085958,0.8422806525076142,0.23172997875473428,-1.2530533533781518,0.7218900590197178,0.1696037142175601,0.5319713301140623,-0.04891996505106664,4.376809521608116,-0.12638440787476832,-1.0659020682465408,-0.32690872995103676,0.7932319642138634,-1.2286835283645974,-0.7424621340462549
2,-1.946983208322895,-4.369124233997164,-1.315699263337549,-0.45135647827137654,-0.46819537148191864,1.059188988339611,0.1713786228189485,0.42317587592618344,0.7914776396783176,0.9750959814451605,-0.19417178158403658,-0.05200616061455089,2.6958859940874405,-2.7901291393263996,1.6577399121290985,0.48249955674200967,-3.9313105570716775,-0.6444219848766585
2,-0.27680872815647894,1.2855854410910956,-1.96746390332272,3.0128360450966385,2.1511334199982377,0.4335141145814291,-0.02448641878159614,0.40202666104544477,-1.0047336849637778,-0.12624583120427374,-0.4097195783926729,-0.9053500865164816,1.0524750909066185,-1.4679065296588618,-1.7405554917511183,0.33820054363672153,-3.17507565744964,-0.6218886964094344
2,0.8805829966831092,-1.5369632526543928,3.9917121558401356,0.35895688956168637,0.06611146781179487,-1.1473051606994829,-2.025880991497841,-1.3055035693250108,-4.617586099378543,-0.28341833139238715,2.2516880636555627,0.4685761295802222,-2.853196161431988,-3.0563522941021697,0.5688626067933109,-1.5505925435120684,-4.4316608764005565,1.1397290167954226
2,1.42835218968925,-4.290838974150779,2.694765306232425,0.5498674369698933,-0.3345587585662324,-1.0890080434960954,0.18884744250887167,0.5497975082761918,-0.36596090370158035,-2.89918164967129,-0.7419780993895996,-1.3095308311364564,-0.2520606921999045,-1.7190300113780697,-0.6728993085265196,-1.0910463110973716,-1.4330757927966586,-0.7238709313606463
2,-3.0381232928620965,-3.4147531904211967,0.15638282339915732,0.5662241007393167,3.0286615723389683,-0.17051539852895664,-0.7073477038818937,0.2847038955962076,2.9193459302695763,3.3996264367535725,1.1107544173842514,1.6593065799509492,1.7145272592300143,-1.8292173836290762,-0.44786362485948855,-0.04057740172453479,-5.503717084792474,-0.977242523913808
2,-0.7157339286010833,0.7983624025974068,2.105835332121503,-1.0115259752852657,0.644135935095905,-1.7705089095454167,0.23890616858345437,-1.374142029801837,-0.38455866342592426,-0.07360193816671116,-0.20183509693810353,-2.2819211515237154,1.279474367875371,-2.0653273321601855,-1.8291602427907296,0.786714785591152,-1.7089895545069012,-0.4007213677566044
2,1.2387763473789493,-2.9169474617744897,2.354489118506602,-0.7165056018121152,0.7426960317497687,-0.7815988460952,0.12773782739000258,0.8242159034472049,2.2510107359680545,-0.17033677999698058,-0.13932751646465827,-3.349390339258396,-1.4810021483505083,4.262544253117503,0.8020692228147168,0.1718626482728367,4.206362315045185,1.2776578008462431
2,-1.4967821738919675,-0.15675040192716325,-1.0045879216396885,1.3401724002985125,0.8190698312707442,-0.3250222909616751,-0.44647277697523613,-1.3014319878895333,0.7597214927691484,2.83273920783693,1.4981797187743457,-1.8386870701989835,-3.274205148549449,-1.1912172132092609,-0.129182460949846,-1.0571043731526566,-0.6053750927308029,0.39605782248231103
2,0.043568153954976006,0.7124025693870685,-2.4210435402893444,0.4366405386557491,0.39790427503238346,-2.8341031204264757,-1.4467845185547183,-0.4525994597949781,1.3952778111613564,0.4105190362716232,0.5665155035815377,-0.20705194459731627,-3.922845840209799,-2.1301155418522937,-0.3246244768820092,-0.22116652002195275,-0.7569214040518177,-1.529421454419269
2,-1.2669519655201722,-0.3229399209594951,-0.06252170533044292,-0.9649295531233684,0.9611049049198118,-0.9493326763154172,-0.6477518065718183,-0.19148638215269326,-0.07599817384218178,0.5030036424566484,-1.3805116376552513,-2.316010237211506,0.29360138818689385,-0.8885199640700456,0.005234886890076726,0.4822521786358661,-2.4845942716745384,-0.7780974160598773
2,-2.487006816758041,-0.03649578307483214,1.0461111970744688,1.6887942006095313,0.40361031364301325,1.649391907747401,-0.7645584826001225,0.00295923972316626,1.6155792953379957,-0.42137238779049135,0.10411979639939402,-0.05177556630402297,-0.40987662950776227,2.2437683891843734,2.404543140333805,-2.3170424232373974,4.033763269458155,2.314177304603491
2,-1.31566709526993,1.5010226863623382,-0.8009026624367828,-0.5015966095568443,-0.38909902872964486,-0.7047226068714695,-1.5616674802222277,0.9700278362175663,1.249254599581998,-1.1995004108764018,0.11996080292364214,-1.2016167894387053,1.3971008339548698,1.6545765474124354,0.11667311284722946,-0.31035551327715805,0.2896935589508621,0.6996179790170486
2,-0.4212870876949959,-2.593967856336883,1.583579913068573,-0.3434179444110352,-2.004338126644087,1.3232356630649633,0.7320156787153212,-1.364802257102147,-0.18711078021169403,1.3633456558580417,-0.6333109262440395,-1.4337371323732617,1.390177521444073,-0.8026198280294023,0.6145545003377443,0.3242097226834852,-3.772611393206698,0.6703474271262483
2,-2.370360072368395,4.777733378223439,-2.397807914297834,-1.4729985232497609,0.7591115326717286,-0.7319869776290095,-0.7713710204697901,-0.12985898307682184,0.46771939690713116,2.7721257233895513,-0.4264009090928853,2.7642972436196,-0.37815106060406223,4.869590978174453,-0.7078558928429735,2.2212744882058493,3.9127244055797807,-1.322376183404284
2,0.14830000011512232,0.398758018638629,1.88292674605014,1.0347173065867208,-0.5094319531578774,1.7047732988216506,1.0992110991571722,0.17270434310426455,4.154909144635855,-1.452358931352685,-0.3682388437239249,3.092981849631729,1.4806089732920653,6.080208682757266,-0.3064934837301217,-0.316441679808845,6.934614778371607,-0.05130606548369496
2,-0.34388890097394337,-1.413166689817075,-1.6739297952398764,0.3296829720791705,1.0097043437712776,0.4261189104875054,-0.07959385156537228,0.9186531330478979,0.8420128184397557,1.598630512363832,0.2856331763320771,-0.5050927641958597,2.179088145267833,-2.0286609396560844,-1.1509483708440644,0.7359533399758557,-3.034384362006197,-0.15300669277443277
2,-3.3904220268124288,-3.8745681117298716,-1.9162175271977042,0.24268890216683386,1.4788173195858825,-0.06805511019435977,1.718208294200359,0.1615608091797933,-0.8639357667669693,3.3145801791281815,0.8125411844008598,0.8845858282402842,5.995048317284433,0.9021099165864311,1.4126299075417104,0.44665585135744934,1.530703869237033,-0.5409020570844514
2,-1.0449899738159076,-0.5529594130603243,-0.7564643397975839,-0.14908589864704788,2.38750679069952,1.0858979746727144,-0.7611466131749404,-0.8725215508789212,0.285684900378738,3.7419610690830507,0.3433672381789257,1.4124452315638383,-2.4537086173969485,1.7079223647147703,-0.6753301423197122,0.011012894363963188,0.4712183502441978,-0.6286218540841998
2,-0.5154122225010405,-2.60421004880701,2.516715749969057,0.4687116382247341,-0.233657391712074,0.2507507553192796,-0.46174767242917675,-0.14224211200700526,1.121619095008026,-0.1479477426551985,0.7075127327539947,2.999955199656993,-0.48288879089656006,2.4796020668596865,-0.17426360741568675,-0.2479867335409069,0.9711773259294194,0.6833328576022553
2,0.16455141611565044,2.914791148010061,4.546306264774142,2.554040994284926,0.6730149722444064,0.9040548357560058,-0.12986261242494468,-0.7342670832215243,-3.4228285274383183,-1.538273643201029,0.5903288549174793,-0.6520429818672275,-1.310702330383736,-2.9212394903639907,1.9809736044882753,-2.6082010097367303,-1.0702439204470497,-0.4584655289137096
2,-1.5901354975391508,-1.6939673510495017,0.08629656442146019,-0.1609372004783989,0.002922081312237297,-0.6542496405332623,-0.6560694263007092,2.4599440310240825,0.8188448651272855,0.8143425161353967,1.2817624387460302,-1.0386535664087926,-0.7795217876945884,-2.130002218107067,0.3802070143898239,-0.9131117595609508,-0.45852736800688004,-1.2798731039507216
2,-5.3944713244662665,-3.549479747615882,0.2555659564639007,0.4027075912139663,0.3475907501590522,0.22938815726071943,-1.8052334623510273,1.800302792434709,0.45482811789915784,-0.5046931763853145,-0.864742784486159,1.9541976320209984,3.5225721675821076,1.063192139678518,-1.7757241507087727,-1.7209242229214345,2.5208683457043515,-1.1061747541177045
2,-2.797318296898491,-1.1762953222410173,-0.40448493088832227,1.3622879495029205,1.4552100259356464,-1.475820564374531,-0.07828786885923793,-0.023916866661622106,1.4293374665928724,2.9505812109458796,0.8134921441533615,-1.7033779704777714,0.2813574662534288,2.4491301646556916,0.26891285166014317,-0.14000915681982473,1.8024544361507884,-0.9263907025042566
2,-0.2614443507100151,-1.1154443551485702,-2.642626888724223,-1.2436255725920444,-1.0644521056216611,0.8808703755341639,-0.15706995535901366,-0.21251741467227628,1.64667207215016,-0.7616837620958934,-0.7091207199155204,-0.4619316588716362,1.6642542593454777,3.1886094701176955,2.426703182107098,2.313605675433785,4.663492104858498,-0.6025288445265337
2,-0.0863673276399985,-0.8391549966021271,-0.8031876230860252,-0.3628071022777595,2.158603053395433,1.9513414700952556,-0.7482526897542334,0.3138810256861187,-0.7531668399257885,-2.0020742090090193,-1.4832737999720988,-1.5242534333181395,1.6950809813526388,-2.4877870803331334,-0.46452605762300064,0.2791451131083213,-3.637020664271981,1.7102594790106203
2,0.41925462580311795,-0.06987388724827735,-3.3846213927598696,-0.9012164201571715,0.7263791963955072,-0.6415009215863994,0.00793625451222058,0.6535988413014239,1.784652239719093,1.3535707280744793,-0.511963647096735,-2.858894901176309,-1.961666867737239,0.1316105629048295,-0.1890071029133783,0.24921069108287075,-1.5539178279265444,0.5755063140070651
2,-1.3096372884012208,4.373462932462169,-0.14071387380033995,-0.035907163867279566,-1.8563100008305002,-1.3766977038353314,-0.4818435240500498,-0.34103670560682225,-0.7300904780714264,1.2276408780009092,-0.03023984483278964,-1.3707594596128176,-1.0098696126202753,-1.9484428631204993,-0.3635040259553292,-0.031048205827739456,-2.1994615545384097,0.17785236962016407
2,-1.1625590950549947,0.9534212066731731,5.254907298797664,0.47134499823595066,-1.3905647505613101,0.39887508029394475,-0.5777402862229024,0.2601832038152146,-2.546950911394846,2.4019248791237287,-0.5982552741910914,-2.3531291796787444,-0.22299385630051163,-2.2109109671465124,-1.1573898749457994,1.701189169401212,-3.560352492070475,0.17210716855534364
2,1.5329238561862735,-4.455984843782228,-6.520562565392924,0.6499058376180841,-0.39270278258090263,0.3411659451427462,0.21752941046672844,0.5718704560985388,3.0749466419583706,-0.47139514268483534,-0.9673187602819567,1.679883132491513,2.330888962759418,1.2257343168625865,-1.0993787269489965,0.09242645297195456,2.697912137680003,-0.7514919426276018
2,-1.234374191760283,1.5254809966389498,-3.9843006821743554,-0.552558744208994,-0.11463031480431324,0.8918522706139407,1.7946503569819288,-1.4553852420032458,0.5480892057210233,2.7821837042238595,0.23951718133682007,-0.8886222774721048,3.096016377445617,-0.6085523550645481,-1.8219704461775033,0.28891343714843915,-0.9585236692691436,0.9119692245245063
2,0.507296552168547,-5.955439668117996,2.4344193034220765,-0.41724519820283806,-0.8046891241019732,-0.8628474952328675,1.090637051025899,0.6592845843830905,-0.6812505261214846,2.184546025289807,-0.9322823696560795,-1.6572126126881361,-0.9562773172261454,-1.5046761063138516,-0.12672624251984793,0.8752713010616859,-2.2115291932212577,-0.49770162145906827
2,-0.6863809393600954,0.1994402729060943,-0.13056186292934596,1.7632813066427528,-0.10380655817593974,1.8462534474009036,0.3871009638252931,-0.2196506066641261,-0.15207710386176587,1.3536060502663487,-0.7720303778773795,1.7966962920384175,0.7552844788687011,0.7792058400826838,1.422066043789775,0.7766245750800559,1.3393594000836888,0.513486663493266
2,0.8618244321600943,-3.103975997701343,-2.555302506436149,-0.8762422569874332,-0.3264069046078355,-1.5291832097047253,-0.18584416750955157,-0.28063644986025843,1.0874041516801245,0.10421891441356108,0.027808246232642074,1.6709852883944019,0.278511841287127,5.824325789211237,-0.9141332659132999,-1.028515399679023,8.170365018452957,0.5838589770803122
2,-2.301352741000645,-0.43209311974969844,1.0417646011275405,-0.040444111214486565,-0.654169642532286,0.3144851107084916,-0.6972172488214059,0.5657191891230413,-1.8086965673616073,1.3560274293284253,-0.4628038364544017,0.8950006738928085,0.0004832172859073941,-2.938410594355033,0.6428508619508156,-1.1822083616096695,-5.063868755746025,0.14381717271784494
2,-1.7441258025994701,-1.64132135585063,3.540569867547548,-1.1151981409145764,1.4051013872939273,0.5702849848172731,-0.13054605185364987,-1.678228004495746,-1.2377260238656465,-0.6110914774134607,-0.6773107049092977,-1.9235252222120809,2.604059007433453,1.4824211622291752,-0.6557099809500156,0.3575965337273255,0.4455018988682834,0.5771402223989092
2,-2.882707704591954,-3.428183195317581,0.5861363934847892,2.127109163400045,-0.6360466470226612,1.3802194687025329,0.04603415238541757,-0.7341212025753953,1.3475352373109075,1.254111750116194,-2.332752950210162,-1.2242538388182926,2.9755844908665416,3.5464010972762,-0.8545585766326333,-1.6257808488118661,4.344533134998325,0.44085821339710957
2,2.3236738754734487,2.9434995210420887,4.100299821193243,-1.425116099442745,-0.9222732808845864,0.4380601306462804,0.6340428749232393,0.6779035793403896,-1.987226515295727,0.32169534840695746,-0.2751168608424149,1.177790702336278,-2.2577891253062736,1.5649969980546283,0.5072314627851792,1.2204619721298866,0.46902149440456004,0.8499423482767287
2,-2.550219993127533,-2.2899710914593556,4.5959864120696166,-0.48661104355014356,1.8932490356425626,-0.23314343422821965,-0.675059595530583,0.004353716913102127,-0.8877612145455719,0.36827409564846764,0.6699388764000779,-1.341743771322245,0.9442016057377173,0.24235783060716934,0.5560553623318661,-0.9476881964257745,-0.7637762501740548,0.6932249985315887
2,1.67740594869893,-0.8443306983287586,3.480739952674286,1.018320806327298,0.6556669962364365,2.82936673182099,-1.4783652192788628,-1.206660676773857,1.0994715272843563,-0.5263089353737929,-0.2153574971270212,1.292365069383827,-3.1150858316824466,1.5091855059910149,-0.15156267352688693,-0.0263017539755261,1.287283805184791,0.3934385234046881
2,2.732717085140614,0.6585537489147768,-3.8591204497502565,0.7877173645333146,0.13037601038108182,-0.11043676789496865,0.5386565978050574,1.0561919930997454,-0.03691790732025739,-2.3400177514620126,1.2734220354048862,7.222396106737388,-1.510988335027347,-1.7065618167686476,0.10487878897794825,-2.2455733429239895,-1.7273828962396995,0.7664201435560921
2,0.4940988454136655,-2.742206862284932,-3.3966820346334035,0.38022478574591234,-0.09309582292112546,-0.025829200137753756,1.3869943923093615,0.0777056781920921,2.2003297943495483,1.6108399475544999,-1.4613298298220765,-0.11306065670894673,1.2853083292151344,-0.9830279327241462,0.7046241672574044,-0.3171638256966471,0.4275595071054459,-0.2945108273300936
2,-0.14690135931515003,0.32137716331801325,2.7732721383355416,-0.11620041997620192,0.581752423486565,-0.6463085993282862,-0.6133702292576195,0.43108699219864566,-1.1089065605996096,0.625933957698737,0.3516437482322055,-0.4186739736667523,-3.5775700780072577,-1.6969958806114787,-0.4387902220759036,1.2076578075803006,0.7646505711917254,-0.42994399205628564
2,-1.844370378223037,-0.9262446088711138,-1.2531862072820799,-0.3683991723345676,-0.1444681285470763,1.7011783072599167,-0.7849381701031082,-0.428273046278641,1.8788550415797127,-0.2795343106711661,-0.4024336471001042,-0.22847697978245127,0.4587860203480589,2.6134450366182493,0.05209625540241056,0.6576309581743882,2.4482730427324513,0.11860992235837664
2,-0.27444281522864045,1.9972415416176519,-2.2387287744313076,0.0017295261601352105,0.5480720431857112,2.6512280153559913,-0.5641805310253778,-0.7058767077485458,1.1794198675745555,0.9688725256992198,-1.4868743063166403,0.5394027017331628,-3.5894008239782433,2.630507513118111,-0.6096092634224284,1.0565860070685318,1.887630854708905,-0.7575599052477395
2,-1.7406011454130679,-1.8600108968924325,0.0631537669594651,0.14970944602775857,-0.8694484814269487,-2.105012463866133,-0.9599831865491708,-0.2606574732425272,-0.1979150351256386,0.20814536311624102,0.4175471006863709,-1.707717521462311,2.9698156775018516,-5.352874435081331,-0.273015713932994,-1.3217236434611483,-4.9449232313090565,-0.7851160172821223
2,-1.5403024502216347,0.4376529312573857,-0.7431251663398738,-0.28944816747545543,0.16703560792098737,0.3136277949706831,1.009730075895013,0.9896732137186447,2.058551312641106,2.4320675331837838,1.3319483503216492,0.36357522603060477,3.052128406521773,4.942882852496669,0.048139689139166636,-1.4652626267408784,6.037337792732932,0.7106251019411343
2,-1.1818961229917828,-2.086913023850032,-0.8114873727541257,1.9369116313510497,0.8211915634804358,2.527659167773966,0.4625513933385988,1.840864875144358,-0.8842097526116272,2.5694437931223124,-1.1224783662928945,-0.920120212151414,-1.9332671834310455,1.5427701209778577,0.7073484361135741,-0.9012775332566156,2.398020034718716,0.7946865083827684
2,3.2679909775926523,1.7117107055517142,3.2796491059772412,2.2802127217420693,0.23824944639055765,0.14781788582907945,0.6660463494471295,-0.7634812535993177,-1.6517791984875356,-2.1467571549875086,-0.1485844742809668,2.0430832783127,-0.9153318291813541,-0.05676418801008078,-0.3757065621031896,1.1025516762853753,1.3797194456379085,-2.7869422652811453
2,0.5634028768046794,2.3097637734677923,1.0073825085356933,0.6768513628264976,-2.050031087930104,-0.23889247430703517,0.5449559279974525,0.2204460568385559,1.9663824200689026,0.014054461192100931,0.11144881694164478,-1.5935339380660927,-1.4275664536782056,1.7587235149507814,-1.084436292529515,1.3630431605718338,2.720357670374353,-1.180847688524701
2,-1.2926704563471343,-1.5286344487952217,1.4733142460894577,-0.019407771915493734,-0.8324933197102207,0.4237166733831001,-0.2280647859670027,-0.10427670798307417,-0.6770681423752314,-0.25568402167737714,-1.4671244109360668,3.2311360196800014,0.5013436546185923,-2.264034728674727,-0.011669974630283193,1.6148135406252975,-3.8664760489274026,0.036992211092626126
2,-2.1964407309128475,0.6485682945289877,-1.5682170175896195,0.00494367763729701,-0.7055652915417449,-0.5414617331910667,-1.1032643442009846,-0.08979505523167113,0.8227472222965905,1.5126130509275426,0.04521874724760439,1.1792899921195992,1.6894254248070046,0.9190939897338268,-0.11625307494092794,-1.342620898955264,0.5110475899635215,-0.17138301009368795
2,1.870474283040926,0.7109211220732105,1.1993149072104359,-0.08494570311969915,1.5754763789245338,-0.23738079624273253,0.7968161506187944,0.13900239474887288,-0.09041586743496814,-3.6567389233621714,1.667411089885644,7.577160941978771,1.9950893061082215,-2.2572984064542725,-0.2548945710504872,-0.6465728506716623,-1.0480850387040697,0.8444978094030163
2,-0.12258617884548104,0.2400860448343769,4.200568514443177,0.47015774796674775,-0.6341004914029907,-0.39941494204142913,-0.7788627454791293,0.1390152346296337,-0.055879415953227464,1.5561782175276548,1.5696040943749827,0.9009474534941979,0.15102246202622313,-3.106569156258929,-1.2277483318805307,1.2126480958875325,-2.646553555880075,-0.9399650165853847
2,1.1536904293743246,3.4629939472090228,5.775401349672309,-1.5080341422060923,0.25173740316024507,-1.6437070369090432,-1.8918547915076809,-0.032279785026049876,-2.8544676709695933,-2.2008992513539147,2.02603252000169,1.472707981810829,-2.5326003223809233,-1.2450006486200251,-0.5473646017681498,1.354139616975276,-2.6938677827118807,1.2243673888623252
2,2.0799415684968667,3.30038496612438,-1.2869311507927852,1.6197011115195432,-0.6766065430365559,0.4671051292788879,2.2351153355591387,-2.314454765575282,0.3971102858377621,-0.5451303050040004,-0.13947566800445652,-2.378026174345443,-2.7067511735364387,-3.7021193072276666,-2.0641497263762743,-1.3452514256302117,-5.669990322769828,-0.7634341258519692
2,1.1571620830743452,3.1828271970605764,-3.832755025691609,-0.2435160767791523,-0.0972503260605131,0.7847247168503623,0.6305279906918887,-0.39779580510690465,2.4370919914552744,0.826981476619481,-0.6227056692973694,-2.8294384162367856,-1.1231456656224512,1.164023331240178,0.615854364467332,1.6340923447163516,2.611700687995388,-0.3849970581645483
2,1.2240369033328682,2.940147296909365,4.472279245325751,1.4900046269870333,-0.08755412526190635,2.3392432378667936,0.47592243300394516,-0.5486619936895308,-0.8191746986094469,-0.8412602207778376,-2.236362483071346,-0.8845910058188603,-0.37141973646328463,-3.4072137801109545,0.6765819219820567,-1.8933200863713326,-0.43981049646597986,0.8123188362854644
2,-2.347057517553799,-1.2094485347697275,-1.8967000455823968,-0.8100818876920219,0.7108383627524552,0.5634506587560884,0.3499433191451068,-0.5792170681484642,3.30768456761103,2.582148038777613,-0.4440890116225523,-0.6762844322860364,0.13329649996160703,2.859208988879168,0.29201380236352215,-1.0339053837914551,2.9073342244939866,1.5872889939310022
2,1.8374636130258566,2.1334657198060563,4.7852977777508645,0.21468944099832737,-0.16463089690157034,-0.1509739991698546,0.05067316118103844,0.7151331765150838,-2.525139052756395,-2.0138797693050905,0.9701288445575685,-0.9345449458583854,0.4885350215966367,0.5416425935715617,-0.1289406869342394,0.13016313353495396,1.4654145451667437,0.588078878116572
2,0.544953887375147,-0.7653968334049454,-1.756495704473914,0.11984136582248112,2.377869173611293,0.7255454702842057,-0.08191592046308255,-2.2281872613798046,1.1783120005094043,1.5731434933305495,0.10904026085525234,-0.33653527984306003,-0.05701471261729423,-1.873641151644601,-0.5535308642921272,0.7527923227371112,-2.459749318453039,0.6302072599272217
2,-1.6385618312144352,5.3656516181602685,-0.22815404106165157,0.18726417268809728,-1.1433563958687563,-0.02271276983972568,-0.554423798899142,-0.41760520415674895,0.5247214949275302,3.4804452387206872,1.4589941204384704,-0.20812647441128782,-1.3207771457844348,-1.279386851454819,-0.6785292142096634,-0.09469493620169356,-3.4861768972450977,-0.6640885868363988
