,0,1,2,3,4,5,6,7,8,9,10,11,12,13,14
1,0.24310390288908887,-14.512044527879222,-1.9763991420579998,-6.268237350227697,0.06257226467700151,-1.8317148932221259,-0.2643151843662918,-21.082461000487825,-0.7884814785572302,-11.790113454622327,0.4531580146110043,12.66230481828837,-13.775837243100428,1.393453073063538,0.16055191622949416
1,-1.6967164643072032,8.305080878141316,1.6057348678280432,2.601594404877137,0.2388360316068861,-22.189632562958955,10.660768094841504,11.072071535786145,0.5289718218566625,21.47217811798807,1.4011060667671087,-6.736683229266361,6.128400201224618,0.9753380034835051,-2.7102369904865182
1,1.6267197174487757,-11.611033932177962,-2.1210953294874293,-4.372404902027999,-0.5945133278760318,-6.135772137197493,2.8373126997698694,-15.908125959582609,0.5972547947161145,1.8573504685424065,-1.197506263000381,10.272075524483125,-8.889809902763606,0.44012144581849943,-3.114258421296018
1,0.7217471323008445,-10.057988583433158,1.0507306879893628,-4.362000198140025,-2.031880581055054,3.22036015909102,-1.2915162747521658,-20.17848197271736,0.15809532769807993,-8.264550013692203,-0.1917710839202667,6.5908182756729765,-9.241082898040748,0.3343242402593634,-0.5449473240077842
1,0.7913213241708206,3.3442094944057486,-0.023444608272404605,1.6769306615649862,0.45454652428611253,4.457093142042039,-2.2328600856731238,5.284059514816468,0.6790576013698315,-1.1281889897294806,-0.5620444826186692,-3.257499577095456,5.166255003111588,-0.31933949128599565,-0.940438672334944
1,0.3149095037051809,0.5808773203705186,0.03059655187728524,0.5216290089305333,-0.4194718547501426,2.7869241874880246,-1.399901833424461,1.1861545724165197,0.47717126626389833,-0.6214205180943329,0.44600527771433235,1.5360397084056137,1.1999651360269339,-0.9685641770249974,-0.31638691461581614
1,0.5253663751905225,-9.590169439715748,-1.9374389890031372,-3.763401920180412,1.5673950941704975,-13.315134758982795,7.397741474597132,-12.598224118143905,-0.12285475164174439,7.977631759758531,0.35425441835074684,9.4592361861981,-7.551472879185727,1.9442476670071527,-3.157516328999934
1,-0.9652275237497292,-6.0877639724224935,-1.7974220177114613,-2.2516526790009768,1.1352106699504194,-13.081132623904756,6.819106604188373,-6.682386974726135,1.0982711220872758,7.1902671018248245,-0.020261505710846988,6.950631305938513,-5.222189416770332,0.030362372455893825,-2.7167003361867503
1,1.0588191045328428,7.1426709874552206,0.46365374809114596,3.075536865646748,1.0604108227489,2.7180335630289845,-0.5185913395682457,11.6615203715539,0.19197160120838308,5.41818183776902,-0.9260118488888951,-4.820778809537891,7.070859162443867,0.8917526289969124,-1.1779779846269545
1,0.10999736726424948,-12.202068618303956,-1.586261325760251,-5.052050607484834,-1.5639271659223233,-0.2670659050881742,-0.16623225541796063,-17.06850011112499,-0.5925850793697126,-10.068622064131171,-0.09407524884108255,12.10188204819235,-11.620521149397659,-0.31151447160097806,0.3502091159658096
1,-0.846663736550316,-0.3424624270657645,0.5882464071587925,-0.3224183245366152,-1.1003968327234084,-13.06523636020835,6.383512964035396,-2.477726132063759,1.5008655187713682,10.191849732123087,0.4710682827603479,1.6831679150457892,0.1292136506165715,0.12738321292190502,-3.306234054935745
1,0.03768735993120288,-2.33195987499839,-0.03090344954616107,-1.0162195385746784,-0.659909511951568,-12.595506230449859,6.120760275857953,-4.04241035496414,0.9025309109668963,10.037434706070508,0.9081130563262471,2.289970487923193,-2.5199467328594984,0.25559133853951466,-2.9869138617888042
1,-0.4227973071713893,-8.136302874320105,0.21564440482740174,-3.533837032428793,-0.1023274596263805,-13.563387179983852,7.067528812893706,-14.539304477936133,-0.040026267247508206,6.475910622907654,-0.36441033700204317,8.1472540399683,-8.180642792408197,1.413395314927922,-2.310909812498666
1,1.9880210908785678,-12.321435679733549,0.044637137043493445,-5.465175888328517,-1.3744157046039043,1.0377958425641978,0.4116660315625122,-22.577819637648794,-0.9678701653990437,-5.00752507595364,0.22951890399041802,10.318097346109422,-13.123583096893277,1.2181581737323848,-1.1998632707178025
1,0.13422998733308464,-3.587757293606615,-0.7710015331053103,-1.8252319499204606,-1.5658200843084156,14.455524492781615,-7.307490891994375,-4.4898397360633595,0.3800894050458432,-17.117706147255827,1.2811637573618446,5.721890144384156,-4.283979924789091,-0.6823943774683228,1.9977046508431047
1,-0.13562013595000783,8.902671058685236,0.35299971143770953,3.48589947353012,0.4506724648450882,13.119668332399645,-5.56167125027005,15.061002693005634,-0.5097295070816019,-4.6471789820894145,0.29766230328000254,-5.470260366818642,8.080848835408212,-1.1676807178811082,2.790679343511113
1,-0.6195461798351947,7.2360102817602066,0.6967159887373028,2.8295656591774008,1.5421928779074483,-8.069413754770151,4.186039278785789,11.602508486091672,0.2379640075296604,10.505980764084725,-1.0497047128143582,-5.553559003117108,6.212146253501022,0.4825382827647546,-1.530954929832062
1,-0.7645353534656731,-5.350264744007677,0.8152497382991235,-2.1377162655520983,-0.8268095872730578,-12.056033836902111,6.547891523991118,-11.203064639176718,0.5508438710291375,6.058627327301193,-1.4696614140488187,0.9618344415907456,-4.024111352707667,0.46962432606319493,-2.5980717616419344
1,0.9884476527105027,-7.767176909726094,-1.2817757904647762,-3.472162519280754,0.5131541999205798,-5.4973472045227245,2.993817835626037,-11.300160042774932,1.2191610607913659,1.6957236000724272,-0.2809135423094497,6.988328897097402,-8.599651752325839,0.5888454491685139,-3.0435637181765705
1,0.5675094407984675,9.946427822152828,0.13762551848799107,3.9296465225789783,1.6346681861476517,1.2120605784817944,-0.17202237604308251,18.13073647180274,-0.48561467293035804,7.159479435617098,-0.4076022637659293,-5.33304927824801,10.234871183689568,0.07880872583488166,-0.09886491501736622
1,0.24384629144033754,-6.1431274904765525,-1.2249482045960076,-2.285154502038835,-0.13784161433107583,-7.4431475772001106,3.4916365146375448,-8.081751483674992,0.019042707182120516,3.2517659312684644,-1.0209136687354112,5.76925172847738,-4.086120424995593,0.5648299630118132,-1.3995772801686968
1,-0.659383820726079,2.447138396734536,0.6501919243555168,0.8118439999587945,-1.1377976010971056,11.440892343690807,-6.111913045974447,2.3178019331619115,-0.48970030199386044,-11.139510854408215,-0.585040802941018,-2.636201147682525,3.2144901159939923,-0.7121551355016075,3.674579838151724
1,-0.5210952513533003,7.799270267300607,0.973426254873113,3.5133201475588587,-0.12151072072800316,4.216079077504959,-2.4154575143491264,11.33906952071127,-1.4273080753052079,0.7819163678251653,0.025165767544863608,-7.785045637859097,7.610253700024423,-0.9126671131187706,2.998512460947549
1,0.3026994212319233,8.011678541597671,0.07325167132683158,3.1734937142301427,-0.30278909001171805,11.241243774463248,-5.295559592841929,12.835303564216428,-0.8786735883478565,-4.383769722552408,-1.0395321368808814,-7.549696452388714,8.342921684611785,-0.8288126113076812,2.9723840831602124
1,0.6740055701417674,-10.228954306500738,-1.501808466378099,-4.292157734778161,-1.0756881270400127,-3.342772887758598,2.0261609811770875,-14.149516207938314,0.05696961446667303,-1.823166636732793,-0.5517773221337302,9.063792827253534,-8.226836263156848,-0.6578514398662862,-1.7688053825793246
1,-1.4172422376147227,-5.752162339298543,-0.6091003243674442,-2.744308726745636,-0.5464460196818994,-12.97811313883661,7.126302416469194,-9.788720556523815,0.10858690591950686,6.212718671510188,-0.9957361397592963,3.209406891878916,-7.862237510539695,0.4236818424273018,-0.9278785279137537
1,-0.21480073216180043,9.383544442149445,1.8373215891442556,3.5734380950674542,-0.48498703224809364,4.363004742001824,-2.6678661818615774,10.755601236752227,-1.250802006139282,1.4978079420811259,-1.1110715597801768,-9.204506288493643,8.016598109052072,-0.13789969246269415,3.0071504122304873
1,-0.588082468341961,-5.494575260586634,-0.6629399394839753,-1.4936872415771034,0.0727077611288295,3.6778248066261794,-1.8982827774599742,-6.992996707771528,-0.02727219219393594,-6.827667052288691,0.037782020044339386,3.7546752114870716,-3.265825391739975,-0.332211190148635,1.558778068124905
1,0.1280605592559311,-4.311839668065874,-0.9303685227976871,-1.7915258331941082,0.8499751381089635,-4.324051899208139,2.6230310883126395,-6.135368324687551,-0.6683148584892983,1.117989296002024,-0.24842256383299843,5.791757395038497,-4.206189580003262,0.3369425815422802,-0.13257626986017818
1,0.9180368889721431,9.910204369906126,0.6654043384344971,3.58994990286565,0.38906147788177314,-0.7175933898867255,0.984744813638209,15.632941564016422,-0.2340919626530735,8.975683731592877,1.0852793948550976,-6.376092018446138,8.828776351859819,-0.21846033005676016,-0.7276289916537612
1,-1.6430341499096988,-9.459547923672735,-0.259070199271733,-4.350116319398086,-1.1794433682571581,-13.559516765425856,6.406834751374589,-16.124134176437067,0.29516126108844776,1.558071508694981,0.20687165381574038,6.407798647115851,-10.20642841664143,0.52554318708169,-2.3688675117074256
1,0.2561621777846302,4.042532006318472,-1.370551675358079,1.618571015257109,0.8235878425484039,13.304645106777103,-6.960493556937965,9.979970169580723,0.3982668488746047,-10.450972326571613,0.5587150859266674,0.7399826624905489,2.0474433759645265,-2.2779495330948465,1.9792432235495223
1,1.5146600088550795,4.579019394584078,-0.44207253297353777,2.247825649581111,0.7084579013439384,4.0685629443499645,-2.3190781769823836,8.977720973146507,1.0349492292250704,3.1889413525698997,-0.004539306553093228,-3.07580749933126,4.953474874051827,0.04209789875841153,-1.647459933045378
1,-0.5038853939116229,9.36331081818541,1.5839504240475746,4.448104036012429,1.459726330936477,-8.692045614612708,3.9457226145768525,13.03578386051771,-1.2187892681261712,13.710547821056993,0.038047411503646565,-10.402482705946918,10.94024077096894,1.5667012547948655,-0.2489598328616303
1,0.9742118345715508,8.560540181068745,0.040366320509249556,4.440744239103151,2.455600626963066,-5.283247583355981,3.4476801278911724,14.237714505689627,-0.359823845986886,14.639673675404854,0.44662386580504027,-8.101347185777461,11.638196382156266,0.6959910687861948,-1.6836400477271112
1,-0.02518344030046722,15.661075598992614,1.5787396659962039,7.114711566315204,1.551774689368748,7.430197596415851,-4.290291781008757,24.783677424560327,-0.9675307952639987,4.58994819844322,-0.039381231250012826,-15.705559291862837,15.895825006257912,-0.5056488805517754,2.792140008295641
1,-0.1323368114797777,2.864324489629903,1.6508550587706146,1.3112694655267059,0.312031987050968,-15.678637208561947,7.94897002385424,2.1539918972453993,0.05304304499515348,17.101886290591263,-1.0268351101212478,-4.0131988135450225,3.1218862383807053,1.070963671219315,-3.8275516831112277
1,-0.9189319976708265,4.394061287346152,0.6182426677260845,1.7461721564361035,0.7334273246863082,-4.5977997208398955,3.664093057078667,6.285479864528287,-0.20821007082745902,8.470300565961209,0.5016788963990194,-1.433771055377811,4.132580176962062,-0.08291276583556664,-0.527414409552701
1,-0.8739212846879189,-0.5037253671876141,-0.2397002708280826,-0.45323433879550296,-0.007392483263503063,-2.4634496450792738,1.0468884575502637,-0.6117113943254051,0.6144420146808695,0.9880333202095106,0.5391920135417816,0.8593327896539767,-1.307531796332897,-0.40192366869844187,-0.18405772830918254
1,0.5432862206923,15.023592695013626,2.3437588328579535,5.818393063589396,-0.2800694906922151,0.13463307454333293,-1.333683508151039,22.508814974837254,-0.2239880187242246,8.254569890740143,0.4554160605430979,-13.383078103670586,11.796041578524486,-0.9294016066607584,0.5473163095270713
1,-0.4026817934644548,-16.458007560848962,-1.3689741941812223,-7.276783073030498,-2.79915837364601,0.37574824488561737,-0.3615459900277519,-26.67293461597426,-0.4266595384527868,-12.726322585875602,-0.026950795542470266,16.41641950037904,-16.127551940524082,-0.319232234623892,1.0427403399447752
1,-2.611594798868059,5.97203853923928,2.4732302648181954,2.9178006171088033,-1.442409064325781,-5.284874899319336,3.553907005688959,6.1838623033225355,-0.3172480527751657,7.323441576168576,0.3108938073203552,-7.385107027124905,6.995299063782638,-0.057526551075580676,1.366507307226049
1,-0.7150888862211676,-4.228720346164885,-0.8580800490018442,-1.7623700140493113,-0.9100482781230531,-1.3501827934154047,0.1439962380561294,-5.316187784763325,-0.7702801245426871,-4.000100320167117,1.2428671874879136,3.98645046744147,-5.422607243692456,-0.1388706876233103,1.2956834043113352
1,0.6465898943452649,12.369492222766162,1.0312058814625629,4.229968638503056,0.27789007317710945,2.3453483970923874,-1.1019167920719792,20.043636762578775,-0.09712375824211034,6.671911941187831,1.7566388953599252,-10.031045303033036,10.369459880628979,0.13173608226283684,0.039813150906306854
1,0.3683309971664091,1.0219827695334824,0.208824523691234,0.4283499041733725,-0.24948403423365928,3.9811596264609905,-2.349121726804343,1.70936500285926,0.3835658717599793,-2.591086772430329,0.06936056427190586,1.149356565485407,2.306250173525205,-0.3660648586508701,0.035881639683781934
1,0.03132057949353879,17.111666680506932,0.03571653902376797,6.024164449379223,2.494094337951665,-4.097392959024087,1.4354473034749868,29.121967579406128,0.6847105007055837,13.209461474422458,-0.01900943816546538,-10.071992164718816,14.004057415356051,-0.49606670985846113,-1.300031709975078
1,-0.5399472488977374,3.464797934284534,0.0929795658481125,1.5563910169402053,-0.8018935167956482,8.08483934427905,-3.6907603511243976,6.715675384451649,0.2377630731033352,-6.910530692936946,0.2935757201679433,-3.813025702193235,3.2945668355194297,-2.050413325145773,1.9606106349279697
1,-0.06238913010527466,-12.917989645623175,0.3517828627925574,-5.141015316097492,0.1123476967497524,-32.754945303734665,17.11751303200572,-22.816756843483642,0.758940628413293,23.44866603263634,-0.7336784497043458,7.027732142957882,-12.4170118531162,2.68443711036511,-7.651182772888567
1,-0.5612721465321581,-9.35531267273365,-2.18277004549317,-3.8480821908486784,-0.03052526857894353,-17.688281380968778,8.89694429045864,-12.066064924587778,0.58080214935219,9.952608409824373,1.1007992307665138,11.804152852003382,-9.231939263355462,1.164727963817559,-4.187103216630122
1,0.3834702986125638,12.2109675467804,1.899628421299766,5.186330654148577,0.6388167994571099,6.007760560690383,-2.378021566967111,17.261712409706718,0.952814981828596,5.068382503445459,-0.18815520583503412,-11.449393045467287,11.047034863869584,-0.20135042485427906,-0.03621496916379123
1,-0.784626286579266,15.612659360396837,0.32119274392744585,5.931621573216535,0.4918783876887563,19.605619243766508,-8.773131266938384,25.34593499667675,0.7934293404495271,-6.462509211660818,-0.4626041241708607,-10.597436249199356,14.663622390373103,-2.457878684963838,4.030040852111956
1,0.15427651733070544,3.9474373788748927,1.0692840571219437,2.1787821124076263,-0.22133765316899864,0.16130946273817565,-0.6792703250687214,4.693398019975736,-0.12012205360267889,1.9178701787768788,-0.7377618606582834,-4.800201910190507,4.653625723898911,-0.2574974367858205,0.5522183779358727
1,0.10433341024045975,9.002873444603425,1.1706288491772896,3.6068684451924784,-0.6754850752136481,7.565442313916763,-4.458709134762379,13.960000535594595,-0.0809365500161404,-1.0485881049573336,-0.2940261689516298,-9.547930237510228,8.049422512086453,-1.0559490083860028,1.9279374952034682
1,0.5419851099261221,-1.5624891830936225,-0.7901839969294051,-0.3530075722215833,-0.9373279797337817,5.258050995103448,-2.7142180483946294,-2.271779024934001,0.6207316518608219,-3.9261978140451235,0.888804881729448,2.7261070187946403,-0.4524710384628934,-0.8920053736903758,-0.12529790356268652
1,0.5911720107930217,-14.748615930670391,-1.921094490304309,-5.4936396284209605,-0.4238432385310047,2.868963278115233,-1.763721470634816,-22.338412681022977,0.8257791307085077,-12.085078034955764,0.06945647895223318,13.952283106412054,-14.527131538879944,0.10113212666755138,-0.762504064419378
1,1.0425199578080873,8.90273808517308,0.4121034593769004,3.4061354826915196,0.540824616921503,13.721040495609962,-7.026329599559764,15.367646560424086,-0.3990299154853976,-6.902179816953093,0.7432300494228989,-6.758173540007822,7.541856047614911,-0.49401694368314225,2.018500606839005
1,0.14828888527715037,3.7971247350084285,1.8820735271215077,1.5618982014150715,0.06900039961657128,-17.808590846155873,8.307668345997623,2.622732930098609,1.7391150222184917,18.02441824158253,1.3709898776367164,-8.8060716979399,4.981202471307962,1.3718439823632098,-5.511980935100233
1,0.14099049957210497,-1.6426524282255068,-0.6351595058121988,-1.1805760370536829,-0.26724958123644277,-1.788765268843393,-0.26568877125395174,-0.3310179514122806,-0.8820731700858286,-0.7287322183642851,-1.8385798329757033,2.8740633514329956,-2.896822189818092,0.39212725651191316,0.5776219039426975
1,-0.11275435806403024,-11.981550154729245,-1.2532104867729477,-4.774064766345754,-1.2860839606160794,-17.166153669515346,8.950812334073083,-17.440592291032768,0.315760578976637,8.480020139855226,0.41879206246791667,10.79235075943669,-11.601530748366638,0.7940021275469552,-3.6494491449890782
1,-1.1585867313238556,-15.052214241517367,-0.11679749466777352,-6.427747188141285,-0.19778638270315715,-24.638893590321008,11.696709756445118,-26.142042968776323,-0.14614956001575066,9.123166136664306,0.11327221182600432,9.507353232703625,-14.187312314791404,2.163290958797647,-3.957880822979218
1,-0.48803651454177716,9.578285237455555,0.4709915483695764,3.799992066982168,0.011225328310290978,7.4801546467128714,-3.7671087857049956,16.309797313432885,1.0603981952088233,-1.5315740830210685,-0.4351294839896239,-7.894091097480876,8.574496917139752,-1.5082797182474952,1.0677316089897495
1,0.4104227626795303,-3.609923427845973,-0.5654317018661006,-2.046563590174172,-0.40895941097522953,2.587791633001092,-1.7311129515631014,-6.095070854295551,-0.6791020181703286,-5.8606734912276295,-0.5171135170306228,3.2857233773773795,-4.246894518383423,0.12375972642664665,0.9860864889982762
1,0.13858325518107512,4.6715194980400065,-0.7218565597897546,1.2271400862609085,0.13239241264896928,11.131986439786422,-6.249494463282897,8.992227009284482,-0.12206878368137605,-9.356009534681798,0.89635707726474,0.03449153968155174,3.743840946294159,-1.686527978971801,2.7689590434281404
1,0.634018170247801,-3.692570051356759,-0.7780209016810578,-2.018934666741594,0.3099698294340351,-11.671870299604375,5.962583183526512,-6.595687178548461,-0.586866468559975,10.47075101318331,-0.1170258777153366,4.125804183108753,-5.9795401514665665,0.9578987133531217,-2.282302203617721
1,-0.3114919674718134,7.820524201166711,1.7745219156102132,3.006758651616152,0.5443452053633394,7.055956492545892,-3.718141335384546,9.701340812627,0.18222096811245156,-2.4860527692039445,0.3895681515986927,-9.100984958543542,6.500560517011572,-0.2327039692020039,1.396875496652394
1,-0.1992904597201604,-5.245307759136914,-0.84730198598908,-1.6848188956950938,1.5426775261058747,-11.74118599109662,6.497281308953738,-7.949045646834863,-0.7587735460845663,8.921800471286735,0.8233652753724197,6.308944187136123,-5.923127687755916,1.477184982191196,-1.89631274353754
1,0.22358671901647276,1.0729458268724599,0.39536064616689676,0.3937605998941129,-0.20276683928910044,-11.615760164907378,6.349586145475221,0.845401206058786,0.6188912682504683,12.782449042235035,-0.896195416307109,-1.2950789618442407,-0.813485474849728,1.0911074348639138,-3.0289827209013747
1,-0.19762125728242758,-0.33629352004753643,-0.4290364584401487,0.6094426509970605,0.7820204871347984,-3.159538570320803,1.4383546187777392,0.7061123443008174,0.6864546168943081,3.2893514447545904,-0.3766722038055431,1.358473611951284,-1.0707871027588258,0.06478032415446476,-1.2592433007800128
1,0.28221178021242266,0.199056981211452,-1.02753124243914,0.36624802864562706,-0.0432212992672171,21.96538965618944,-11.1713055616705,1.4045924447959524,-1.2842350130122928,-19.536725032173287,-1.3812713083038108,0.720896560092468,1.9374201479030067,-1.4108625801021244,5.500113914718607
1,0.12473260974106783,17.782980886885184,1.929791789167361,7.313822259130003,0.7433092131115927,16.626056759663832,-8.496948025195268,27.073337583831734,-0.1536213549925618,-3.1168118907956304,0.6329778961662071,-15.782504316469998,17.656966468084907,-0.26758687589139346,3.2317147043474583
1,-0.053156824709250663,9.699584068409573,0.8645350993694371,3.47416097764963,1.152523688050081,-2.852882920524278,2.2969553476376148,14.395739102489653,-0.01284274619128801,10.307234543438984,-0.5073324623817241,-8.204788589285593,6.579301976511613,0.02834031240531131,-0.6019375155281015
1,0.5507381341158268,-3.4544089362023924,-0.6683256035725135,-1.4483073839193024,-0.540901795445506,-8.996717986305386,4.728584224860292,-5.121953555597753,0.1770009181394358,7.036972781386777,-0.06659316734901945,1.685241108019476,-3.8643661877377653,0.24150385450914777,-2.3790803240062193
1,-0.449354121659088,-5.276700817610005,0.024029082306660114,-1.7209126708020182,-0.34078117913023487,3.258012134103302,-1.2496050644445975,-8.192207541886397,-0.2763444360654453,-6.450944957393408,0.20065410797807712,3.018491886558059,-3.914571772822004,0.4731799836019921,0.5679630373031942
1,0.436490812312867,5.2086066191469,0.25616233207181455,2.337169331004738,1.0207503264536575,5.888867348098606,-3.0410887018635924,7.818233141494312,0.07897202900352132,-1.010543463949337,0.7660099610209505,-5.0602546038921306,6.234363977036926,-0.8597166673606133,0.6394624667759377
1,-0.9260405447235849,13.611191608944148,1.5646083619602735,6.801175127330186,-0.005562413980154047,8.787884866012913,-4.363099727093083,21.484872407387424,1.414917300114939,1.6505215321625155,-0.23322483009060582,-13.27625944260315,15.40626994714594,-1.6332981192012561,1.5121780520974344
1,-0.3616815502006807,-0.1251720701822716,0.9092110130230404,-0.08177948870350968,0.5985817505714185,-2.7311076782605763,1.7083973626177127,-1.033665845228267,-0.41837171113012506,2.0954681583861654,-0.6570006037587729,0.8321253227871327,-1.442245354367651,0.6567773506720187,-0.19255660270445474
1,0.3370242870322735,9.147265793569726,0.35712688537659076,4.491863136589245,0.13691414081682313,4.27129491774867,-2.1254794389676803,16.045898874454465,1.193810166237541,5.360584232313319,0.09259602806771358,-9.818601999528962,11.891536046499086,-2.071854757910996,-0.4635512140449525
1,-0.7384008531287217,10.375251009080305,2.0000141424445026,4.493401197342473,-0.5383425584697749,5.219306462500147,-2.617338376950303,14.021549930041637,-0.1044452981283992,1.9914818031431134,0.2507729389636702,-12.105437679434266,8.847499308838646,-0.6293051611086581,1.7568474972355732
1,-0.9359556281326298,4.155265248652598,1.856276056561154,2.1447576642049206,-0.21543576468570616,-6.96072483993504,3.521145553704896,3.446947729816994,0.2906761166227556,9.02051221491688,-0.013534244974995011,-6.422012120616452,6.266620297392168,0.3172966933470445,-1.3457221361681277
1,-0.44544697912402825,2.8543251441494837,1.097214710746886,0.8824261028308702,-0.9751335942723203,-4.797993317266452,2.293651931414449,3.248486355251227,0.24011487281250735,5.348167523404792,0.405760782907824,-3.7268260419624233,1.301654031108436,-0.16520353274848826,-1.212388135032861
1,0.5396948898565738,-5.7676674208844885,0.5401169234557905,-1.7407560272336542,-1.3978904259345368,-0.942425594406031,0.48950373810162967,-11.039718848933106,-0.12108893434649863,-1.5170508080577625,0.29530166841290545,3.10603643589936,-5.610234902161022,0.9829447477283805,-0.9281025982524456
1,0.0008586527958291888,-1.2069339826642465,0.5491872464318219,-0.7907445719367309,-0.7259422686409288,-11.400007343733645,5.599761622346124,-3.1274944816404613,0.07034349464206555,9.937980914525001,0.021180516847131254,-0.4016294590186243,-0.8834655588201932,0.40602734822551406,-2.018224528268561
1,0.7154830497842145,8.087575817327448,2.367403049585034,3.0485057084911635,-0.674322677122571,4.7678852587576666,-2.225015915319721,10.002480595863391,-0.1524558732739286,3.357623440490092,0.41586385755233807,-8.554766196519008,7.528980598494488,-0.03855142609026273,0.5581285444409585
1,-1.5272668032018046,-13.594249374616865,-1.3859311698466317,-5.093006820518646,0.05002159837618872,0.9375780145736509,0.01727472575527623,-20.021494028403502,-1.2414602569169237,-9.031778119984645,0.39899706803020923,11.130710037588312,-12.049468427433514,0.02787312244478409,2.8651621828968934
1,-1.7493399580681166,-2.4502204782192916,-1.1568263274487345,-1.169725627209551,2.6406467519735433,-19.332845813736107,9.104934319113854,-3.140935053384106,0.1171437547203187,11.805980888356785,-0.012686125424369792,3.9476306651142954,-2.082167563308944,1.3978162629213358,-2.0396634227833976
1,-0.5592385890938718,11.979066227062996,0.5800316757209715,4.498354447164797,1.9820725634904284,-17.84623155302164,9.134485722455938,19.887420773361942,-0.139724574948988,23.678346389297765,-0.15023831063484314,-8.572599324112993,11.803131351913867,0.8678544681869095,-2.938458048054793
1,0.17931881394453295,2.5430977602705154,0.040852672375349106,1.5472708221884022,-0.8366825535338739,7.485690206153745,-3.6517305883003206,3.9528178000146363,0.03221228171437804,-4.075553553636862,0.1225334936995383,-1.1380884593247858,2.6495582881009403,-1.3175423804352149,0.9723625050152285
1,0.39795248501027963,-14.60266714687203,-0.5912075230514376,-5.896608553337362,-1.083901979433217,-9.738892691863114,4.395063841513951,-24.25127378696896,-1.2635032010339566,-0.8823367082831912,-0.01628156495400759,11.492900370634414,-12.538251569942984,1.6613059735493576,-1.6025136569889369
1,0.05236164047186255,8.413329058423226,0.11196676597658799,4.1498514077910444,0.5679516956705277,14.155827128611918,-6.399470392011743,14.041781052393585,0.6068393842183581,-5.092100396791369,0.009085355067670933,-8.464582039134386,9.896745551076176,-1.2847625113211272,1.622438151952723
1,1.5664866296745488,-12.879065335360327,-0.9474071740369735,-5.690750811532223,-2.0636111788655813,-5.817350569656424,3.5763037405273406,-20.751343634337736,-0.03585922123905219,0.029593483132327188,0.09645041257937702,9.483739126567084,-13.532774069577581,0.3461795292385568,-3.166251652545159
1,-0.22255350674751082,8.67128842765939,1.0368479511102444,3.512388539491395,2.4368509212982095,-10.381838365833508,5.572174925202052,12.8736398855286,-0.3752127679803397,17.058938168861257,-0.9032453283935702,-7.45112980945965,8.467549481351982,1.5883115718552765,-1.6938044383939648
1,-0.158835580958833,-0.9583359621066511,0.1719443462861979,-1.006007414850261,0.8459258613218796,-17.21572742919642,8.329482043012389,-1.7632692705843047,0.3377342934120372,14.264509871554791,1.2376939914676144,0.8395902045258279,-1.324674078391283,1.5608383715876464,-3.248404763364091
1,-0.09518707880498073,7.000314439103914,-0.5385225403554275,2.8237275729608395,0.6520434435471942,2.7064442374535815,-1.9938621059102315,12.779474927838322,0.11641037603347994,1.6772222019473726,0.8356439849692143,-3.692233232539595,7.618469570591756,-0.2888202413811091,0.7403205055027019
1,0.782407095067942,-0.5365367558240864,1.014480462558624,-0.4130888547377313,0.19975915344746367,-15.425065385169727,8.330211803855144,-3.9832506582989886,0.23217631684355816,16.465814241539558,0.6550619367630915,-0.47282693386505964,-0.12225250717892638,1.5092928102749423,-3.991406413931441
1,0.8045084152414866,15.251456312046273,2.23794067552577,7.0130962494634534,-1.1532417472326886,28.006792765814776,-14.307234146918413,22.620518506228414,0.8646812996555359,-12.772544733576053,-0.2293361008343587,-15.703436337687993,16.715472253089604,-2.3365915064741336,4.039428056393185
1,0.28181346075371344,-12.979022492571534,-1.2907744590871686,-5.079887802069446,-0.3119494087817252,-5.0571819303207,1.8953017960854341,-19.31680924738193,0.43078858826664596,-5.821172739954291,0.31460057838111,10.192165440108537,-12.395150776060325,0.7831824774142078,-1.180326859699377
1,0.20433098573128167,2.442794102088778,0.84182069352371,1.372590474348738,-0.43150109086715627,14.321617785832373,-6.5291208424737395,2.996589574817163,-1.6966201494391655,-9.386267302536654,0.005079731711091971,-3.993844756513769,3.4524360655808004,-0.32046533756718554,4.205217556018539
1,0.038758088862881374,10.860074208303821,1.4690675310680745,4.688819726976633,0.9973969476574218,5.599160530639577,-3.259425387967427,15.543533668512495,-0.017513163946629707,1.4318317442219977,-0.35468023497820306,-10.17586162024798,11.036107079612078,-0.8296696626065426,1.58111230978888
1,0.10048418582622029,10.397977617776125,0.6893613533788098,4.191521399542879,0.4119125953211214,20.845106345496355,-10.320125843469958,16.14053215509473,-0.3390820624229893,-11.989931074876292,0.15174505904344865,-10.539763357203505,8.505330931118833,-0.8257312269717705,4.422644139406663
1,-0.34712848502499866,0.6326295075446409,-0.9485973924653814,-0.41445263349320605,-1.8500863023437055,19.970078711504822,-10.674866061278493,2.7603619521221674,-0.923527696607754,-20.858654831529595,-0.7415787076240558,-0.10675990974235099,-0.8197005796268144,-1.994019398313424,5.807369676334815
1,0.20528941036785456,-2.9999069445549944,1.4402444353383241,-0.6081226484926299,-1.2868704396547734,-7.533995480913807,3.1152980002666135,-8.657844631174852,0.42345274890260476,5.48445267777849,0.23892399502491424,-3.325098631696735,-1.3304313427485266,0.10763238840121549,-1.4978774680851874
1,-1.1013732020007467,-2.673977285770593,-0.5610667600627407,-1.239986699503113,-0.6236991502758575,-3.333769887434052,1.2669962757441833,-4.415100183585846,0.6325324535798083,-1.1010183429118245,0.4498719042107322,5.692477330602615,-3.2307621690511534,-0.30360237443005994,-0.2050838938808538
1,-0.07680624301095557,-2.786590714630981,-0.7294585762762982,-0.8916731350896936,-0.4258829556454389,13.261479892685736,-6.915349830937475,-4.426527785719945,-0.0577663663628844,-13.202769760439086,0.6650831787417735,1.5855931058095074,-0.9370080175335727,-0.43654487015778937,2.8422340290280292
1,0.2639799226287055,0.18885535093352418,0.268351447647096,0.391155512083901,-1.3365815748892738,7.080577885690037,-3.2537208454918543,-0.04904852276014259,0.6849095340300044,-5.324194896966359,1.2349689771631711,-0.9296641080470722,1.7908573920970656,-0.9115326916475822,0.8898088622116264
1,-0.02592832186747726,-14.452551693933554,-1.2559740771787895,-6.066403247209598,0.12055054536040714,-10.610531647069532,4.880306934094677,-21.909426689808694,0.4291956284813629,-1.9448324075609258,0.06431590993384247,12.485587947752062,-12.698714897218336,1.7660462115745,-2.672863525552771
1,0.06203138496444978,2.4514192350318065,1.583332859894017,1.3950717769141525,-0.06061024660703816,-2.3091102680975624,1.2489968114797558,0.967617266853058,0.7858659052870092,5.487960189355132,-0.8195663818986589,-5.948787563350888,4.264914708668039,-0.11470817636002577,-0.9672439279059061
1,0.8672082254133925,-12.795829904916893,-1.3307631024791238,-5.613185976416788,-0.27439633512491796,-6.8105563306500425,3.0905850065875864,-19.202955194323273,1.0359835079286825,-1.490462887805078,-0.6659957374763495,10.423212865852662,-11.916178473059501,0.997040415112551,-3.483376155722196
1,-0.274436495400752,7.726921473941609,1.9811370358511113,3.4071129849019437,-0.12117744348639628,7.3404687592627225,-3.524083826532452,9.234773692900177,0.3849133699265379,-1.5121889125229795,-0.22367802011309304,-10.654473674217659,7.280931169551751,-0.622396635485539,1.3348262898728918
1,-0.11189211509600765,-4.0281715586089435,-0.5598562688693125,-1.3634032112662693,-0.8040213528847808,8.513683413448858,-3.627398228299002,-6.289837588805725,-0.15732942104637038,-9.231809047036602,-0.08479960252315934,4.575595187025513,-5.343631000500768,-0.16340419109586793,1.7130330930485167
1,1.4869141479310728,-8.222393344311335,-0.9465193903598654,-3.64009167397209,-1.77118166211049,2.4401829942423228,-0.287289252619767,-12.205943855084369,-0.013233921723743122,-4.300519476407125,-0.566629323212517,6.059578118680471,-7.718377897922546,0.18839016501777675,-0.4048043772013344
1,-1.7351706700397005,-11.922773636537594,0.3568293814487253,-5.59481081127488,-1.676920480646294,-28.87090409662226,13.480258480003162,-21.195705565846243,-0.4955936902162806,12.66239678213935,0.0035043122725271895,8.108869569558685,-12.229468511696233,1.9318853280354953,-3.693727722405032
1,-0.2935742774051379,-10.222084388731215,0.3049151366588117,-3.756986452105982,-1.9740752342154277,2.887934658795195,-2.32569019582195,-19.50686500203074,0.2969367974950956,-10.230377571343707,-0.3281126888049562,8.110387068795337,-8.443952176985873,-0.1358225274018387,0.7660088934013837
1,-0.5620834335813176,3.8887277627863037,-0.5109363003609941,1.7005926173860337,1.2041816842166704,-11.225654228441565,4.742150937455539,9.505250347320056,0.5057612193240121,11.123752562147866,0.8914999497156337,-0.48494328804648545,4.888730944138566,0.1172995185996826,-1.607732555470661
1,-1.459976195507159,-8.302526893742934,-0.9176184038001469,-3.437261159894361,0.8503001032573823,-24.16324120465557,12.324811615997906,-10.574637246100991,-0.9682603276615933,15.064255119292858,0.4367033156731249,8.726671955918391,-8.426763826578972,1.1648804559302992,-2.7271384438981525
1,-0.24640036591825087,13.54002307892045,-0.20299738107536341,5.188251706178033,1.8133949693516807,2.277486087266397,-1.6502960034265393,25.215234646344005,1.4555817684905759,5.621034851684944,0.028513621263463667,-8.5936671952349,11.128695808973497,-0.7864736470834361,-0.8782257640176541
1,0.13828326613257394,-5.5991437906787045,-2.1385475834767633,-2.3743518333547837,0.7423209054367733,5.008019461835004,-1.3991741994513451,-5.076505682672463,-0.07229463740385393,-5.118728178577411,1.0254290320769117,7.903462163083724,-5.518109051146292,-0.00028883614958876563,0.4671551791216756
1,-1.3718047828185465,2.200898404264354,-1.0191210750256057,0.22734908288711872,-0.5511149630728894,14.58986517574481,-8.359349885675213,5.9822546934441085,0.589026955928693,-17.431008443328786,0.3924762659759726,0.6536582937163837,0.4680777421987902,-1.8225132693192885,4.212327266328471
1,-0.8273446887321898,-11.215954968294858,-1.3409318124438039,-4.935530795568627,-2.4112350456429352,7.6447459320805065,-2.468695381009891,-15.69832740828483,0.8434957588392049,-14.504299988305215,0.3024248263811773,9.072551079571031,-11.477893218589855,-1.131902840952986,0.9288353197362109
1,0.021720065118647613,1.359980453495994,0.6362077672939116,0.6028511951116595,0.24771570178452754,8.69917376856179,-4.950312235629272,-0.9740125242335048,-0.8466794872348609,-8.435494299909609,0.528506080039266,-4.700835176938384,2.0222356409264766,-0.09055834372156747,2.687583022591957
1,0.1831115704845126,17.824342333139125,2.7023196981747994,7.462345366408726,0.2991899328507763,16.75552938187698,-6.834653871635465,24.653285946544894,-0.6064569080412721,-0.13231213941459588,-0.4486918750212939,-17.133924838999327,16.871955134473886,-1.081252463183111,3.1054767958448926
1,0.30471903931736805,3.397084569415501,-0.10609121041331085,1.5515531905820434,0.5004466467494197,8.619033801178322,-4.721031749685834,6.008978194296834,0.5710701305421355,-6.075078599342976,0.8494862964794055,-1.7911549564652256,2.938777219026932,-0.7278445431846279,1.1344683434784526
1,0.3197670348338904,9.48047514813364,1.6602233554219594,3.3784598113848032,-0.9031672507111367,5.778563406945679,-2.217802930985755,14.028973154425799,1.2146844047628786,1.6785057198998765,0.6227555045782368,-9.036346072130462,8.32560940910773,-0.6141109168405945,-0.4589997924474218
1,-0.6788264672885326,-5.020007550700556,0.7374584679559811,-2.3807936620509196,-0.8100384483183186,-6.397907606313245,4.844474642730699,-10.112650950188753,-0.24624331340523078,2.967716197683569,0.6500681766069325,2.4738332595199957,-4.076102245450788,0.6493930779531524,-0.9032705302192007
1,1.515597702358424,2.602147167053281,-0.6656058661362199,2.0175493879160555,1.0366828459354163,7.666730959484443,-3.5750383332218325,4.235032322670514,0.821380578644165,-1.7944950109570021,-1.5677380585495742,-4.294221079368435,4.8908577173220555,0.07576390625819712,-0.5692280073942535
1,1.7495677722288019,3.2625336972397414,0.7306444507813687,1.233654785742671,1.5129067391262516,9.645935411002917,-5.323152691745937,5.333649174502028,-0.12054258003360414,-4.853479502047469,-0.20012333725780376,-4.70016028098378,2.721198931987973,0.14762998013005188,0.2402301236951373
1,-1.3342978006968245,-18.90666589928831,-1.3090686586524245,-7.772882844492182,-2.7363972323628656,-10.400849329858415,5.171208812509451,-30.497373663187044,-0.8279871767843922,-4.95745887582442,-0.4588697139200767,16.267484659199223,-18.40489378584199,0.5529713746248422,-0.24322254370342
1,0.27633176261619846,6.638348170746758,-1.1573949719044139,3.6414350973490595,1.9122542685902821,0.3710770678066506,-0.27561046996478894,12.729990949036202,0.7558583390356326,7.51330272640954,-0.46445700416157026,-3.7632021982033774,7.986932552361899,-0.6710600498472333,-0.4135843267971836
1,0.5978670511027655,13.289126208014448,-0.13612370503409207,5.964317420672558,2.146407873521031,0.9133441199718628,-0.8941927642794985,23.391090647375705,0.1397200639608279,10.55456644615124,-0.38581172815567316,-10.351600362911947,15.495673117733105,-0.26796524751723316,0.05447023580722926
1,0.08025907305069045,-3.5318641320529984,-0.04549945059451614,-1.2985713412210576,1.1912758540065198,-16.018650404126323,7.990281961198168,-4.851331667311268,-0.22010016623347547,12.106146336554584,-1.4412217577415747,2.092087399051328,-2.816952620010584,2.239553646996447,-3.1740098727023573
1,0.31227528357397094,7.285667377262809,0.15147948848300768,3.0488578302063813,-0.5689677534269841,7.354960313485013,-4.177698195526656,11.674021768921861,0.16866724908277292,-1.9046675143333902,-1.1117480980379706,-5.042903770159535,7.387758438003088,-1.269152970764978,0.8215228211281993
1,1.110725532564952,-7.7025395048256335,-0.1988997920363606,-3.5515900009502133,-0.5099519080302267,6.301214441776857,-3.028363674395457,-11.985322316883801,-0.0869505021373131,-10.395374534366681,-1.648768804062644,6.9172801665627395,-8.960529449045454,1.2185788094978063,0.25104972049643876
1,-0.28900254989315033,-8.61766673134277,-1.0408188689847984,-4.029193726944874,-0.2373463749123533,-13.113067213468073,6.271359546102366,-13.107202661351117,0.27489097133359325,4.684853075744466,1.5704184471979177,9.564178496961029,-8.66281657446141,0.7220223398363407,-2.4559961621398414
1,0.19476766887191405,3.7946905673179505,1.4436935905728896,1.26091655252443,0.9743109492859218,-1.6602215063190602,0.2913746904841977,3.6072735347942535,0.5762694441406405,3.4674647599342916,-0.7825795764699481,-6.65450547638545,1.1779060531502994,1.671073059662995,-1.0789275084825405
1,0.7251416815996159,8.095054775679367,0.16910159528495253,3.9535229673974492,0.9385524083528514,16.167226047289827,-7.756913592250986,15.59132040869983,0.7120897254568694,-5.798926880491217,0.29894615186280055,-5.795621878162426,9.269109782691087,-0.38095265723847116,1.1424988781335925
1,-2.0589258322074295,-17.626610559008316,-1.4936687213991806,-7.6753501557274735,-2.834187067093158,-1.2765399026370303,0.4477021756527504,-27.086149231050612,-0.1688348594158006,-15.319150510678092,-0.10579955883819439,11.806015449993655,-16.14060180332673,-0.2442042056240636,2.3677444131897274
1,0.008959708084981085,-1.067607945036205,1.6226566757609526,-0.42286274519807276,-0.9866890974945312,-11.84734014497984,5.791866037097208,-4.021910050842557,0.8869768421246537,10.55879714424418,-1.0084259591493858,-1.9233599441821652,0.32592227681818076,0.6852469959303229,-3.17059543526034
1,-0.4479168366128024,2.669251497276598,0.3008085703335648,1.5979681802538406,-0.5772590374779458,6.267492305274015,-3.3492305552245267,4.294498571624482,0.10203497798995059,-4.467894552084757,0.056837010337361556,-3.520207406589731,2.072273115907033,-0.4376929326920341,0.9809047946543122
1,0.12737945775995518,-4.581068016934242,0.39122191078365803,-0.9657943751524717,0.3650140002193037,-12.86368061225131,6.790954809107055,-8.965444436798881,0.1376373728643023,12.31253657964965,0.21087854027837608,1.2363271589188431,-1.5472478893482644,1.1162515360753391,-3.0992819900650406
1,0.3646398264870058,-10.861081016273513,-0.13826659070918457,-4.301732494727267,-0.9603185230607256,-3.65333189963154,1.631526910642234,-17.895556244398666,-1.1774087230417836,-4.105866775926182,0.326124820917546,7.333952526772798,-10.703013328125769,0.9331549412594754,-0.5219189590044904
1,-0.9104424944375034,-3.814118097702706,-1.3322059639107109,-1.1561826992606887,2.172246586988236,-18.974080296788078,10.036936473172135,-3.092701237065591,0.8654944460585745,16.398537759449223,-0.2583112996365604,3.808202200844051,-3.3301620991898644,0.8114200558247235,-3.495706670032249
1,-0.42125664529361634,3.3746460230521973,-0.7929973951138726,1.3754809735594742,-0.5666875993516751,15.957113147145602,-8.19872680475677,7.789432184330816,0.5408944936452845,-14.381585472864273,-1.3167131824933789,-0.897920412375599,3.692597519039594,-2.042384613230817,3.3989377568952164
1,-0.3239918515914578,4.583574246748182,0.29556801426413504,1.5829994176326296,-0.5631568752191066,10.177222338001558,-3.9651125751849534,7.733550883206413,-0.46771320646234554,-5.789152002306632,1.7914891181104338,-4.238891895821671,3.8065214552902567,-1.0141602765754827,2.26472748854315
1,-0.36913719830275554,-4.335539635333786,-0.6210006232635303,-2.384243468780612,-0.11862566239021195,-9.218786920851562,4.2861799846490545,-6.478886861679574,1.0081947083219076,3.445133969897948,-0.057464561857318845,3.232028024195922,-5.782588260522547,0.09212732689558674,-2.2693364219171395
1,0.7065578163862176,7.999411293623512,0.49045503117058914,2.8754559599786758,1.4355840758716347,-3.085529276034492,0.836256870301711,11.99582864425625,-0.5576069289839259,7.874785617165203,-1.5944743155224368,-6.094161355366309,4.852913668437598,0.2840968075375121,-0.06798109773819161
1,-0.5593377242654901,7.3797844757372975,-1.0494247140319402,2.8920196332920516,0.09960582334740975,5.875773408782543,-3.416956256444408,14.01324459743536,0.33986005328986507,-2.5482734210120737,-0.0930389579028783,-1.4662033697778343,7.793307334891938,-1.828068075962575,1.9315397532436203
1,-0.16241665686351425,11.964258065165728,0.9743876045182268,4.930065243304855,1.0783614268793449,3.500073156075392,-0.9567505813205969,19.414682435362366,-0.128857501400464,6.312927221794801,0.03185123443598427,-10.033499227124954,11.903474224624043,-0.3815194284653007,0.6934650354050718
1,-1.7096122915157477,-16.595222586077913,-0.8315080342326081,-6.764904081351589,-0.319232263354561,-40.05019382528866,20.210892965128913,-26.50079148330066,1.303308442601595,22.852916393020664,-0.2076195254895887,10.16019408028784,-16.543663688140725,1.8073376307548488,-7.406736929625058
1,1.0668439845296083,9.182611916998015,0.3217621759297532,4.069546219946191,1.5057634497107524,0.5691295539933579,0.010960394676330603,16.3096230793018,1.0776456087523265,8.844281515287838,1.0965861698340704,-9.010022966346257,9.233115772128103,0.11684811582544223,-2.2486871451793404
1,0.5931119371858893,4.140532060617159,0.7207983757228628,1.872177401827063,0.04948307903411669,4.35247355046522,-2.9033130242523626,6.882460843467692,-0.9371474284243128,-2.034502757706041,-1.0418177475808226,-3.163948125181856,4.735841284590103,-0.5383293672102343,2.057208288402799
1,-0.6013097115812831,-2.9785731638855677,0.5014378199126219,-2.211482507137195,-1.2870827843672474,-14.991452180203165,7.112544486519751,-6.0916096662755965,0.9543128559160066,7.03818275070375,0.09958959863669725,1.727828994418186,-5.390167016078704,0.4346906899005498,-2.8386458532319696
2,0.43855560823227585,-5.194666610113073,-0.44592041879767896,-1.396972357453783,2.2340633363607174,-11.157491633565915,5.480099540975622,-8.164626684733129,-0.691156454820644,8.632317325723951,0.19661881988062105,2.6263288754324297,-3.9588163363153868,1.365866499282075,-1.8465791529339737
2,-0.40559559262358114,8.383989168767622,0.2987734132451467,4.166215834625897,0.9654380129252641,12.045060072244791,-6.0598239836461145,14.773212757886728,-0.007208787487793151,-5.8548291381748045,-0.9012467270417304,-7.0104800126443445,8.296432471326634,-0.9918754209711268,2.8484034183831057
2,0.3386955359088764,3.42642306516994,-0.0031094849770101573,1.912794225708622,0.7521810388500854,7.5807403408309,-4.135336891143796,5.654579132936764,-0.0775955817669287,-4.761245086059531,-0.3068647458223138,-3.120000199840105,5.448456538357315,-0.10131117469762747,0.8541978462507225
2,0.13873719388951702,4.839657500746128,0.6461734595203481,0.7760902765923952,1.518360728046045,2.5054468420326463,-1.3791542908763088,6.946820470473908,-1.2823549808254755,-1.6540000332968363,-0.1345024977643739,-3.5885244140786177,2.7360516104315122,0.6606472375011763,1.3634312788090774
2,0.4914458471201951,1.2806025088465767,-0.23174311995301286,0.9088578161035321,-0.2967871313479609,21.490330532094788,-10.543746282846389,3.3802287209795723,-0.10933137926842063,-17.09358674276622,-1.2902475154280388,0.467662045984169,2.018511826939218,-0.8514816406130047,3.654920436446519
2,0.39537112721213813,10.47862930978848,1.713801076119665,3.3567367575302085,0.005626975840572254,-1.0317470542501834,0.252795497196385,14.707355594530432,0.22002874035424588,6.996388822566172,0.17695484210174145,-7.657160022966459,8.081119854788133,0.49855275139842753,-1.1099333686235724
2,-1.0844889656571055,-11.343394518003993,-1.1382540501628673,-4.1989710659101664,-1.6368131903384855,-11.58045032224952,6.4536700802599585,-17.479830656422585,1.2459942205233687,3.536854698550128,-0.3519060052796584,9.371832782408374,-11.289082206399955,-0.4488325510691551,-2.4886903675417624
2,-2.8329256830073106,2.950396590013034,0.7167958150832973,2.1864661004728068,0.5045187459086821,-15.752113838502778,8.404685341102699,3.7176868500758964,0.5260197285377021,14.909188590333834,-0.20697958518433904,-6.408711914390925,4.266131075080801,0.14733390761516996,-1.4219093302302943
2,-1.146522393888409,-4.597591585760374,-0.39385125577742053,-2.3453438549459085,-1.283292253457521,-3.961102844948447,1.207010530352074,-8.151686963550555,-0.017984907043979138,-3.986996573827533,1.004819937855563,5.530764391104128,-5.612982892659254,-0.5566901620566514,0.7118576993365135
2,1.100418831546873,7.992964712968175,-0.9915077868552012,3.8756538640954346,0.8069050494768073,20.63823365383585,-10.41919313431854,17.774314801888224,1.5710331527425432,-10.160575392007559,-0.3178456043373598,-3.35069711805919,9.02675569319104,-2.082009597161717,1.7903272228656033
2,-0.375350635847138,2.637663480922673,-0.9425728642758654,1.0221465491769406,1.1288816611085153,-2.4336330687284917,1.078624530862588,7.624486713039772,-0.3281157377764528,3.008308143240108,-1.990532352288243,-0.6594662017338229,2.3700424253723242,-0.18277733615846123,0.7850719375925623
2,0.4791845741534411,10.905623583017169,-0.23258038449133306,5.326925151810705,1.120786128144004,6.35800766418929,-3.7253537044293052,20.309820460773505,1.207519267732161,3.0234763782265786,-0.36908046498519614,-8.530438357470752,12.19507032597818,-1.5372444696583503,-0.03449717571454228
2,0.7318548068154752,7.396034991883858,0.8149787606303233,2.9610248753344273,-1.0839326169213481,13.223004579337838,-7.093670708906825,9.99218112967958,0.46622307395400253,-7.753007199663257,0.38229254221321224,-6.923552613849213,6.336349051791709,-1.3748816040327902,2.158514227700223
2,0.8991464673232518,3.76465730966782,1.0750170564654955,1.915130771687251,0.3702282982440423,-1.8262421628478778,0.949263196621042,5.185137840713339,1.1454629818642188,6.444597782587327,-0.4480599302573032,-8.038686089472156,4.860231035743396,1.0412895020836714,-2.4697428923802955
2,0.837794175030176,-5.9500962621867775,-2.0356933755447666,-2.090695731029893,0.6721804808460297,20.712828128112562,-10.807864708797647,-6.933970012149896,-1.113927916529564,-21.249082165005607,0.22943743554272414,5.7464453698401945,-4.701374417640068,-0.5582110978128821,4.99579347154626
2,0.3218174319178287,-5.736223522976028,-0.13045140587265933,-0.24139136582100254,1.0682996942105705,-0.7694260782311814,-0.4517062756647532,-9.971849419619122,-0.5558825252477184,-0.8808817253452245,-0.5555041586656823,-0.8539535454267111,-0.8280466233146182,0.6748350638822644,0.42045007853349353
2,-1.3915229348899718,-2.897676185247904,0.14044075583136856,-1.7042245734857762,0.0459997011875509,-12.009472922599365,6.083922833356577,-5.783526860098298,0.18688320081367596,6.239724139459662,-0.053900851653411415,3.9075613916381626,-5.3104384424480955,0.33970396408570425,-1.6091088834100196
2,-0.5132061909018035,-13.81931488808132,0.36782333852736426,-4.8975359472291125,-2.0364682683388424,-17.079811142238086,7.663689746213219,-25.042192133688985,0.018226180071276073,5.953476021017089,0.27113296632212536,7.514508321835062,-11.107638518881098,1.121871195602051,-2.8991435752501866
2,0.7609698731520163,5.493837541532078,0.8821337196708398,2.797775293199249,0.7231776119410661,2.130093413452268,-0.25301294679224406,6.8382201486374,0.338666961847711,5.006578675040784,-0.15557138028316553,-6.224972173937181,5.909766267714388,0.3145658842097194,-1.1693829923843682
2,-0.7296147605585104,-7.071158819493902,-0.8199129221783796,-3.9882338908018653,-0.5849253715100869,-8.578116587815886,4.2065086860551215,-10.062548263006141,-0.20325596717057115,0.8511636004194801,0.1835628351644797,7.493234083930021,-7.64916796855791,0.44957977857017856,-0.7397511688940831
2,1.0882866864931886,8.346767697784294,0.630234334981371,2.372347919970513,0.08694354977261434,10.626572349888816,-5.388873082290801,13.981853910735087,-0.10234374445478699,-4.523419886756559,0.0753431007549193,-4.6636496644118175,6.294205375414417,0.07761063501054459,1.70610966731758
2,-0.08429659564124574,-14.903581588017483,-1.6405566242120975,-5.830278779996157,-0.6546292984747752,-9.633441933170129,4.574512479131294,-23.321836533560525,-0.9419661125204117,-0.7220043038959406,-0.9136921585160598,12.585763251663455,-12.264664055728815,0.9357000019502717,-0.6893346577574384
2,-0.19170739458905764,16.394137079209028,-0.3975135309257102,5.097712325739638,1.3597256398015072,20.653000888411352,-10.335905607813181,29.520720410556486,0.8704184008186742,-11.513199964142379,0.146079095899668,-8.317349238741159,10.609641878354502,-1.5347213556163306,3.6320347968591604
2,1.6045091811095045,5.424311624986999,1.3258416215228044,1.4086386857412991,0.23809455871676138,4.760276497572256,-2.1161852444477924,6.318765495271328,-1.8892397736304543,-0.2261417731815433,0.04090064159787645,-5.16089351490434,3.4953439884687074,0.2640629253443916,1.4957837459778296
2,-0.49311267978389256,-6.2956953082258735,0.03247597658114505,-2.495187052171817,-0.8998551721124236,-14.587435002026233,7.702347943923833,-11.460279838975044,-0.3014289414225326,9.885734175480511,-0.41253903364700734,4.13160508643032,-5.544344398753879,1.0072061194259785,-2.29534896229397
2,1.0065974716663826,4.942225312542242,-0.5996954648505316,2.6304346591236247,0.07115149724940253,23.89049428138476,-11.594508211037414,8.638938464955821,0.6667372258865782,-15.609983428364767,-0.06396917114544759,-2.4197589690051746,3.9311971371555123,-2.42246278902154,3.3076699722184197
2,-0.3212485740298375,0.41653803699609593,0.9267029476129642,0.032759048021544446,-0.10876386628432895,-7.666442892771914,3.9825328875295276,-1.0329771473418068,-0.17575263439217143,5.983127140035641,0.41302614185202924,-0.39432296142158485,-1.6350716096993143,0.2173262453913971,-1.088198718256852
2,-0.10822559105718642,3.774563161303275,0.5917338085191933,1.1995393737624855,0.722323046337462,13.395674726073683,-5.9560922344038865,5.274316317020615,-0.04641298369009954,-10.430113644684562,-1.5359892168395537,-3.6380052116730175,3.073896021032225,0.284982753095074,2.1840407142228404
2,0.5398537864874006,-0.03702340937956952,-0.049099472756223936,-0.6974963192410951,0.4904230395853333,-0.21824248157230736,0.459395661602429,0.5187234664299757,-0.17462252397873748,1.101046318066354,0.61320623230186,2.1966420548614214,-1.679317145783343,0.895454660594785,-0.8768288161268425
2,-0.37816215206838427,6.567039630499638,1.490399060916133,2.475729994869927,-0.5028307535969739,2.640263001028141,-1.159363194719178,7.155899895298792,-0.4942692586255635,1.5349376623554059,-0.6502797756371836,-7.352698689774033,5.511379411797991,-0.19283920276788452,1.084423098321577
2,0.05342173704885309,-3.379986552929933,-0.4987475224758913,-2.3183706725253703,0.7913775127057746,-17.538987995201442,8.480872873273686,-6.034175079160639,0.7507196175857366,12.229325500633593,0.00827062558850722,4.718337746289948,-6.694685633215985,1.672047609778441,-3.9358379462726782
2,-0.21619036430723756,2.451982587849535,0.14018411265274616,-0.49024288513696995,-0.6588713094564138,-3.834733213190378,1.7706197858271309,3.395000517249173,-0.5201692708633355,2.7753658038746156,-1.660587975184827,-0.094966805318433,-2.6244981776480922,0.2571988980521456,0.2505198445185128
2,0.6290019630715252,-3.113019163669849,0.46581028748311426,-1.2854295844611592,-0.24582480693373482,-4.493965655854825,2.3226128886387425,-6.012327483761954,-0.8747200290382046,3.3941889130601384,0.47167217657404825,0.9944159816583693,-1.7336272844145229,0.8102801438468331,-0.8732743998779802
2,-0.06396354167468801,-6.5407023435917795,-2.153501129646166,-4.2782468692698945,0.5206050855430522,-16.053096176902706,7.24586144051471,-7.94222990749824,-0.01003352671309913,7.657228238759954,1.046269793933435,11.897718181952222,-11.40235590760942,1.5436086739157018,-3.329488510319941
2,-0.14412087468022472,0.03149410542630179,-0.6543233112055217,0.5141024847789117,-0.40436667657242104,12.564690150569145,-6.444079628982351,0.5657300634890232,0.6457872032680527,-12.318547239022763,0.5804750208099613,2.494879793678895,1.2659888590345951,-1.2540954737920693,1.9013547219174396
2,-0.8728945345012957,-7.752535650705943,-0.25960572254992637,-3.430922916771244,-0.3472301007978506,-13.895319645923742,5.948764167018617,-12.511969870687041,1.0439831884498518,3.0348781744064723,-0.6053258641266267,6.376780896339831,-8.040025364162705,1.017157793563964,-2.6809033849473076
2,0.4507871868639443,9.916352950012582,0.5983667247211311,3.4670615405349348,1.5656478921279757,-17.144240510617294,8.571541925620334,15.876643121595372,0.9325035758094545,22.559178383737333,0.08117235109508389,-7.489396736801076,7.522663675628786,1.4764304177882674,-5.214782813936195
2,-0.9448377128478693,-9.667744190814146,-0.9074059881924719,-3.4145389945375157,-1.4817366516069144,-19.869312710429018,10.660446321509848,-14.629891429876945,1.6441572870415306,12.765031273959726,-0.2834208312557743,6.333443718928686,-7.1742551210401535,0.6373739007239182,-4.665554231582851
2,-0.09862547043930929,-2.429439378869735,-0.9875026026736397,-1.66712653380194,0.8084245901953168,0.28733678814637154,-0.33660258013327427,-0.6209523865384489,-0.25115182521089596,-3.1364886148786426,0.8439956528520483,5.425981301498007,-3.4569257648224543,0.6106327666059154,1.1717069862280711
2,0.0006020432647661381,-2.5365247591424582,-0.19408347518157493,-1.5538076342527765,-1.2159791539434734,-6.050956094385731,2.389204551426992,-4.6302334368576075,1.6626798415243258,1.6974122639613223,0.1638385043062399,2.8239298146224026,-3.3006911616551644,-0.2831663497289181,-2.659454652119389
2,0.9333779729515912,-8.768609054427198,0.9699501279184294,-3.0570872280094163,-1.6421779418173648,1.6163588787351555,-0.42903840803230564,-17.72627131727432,0.22685499373025594,-4.771253298837353,0.7802983655054659,3.129124203805229,-6.901542799902855,0.5090203972459699,-0.8702033695133555
2,-0.17944460821546432,-6.746846539982202,-0.18911989349254477,-3.1531418739224635,0.05901128406523154,-5.788907008889522,3.8094846837889897,-12.031379841226222,0.3110572178189674,2.1068100283361293,0.27763436546979314,6.055723411325739,-8.500031124349697,0.08157034130355753,-1.3164455601212828
2,-0.1190255473912267,-0.6937864454102602,-1.2462534090859632,0.5950400742265071,2.3916879199238243,-12.746843652421278,5.838611298837756,2.402827328763261,-0.05882991176999782,11.993536860173258,-1.6490347947266681,0.9933891604140013,2.7617823329306224,1.1507989727594734,-2.4475517516128993
2,-0.0631815244292293,-12.40011689651543,-0.26479389184294894,-5.902705733489592,-1.7402022327638869,-1.9462628096002772,0.6538790453901732,-21.428476658916416,-0.011231791630522073,-9.44169258100614,1.1868259000918404,10.057887981495705,-13.747222281052435,0.9193075120882908,0.07982927626303588
2,0.9026211927736739,-7.380718607160414,-0.25105678438788936,-3.9300325223936503,-1.3381402927176058,-9.804362832284653,5.1964966299624376,-12.93285854180589,-0.6372271869708978,4.036648536957939,-0.12217938661368334,8.389515487844589,-8.883946163158962,1.2250368328884682,-1.886482808722692
2,0.4402629337829245,5.654905232915304,0.21458282912628246,2.0434581525608833,-0.9090846770245374,19.635497098962503,-10.661286597534978,7.8812499909799945,-0.39774363243698035,-16.30594439577813,-0.6542039960517813,-3.333983809437185,4.694689323274171,-1.5748329135156165,4.504149361293434
2,-0.4465372753690311,8.67071094787639,0.679608895410984,3.9399850763892275,2.2785497394322816,-6.172513936486143,2.940995455761579,12.347078874571702,-0.205996612334957,11.276523261284657,-1.5459837258647466,-8.956020707727124,8.623397111137377,1.3462193772167568,-0.6145697533036252
2,-0.17649497847107876,-0.7151805025988145,-0.14952462305553854,0.621888883467947,-0.005041164320561785,-5.8651376037409335,2.4707695405689876,-1.414680367021011,0.824186759568519,6.079606269600214,-0.16109533442697146,-0.27789178260666664,0.35598273523750495,-0.6186692206951487,-1.008072530785616
2,0.7145197883068579,-10.67425503156099,-0.5059597862056413,-4.068785259506652,0.4692181968328707,-14.677484104025755,7.495461757905224,-17.79417379641818,-0.09893968918533998,7.791029669239872,0.8841259530225504,6.877345007398432,-8.412664763074144,2.1442320895163385,-3.509633592219725
2,0.3604229200753395,9.225431386075796,-0.2451256281142137,4.988372081219696,1.1414889896749132,33.116867172000724,-15.865064870240126,16.559918152956435,-1.416813940163444,-20.588589347073498,-1.0701040122029026,-8.786602504869585,11.648585935471033,-1.3884349402148697,7.144624865102668
2,0.9468366802503209,2.152713548276371,-0.7382684186751501,-0.20189246175482675,0.581442988882497,12.831493786404277,-6.547991442752143,3.040717194370973,-0.11584035808877693,-11.2306337860525,-0.17113819879479059,1.6011192819518636,-0.4766555727393535,-0.3211664617520087,2.22285956078402
2,-0.3567530687173261,-2.017074076323749,0.3354726809670922,-0.5399660221615544,0.3812462585723033,-10.517774852410675,5.106105431878044,-5.225888270662744,-1.5526418249521814,7.95894447358408,-0.8343103930186925,1.6774709373518217,-0.8978155731241226,1.6554401531177632,0.07449087173551655
2,0.6274619337377971,-8.999692906641103,-0.05444412835007114,-3.2684583103989717,-3.3970735180732317,8.389360340973923,-5.00330629090967,-15.957509134182317,-0.042463933620367156,-11.955096161686333,0.9263361013180705,5.539446464247349,-6.683320844360007,-1.4212023202962503,1.310507415389484
2,0.09025676682646729,-6.815061686984694,1.4186943435661628,-2.65506610317335,-2.136355944104786,2.874167506985602,-0.9246699160968758,-14.382617077739322,-0.4463144504839754,-6.056764994121613,0.255143510285147,0.6099040489485622,-5.511653197870043,0.5414656117955696,0.9335308997605958
2,1.3456034851010168,4.253034821567619,1.0457808483784874,0.3353571033464699,-0.23181194191295995,-1.5629790641370833,0.4151605548152863,5.42431550326844,-0.4896732232770802,3.537522010406316,-0.06561808158196027,-1.804770236948221,1.6588349627418564,1.0020658051986855,-1.1899210372073459
2,-0.18075431246676552,5.429334267840775,3.267856028944199,2.556180224594811,0.14291521242767463,-31.40887183621039,15.221173103795097,1.782208110550153,0.7035505629863037,32.27727357854745,-0.13107067023856336,-10.180784710828172,5.69651642128625,1.7445813762232714,-5.772700086662718
2,0.4267545707284744,9.0491620831392,2.338804310398325,3.885535566342681,0.3712604460585563,-4.486866045437927,2.8884823174773198,10.582159822412981,0.08348650035890966,12.358667640146711,0.08365093554256015,-11.489722907256137,9.052403023599108,1.0867762241542167,-1.8671272137374177
2,-1.5481828397546786,0.3955597944789635,1.5388355684046753,1.2754567341627994,-0.8376351378003417,-0.3201350454104213,0.617624713215609,-0.10530307159020584,-0.39009673146124907,0.9124023288960672,0.19329562139938758,-5.057985773109286,1.9755064447218127,-0.27297767846365295,1.83978629928885
2,0.21933974428785213,-13.867518628753253,0.6223478714273042,-3.8749377281757527,-1.8626331436740193,0.41896233245290354,-0.009972245709365725,-26.158611943731746,-0.5682773176802187,-6.890345937877448,0.8923862201607954,5.581554816302008,-7.475981221149122,0.17426922090521976,0.38809816440241984
2,0.1996433254268884,6.39169129734997,0.9530572386698554,4.363763646868291,-0.6181041739583574,15.563818379456455,-8.66113773691436,9.810054858288098,0.20923950702664823,-7.487942007017792,0.2095953855251304,-9.63957108295219,11.099059317649914,-1.9774250462100806,2.8939054732755345
2,-0.45733937761113375,14.142588363476875,0.05935402795860573,6.385516524902987,2.7168927054124667,13.21206061636732,-6.3256055985542385,24.535048973833202,-0.6356310852465737,-1.6261486561164318,1.1576471729149456,-9.950895765283686,13.817205993501481,-1.2174408107119514,3.4895174102119975
2,1.869491927762038,13.951809789673412,-0.2810688070003646,4.581009861098099,0.2601553636576318,37.468244338295136,-19.930084647941104,24.40589214240172,-0.7315894222779203,-27.49485101917851,-0.3698586502173582,-6.00139776614962,10.312604377263467,-2.438584626063328,6.981054333400356
2,-0.5822570503789026,11.801188748752892,-0.3880059927780792,3.088072055419405,1.905778392425574,-11.734696109164231,5.742599541249239,21.115076133898274,0.26819317066436305,15.199512837998979,0.7125611228733745,-3.1552324879226914,7.297268352153058,-0.1641823401110775,-2.1074491292915294
2,-0.0007231986940936978,8.92222402536713,1.0624715582017161,3.5011749950375637,-0.8703927080148633,4.738995393377468,-2.2072757887875225,13.939584504491183,1.3390372645093445,2.3862004444506115,-0.6372811797286024,-8.46586128346713,7.301942577508805,-1.3567171276209327,-0.20802021350166608
2,-0.9621460350968247,15.336593296515732,1.9828736165913845,6.0978102774239975,0.17435407455727786,-9.601457155458347,4.415032902465708,21.15480057714765,1.5368703448542034,17.286157893648227,0.0012557811512590009,-15.52487467178311,13.648898875959837,-1.2124870202679503,-2.160688621009866
2,0.3321499874808031,1.3792022832142317,-0.011188315943229383,0.05046774473648753,0.8769967887645954,-8.838891384403881,4.070146540563484,1.3582924422245335,1.0133605767865903,8.88887774146862,1.0505792849646094,-1.0664787270870588,-1.124231932072717,0.5840732746061669,-3.2076911636657126
2,1.2401460732009635,-4.481661404014727,-1.3313349100164864,-1.4938648324499957,-0.04603747214819378,11.360898648584856,-4.940577493904866,-5.005317893166122,0.4908017420736014,-10.803086226827606,0.6701663450112733,4.104977751778576,-4.162353510054517,0.16660394167934828,0.3292166565117026
2,-0.4742967053113494,-7.028765002368607,-0.2925386198637241,-2.165027681318449,0.47269527647022547,-11.280425748936857,5.230704655392566,-12.478137134872659,0.022230371089440554,3.5026776397656474,0.48665779288930705,4.704152695216883,-4.609879238636044,1.0569472109519331,-1.9830918014806456
2,-0.3173944803212791,6.872133860961445,1.7882318763213536,2.4209957622114366,-0.6772128805600236,-6.123052105577432,3.4965142402815177,7.588490968716789,-0.6136619897904698,9.899839419190327,-0.5009078637666226,-7.4281275285600685,5.530120647869219,0.053648669113652514,-0.646439936274008
2,0.7330398943847517,1.3276941819958794,0.7840702558228441,0.776901350764503,0.42483496961773753,-0.8661595071764169,0.2597928038999318,0.8304125713482813,-1.1729502428649354,3.8100249043095746,0.24102677615604945,-2.3650523159998538,2.3148755023508127,0.7966283377873458,0.6574527418757649
2,-0.1741903969734702,-6.6344649892032,1.2555347439240645,-1.9426274528484615,0.7840798681202922,-27.511860178856796,13.023040330912968,-14.075750849403027,0.010654054606267565,21.316028863327766,0.56692001655024,1.602994376908091,-5.1787825739531925,2.730249432001303,-5.200628938872245
2,0.656423028886121,21.20489420152695,0.5375724602609044,7.854891119043744,1.9324463757697694,11.513171022242116,-6.1321038864624215,35.79289610243957,0.06925284245490021,3.629933218580515,-0.7376976986636115,-13.550727236217067,16.804465831274545,-0.7134845903733354,2.08729223753517
2,0.6728268590138685,-2.8223236314319657,0.29050880448234107,-0.4708497960927426,-0.8239599229564109,3.5100685830998013,-1.8735802263475099,-6.017347682373497,-1.2316888240535615,-2.87525779191632,0.6508926445164257,-0.018900780346517133,0.378380157310978,0.124028494688108,1.0211755632225445
2,-0.3551701342662089,-15.815034807032612,1.0711027162445206,-7.913176289101364,-2.401661960784016,-23.014650753608745,9.880579690950176,-29.355042105954375,-0.2777206533287429,4.992462067480978,-0.08909062418785356,10.803002608168605,-17.02660474242453,2.6560281505820114,-3.595707636499819
2,-0.06137021779324703,18.0471665629393,1.4466403288470853,8.462934388482273,0.11329142429275804,14.44557961352856,-6.530810703491572,27.105713242128594,-0.13524755641862501,1.7443974143769019,-0.23102929905604724,-16.39546191328876,18.715291846528068,-2.069684855462703,3.1490181176302334
2,0.6792859612623156,-0.22312785676086577,-0.07155150151669952,0.331950498670663,0.5382993831893621,10.319668019871393,-4.001446184809631,0.9851371949451989,-1.6251733171290452,-6.318647623275155,-0.9299603581771059,-0.2965536915831022,0.7835981465387063,0.3301359956941795,2.4097967717859623
2,-0.43302750798500256,5.24100233392317,-0.8125075564675877,2.27488476209649,1.0774191763432315,7.006790933096203,-3.1080975069294046,10.932895146536502,-0.5881089453034622,-2.424065745534256,0.1739434715999301,-2.035827345067414,3.844229117294359,-0.9707722911945098,1.9265131890696678
2,0.3416723346593338,-8.801555841234526,-0.9477335707320377,-2.9473503723877057,-0.9621837145858737,8.297989265935772,-3.2588511055167984,-13.82749713423093,-0.22851154340568958,-11.13248240110695,1.0985234202265879,7.331347144890367,-7.030259671762924,-0.3170397680094535,0.707007800175196
2,-1.0385441930643315,14.718167829188019,0.432012944727424,8.634730914069172,1.269295108929147,19.474447311835693,-9.959939674252945,26.34979656300798,-1.8171889552543325,-4.842180835122279,-0.3408086991634243,-16.33366241017401,18.74218764489995,-2.163653554486249,7.005466694396897
2,0.15222998093495851,7.319491181429686,0.4342929154649794,3.220042323408962,1.859698798548965,-14.168562484751137,6.673641579623659,13.11961922963268,0.9383187732573938,16.55407126346783,0.7184472542059256,-6.925772412665807,7.6763212798236795,0.9146441259358583,-3.5333246519040675
2,-0.7653744988333532,5.37646397031381,-2.2143650250370097,2.1594014590617463,2.661740252589883,4.523421056485002,-1.7677759457305295,13.648032632656474,0.18537631778277067,-1.31558139718942,-0.6108954780078893,-1.3954541301238859,6.419572495385442,-1.230230729259929,1.2199877997701594
2,0.6401159159167288,4.043425540986533,-0.577743432747113,0.7627048252072925,1.3560621131328432,-9.100591645392013,3.6929987859910685,8.616067742491564,-0.4801542797908832,8.44606154981825,1.7292162381350362,-1.4769470221824161,0.009576575719996802,0.5854259777787606,-1.1445410664948539
2,0.35377713234039193,1.0621438291684786,-0.9775968917144061,1.8670341441672664,-0.4726723942382489,12.57094715282452,-5.831823376512973,3.5778568471768066,0.5060952882488401,-7.562679492641584,0.7136931531354107,-0.9625648711388014,5.185727461693478,-1.9208062940596797,1.726959675606541
2,0.5348946655991846,-10.563406795973117,-0.36504386676859535,-4.158009048999679,-0.18908213143879288,-10.198259430253053,5.2049622068475605,-17.64072334847568,-0.2406838023100161,5.354115445710349,0.09891752446016948,5.770427622556632,-7.901818809314852,0.7940236498873602,-2.2792136092744903
2,0.35926969766447747,5.510719234522377,-1.2567925843066523,2.83744294147803,0.1799134257228876,11.195580076854112,-6.386441443910601,12.695311164683595,0.320089806438381,-7.064223436696667,0.8272663816164362,-4.353793013357963,6.690223909548182,-1.813789990303117,2.301861927752862
2,1.0332630398465923,24.110445886132283,1.6006747626115359,9.976368858952931,2.906512037157182,-6.008312999794866,2.157633154091693,39.47420139677845,1.1889209581233948,24.278093195907744,1.2925037752173687,-17.558484299923187,23.33052774758762,-0.473229419622858,-2.95742387838746
2,1.2765495103258453,-9.030878212196116,0.1570461332587854,-4.475316916016155,-2.3215113379731274,5.5851307787478826,-3.0864522415275726,-16.37594499904194,-0.6437886548769022,-11.607549029962199,0.588969325066043,8.12226218480862,-10.591514560204951,-0.10361766807989878,0.15310576292757666
2,1.1714268192172625,5.063087753601574,-0.800024724577318,1.328474335476367,1.6502609665194505,12.408529978497018,-6.2593672502314845,9.894224360047469,0.3102295152206374,-6.219183210480108,-1.5993929324196805,0.40882322046971337,5.8303311520184025,-0.41142993971023606,1.1443395481603298
2,0.06507060032180335,2.858976298024855,-0.7605202319060482,-0.6008853590645515,0.9335016217539756,-1.6342316137920256,0.8786508177776884,6.668249263406907,-0.32074841438974017,0.7931628159885428,0.8281699263799113,3.0261760882456237,-0.9506869877532347,1.0209926349637823,0.020844140594858167
2,-0.5066329449255187,-0.7469511215090193,0.43451600344945973,-1.5689619294337553,-1.093755107679071,-20.47923515528026,10.466658296197874,-1.7381942419780747,0.7604133327363137,16.13510287953632,0.973980900167684,1.166096851079315,-2.8160047464690363,0.857287310175737,-5.008850681051327
2,-0.28291509033359113,14.038379049834957,1.3380244693968053,7.034839946187833,0.19871854196367322,14.809264392294091,-6.540130434887595,21.28646061598789,0.9335724015922606,0.21076675845991305,-0.13050436373865254,-15.389595176024567,15.625393484479481,-1.285740331406063,1.7036241849822742
2,0.09220306595074713,-0.10916056625975817,-0.970514844192161,-0.6905982186473857,0.8442481338437902,9.440608878214116,-4.43550148999827,2.3630580120087648,-0.5625834902015535,-9.705203349516362,0.1518513780498507,2.7187577446338955,-0.052043903203514444,-0.38297365800633737,1.7017664546521623
2,-0.7459996645817059,-9.173689483315453,-0.8833796266103379,-3.928642425977502,-2.554690123345689,6.25867846972394,-3.661891543787032,-13.470957243379281,0.4019203673467655,-13.746818351324523,0.7456500453405516,8.28234485997254,-9.021739185666668,-0.838463438562544,1.5656951430535377
2,0.9737963318055527,11.248188760020428,-0.30785897344479485,5.239895292656167,1.0744142295778503,17.433197674391913,-9.017544891332467,20.62748068390435,1.0201818176142314,-5.529660241524164,-1.3032436504132527,-8.645551946195924,11.88867667222347,-2.1981836242043578,1.9537096914157954
2,1.5738679240486353,-7.149664068937111,-0.4136775368559122,-3.9313940627682062,-0.5645130068646012,-0.5233978001240219,0.8024803978830793,-12.34917365140089,0.6812713760266258,-3.176328015898061,-0.25779949882352654,7.330002268384142,-9.37968088012999,1.1167677206279376,-2.0963230968796203
2,0.36348691714887316,-11.234972306539767,0.7130095718847997,-4.812474539397736,-2.2080341849081124,-19.7785109381124,10.03500682510377,-21.35947204360283,0.6991688893893735,11.664038222107413,0.44652562242157146,6.974607544815405,-10.159544737865245,1.8572847045321013,-5.3483486108194045
2,0.9949648280588121,-4.926365471522713,-0.9028300538817678,-1.4280133962248422,0.3149175853582869,2.3325374186295336,-0.9005209368599191,-5.2792791278130755,-0.07714911923813277,-1.7699978530140617,-0.1028366019058643,3.8258182030556633,-3.6861427361970622,0.6137626921638016,-0.4436630519718125
2,0.9316196743994589,9.979632333040081,1.4213821705195717,6.190206569722248,-0.06368575867411917,9.405744693426579,-5.637353991931879,15.205015623391255,0.30130944024997625,1.4078566223495417,0.257215301292469,-13.471760931895563,13.311215288517976,-1.127897445228273,1.2515787217733878
2,-0.799970668937296,-3.0049282743837384,1.0482813102874287,-1.6633770573615407,-2.5994229740025845,2.086857814223581,-0.528829950088811,-6.160396944002756,0.8619757685028073,-5.140104084495742,-0.6761855326292558,1.473349688040522,-3.192245602833259,-0.08686938797155175,-0.16973631644973813
2,-0.1524531363758016,16.58738778765374,-0.8075956151502206,6.951493351008749,1.172682666765089,19.59757134175792,-11.28611925197971,30.100578462943925,0.378139959628952,-8.337571117949905,-1.386797990778176,-10.150259932736542,16.342715126808695,-3.2068344370989115,4.578132961973969
2,-0.34559140362421764,0.20383334700568737,0.2554909823824208,1.7615447828664907,-0.4119046796269695,14.914206215477602,-7.6981294412159444,-2.093697644463978,-0.6678166318502837,-10.733809745829408,1.270475016178005,-4.506860683150212,5.142264398749433,-0.6426240350874852,4.527371247276157
2,-1.2165096467447292,-2.270597872468394,0.1745970934196548,-0.4241777880085739,0.17162876063647023,-8.812432135408969,4.656184668422057,-4.153701813004077,-0.526326313825843,5.519663745994042,0.05529293267352283,-0.09292416534302478,-1.8526293049866447,0.4430992739126391,-0.19929764350012588
2,1.1567602431536534,-9.293059160336089,0.08371864830294141,-4.351369183502471,-0.7239316300072399,-10.532288302952205,4.839613244703589,-16.911489319532865,0.9037629581692792,3.3457361996008483,-0.35758104682323893,6.294628947697971,-8.866358201372961,0.8992194703619002,-4.320089799325194
2,-0.5066203955694724,-3.390532987233877,-0.02212435020317262,-1.010758597294388,1.2655696489071697,-21.89518393562105,11.986698905485301,-5.790658029292303,-0.5752202133358556,19.572948858350447,-0.5641934527239284,2.969317675462295,-1.565465381917361,1.9055842737406763,-4.146987565276649
2,0.7314128022708614,-6.4441419780932385,0.34783396625273233,-2.6814652039310376,-1.1160218949846812,-5.215337398368742,3.124179041304132,-11.741720808559004,0.9721893551277536,1.060920710720633,-0.5898022067626648,3.0726433380122646,-7.3509093920503785,-0.5503188466763971,-2.7180665981097443
2,-0.6736418199898634,-8.758061687034012,-0.1441580349833475,-4.024256181747274,-2.522364935564444,0.6623549875882923,-0.3274217273738183,-15.539202622916694,-0.6023518764853685,-7.935845951667513,-0.679057572935472,8.52008268847294,-10.043910463417266,-0.12850548692618965,1.4439562447570988
2,-0.6394776598644527,21.539350544356346,1.6209986142882045,9.813432425638789,1.2206189232506095,3.745988133542785,-1.7230062281219933,34.35832674549392,0.9358574697321331,12.237536277319272,0.003358194974479543,-19.314526285603407,22.64374034136319,-1.8996776581288397,-0.017363319790741835
2,0.7661880822804018,-12.877527435569176,-0.35247557572954613,-5.728190821747801,-1.0188940485116338,-6.247776356984024,2.362348479926963,-21.748392402427946,-1.302767992971756,-4.331848434179287,0.36677294547766187,9.073993515777149,-11.776118288343415,1.2934972587853832,-0.8704221668003397
2,1.0675233015701073,6.227339499291241,0.31450990431251213,1.2869052455554069,-1.3660730544154405,16.543309821238605,-8.189603014921111,9.90391968947425,-1.3681053017549805,-11.487515259966688,0.5823700400297654,-2.0384229290947524,3.458227824730514,-1.1609033167901148,3.2954783644214722
2,-0.8225269367498488,0.6600785247989814,0.7168648300047762,0.6526708590449135,-1.0974720848866124,1.1930332970227604,-0.544525579164935,0.7488446685042469,-0.6998600191428141,-0.8678424256256704,0.20139875831629875,-3.5641094800977533,3.1268132322618096,-0.2991216042050134,1.366582074922821
2,0.34090570733434783,-1.6784151556798728,-0.6439033267210919,-0.9188964483283966,-1.030342233310059,14.46477191320261,-7.297101151434133,-0.20218989585499975,-0.6903994645528363,-13.693517288295697,-0.3548187637707873,1.959467917097174,-2.486830482361309,-0.7688099635380703,3.8474444291173953
2,0.4815986374913444,6.794028184394934,-0.15444032062278396,1.806813768592148,-0.11168156943834441,5.74444839007071,-2.7945234157651977,12.438908842944356,-0.1691489978468302,-1.9773496974489062,-1.267433216070345,-3.856265741049383,4.001696072626594,-0.9931060761173774,0.6791758247330315
2,-1.2172164666580045,-8.729048417363984,1.042649152241373,-4.59854475209131,-1.8882518770921528,-22.378059845932736,11.615781507555122,-17.528040052892834,0.6538387891191548,11.703741383503523,-0.8782483285025707,4.132990480735409,-9.877297963793648,1.512531300032694,-4.46423086726039
2,-0.8283341026654049,-1.1443238333081558,-2.4097239286987566,-1.0363781656382598,2.2914452105635377,-13.225281602294235,5.604520699032431,2.2848916523030645,-0.0921649873159318,6.977156123556773,-0.22578577888438525,5.9322977961886,-4.07032560860008,0.6359088685551801,-1.3168681169866174
2,-0.5325759206837273,24.15296476693619,1.0922121876977953,9.017674397740791,0.554975140894031,26.715439874365696,-13.08430380219312,40.165121078773566,-1.1862034315301087,-11.202653241093945,0.9416721582362327,-17.568601142107973,21.646994868584468,-2.0618890224219695,6.78741115572871
2,-0.44265683588476407,-3.8482662401360237,-0.13298560872475657,-0.5012000347123873,-0.33039177372371253,-2.7945962280631544,1.0469261307450697,-6.385837234437333,-0.04788151497223185,0.3572861286243257,0.868570905027941,3.073559467851647,-2.285421530994418,-0.46017070336011445,0.24558037599938265
2,-0.4621523942639492,18.256618847541638,2.1256257100301736,7.352507899651156,1.6661248039287786,2.3831508878222425,-0.7140006353798638,27.417894011573495,0.8407392630274136,10.12868263648834,0.5303574075894968,-15.974617567614654,16.29208534582447,-0.09176907817040414,0.1015573161334607
2,-0.741011190332031,-7.48368967238169,-1.6183730430340681,-2.3754483166242983,-0.3796532585813528,10.371935150588213,-6.1175491260762795,-8.807922457523732,-1.0047201172632503,-16.83365255676735,-0.6653671878923634,6.898409937562263,-6.8193341833676415,-0.6615182084261773,4.501397325728919
2,0.7355024895676072,6.926455905352389,-0.8209445342757553,2.9076617951275985,1.247248750951595,4.462996264546433,-1.1353195256541158,12.960896332930064,0.7996925861391715,4.0060767718646675,-0.6111085237659434,-4.544161066320117,6.430210750871229,-0.6046315273759729,-0.5750634448398873
2,-2.7236248987337226,-14.513933379339809,-2.256768281282268,-6.700108692713942,-2.2676488506563133,-4.848202379098557,2.5122941588391656,-20.03748851538391,0.4639353032116097,-11.44383657484503,-0.3261639927240527,13.97419019564091,-15.47119022316276,-1.1938658457687066,1.3938459875253337
2,-0.674159577083513,-12.020142389695119,-0.44791973439991034,-4.61693009093648,-0.1557129640638667,-24.396652911819185,13.383006959692406,-19.35319304452332,-0.08682262426207407,15.478985375503797,0.7603642222460886,7.186301347322642,-9.88494691445973,2.3684180993721338,-4.956191481551285
2,-2.01975325228467,-0.5815970413617281,-1.2093126230204394,-0.6943394131285388,-0.2579277499761849,0.6250964000878079,-1.189469439754859,0.25942072488184725,0.3960802337176897,-8.057264515381418,0.3651595363327247,2.149765969501019,-2.3808826942186263,-0.5461922373782894,2.091760535447926
2,0.08711549481618486,-5.456535571730745,-1.337245738497764,-1.6324821152281028,-1.1644372385501167,14.056016760875794,-7.008745372179495,-6.978286791028963,-0.8842325387616897,-15.582055010567204,0.22839871296975242,7.091500080602115,-3.1071923626279405,-1.010700391776854,3.772365804388607
2,0.4026965522453437,-0.680090647610127,0.43157419015663534,0.14216075803882322,-0.431660678083089,-1.7522897692163981,0.7800370585811893,-2.194419073954518,1.0962771076914406,2.625484766792329,0.24967854385625687,-2.357962911402171,-0.9746780413414975,-0.4741726760487796,-1.7088387910319456
2,-1.1512859158350566,-4.269197565685025,-0.5514852474277339,-1.3010386013746684,1.1157871936994441,-13.534334365952708,6.838599326466624,-7.049707056996464,0.603807992679687,9.757033422286833,0.29877935425096874,2.3011213318238566,-2.4979853856463325,0.8401308411127905,-2.68037698297629
2,-0.20244730898637456,4.226416580482322,-1.2143901663069536,1.9866496167538426,0.9724892868328968,5.70878113154855,-3.6023719444085405,9.879513280831135,0.0992481650200443,-3.4814452936872726,0.2313388012890401,-0.355886325123646,5.997813365836922,-0.7610399273473154,1.5377782072643944
2,0.3767889753492208,-9.989611536174214,-1.0554071936182126,-2.6678424172601427,1.178435000019292,-20.139913814498556,9.857260357125787,-15.36290337940796,-0.09643249653566875,15.571322707470156,0.1741023393997377,5.397071652331495,-5.326649535073304,1.4818541744193012,-4.718490721523335
2,0.6286246100089726,16.39502541663508,0.648958728571526,5.933540637507416,2.1269828408357427,-0.2578507409772316,0.33416582483688867,27.10262763276447,0.5151370976703159,11.526895857093786,0.5206663121230495,-11.131162801607152,13.63179169948911,-0.16449127287901935,-0.7577704328720508
2,-0.6498737710842101,-10.845042042678251,-1.981558395318223,-5.062070666852437,-0.3349540215109241,11.52379670014513,-5.95399508204675,-15.414238875046275,-1.3667421774836865,-21.314347571274677,-1.1010734132135926,12.834213544154371,-12.222152118981821,0.011887407528077772,4.089000544065209
2,0.32214524624556123,10.542880197014606,0.0294955148490129,4.038390157919724,1.4610018811374705,7.493941665065796,-2.948448953151034,18.758307581928236,-0.12317007111631498,1.4535385097358569,-0.16426614864526262,-6.414145596192973,8.335274671020118,-0.6577454603130249,0.7604357487884077
2,-1.3837017902463338,-4.592869291280849,-0.013592150476693153,-0.25180621543920034,0.47392573147499834,-7.224271397014487,4.0202809410907046,-7.783226939657558,0.5855652203514182,3.984247060801508,-0.31862001454932043,0.6042071256257714,-1.1398273122051297,0.5318492525077327,-0.9769545464288154
2,0.3940018165585775,9.04121318561332,-0.7222017876424475,3.7771168753889195,0.21021187250123025,23.338044998399177,-11.178287987281175,18.021327734700233,-0.697829219154845,-13.898498554171304,0.4817328153335757,-5.101246730187533,7.860496574751989,-1.435506111200507,4.576978329246715
2,-0.15111235297082334,9.334178415921416,-0.6816691069652197,3.1643317267191136,1.927455078776771,-0.09232050459734212,-0.4738226670340168,17.010784480098312,-0.16519609926416876,3.017011951360494,-0.43572298335457676,-2.7193500267087916,7.739973917795836,-0.29355018539759964,0.6985200832391216
2,1.0908124966070685,-4.8264768503945925,-0.4354683855328439,-1.265559433611962,-1.2567192261548426,9.610683739274878,-4.517872748554163,-7.563532912698959,-0.5045721440404861,-8.248309564194301,1.5399054797094407,3.3374281350013724,-2.625880282260994,-0.2660655865324083,1.3954544514893927
2,-1.6434563326666312,5.94904563347387,-1.2145527206031017,2.789504459353694,2.0511531983349167,-0.002516781686764722,-0.47812890182595696,11.993129321715228,-0.28787400812917097,0.48248702129026805,0.023208642037425148,-1.549022397216525,5.446745105730052,-0.9571087756189293,1.9682081686965571
2,-0.595247590562102,-4.259369161923333,0.7799584138634249,-2.4113289862305765,-1.3266009517413986,-10.236312737042441,5.345469276248703,-9.3333538021429,-0.494952800977622,5.637334814161616,0.3366393221987749,0.7004732188538727,-4.775505466148322,1.1129950731203195,-1.3215953879438977
2,-0.5565505816463043,-1.4436920952637782,1.229687665367545,-1.0316831859879612,-2.0498202123827842,-13.72581224159612,7.039711843808775,-5.077755207869,0.36959715477713057,10.613850492247984,-0.42501845465280125,-1.7777035487342003,-3.0605752916736795,-0.41840708646539004,-2.7551405246029983
2,-1.3619862106655911,10.977583568062643,0.05640464076251868,5.696901135053785,0.5847430844964285,8.551119200028076,-4.429264281959798,17.855771950238516,-0.5984267403525542,-1.6624497507997351,1.0369547172495324,-7.693742671545946,11.897399781271526,-1.0024631550231093,3.5725746297205703
2,-1.8013135765972053,-4.803617650030805,-0.5384198019505471,-0.6658886249869466,0.04443223048218325,-8.032736389352396,4.09315739983674,-7.122159703261087,1.3474197821271687,5.1471548552385045,-0.43628949165008446,3.2058479102672695,-1.1182849226584337,-0.21262806312093577,-1.2727163764174283
2,-0.518587286319711,1.5797195143360467,1.8474521408522968,0.6157931207469639,-1.01289255108596,-19.825505946559964,10.271388267618955,-1.9215096299348087,-0.6270408735257167,20.934570481144796,0.4300544029067828,-3.0083687349137693,1.1722882623678663,0.7277018945383711,-3.264389537251412
2,0.4250848401812,11.946940407846952,-0.9404416475139452,3.3048533612564057,1.353130658083012,6.320141390499619,-3.1071655760831023,21.88064058430585,-0.9941354592285975,0.5304772781720707,0.4750510469068399,-5.497825093009289,7.231210690379703,-0.7118700765478639,1.7452340703593368
2,-1.6555680852254706,-0.4738139027301837,-0.05975619472240807,-0.49961477882330285,-0.38357833742776065,-8.534431706405444,4.854132281157639,-1.63940439696033,0.9104416440491085,5.719369591342538,-0.1556955961566206,1.5393193111803856,-3.2729748781396166,-0.1637601776425405,-0.9243793568918404
2,0.45268848384286436,4.006685842176695,-0.23256436562986213,2.8440611021932014,-0.6847578171752293,3.2077004507496647,-1.7046844521765558,6.435299609493678,-0.31504068167695004,2.0887762043411717,-0.2627059944423335,-3.230862304820433,5.858602280359049,-1.4822557196417767,0.9015421754178451
2,0.041414502948273216,-6.714658114114915,-1.7484395707613212,-2.686949774681764,-0.037637735749405474,7.336520576766456,-4.205693543959416,-9.045415899349607,-1.0331514963411002,-12.335132379744127,0.4226201287532476,7.483813501669604,-6.097140949289234,-0.16054386678348856,2.753225264940169
2,0.10991563356910675,3.178554514219625,-0.4207355375939957,-1.0085857725436336,0.41306527644331775,-9.528396933254037,4.434709528772145,6.7739483183685865,1.2097139476413696,6.913321485315522,0.44120351133812985,1.2216371297421562,-2.686349823906822,0.05136435377488995,-3.37383506068274
2,0.2266161133109511,2.7108512528127555,2.110430244216362,0.8457998215722415,-1.1098833267491466,-4.999704791737491,2.4345108174018715,0.44039972775904396,-0.6228612560392134,8.093848690349327,0.44128122713085943,-2.847048332406665,2.884072955871199,1.221027199145677,-0.38083440066514146
2,0.6153518086516212,9.490844235089797,0.23630133611140172,4.019029058246255,1.3006129372587691,17.82385171803148,-10.222170844054455,17.389311294057045,-0.8259222210989418,-10.933373620172645,0.5217243561225586,-8.654521224376774,9.47326656614473,-0.7571644244107771,4.221089963970742
2,-0.06509594545917478,-9.287249351482798,0.8786332462442346,-3.511876154585147,-1.3663804716236416,-5.553048001117731,2.7497162887033886,-19.796508275020894,-1.3798466477319584,-0.9152100011561326,0.4575176000613531,5.17167243834016,-8.109198369518184,0.2306975292303962,0.6131300541072388
2,-0.008485556394985314,1.4268431044586345,0.2648746621923756,0.8565695111343122,-0.3280938508075353,7.812756608531379,-3.320036875794096,2.8555823511982594,-0.6072599405055951,-5.440214967088703,0.28130891002623293,-1.3122805064379317,1.942829801387511,-0.5652058516760547,1.448974174958082
2,-1.2541441087103014,-6.993718522038277,0.1829160618202272,-2.589547733836086,-0.3725206816565112,1.4166373158538101,-0.5879436509921597,-12.235851381279018,-0.1983924545084838,-8.066604555181142,0.07759993439123508,3.7034602320748147,-5.435584649219824,0.17759405072595488,1.289317762148343
