,0,1,2,3,4,5,6,7,8,9
1,-0.7303206496029742,-0.14187562533213902,-0.941063634848801,0.49208557259947006,0.49208240018252863,-2.2698130673202965,0.8992774318214278,-2.493503152669383,-0.25530381630503846,-1.4048861119819853
1,-0.5271475349440464,-0.3746309515784471,0.20640132036073536,-0.11935043706129199,1.7739733362096854,3.174781893114802,-1.672484315400412,-0.7444186000509234,-0.3449430796607172,0.32693120840189416
1,-0.8208397185185826,-2.0339770630797585,0.5060394248537242,2.5204237093929684,2.0475409653062773,-7.669922055253923,0.9642550688412808,0.5410000301770929,0.07149347347560485,-0.9702713730699647
1,0.8014165997143082,0.5977961251123345,1.1196165609736146,3.534726762082193,-0.9353903338677456,6.611263772222368,-2.1975051246240422,2.640123893145696,0.6125689529221725,-1.3856093823535895
1,-1.6051282283312966,-1.4131026464415186,-1.4103542062277867,-2.69103866696339,0.2963265961421945,1.4887287959731113,-2.4370074259517986,-2.5814175036751195,0.01788600434075679,-0.10818719911088973
1,0.025975894783645384,-0.7784574499375703,-0.7195089152722884,1.2615585532655387,-1.1005880362605511,-3.468662710880078,1.1408832772562167,-2.1847351185107775,0.9614054807685629,-1.1312206867040278
1,0.10638232648802567,-1.1841881846385085,0.10499015601572824,-1.262595011884163,0.5959903996387451,1.4932346105879724,-1.4993391386518713,1.0840934622189957,1.139023572623104,0.5008920963361158
1,0.4952511865021522,-1.351707172797139,-0.6447592439773783,-4.39189826447671,1.5324313542543997,-0.8459451503773489,-0.7092788316709283,-1.9810702335616228,-0.28622545962543416,1.7529119744411743
1,-0.14185926789970077,0.994734896548075,0.7480089640322034,0.838984344558809,0.9215394891884157,-0.8019510586778738,1.0934219668013336,1.8484508260920494,0.4678963658304123,0.19568714543124974
1,1.407413530445687,-1.2441499820283595,-1.1172626861016313,2.8566838076931607,0.5548197892036881,0.054691455244710266,-1.1774710306140954,-3.9146076419358202,-0.014095522566686863,-0.3278821236029448
1,-1.2445102947640843,1.7366097606944466,-0.8846885569163004,-1.0323488672116572,-1.3290377402476086,5.051501726645107,-0.3791620765232717,-0.9374793933337835,0.3347989603233806,-0.06330418580883022
1,0.9331218735470254,1.4965781743484723,0.669784051514468,2.7082338052849453,0.07228330819926883,3.5941800123989105,-0.2924007532923735,1.4634132717860988,-0.3204566410350156,-0.5056213029281527
1,-2.3625683299874,-0.6901637527288583,-0.4853447401743237,0.802694269292025,0.5794883263518886,-4.725140478594874,1.5031619943781886,-1.2667107418165866,0.04718621261545609,-1.2652085327370572
1,-0.6008397855322568,1.7559718517050804,-0.6587855864645691,2.2488290312874466,1.3445413486234465,0.8260146777469473,1.0380144612017284,-1.1909418015124842,0.7121713920161604,-0.6202655387764373
1,-0.0003618781374510759,-0.7202557065337964,-0.4657347259077387,2.3145887139688233,-0.5834135370971183,-0.36680721566877655,-0.43384761866125987,-2.2816971394279784,0.4965905827594451,-0.1655030129702937
1,1.9591923030702318,0.6425099081376288,0.5397110366645236,-2.4272171353671093,-0.4319989356265731,-3.935211550347324,2.172479957457126,1.981760083698013,-1.6830447361120526,1.603995246595047
1,0.5870026145420257,0.38293894012277696,0.03139531816083204,-4.266779955313795,-1.7432260066822243,-3.9031219896608698,2.0208754341750437,-0.9121079057243856,-0.3663912350514434,1.0163468498715078
1,-0.6929666182648914,1.0452907918486543,1.1464174591094103,0.7176680902810946,-1.7231679363112136,-1.1566479421532818,1.8033829505736245,2.179642443236745,-1.7074905812519736,-0.9868896065720459
1,-0.1270185347120248,-1.1436825774897361,0.6609183116494693,0.2839259071196919,1.9091824743741492,-2.5664382419040965,0.8961705953903143,1.1392398396439212,1.2657710969992846,-0.14880248457948103
1,-0.4473480770085296,-0.48995797198802554,1.0489493057557735,-0.394197852094888,-1.6736658032153067,-3.436006994398026,0.4328663785276912,3.025514185822333,-0.9571527093652666,-0.4395062196873458
1,0.22588385584778747,1.9604977745087047,-0.5357813394441111,-0.8486899765183793,0.7462153453000561,6.039247652743915,-0.5051785648049555,-0.13811145658424925,-1.5542295295336168,0.155271239394286
1,1.398166152250413,-0.3524719234821636,0.9740641677141563,0.6645918486616479,0.12723128233435363,-0.5394998806108354,-0.3002254872592993,2.92984635300095,0.3563963348670031,0.016204110466366245
1,-0.5927865188820372,-1.2628209516390314,0.28817944367666626,-0.9137756755719499,2.636614534355427,-2.2710227477765628,0.09408588060867937,0.2836438001705579,0.16330339770229804,0.6962156089004048
1,1.1606684972746644,0.3879879319661835,-1.1443880227107937,-1.5125664085687849,-1.0790888556603282,0.49569875445739636,-0.020417563675452458,-1.8465476682025581,-0.4054821589362988,0.03765309129757971
1,-0.46877876136047336,1.0770065399791933,0.03318305673635775,-3.2005107690721797,1.1544082075036894,0.2421129209080704,0.501494816908904,0.32071728540613254,-1.1954777549947593,1.766820765815377
1,-0.27546611210794564,0.13634809604586273,1.3159734479790843,1.0806362486125158,1.7896947519468553,-4.765663461826246,1.9620879614612416,4.060510727356665,0.2289823068710518,-1.3928649554607118
1,2.128335714329986,0.5636914243731915,-0.7004528944303546,3.1789864533844088,-1.6800101011410251,3.5741708261412244,-0.9872608564674847,-1.429685456488998,1.1718625909738067,-1.457524146045015
1,1.3371002684547262,-0.10256683936782565,2.1031432539715946,-2.1217453143129026,-2.48919823891284,-1.8978714762601103,0.3122174840530275,2.1078503628680587,-0.016518553295365314,1.2734977240134282
1,2.003835322313048,1.5827841580689823,-0.9460108688614066,0.7871307443298101,0.008056870475666802,7.201241387929931,-1.6420187599595548,-1.6762246706372228,-2.803827049433324,-0.16080950818725728
1,-1.2646569639263263,1.0892484599514158,-0.21963514626074285,-0.786608488011239,-0.7019207040730515,5.51743227536431,-1.1723825047826162,-1.2850064899462637,-0.5231765557930913,0.3981440897152576
1,0.281031614767779,1.8342795441547004,-0.8597251370498072,-3.0921031674272483,-1.2823908375472333,7.069013846744387,-0.36386207066900544,-2.753434707874966,1.0072699706513186,1.6019848463866035
1,-0.2915450135500033,-2.563830393301562,-0.5053186837719629,-2.0846054628709476,0.6314412713220723,-1.7000397987480744,-1.913039259801317,-1.7155084915644991,1.5253228649955746,1.1393393899816135
1,1.4158004509355766,0.9238155359750457,0.27323518380371253,-3.0009305964217776,2.5018811710287747,6.855015256646123,-2.6529065774230705,-0.37837484309249364,-0.098873357778767,1.3283372454054803
1,0.27449559973250187,-1.6293814976687409,0.35054173077621165,-2.1957531422309664,-0.7645293127942162,-4.453230755984596,1.570274347862184,0.35333583744213787,-0.07568837238006342,2.283355958655468
1,0.371502054013662,1.341909113221472,-0.7741173507186038,-4.964513306631052,-1.7961997014061004,-0.02607787958903364,1.8265997416303164,-1.388184026764238,0.5187683846372245,1.9768316099664465
1,-1.5700425356831003,0.05693801825488634,-0.9870045753131365,3.5318618924689766,0.42348315306597334,-0.06077978321624477,-0.4023286404882528,-3.722692493678693,-0.03029873536205504,-1.341205012071395
1,-0.6940161954269987,1.3313234101325462,-2.336734741512945,-2.1821205030410558,-0.5155582854939779,-4.720561961847694,3.0702281608944917,-3.6028631497767982,1.1726727005419406,0.8587172506326177
1,1.978127570124544,0.17296502417957083,-1.0815912706403648,2.013329165759182,-1.2612363824415127,1.5839805989371896,-0.20863667980158726,-2.405705029374987,0.4842912566795433,-0.539764459022545
1,0.4281065560979274,-0.051328958472160235,-0.6907167083312873,-0.4684984230534834,0.46706805372356724,-0.5510731872195187,-0.17381845352336933,-1.0339202113446535,0.5222430818213881,0.6230730305533614
1,0.09483715907390923,-0.06267427343879417,-0.44862220038550515,-2.8169021190624655,-4.061807640840598,0.981949464997854,-1.055846776704726,-1.7824584783147095,0.7727051693067578,1.6685878580623519
1,-1.4097242772980032,1.3225057938628986,0.1099540266484215,5.436124213796017,1.8729349759938398,-0.15246297160521532,1.2038155570944795,0.9474812171260497,-0.17559673448875535,-1.6516490565048683
1,0.47720637069860405,0.14207242893884672,-0.21625187046631072,-2.9897843984627923,-0.9381042942660462,1.0869621249565793,-0.6158346877128064,-9.828450324396468e-05,-0.6428071586256804,0.6118639519435343
1,1.0038571325268428,-1.966237467765635,-1.1316850584601852,2.684419320977105,1.6152792252366766,-10.019431283432347,1.805337622737023,-2.7206187938669366,1.008240875820531,-1.067140424633933
1,0.6976056893840447,-0.3283316511779946,-0.28771449160712076,-1.3184234259263878,0.8017641951419927,-1.114044407232122,-0.45061523254077124,0.9575641381682771,0.40634535192428284,1.2894996191335333
1,-0.3853400067483338,-0.10597456081175377,0.37015332605473045,-0.7326420703685141,-1.0357178951332877,-0.12109810096022927,0.5613399806198593,0.4806136607248295,-0.10429415175123176,-0.5790054683164126
1,0.5437283531229099,2.426013249459523,0.8323066749206139,-6.522867135932761,-0.417408402847646,-1.086951335163695,1.929266778858456,0.7698290805236584,-1.5776233283595393,2.9545931806842223
1,-1.2173912244569254,-1.3046419874991215,0.004973606444278288,-1.6539475277411038,-0.41124000066196503,4.061447621090213,-2.3083458654945677,0.18295449778810258,-0.1616225172027757,0.36705108842131573
1,-0.2630393598291637,-0.8758510338699612,-0.007014379961024508,-1.124739464439356,-1.2301427702274275,-2.8348010364493588,-0.1516729384431674,-1.4518183787245895,-0.2804972318069465,0.4591782649868095
1,-0.6807060217638712,1.2401230998078223,-2.040886745623526,-3.1826380062303388,0.3734755562669044,1.7483331010838286,0.34836571288163354,-5.6574665848415,0.11381333154042513,1.4609777399032837
1,-0.04427951691491968,2.355121825066746,1.424304075281016,4.640146012509341,0.7791926871776359,9.935950274179229,-2.240288623997781,3.5165876548122683,-0.8703848493094055,-1.779689555942668
1,2.6253613959585,-0.7730132367412634,-0.4033514287692283,4.373185225413464,0.2419629429447425,-1.8796273692200938,0.43701072192113444,-1.525013001701821,0.6061763852346254,-0.0162319610503814
1,-0.06160561662984733,0.8967943257642157,1.0293122674652426,0.1794669895310099,2.4262426862389948,2.3328849912221834,-0.32745546685305504,1.958555022360491,0.9207609124882611,-0.8589505636837076
1,0.41835076898794715,-1.514271484213538,-0.9392565355795145,-2.591639084823235,-0.21885966577838512,-7.030513206059503,1.758602587568404,-0.41396317374233327,0.7029685703855488,-0.33737689611465393
1,1.4012628545303316,-0.012764855525795524,0.9630309851990132,1.8224445267954976,1.0158147230899128,0.21762255668476313,-0.33146308498565785,3.5257730561137928,-1.508941725049532,0.14966105197530197
1,-1.6593095865449035,-0.7380405057622768,0.16938601977906348,-1.2249392935359724,-1.5167745076443035,2.006736896810898,-1.5449082047304972,1.3028333978975546,1.0384520074238617,1.6802405602810564
1,0.2147773777142767,0.09439281092760024,0.5417250061822712,0.0151920184043415,-1.3313096442119132,-0.8929828471749467,0.6332517605782076,0.5315402817336303,-1.078460037228287,-1.4209799726968568
1,-0.7068937503794097,-1.0344790055316118,0.0210146828169807,-0.7414436969064612,0.3174019549516648,0.4530977763345283,-1.1030998553265399,0.9002560739264939,-0.1667337667041377,0.36282878545674585
1,-0.461266527135252,-0.17495481271515448,0.6194211151043215,0.8299399319948164,0.17356685863382132,5.171048744202755,-2.5042000117961853,3.7526752617696606,0.33898729024649565,-0.4839378920812945
1,-0.5265843515316493,-1.8778433306516473,-0.4472050650243044,-1.7161094599081488,-1.348401759766744,-6.449813529596002,1.0664172215808305,-1.3561309045807048,1.5845126073040554,0.8453443092282231
1,1.5079226447181528,-0.14936370390461368,-0.9292491035302249,0.43842209732385834,-1.5860347864875914,-2.3387395071529093,1.247156673422321,-2.8673519585561333,-0.29605047292945635,-0.7890276108438361
1,-1.01646942140864,0.3925462676370631,0.31397193340388957,0.25578958039536087,0.8958564554159635,-2.1488675428198287,1.190769632916786,0.975037896951315,0.162778171293644,-0.2821521721841507
1,2.549020341138525,0.8948397650976825,-0.11684344794613367,1.822880890539807,0.6532246591249115,0.5269233872083614,0.6361109961269747,1.2741879835651608,-0.7929127800318055,-0.23057868531668932
1,-1.7894152923127522,0.9612651461959233,-0.14027279163566495,1.1377855949918432,-0.7453856215847812,2.6025106045753326,-0.058249693478761626,0.5132254200772481,-0.12969840242622768,0.1256562514192679
1,-1.3488749637122792,2.238634613638564,0.5536971677856186,-4.261449169993012,0.3311971835621721,3.669358732024813,0.17031833279342673,0.6906559482128756,1.3318183012982447,2.1005261304094134
1,-0.06389730759105426,-2.3200881920594365,0.5634196227539904,1.141597601872932,1.9148510304369553,-1.590523544706598,-1.9149442905747804,2.1519792767963093,-0.6131601808745838,0.33233174200296456
1,0.2561329240930422,1.1046362463528148,-1.4000822717595944,0.6420344220726003,-3.1523035350583757,4.499533564752171,-1.5318648156166972,-2.3212685219727915,0.8588890163398952,-0.8886482531478885
1,2.316401106752031,0.09471643906640054,-0.042954367567938405,-0.25024674557598015,-0.1528233612534469,-0.5175711137447798,-0.011613728621729213,-1.1732239505614737,0.4710876552908573,0.0125608876810099
1,-0.4957427403338708,1.4871522121816743,0.25139035388901293,4.114601205829293,-0.5561997553153375,-0.33025882808992746,1.2414059494565142,0.6939087529352846,-0.17128445367650097,-0.9348557672609614
1,2.3103016860664933,-1.1256560320658768,0.19302487808078167,3.511951169775803,-0.23686711329969076,0.2954619516470285,-0.8364281247760038,0.02671031302479271,-0.22171427751312728,-1.8989956984722607
1,-1.550529709783411,-0.20135553222318045,1.091833812678986,-0.6005940127707394,0.4637754809528112,-1.560375818933482,0.9543336009978628,2.23614356532539,-0.31737022213292937,-0.06723570448132847
1,-0.24931131012678914,1.4863143719992418,-1.397605899253253,-2.2445721231983424,-1.9042702758558259,5.351479232364402,-0.752817156439339,-2.443318918257298,-0.5036578103572811,-0.3638818317420494
1,-0.9187058791253276,-0.09829991528504713,-1.1947092043703456,0.11760682641269539,-0.07356126956318662,3.2861210247103276,-1.2440449029984868,-2.8677606699463185,-1.2368029090876234,0.7160688433103087
1,-1.4297376945542328,0.2157527407319753,-0.24052561090846364,-0.003879832985949484,-2.4441305228620616,-2.6766807145773477,0.5720728585529676,0.19619386932744787,-0.0423484751245345,-0.055389786450443054
1,-1.019461589717749,2.012774341928017,-0.0023913089188710894,-0.6695336632514333,0.45999600088165027,3.984055012037558,0.6103691317003097,-1.2056445609847533,2.5451997880228707,0.5791477686470407
1,2.158603129326563,1.0361012415788562,0.0246457457541836,1.5541759515176956,-2.648056414305093,1.9881284231699798,-0.2524517662326503,1.7764987696569043,-0.005634896788484267,-1.4812239455903122
1,0.5446902233054942,-0.9954393532357189,0.40546403937752734,2.326377687798555,1.0141070726722718,0.03464083268297166,-1.0460546766770094,1.7380410594436069,0.0571185131522046,-0.7143248723134039
1,0.4466992201628909,-0.30660660414966284,0.08989821227325917,1.1530520160318296,0.5581330478920804,1.991011788576916,-0.9031200939811714,-0.8776193152916668,0.7711840713236017,0.5226432409615581
1,1.3983060422999574,1.6669889469274561,-0.30931367708057456,-2.624353419675078,3.080212591082859,-2.418154275613115,2.386430195048506,-1.783698360937924,-0.3661420904447039,0.8725276198927473
1,-1.8214415593686073,-3.5820190212243417,-0.2651622560059434,0.5725565721586768,-1.4196339785506014,-7.0232345632859134,-0.8395158580927766,-0.5348454546936282,-1.5839700646679262,-0.18422682734438867
1,2.081068974068583,-0.9584704583060888,1.0547523404182735,1.880631322123019,0.9554834308986428,-4.379912651815988,1.5197860632039366,2.2208031550807292,0.7416980590305098,0.1851802894061575
1,0.9230166720063709,0.9521252623521139,1.0097627046613378,-1.4750448163618795,1.4666770198174903,1.6963623534223877,0.26091273603015713,1.7710609076077597,0.41254139954581265,0.15760919051408812
1,1.047209430825088,0.11569288979128632,1.4411599579607397,1.0964034856025786,-1.3748310407392166,4.462637051503675,-2.1291624894976544,3.1984025511856355,-0.7038541746876912,-0.4264523906858185
1,1.204703113455989,-0.4395393460979936,-0.2036108610598223,-1.9043661907577893,-0.7733662237051654,-2.286439584919548,0.16864580246203545,0.9969316593802191,-0.6830129685200559,1.26361612456578
1,0.19294498429182602,0.22138237352633,0.23562230401909226,0.0018868705229570213,0.9311544643811305,-2.0205397505650784,0.38960949894171826,1.261913933928659,-0.07517761295330325,-0.6901865975321978
1,0.1294388390977503,-0.41354053202736535,0.443349947923458,-1.278331370851055,-0.8111387679577444,1.1899751041557403,-1.031851614285466,0.7290242545643598,0.6077532754633969,0.7567946041485759
1,1.1824059634687856,0.47776887626261433,-0.36148555094803675,0.7003686101698322,1.207319287249798,-2.126838872795241,1.75026092142492,-0.5061147670490718,0.675394874349976,-0.03716521908926331
1,-1.7839275970252297,2.5434003824422784,-0.11905057602450934,-0.12053744726055704,2.046489340368722,6.23405941617684,-0.2223835405642893,0.37152981673238883,0.47674643432208713,0.525862467866063
1,-0.41745486282998495,0.08643728138525208,-0.039425788583465494,0.5926231705955841,1.40161748280139,5.472683346948455,-2.355954317805874,-0.29693954374082066,-0.36905362606534153,-0.2543978137147362
1,0.03178177946019085,-0.11329727462848654,-0.7108391906372495,1.1198415579047056,0.5158605546092722,-3.6199854253931187,1.3484760949465295,-1.8022197574367402,-0.5579354598082087,-0.7646882623238356
1,0.228742632916595,-0.06863626754997262,0.027048728136715352,-2.3256266770495055,-2.412463914932726,0.8140790232074566,-0.9119630226062093,1.384070102079266,0.3936766917890134,1.1746945523884642
1,-1.2333050514918134,1.656748843572753,0.30141527071356494,-2.1437754561372286,-0.27603392479953676,8.760203762482577,-2.2244635094997895,2.2433443612737896,0.10538376808770016,0.9557851855349612
1,-0.5500748570391976,-0.23372680845408617,0.7600496460093032,-2.662661372282625,0.5266238066762268,-1.8580428558653292,0.33563395656249334,2.618506734103823,0.6219299369272648,1.7768831361034207
1,2.1059348375272493,1.872839236848996,1.9559545719084401,4.276312128653211,-0.476992316670491,0.9058343161723867,0.9253951546252265,3.706942406808686,1.1073739726198053,-2.4506520396716613
1,1.376893163698822,0.849671458311292,0.8079823898326708,0.25638613526584636,0.5028505833293105,8.730001462635911,-2.8021780905339146,2.7764983409516093,-0.14165105973143205,-0.3685879119569084
1,-0.6470958436224161,1.5872209361704153,-0.3156657011691788,-1.322257944072969,0.5229517891922059,0.9427939886559817,1.2633148177124767,-1.494548785064777,-0.25420312503243564,0.7384423824597752
1,0.3232034705599404,-1.4348538786160732,-1.6923304220023823,3.4581679528034113,1.299349651680649,-2.037616264994291,-0.640884541218542,-3.797487892723546,-0.028487507918431142,-0.18199505387118245
1,-0.9262663975103581,-0.19798068471958966,-0.4131138767382434,1.6551953934015478,2.198147260653024,-0.04112287645872585,-0.6436601104702317,-0.8413311923305481,0.4821372383632903,0.17690703770255164
1,-2.0034488882215222,1.0294371370148285,-1.7570841475287284,-3.0792448505799173,-2.6221195436743834,0.3440618063114369,-0.19250178492590758,-4.1783388485636,0.783416635088456,0.6244811638141826
1,-0.431934179346262,0.6746740638869789,-0.15371686250336983,-0.27143698793015897,1.668942972526576,5.728444252341237,-1.0238156852231162,-0.8600707077317725,-0.11300324843094504,0.29713864208865215
1,0.08594076053652444,1.0727169640274077,1.1408879386057729,-2.612647465947194,-0.689547987739002,-0.18854683601614713,0.7791688294381035,2.7887836569866917,0.6804460154607327,1.1723931325950148
1,-0.43671897675942795,0.3451428959194959,-0.2753305278454803,0.5323932511493268,-2.7927169581675693,1.7430348648089455,0.0779962176257796,-0.6118320790601813,0.09161451039558753,0.3678096262620209
1,-1.6470181968757602,-0.9787657105085114,-1.3390019061597491,0.8341588317113949,-0.22306984504757804,-4.6498053283495295,0.7446640227748067,-1.8362304240053942,-0.3650845477351793,-0.4470396142644793
1,-1.6468943456554024,-1.0802213735048942,0.4091249150766236,-1.8954103427854265,-0.1831030667900925,-1.0944451214079733,-0.9650962348092524,0.4911896059753396,0.4965192408755228,0.7096155596329872
1,-1.911852317883631,-0.5905711054828445,1.9274440638589818,-1.9522072218728104,0.7173801657053834,-7.980723026799625,2.900293305425806,3.15215490700787,1.2684131235044411,0.4209890703417668
1,-2.0147405563254344,-0.3613492890077231,-0.08911994731157107,1.0641703900292585,1.1995311447222432,-0.08861185078709947,-0.702136359796272,-0.15367103746751268,-1.302435491242316,-1.1085539188861864
1,0.9239086477874482,0.523857184778438,-1.5141505225001488,1.4926310547607462,0.27872750273077046,1.8868235085154217,-0.2619095310889714,-2.401055328409529,-0.24290481314756218,-0.6610318687098378
1,-1.371016832862037,-2.847503211699023,0.38222464160847264,-0.9990204525534098,-0.7979844870753092,-2.5893534990530074,-2.1217288784398076,-0.9102319983544799,0.17512058514674547,-0.246645858690279
1,1.3574702902970106,0.3760516660004174,1.056473510701106,3.3451366809734924,2.113704947305229,1.2609750140186922,-1.1218073200422247,1.5183037048403574,1.226017014391405,-0.8725537869517255
1,1.8246025454634687,1.6958429005517694,-0.15987646283524937,0.7728641145127131,-0.2790957586083146,3.038756301605,-0.16028680976007317,-0.8037436457775823,0.02618385610887183,0.7279117958729566
1,1.0543767080477706,0.7414011418799598,0.4688176461919301,0.35473240034689935,-0.3656108903657778,0.5318502892966548,0.11081473559440494,2.923276933460553,0.2985707186931525,0.606753375350959
1,-1.6122940657355653,-0.2754736830472466,0.32767020540566977,-1.1624868704971607,-1.5134105119874037,-3.618389958253016,1.1773299221059328,0.8946437467450848,0.38404087965870004,0.4179553041028006
1,0.5400615859415102,0.6680985149768967,0.15898831884457926,0.16425595668054443,-0.6917467865361736,3.505179443326964,-1.1828219492900445,0.4665440368174254,0.18027790366571467,-0.2913566705872893
1,1.4030638501962913,1.5204566817364595,1.7335447207826156,1.405999655402799,1.2093307064447318,-0.8876716910235007,1.3080802705618908,3.192110847763396,0.434061881086538,-0.8833501356195934
1,0.778012662012047,-1.1015183999924059,1.340128917743053,0.7748724642778875,1.4231795230012165,-0.4549520609441043,-0.8316903263842624,1.5379806415009496,0.01387658424284951,-0.4840102418309192
1,1.1720757048667259,-1.5831025077130043,-1.7487542926308017,-3.383822420851901,0.4610663003969928,-4.946181834073233,0.5285538002499319,-4.491065182609347,-0.9618725218722977,1.1348274032398717
1,-1.7180035246136784,-1.7975891717150048,-0.6024763605020927,4.917946539647643,-1.0995819147459884,-1.6844751549106316,-0.4966824296899255,-0.587943696840167,0.5418448507844099,-1.9660812982306823
1,-0.6822012889344273,-0.27366839372514506,-0.10567258577097591,1.308982138284671,0.0905339838568015,-0.5931953424203502,0.41058605982956053,0.9755989120044923,0.6177857731764825,-1.4265324813945548
1,-1.300182269395455,1.4741035638441977,0.592709650654246,-4.754012112891224,0.2178151855292185,5.285002940908832,-0.37711091655537443,-0.09574089008717514,-0.07270034101583746,2.056400936591875
1,-2.5125517655491074,-0.8822640037451,-0.6950963611488175,-1.2719683173155136,-1.059460636023899,-3.6126273850429236,0.21208963969765246,-0.6139798995980763,-0.15332195155262757,0.911019221086843
1,0.2819581546792511,-0.04117779212846254,-1.528747298896275,1.2222386051526952,0.42888245790146684,-1.892235482847707,0.2852061993695701,-4.521318001383806,0.8736872759551711,-0.3637816237883495
1,-0.5057209449313589,0.6626586594544429,0.5529978083285524,2.055145535841522,-0.25629158524583096,8.190258297807576,-2.5233046784325057,1.5033306673904985,-0.8500859379541283,-0.8511913901985496
1,-1.940842153264741,0.2500427406360855,-1.770221518908606,0.5110679674427895,-0.14740014528889137,6.323505917461877,-2.558754359397769,-1.9118974183727468,-1.4526822084656759,-0.08532084784854364
1,1.9193122482083587,0.27494639457230347,-0.40390048390552397,-8.659310714924377,3.5022909207520048,-0.10788362917741637,0.8087964242951562,-0.9347483421380955,-0.2689772214462653,2.977612387929217
1,1.4861071585049832,0.5392658883373621,-0.7173379369630829,-0.04711336720048034,0.04384782812994059,0.6283377409013882,-0.2707403438941454,1.1428744759811464,0.6430190534058556,0.21033601289511938
1,0.8809683104617553,1.2510300740107392,-0.21273198180488972,0.45278355376947454,0.03874815178367336,2.747577857412306,0.19786070700873035,0.14189654697411125,1.5378226768636782,-0.06672241315468755
1,0.614747788539887,0.692384595935386,-0.4885097353661222,-0.24871310238948852,-0.9347266571857473,4.1533738401596505,-1.621558650420468,-0.9936973159217364,0.8442987043346875,0.49075047431455826
1,1.7252918976576024,-0.327725743857764,-0.3879956135412339,-1.2686129953981256,0.386568888744326,0.33044171334809314,-0.752091328140055,-1.2982803820059405,-0.3446347179452971,0.26018841474237264
1,-0.7323050243789279,0.3135296409236997,-0.9557691437612084,-2.21015923454289,-0.6681496692654058,0.18490659031661993,0.003290299010512504,-1.4316159224486595,-0.11959373924175329,2.2090287983175263
1,-0.8928397483577853,0.717807268362627,-1.0152669276286816,1.8830834643110153,0.7966491422790177,0.04932659686152791,0.5065558056635038,-1.1745615626229837,0.3017890836681119,-0.4799096669619897
1,-0.9263955443893797,0.9035036124457595,0.9222052913031962,1.1820619753616612,-1.459067434412647,4.471262372419462,-1.4251435947823345,2.2652423914758413,0.7061628610614117,-1.1087219527441428
1,1.002402142966842,-0.6812488759738532,0.9356867275559835,0.15159337667278397,-2.348068292631113,-2.80994969929316,1.0814601543273914,1.8296962558712013,0.11484229999131829,0.17316704971223176
1,-1.0725572052728412,-0.4882690300371398,-0.6053359421999226,-1.9149297216061316,1.2042803358462912,4.259625034869462,-2.9238994380691463,-0.16609320012739143,0.20842958702880307,0.6119473998461263
1,-1.475157636938372,0.05669449478857341,-0.7417866758690922,1.3347637336285831,1.2859283866889195,-0.6177559601814628,-0.6574559113827189,-1.4085412599324656,1.2979118312074656,-0.45949378808236213
1,0.30285306286607944,-1.6360904425751674,-0.8088543784509712,-0.6642845131452539,-0.904750304365519,-8.416159082551596,1.6207944496237567,-2.782236176358232,0.019839000706175686,0.15336555499274787
1,1.615419402629332,0.19688444128282778,-0.3678245084757003,6.593944452548653,-0.48003172808780803,3.7106630010952477,-1.973881306991798,-0.12139215215069281,0.20527897911477963,-1.2001171656710106
1,1.4641954205192445,-1.171754802086371,0.8575657571813856,1.8558369745207182,0.7325774828878255,-1.0387473018526736,-0.8178126089725282,3.7507661272203663,1.9140074156469409,-0.8484872018343935
1,0.34238717584335693,-0.4594187008235321,-0.6278429829947675,-1.6833021388089955,0.16388558286496535,-10.392613142971523,4.088513160790898,0.05949180762970429,-1.3745031511545314,1.7380002923891185
1,-0.0007738715641445798,-1.2081988584419556,0.06963955689939341,-1.5783821809195762,-0.04188170708624764,-2.491526977522402,0.45802931691981597,0.2280419364887957,-1.9848288659178754,0.5935288159818107
1,-1.518971801348647,1.338758523710353,-1.5458620587333687,-0.5147854936106977,-1.8566170976856153,0.43136009131983505,1.326925756456882,-3.8126637323660098,0.4794054756224237,0.48096034880633937
1,-0.02417841220071225,0.9806130019080113,0.9084889907424495,-2.4999075971784737,0.8578214871356374,6.32521672018568,-2.77019572091156,1.4988132530535263,-1.1184714300766967,0.6925708088675715
1,1.1978229445090294,-0.05977464467245713,-1.8784625378260922,-1.754910170723651,-0.910755521184831,1.166641343610825,0.045616436073832894,-4.635842112553007,-0.44349074352547985,-0.20529794387183012
1,2.016460425701063,1.5821906873130054,0.10451340781865724,-5.6369582043173425,-0.692620887033905,2.128635209337897,1.2464745371434858,-0.8806272634334427,-0.5078378470625396,0.8720724879426989
1,1.760597705004082,0.35112136511689285,0.009588996699203153,-1.3770659887247458,1.0480360550345824,-2.212064539293287,1.0897168668834114,-1.1306037535871303,-1.2259811223732098,1.0296608411129566
1,-0.8683557380155247,-1.0816301965084807,0.7301318941499247,2.5895956959569046,-1.3352096849263575,-6.500882891888062,1.3476653977701156,0.6788309787473819,0.34344068090150115,-0.4674939873273758
1,2.24727536348261,1.2982177552478997,1.0992376683632876,0.3312651063818151,-1.422249119876215,1.6205632207105216,0.6159428054418509,3.434950920312602,-0.941287380505258,0.44161099431598216
1,-0.79062129430275,0.7031496150971681,0.12988519983065513,0.7108064439511361,-0.6372730493250708,-0.16161142407471374,0.27459602841491115,0.011090454462410448,-1.5391018131700291,-0.34516146685549504
1,-2.0564001896896773,1.5900965575324197,0.7678017302800432,3.9932247086535257,-1.3209255035941663,1.585666247279361,0.9353433221859283,2.4745157603037775,1.063141447226983,-1.7926255059285106
1,-1.096578816326442,-0.6456272459898105,-1.5226081946150491,3.1089257618268813,-0.49871240226539965,-2.263634264605105,0.8767789716594501,-4.008807912906681,-1.4368281591063243,-1.5140800988917615
1,-0.7352747058644046,-0.6059517291696856,0.4369693668424454,1.952667821915891,0.8180908056336217,-4.217901179072755,0.760876395764597,0.4465387591623198,-1.425168125966706,-0.7930308038740842
1,1.4558043315376679,0.28080466322773123,1.0660169341556787,-0.9918867580586572,-0.03612358776724221,-4.905171844524297,3.131124824317358,1.985304317735915,1.0707617596267516,-0.31484262629207665
1,0.4572259100069351,-1.1395169778644187,0.2465689078516074,-1.0731158650465462,-1.160867182507645,-3.3430204107959343,0.03901101769035947,2.68358489368925,-0.7445962130074172,0.236286691803199
1,-1.1918925456947944,-0.6624139981496603,-0.878788026215253,-1.5362934906879882,0.5138096391033985,-2.9865229823781823,0.7311243217214255,-2.911265283509483,1.080997633454007,-1.0641799452467517
1,1.074665984108246,-1.175262989806588,-0.13393833053427678,-0.6742661700206765,1.8836642193913127,-5.013987675798416,1.8451932947955052,0.7955211101123333,0.056962182339908074,0.6444504669856478
1,-0.892766642702785,1.001877597372899,-1.0704743358012254,-1.7432308900954163,-0.3831335424620522,3.721354244376525,-0.6925190004390048,-1.470538007153309,0.5157764305962275,-0.36569712553914074
1,1.1597357137584672,0.489388066125655,0.09782917133949359,3.3930430912104033,0.20501537345956994,3.7289920307187634,-1.351223998314001,0.42491339512529214,0.1613392178793359,-2.0766268810492177
1,0.12174153147492585,-1.3087453129483837,-1.5709211944804622,1.3585758739548282,-1.7520994576446485,1.3943017091547127,-1.1280903203069272,-3.6689363489179545,0.9275329956258376,-0.938901622181157
1,0.4915869545133499,0.5209671813066963,0.5067527463973838,2.003564545088084,-0.6472752085731718,2.120277961569673,-0.8039296969900283,0.38111174530941766,0.7267979269937038,-0.4918793428904279
1,-1.2662858588119257,2.603305076541594,1.5344132356694136,0.37149375177859834,0.9814503790897607,6.746096182006507,-0.6288295506139719,3.107039767979275,-0.16934056544581022,0.6885988291651718
1,-0.9460084237359104,-1.3088254643377208,0.6592518209575154,2.560917796529256,0.3924142066720086,2.5048442146896037,-1.8797351587409112,0.494178321972423,0.1345844741836211,-0.6642255159399961
1,0.7031672418285573,0.1332257921125205,0.5997736044476072,0.527354288915096,0.568703037205665,-0.7082835012994062,0.6961750841611881,1.0091915797842825,0.5173227058587705,0.3552673982171498
1,-2.0263705669042635,0.25930625456747947,-0.13289965909043713,-4.397425406549226,-0.3188108596962284,-0.2852357238346696,0.22580700745239368,0.4315558549997967,-0.327757513681099,2.1338053973879765
1,-0.2980030257605662,-1.4995458245858777,-0.8895717297862978,-2.363017934903108,1.0316696048615008,-0.46335817984260247,-1.2525066005743357,-0.7209171531664502,-0.09463278004721176,0.43009644398652475
1,1.1519663890785892,0.5465675445723743,0.1399951174292534,-1.404862967362966,0.029915432612845707,1.1043503920680142,-0.2505372325908605,0.9551185811129653,-1.2860434576013846,-0.5320634672020785
1,1.7805655624643948,-0.12415402992715116,-0.35407987953122605,-3.4898108987353327,-1.8599267342184622,0.20950358473293093,-0.050225436433083234,-0.21507976161145176,0.5776065204485235,2.3196990638599186
1,0.36876649776367365,0.5820488138457369,1.5427918740697468,4.335186348197517,1.546427321711191,-1.0086231499371257,1.179553652429813,3.3093396631415213,0.7646852057447769,-1.1233748649143576
1,0.5475695793988384,-0.8915694044586655,-1.1383565713217043,-0.8278370660285963,-0.09162918562083104,1.8137274214775068,-1.0993000429713216,-2.658925571709196,2.177246781783008,-0.7125991868850361
1,-1.4886866496172169,0.09985398145012017,0.46446585033988397,-4.709414458409636,-1.4455771132556818,-0.8224075330996218,0.3908861760053314,0.8171447896082488,-0.5742857467927802,2.50356269293183
1,1.3771359182804992,-0.9719708273131473,-1.107943037803819,-1.9529659788684586,0.1438740578498371,-1.9997970454837577,-0.7596019747189411,-2.822931888644262,-1.7783701195089354,-0.3973855510471363
1,0.32034834933750567,0.6788921428463668,0.6450948100704816,-0.22825338826660843,0.2376475783754225,6.428825000123863,-2.6781513712139873,0.9947863418949794,-1.768055343227386,0.28690298361645317
1,-1.724337346899927,-0.08261724932139371,-1.2370295036587535,-2.9785176114430674,3.587730776464368,-1.9223801944217656,1.0436002352137135,-2.797105170742345,-0.15357997312188787,1.340201300717557
1,-0.03666843087554163,0.8621099820349934,1.272009542471396,-0.342871400114215,-1.071679591570882,-1.49829748080135,1.06795438239609,1.5718731273844577,-0.8953500905487234,0.051828848461083876
1,-1.5261433175793482,-0.49559737479071614,1.6982250831414574,0.3227679437283258,0.2932705728170736,-1.0695999230368443,-0.3687281634410857,5.267713229207521,-0.4345909377393267,-1.1796483402264082
1,1.4733024531044514,0.9048624930567385,-1.0326956734256236,-0.7638454666654877,0.21198043470889225,1.3986728657474732,-0.3019845534994704,-0.9229002951619819,-0.15189790251544624,-0.009547130752802797
1,0.567905032212764,-0.8047997132678641,-0.34772282224494416,1.7189344662673,1.8138866535404674,-3.362246977224131,1.0714975376451148,-1.182124275393711,0.5386187697784883,-1.2725010197935611
1,-1.877932063333526,0.7149894263129087,1.532338365370261,1.702336604489053,2.269197475968346,2.3493004732651572,-0.8185399990915643,3.780251090658825,-0.5922558831613796,-0.09956034573564246
1,0.23540893501300098,-0.18740039187563712,1.4976231102013666,5.018712259869332,1.8932242869538118,-3.3587913060607453,1.0682573813853466,3.423526490438136,-0.6838162551516205,-1.924637066106387
1,-2.0007289661310783,-1.1899409560488317,0.264095131391296,-4.408611929071371,-0.09872326398316188,-5.791315268135266,1.0989068315766115,0.1827248830826938,-0.057865764145190415,1.2913459573457295
1,-2.2773231570868426,-0.8941740003849793,0.16887184995103016,2.656834755456816,-2.5578942483325795,-6.659634389637185,2.2638581425904842,-2.3194829119673535,-1.095086806839954,0.02779365031844542
1,-1.332060595898619,-2.4891587504350605,-0.018093665897240405,1.4008643071539584,0.8455358210045703,-1.042817692100305,-2.1868655743553873,0.295956531056855,0.014557117943233801,-1.9280762021776958
1,0.3418873261721671,0.06637553038009292,2.5681220283833293,1.598680319211183,1.9176149649637915,0.04363315212531427,0.6076699989798311,6.017868054576137,-0.20808044704601647,-1.5554614701101224
1,0.45859558958244695,0.03459284963547263,-0.9445501126448845,1.6944368309077882,-0.2462889421525433,1.4781597838288718,-0.3789301244313292,-2.0932452632968106,2.044525193042541,-1.0214565216119114
1,-0.3411531654296641,1.093642028787675,-0.07560419893774611,-3.055460564360328,2.4067583300028583,-3.776582304218873,1.1851440693847546,-0.8285726511212493,1.2615635240315612,0.26320647781349193
1,1.6284767445627297,-0.6805620234753238,1.1669252471212186,2.722471173067925,-2.2730089559516182,-7.110102511524163,1.7380862449831784,4.255516528910278,-0.7028593554150714,-1.1433174113523834
1,-0.2888690164969478,2.2165646384831694,0.4164914648290686,1.0791477093043658,1.363920108968383,2.646455062962185,0.24929163233458496,1.1114653609443208,-0.5446640501759408,0.6291974514560198
1,-2.1508291997927733,0.19140128714083743,0.3638192922018466,-0.9751453368729173,-1.1573087902666204,-2.5469952740190167,1.7509581049050313,2.208836996117285,-1.5860154900055026,-0.9470234560064216
1,0.2423002880103168,-0.021234021262036606,-1.2570428914558331,-1.0133637136428935,-2.057727211526395,2.824553829158526,-1.495215942289678,-2.7671055398267703,-0.2183863957406298,0.15917104565155968
1,0.05989626551898997,-1.211746160323364,-0.5085542518973102,-1.0989032937938321,-0.05030572487513731,-6.739167540584727,1.7843498876037012,-1.9213593445925605,1.0827894752718104,0.24375076043616256
1,2.3526745656533454,-0.5306191006367484,-0.4497738430409652,-1.4440284767937583,0.39162677589679107,1.8292691273845039,-1.5206380316142116,-1.2444533141163756,-0.8981975805762081,0.5055743851960196
1,-0.5136676277730455,0.34161217968065116,-0.7664549501913446,-0.273292014365253,-0.2767826976482287,3.4643336504319686,-1.6919177137508032,-1.1379894773924828,-0.3247666829278201,-0.012430190349371522
1,-1.9536433344363855,0.6625309673735537,1.583761217699159,-2.9173651048025007,0.7145178862110398,1.207103031362673,-0.26678971393416395,2.9242681788944664,0.45521134781908246,1.9957446590067973
1,-0.5589310246027006,1.9075688679619538,-0.1699168710694633,2.820828147094182,0.9530634348190646,2.5718891904342565,1.4389450636258472,0.17517284506387537,-0.8918525805267791,-2.604992016980238
1,0.9797566950204951,-0.443456405591677,-1.8549289853250073,1.7946042721885007,-1.3472674055975469,0.7546149566673027,-0.9765902509795437,-4.134459222343407,-0.3360247456896072,-0.0984696904451689
1,2.8881856751494808,0.29280972464508737,-1.2721303601019052,3.132732959597605,-0.1546891816285512,2.906009461454895,-0.6793161301983841,-2.5191421888432095,0.6368952951227512,-1.3602154333001817
1,2.12857198843865,0.17078481889366748,-2.455840249206092,-1.6771697102168754,-3.1696808952616133,2.6170864409052337,-0.7297393352654773,-5.915599111657054,0.9839692253558102,1.311591737870907
1,1.7493854971528442,0.6537171212901284,-0.9729286394241011,-2.356429170871427,-1.562141513103545,2.586065023591107,-0.07928797380102187,-1.8420859327090207,-1.1662144694152468,1.1786361658352116
1,-0.8273941055439524,0.2617500358232929,-2.1728549648566906,-2.2879143795020975,0.07261590304810782,-4.695759710835454,2.8143188281108236,-3.862238883714581,-0.16607102184926673,1.4847293222527271
1,-1.4702540476532293,-1.0677049728388113,-1.493400626220356,-0.23792068918622722,-0.7354524010132026,-5.36610531923011,2.305714228353865,-4.21127638269026,1.401116642386671,0.08151201731512998
1,-1.06589148334611,-0.8541624542856069,0.050292435016320004,-0.3064201009590072,-1.095215890996005,-0.7033096550293342,-0.6513920573721658,1.2664064596147244,1.9286235538360401,0.24443778000220553
1,0.389733325658235,-0.11464070463504675,0.7677881472912792,4.907341757496201,0.6054857035400184,4.833234032145044,-2.5560404627360573,1.8610498524468635,0.39368212743264047,-2.5912821282681864
1,2.10834782972263,0.36419417025160306,-0.8144286483798027,-3.6409539148567776,-0.46702868896161503,3.144804064247944,-1.0402057538940763,-1.804770568405763,0.31066341595041463,0.38951887917762035
1,1.4635502002397158,3.245194631643851,1.0521939266504365,-0.1814262741970529,0.9148638294236273,8.775633688694903,-1.92651175585623,2.507664853039686,-0.9079635626431518,0.5942526659475535
1,0.5685422686874787,0.05221380338039301,-0.8660076454664916,-2.256768240246859,0.18454500553910216,1.0326566532027441,-0.16855968871680532,-2.8693267600735877,-0.8346500986924202,0.6826222149606834
1,0.026596959286525015,0.7350733672668337,-1.3669483375001297,-1.7172600108656246,-1.7851385135432107,-1.9287417432256941,1.3669346808575922,-2.2834043165224855,0.7167485442433489,0.2283322672346344
1,-1.4017510550080206,0.45570625635854733,-1.896703954883799,1.3187147338800569,0.27710794551167983,3.273570283753275,-0.6314316876328451,-4.460170363776569,-0.3461381099832053,-0.0823339841920674
1,0.24411222725594292,1.0284764723099,0.6032629186449536,1.3247166886431703,1.1496060109662638,1.885104563547084,0.10940311521137189,0.23519513723406246,0.6844931959911718,0.07980118677866771
1,-0.2500832691221184,0.38118096999936724,-0.2163803636441614,1.7407417659171895,1.6463241641491586,-3.650915977657743,1.5931961124059821,-1.0430932825488708,-0.10071783870641357,-1.548155973576164
1,2.9924282865923852,-0.2061358842074405,-1.2112450448459047,-1.2773263404674073,0.5895019346136093,-0.8306400984230418,-0.16307962813908014,-3.192771967893627,-0.153317704330841,1.970620973078204
1,-0.08404900001045403,0.23744966564036213,0.6120044843624542,0.5323919648543487,-0.7220762529434028,2.5112628666383485,-1.1501493121411974,1.7025779020015128,1.0709103540648353,-0.1807050469447623
1,-0.7836677652852143,1.4910864966382549,-0.09011301962317542,-2.591058549066514,0.1619217607900985,4.851095348594534,-0.3976587122233862,-1.1502568478641066,-0.42558388848554196,1.1219113940388619
1,-1.6723111561907362,-0.06886104867908197,-0.4781824217530657,-4.053379573797587,-0.8632133475338566,5.847766701223778,-2.2766906318340325,-2.0085410566871524,-0.5782242028157423,2.307053864797933
1,0.15337468607302143,1.3080634619165763,0.37660495387043563,0.06482780827709149,1.8513799928985228,3.2358889724882514,-0.12374119927433283,1.2753618172741519,0.841102772838958,-0.2298692629170143
1,1.4320153708729622,-0.8311633402674858,-0.8140694641128527,0.6604844762531514,-0.7167696108458217,-4.385401926686936,1.3801451676985417,-1.0605186934523372,-0.5296638390157218,-1.1272527444840064
1,-0.833206898397673,1.308379514791667,-0.06170787169868355,-4.778651630880687,-0.5880323036927231,1.6150240087624792,0.24915903368578562,-1.6541013372210862,-0.5260923086457651,1.937611122702691
1,0.7271447132934079,0.01444352028113876,0.10271672535055877,-1.2188897965061585,0.7390926485436519,-2.1455913422471746,0.86473737889273,1.3323091385610903,-0.4614237583581417,0.8776169579018419
1,-2.281145584173951,-0.8026701053945001,-0.20820414508500262,-1.5328490128227086,0.5393989657976592,3.7311093206422705,-1.9856368958087596,-0.9337343982806523,-2.1930670181338665,0.740267002908674
1,1.902374352387769,-2.156018427022787,0.17994911423712662,3.124265348134645,0.3281156984659566,-8.359392203694552,1.6577239996238025,-0.1928398909342519,-0.004704680560028371,-1.7449278495677725
1,1.8795853540289373,-0.08756649977189092,-2.579611041125285,1.7177967097391593,2.3265056078950304,-2.9161643812496187,1.077214503257373,-5.463292232367587,-0.2539929898717364,-0.3441933946802351
1,1.0468653907996421,0.2767354156731846,0.24790749829474487,2.114863000214928,1.6868511107080257,-2.1264017920555185,0.7138035875047537,0.47749896033888545,0.24888726813504444,-0.0834629917011482
1,1.3802714918786028,0.8861141318876311,-0.24642669449101992,-0.7413566003934703,-0.23924816084879952,3.732242636898771,-1.1468444892871696,0.07660488696001672,-0.7946079144869924,-0.1455641914288589
1,0.12431356713286126,-1.123401086651508,-0.9028324818511522,1.279575802283755,1.1828865500981094,-4.7559020756362145,1.5952707578713052,-2.2112812749101343,-1.792826552729953,-0.3991683844716746
1,-0.45968084177334967,2.7425386276790182,0.7226235949901425,-2.481845529636683,1.2366949483531569,9.237190055767494,-1.2031642725262872,1.4953313906577261,-0.23365036201714245,1.0019762956483287
1,0.4530120993885665,1.1107857034867203,0.9613508088572702,-0.27990501557386627,-2.518594102175308,8.039134738632102,-1.6846414558443443,2.729150793576232,0.05535263439021127,0.14872288307617354
1,-1.27115276831509,-1.0393886453842403,0.3477239422494643,1.8595127957568274,-0.8341877697099929,1.1487275917210462,-1.6413199839395973,1.168837666382316,-1.4834694200013636,-0.9645982640641713
1,1.5568000705100005,0.20562827006630796,-1.5958381342829413,1.1950040779429139,0.9116637783682981,2.986605049244344,-1.293688452029343,-3.510597275887073,-0.3194583000446078,-0.33403045238432827
1,0.4312402148871811,0.8719217709251337,0.4952375353882939,-0.9635030625952528,0.7560388743757486,2.5659019976796875,-0.4601973004548352,0.7286839032405494,0.2809289266883342,0.7941157085244487
1,0.8349681594912912,0.19562186581800523,0.35404634801713186,-0.945038320657091,-1.5483429561098743,-2.480395831656043,1.508232213301753,0.3125441853731402,0.2820399798915409,-0.1770433792551474
1,0.04653305074773003,-0.7797456222925486,0.44658321813990687,-2.6524564999999414,2.1933658922922494,-7.940998022220826,2.764976390790382,2.4363375677894945,-0.8533409237520619,1.2952926328103735
1,-1.3381845531515617,0.1035612655012273,-0.9876706960163772,0.4097199593109566,-0.5811803556393591,2.6894798867027374,-1.4454922505404175,-3.911956478004915,0.16269791536040257,-0.3232128484681839
1,0.8309222811141042,1.5684416013229145,0.8885920179963949,1.8737446035133545,-0.0858450148560629,5.513382649407211,-0.9066614917646523,1.6139129342228655,0.4301295115257024,-1.4132899249007553
1,1.2037385285612294,-0.2683634891569129,1.0398796047714642,1.3315105967893859,-0.6307220420718116,-1.8838895357150354,0.5599950936955937,2.0673811106108624,-0.24443615086358483,-1.3093705182130881
1,-2.393773683687645,0.7747706416358702,1.1370513191871945,2.2800076497382795,-0.12368048972945873,1.433947996057059,1.0195481283943633,3.0936982725307107,0.5919351226742583,-1.6445413730831482
1,0.43180458174141734,1.5989602946791055,-0.24879548280469005,4.310589527097949,-2.63096277439187,0.25044228365319876,0.7503458666015217,-1.07811532310807,0.4992951479028527,-2.244278952002456
1,0.17024924182321258,-0.5960794313740198,1.1922082569721237,-0.16108580165089167,1.310754005550027,-0.43867455522278886,0.047501691708808885,2.6425575505777332,-0.2575118541849944,0.18232780836331458
1,2.217138314979406,-2.097309181405674,1.1818214011937485,0.6937453400721048,0.7758386832770093,-4.807054796098328,-0.21265948468660356,3.012316350479705,0.37316213540648335,0.15272321163942018
1,0.7587159117826342,-0.5132879273707669,0.2914430465163831,-2.1734995892972253,-2.203814945890939,2.4735489018977317,-1.4143220837972494,-0.7234288887650899,1.0574415739233547,0.3588717922234187
1,1.0726001864031944,-1.0058651490314379,-0.32462508032332055,-1.6119426350203439,-0.07716090994466603,-6.7371609438072655,1.780870366620654,-1.46979510924141,0.8073030353071449,1.2030257428554612
1,-1.151536124169006,-0.7717039071278914,-0.9677780395988747,-3.5191854284911965,0.5948052631680797,-4.139709225361758,1.463744134224502,-1.744835017419308,0.9555842652220271,1.4887344674228435
1,1.1814550560092099,0.15290213673158604,1.620286187557873,5.087206045086914,-0.46132886811965024,2.5658711535457868,-1.2596298723235861,3.88804028000311,0.1537187732339745,-1.5140144457844669
1,1.4905912758020283,-1.1872738158694824,0.11514617891825724,0.6957210445913762,-1.2017548358779444,-0.9846369258895806,-0.3222450280397231,0.07058915314568427,1.2496074730828624,0.5362567480688588
1,1.5432672403729728,-1.35303701415072,-0.6037685148829159,1.6472641847217064,1.2299050476013709,-6.347815377691839,1.910645423410957,-1.0453844003227337,1.298423457018817,-0.7979846812160197
1,0.2547143255725337,-1.8518644966259998,-0.09614119398326965,1.1281362522326421,-0.08861525004596593,2.2304657831197967,-2.6646974769202756,-0.9995041533897463,-0.33400488280626245,-0.9206382080554617
1,0.5561781365331951,-0.08347348208665582,-0.08095487793697917,-1.2136335124205169,2.174571875914916,-0.7044231172106175,0.24265773856566575,-0.41288028274197947,-0.6207967862488147,0.24144719311880922
1,0.6466814239417102,-1.6827308558898892,0.46885307649559055,-0.9524210168027032,-1.338689486198328,-1.0461093937978088,-0.8848180594566737,-0.7308406515289854,-0.807485280167015,0.06430089989052841
1,0.754480468247752,-1.8139369049322007,2.2143752022953067,-3.5867415268585154,0.8977383504463888,-2.755550240713895,-0.8979480035799374,6.168621132640888,0.9774820319913033,0.9751406362257815
1,1.499708821756988,1.6497122297517643,0.5364337323488175,-0.9183712746225907,1.68253543731888,1.1224000778551908,0.28768329584152935,0.2689243703368573,-0.4788849954358401,0.2889385909196282
1,-0.6745439634508241,0.5247572507485692,-0.2303871994490272,-1.5629315312591718,2.5097861653867084,4.066209067824656,-1.4281544765383234,-1.5385699093933947,1.5180962795441562,0.07807696829893382
1,-1.228375608941707,0.4805955823329211,-0.047460137642927384,1.420213375948542,-1.0484331806904448,0.33334526571498724,0.11258771076197525,-1.0666454858549232,-0.23135502285314774,-0.7370345697089463
1,0.2505341208358057,-1.0474733454105896,0.3524084433434262,-5.4085360064316195,0.1016775677083948,-7.04780048171053,1.4391088091077555,-0.3540510063335645,-1.101148036384924,2.338281575836985
1,0.6859900519162488,1.4610210501145113,1.5600356351495086,-1.1657675313987146,-0.5888020418904311,2.5065726820698595,0.4331932152681483,3.5591410030902484,-0.22563504112502067,0.3633375420825039
1,-0.19774210708030837,1.5668790081000417,-1.5073846400309556,-2.277601317164577,-0.4075104093410106,4.331461102053734,-0.6431206670051282,-3.1669537467758477,1.839240241702324,0.9346078847793418
2,-1.2404351860638552,0.32145262259532864,0.37265878875135794,0.9704171859998795,-0.4151056363335607,-4.929233920155061,2.2100456558756614,1.8894005069567101,0.7674098577478907,-0.36670387168063034
2,-0.23407211682685436,-1.20981337785235,-0.17850293336043496,-0.5581641809792242,0.3877337081914441,-7.432116952120667,2.082555237685022,0.14762476226466795,0.08838620298974852,0.21919992608056765
2,-0.14581183859376362,-0.7702825739922915,-0.6065181092295602,0.867650596101014,-0.9172004610825132,0.9830782512395007,-1.6625229408700413,-0.3456887275920386,-1.0575894092828457,-0.8657689859602515
2,0.2325782105266997,1.4513745295431566,0.06978846358757887,-0.659171756034446,1.006044889729966,7.520875446292791,-0.7366426979527382,-0.4250277980113965,-0.4874595389268682,-0.5771918529424823
2,1.3258066433576954,-1.3173052417673228,-1.8289326363546918,1.821190604353188,-1.5859949595840535,0.12792344368043143,-0.5273947228279,-4.790309319536608,-0.6823036329733009,-1.1355753044130525
2,-0.5603596292962006,0.028576625335073224,1.365020160451413,-3.470719628500084,0.27819607889963105,-0.7593875337527275,-0.6405225098825283,2.5090235456005674,1.2845731160871794,1.7441516359097198
2,-0.44228711215674155,-0.09427026554355923,-0.7545705492134327,1.0369787987874215,0.8961373502737899,1.4116466626330015,0.23887162479025245,-1.0794776720947794,-0.46276265516822573,-0.5194461819979681
2,0.23242575585337005,0.17925978538861378,-0.016202877673245852,-1.7697068778719034,-0.29698868301475356,4.611686244648698,-0.9034140155156364,-0.45932760785416665,0.5479991501766566,0.3930447255917288
2,-0.8111738269027055,-2.7859870801087614,0.009714123276858548,2.0995460838801026,-0.9756410250482336,-2.6204128669547897,-1.2273043192074657,-0.16521941848428195,0.6823699283200474,-1.941549720417148
2,1.8334186783952198,-1.4617475038627294,-0.40170271560676296,-0.12471158172517546,-3.3371119619448604,-1.3897797805679455,0.6570612714266425,0.4774337179325393,-0.3585137299909191,0.8272153282511691
2,-2.303999551992783,-0.8694402089098773,1.5256914224369997,3.2819638626662635,0.6018274587413481,-3.657294859798336,2.236966361304087,3.7204157095103763,-0.030911128340885278,0.7680968815513607
2,0.13693754657632728,-1.6390336280990603,-0.4068459677929261,-2.545768483327665,0.9543059655311005,-5.944571628259207,0.5352728893169031,-1.0748562191139728,0.17627639586384394,1.3574708753861053
2,0.3368697541338227,0.16953820320024693,0.1840181305198002,-0.685606923527602,2.211779514879906,1.0543798767352208,-0.4221350480583451,1.0346601528787829,0.039004657959983306,0.33034728160090315
2,0.11616452481544501,-2.0299669405937593,-0.10488851746289943,-2.8612690511264876,-2.4217283959194225,-6.216519136758816,1.2294320838406994,-0.41319395055251057,-0.581668802142198,1.8286210991038745
2,-0.6894659525424618,0.3285677780022213,-0.7808264531275743,0.2530498510794107,1.3813809864325632,7.138121867803348,-2.3450446350762713,-1.7968220784630298,-0.10102545365328248,-0.276460968693255
2,1.5054196924460268,-0.36332822832809264,0.534478431779917,-1.9089654903879485,0.24506582308597286,-4.3383765249537145,2.046925426187756,0.06826091235541817,0.3207229477198028,1.7207273851536324
2,0.9002958136882538,0.5342694556638444,0.3647011516692686,4.733413125580018,0.202023608324273,4.362739675465035,-0.6398483232285712,0.952708140543347,-0.10532470130312474,-2.6135954732194207
2,1.035549305019119,0.28508122278754605,0.2008272328403724,3.4413155662179418,-1.5388525012129561,9.319525521442076,-2.7532636335120033,-0.5599782315425159,0.8694599989854989,-0.7527167792735933
2,0.8786753069884973,1.1644664217266798,-0.25227171406218124,1.4865930051209701,0.36753448401713257,7.135778825526827,-1.623455251784458,-0.9821431541017401,0.15282700538729246,-1.2782605037011436
2,0.2696204804670123,-0.13433372895862714,0.10854696263084229,-1.3405995587047461,0.42480440277400183,-0.316539706863387,-0.4215507557168631,1.1446269208165272,-1.789650137508204,0.49308122854343356
2,0.1737086180705097,0.09184906999468855,-0.6770029148009433,0.5920428010566352,2.989039735333569,-2.7490151016059468,0.44841715082582584,-1.7728372442192855,1.3552303609933503,-0.39901884246373387
2,-1.3229755046633238,-1.0321430187088114,-0.0639225287307364,-0.13310847947027163,0.948749476913671,1.330476088109138,-0.3127360328688236,1.158493919117215,0.19157788111937224,-0.44118049255840885
2,0.019644546193143004,0.5363774964557052,-1.5262493183128596,4.0812432938096315,-0.20123927571823938,0.0029939857953583155,0.3700644536800675,-4.2348698830956675,0.36079823921915977,-1.7950763092959934
2,0.010644926212116868,-0.37669283790274116,-0.6037889399352926,-1.2900302965533559,0.5121654020639577,-1.3839786367750555,-0.9162607176208583,-0.8937093112332172,0.4440988071352017,-0.10306795579363641
2,0.5059990130032009,-0.13454001673508112,0.7860798582028278,5.25739471027735,0.3184886613270494,7.612868332161671,-3.3551532397545905,2.265273545241632,-0.4486501134982524,-2.5118057802797678
2,0.038238935694518514,-1.9778151010395353,1.343720081396627,2.202695088726704,0.12011303451965667,-7.372563083627041,1.0627958568320768,3.0163417365176297,-0.4391275963126166,-1.6643603329287515
2,1.0043643660070607,1.4632182146426065,-0.26715510120091823,-0.37517683822405296,-1.4953578496876216,0.5871505941883192,-0.4677059331456523,-1.4359053397690487,-0.14636327879148125,0.04235676823272933
2,-0.16604797293375193,0.2583631469031156,0.44424422228798177,3.815121727107308,-0.18087843997594827,0.02690282000506788,-0.8171939505592305,-0.5186712825346514,1.0079076119830828,-1.251827774191672
2,-0.6177053553713503,-0.17067490008513966,-1.5899323741223073,-1.3228111948243306,0.5752203377912747,-4.966396832476081,1.384260205039203,-4.420191128596862,-1.75279286157669,-0.16477596615647855
2,-1.5102015758901968,-0.09042528462934868,0.8658255084699791,-0.2386252661403311,-1.5415579264671033,1.6407573565188798,-1.8693140421626289,1.255194562666829,0.6851069891087007,0.8416022825679585
2,-0.8410981266928814,-0.018639846256959764,0.13850900925251047,-1.093075026653799,-1.5722050172241149,3.0039115962948646,-1.650669473916673,-0.4169062326584271,-0.1919335848990917,0.6404720762986852
2,0.5596820264820651,-0.7327053790718087,-1.58665405171682,-3.2791518970583335,2.4208401254015097,3.3515199954097565,-0.4953903105636553,-3.5934704726873883,0.5993259128185229,1.423872233032748
2,0.8198826723148155,-0.39019984761252097,0.9230124196766673,-1.1152068694047335,-0.36565465859609436,-4.724121753149658,0.7989019438982895,2.278957333287017,0.03170379455999219,0.23869510306549455
2,1.0457394874756092,-0.01152008306513839,-0.4078819766792541,1.3629684872794476,0.9832677062472638,1.926366138415785,-0.30922260178998784,-1.7343773390612738,-0.988532062266813,-0.24353221937692007
2,-0.5780357181653165,-0.13712678176969983,0.220572929680658,-2.111372206750531,-0.21169002440499335,1.5684683511010216,-1.1026249620297197,1.1451770218331192,-0.629175311998131,0.5950257051601519
2,-1.8724660536178743,0.2571858257912581,-1.867673180356874,-0.015452807833676316,-1.4016837486459837,-6.578686000598752,0.14561060169814416,-4.898263941861656,-1.444921558784876,0.07603628504844599
2,-0.41256677802270975,0.15201562011990163,1.4835059189569757,-0.694357843947651,-0.07134685778856345,-2.2239840128292414,0.2309795719373171,3.3255891676154192,-0.03367967279669643,-0.0627282547339223
2,-0.4621255729554531,-0.5777715051205252,-0.027505689381826848,-1.067978306434623,0.10890785360415182,-5.5283142968557835,1.1950944378809993,-1.7142985483043223,0.4125825982015573,0.5948109105171542
2,0.9628888369138271,2.078980138368265,-0.047770853548581335,4.163734696758987,0.994766691803758,7.712306961521836,-0.5657577033134982,-0.2593197228750338,1.1072546726938775,-1.089937266397287
2,-0.3682845049796322,1.0131406396649885,-0.15554499527522278,-3.19078401205679,-1.4336213717662054,2.5213801890587755,-1.347976243029683,-0.6649829149696013,-0.08205338545632816,1.704793438902545
2,0.8094362442960209,0.19368443803904503,-1.0716955441821392,-5.478296822867934,-0.5786548769689164,-0.6181537912961028,0.3159063730512057,-3.560014819106547,-0.14867022514033276,2.7065748895906907
2,-0.5704277817161821,-0.21422119890171504,1.1360054724274733,1.7736465587230792,0.3114926391018085,-0.5200213430517541,0.4512474185536471,2.754438969391451,0.46871800213669707,-0.4011330723558618
2,1.326368214282281,-0.3717441762325277,-2.3112570861019925,-3.2766152350971294,-0.23438789495550094,3.5855640185369686,0.19305055550930614,-4.8963436938470775,0.029165522149938602,1.045727117909861
2,-1.9623736305880972,0.045179338341024874,0.9194365080075786,-0.8093625378192535,-1.9980487844580554,1.890895420705482,-0.6998849471059267,2.2028049730092074,-0.07736162756928494,0.2543906586852021
2,2.2244698136787626,0.35055162375642307,-2.2137138072498623,-4.252822352856767,1.5023697186085336,6.580059621550387,-1.6501388431997082,-3.964812049954852,-0.5233653486793098,2.355321116253649
2,1.4581615889738888,-0.6735413504751772,-1.1631416914017292,4.394170688829762,-1.1309550928751047,-2.2462334499680456,1.7579212198149456,-1.5033044558486066,0.8242760897447002,-0.8633248780081954
2,0.6380989561313398,-0.14880805841480976,-0.22676588552796473,0.8210188043454859,0.5848390716388546,0.9557201859183388,-1.767893596495728,-0.6136826915579822,0.16158229995425155,-0.3508707581961702
2,1.6655227649390631,0.3019139475879956,-0.7523212249937754,-0.14856407196375515,-0.4705797437961624,-0.47300745507220726,-0.3590309816202141,-2.487473840895587,0.13998785885208545,0.8840750330360573
2,-0.7032985079271742,1.7993774753021248,1.6864934725539684,0.7318927228444366,-0.8447513541283503,5.672901286724847,-0.7748761734507333,3.1281259567880437,2.204249514010108,-0.13712788943653745
2,-3.8303867358043266,1.2324617795807167,1.9232060980266756,2.961727421704117,-1.0793571989419521,5.357377566701099,-2.2333905063545614,4.4879484231887865,-1.5114309002878685,-1.429971734391004
2,-0.5364768834250521,0.6380853044416398,0.673174107782158,0.29441184049770547,2.0798467105619767,2.3301687774547113,-1.167621373052942,1.9590547702674028,0.20054994955248664,-0.4014198314242342
2,-2.1788802796934057,-0.4193575441915019,0.6057670862146954,-1.1995858219913709,-1.121097531044169,-8.53018111457506,2.2016654765814634,1.7510914468579033,0.4986285629467701,-0.02673147258889123
2,1.4190072070011333,0.6212194492058621,-0.4137550230813329,-0.4857099990486419,-0.09898320499081374,2.1225750261693253,0.001519976503305312,1.5882012943149943,-0.9469953992444754,-0.7898689773007788
2,-1.7715658444885145,-0.595663541209513,-0.6222582899283802,-0.6679926838142722,0.2546344384870264,-1.1371507486829928,1.269800188766895,-0.4482172002087348,0.08547499293207869,0.03512224827628176
2,-1.3024844425030049,0.3198842521553259,0.9674067311966702,-1.1632637739501592,-0.10419494070941275,3.0769477751148733,0.29431594431546904,3.180982851702755,0.992727406255819,0.06526693649756667
2,-3.0578714247384515,0.6230677905662892,0.6213899724019063,0.35272198561125295,0.3097895881320606,0.7929584912460931,1.1836548857206284,0.7112807263800343,1.2174517371903921,0.6833653983544369
2,0.10399395203343842,0.8098633669246635,0.20612723957558787,0.9301327752110313,2.199273935020352,3.269884672522838,-1.266034780084839,0.38831144574075876,-0.91741739830476,-0.5673781662391781
2,0.6040425959619898,-0.23902552110212927,-0.5172159554212765,0.958002596344808,1.4144954893828003,-1.992974634380773,0.421611631557294,-0.5351788802668495,0.9200040236527908,-1.4762026095252743
2,0.9845863954420883,0.7955661920637199,-0.15997760955819298,1.950653983532416,0.8281940503931813,4.856197568586257,-1.4140331136820687,-0.978680030577856,0.8656877566128526,-0.7921219851455782
2,-0.9010390542637512,1.270165506431097,-0.8409227841886691,-4.82209513930083,0.7623773526774916,-0.863827133897071,1.043405203285604,-2.8959556615906985,0.27273615489017133,1.398647594525189
2,1.549642455810728,0.12961902688813087,-0.0542910743833237,0.29008720241325187,-0.23405341278453384,4.95110770554409,-2.209342501522235,0.8301889218120202,0.3840981567835417,-0.2590362217120975
2,-0.2310368182873832,-1.6072285476873973,1.8278942114021097,-2.0661331278800557,1.884975697592644,-6.624125419448129,1.1612322042222745,4.15805607507967,1.2159763204276657,0.15296990854163864
2,0.779838821988282,-1.4516781766807993,0.5884534307479719,2.3831145558362925,-0.5988339564305529,-4.699577585144892,1.2827626773891625,0.7943581875263189,0.5534398620835493,-1.3657516572055195
2,-1.2601331708761068,-1.2921437911744509,-0.3700105111544766,1.0549759533198604,-0.6959642108600034,-7.843497312111745,0.04819664843323543,-0.39776757414296776,0.9518933787808485,-0.8396644669486789
2,-0.4310552837175113,0.6313406536099812,0.2210626620441796,1.750382152025398,-0.8342637762644931,1.3837480637979838,0.3889005035095191,0.12650507075941483,-0.750219186290945,-1.3472262663502375
2,0.07794648497131422,1.3625395431745502,0.3014808185907901,-1.1540844812752937,0.9749026360628261,1.434311377717363,0.7254144006208916,0.3676872443420296,0.5221254546580342,-0.01601572892054417
2,-0.2839688651267071,0.29045111032642995,-0.5369988848930632,-2.072832300985098,-1.4674929607508438,-2.198308374507199,-0.12812714766691974,-2.897516861096444,1.1701411735658973,1.2685098317786336
2,0.04027805696143842,-1.5534593277199629,-2.038131496777566,0.3352880025943052,3.6606118375085517,2.916160093799092,-1.6958695213731507,-4.984760366688144,-0.15685304355734775,0.42168263822982754
2,-0.8586291830181191,0.7114134596779385,0.8701289995059348,-2.3058398791722716,0.33028798154112887,1.9994838476026402,-0.6524376710127909,1.465360440607567,0.6034631578954939,0.09521183290109221
2,-1.6846549315139452,-0.17626984906385415,0.19913927963375366,0.496006058040187,-0.08447884337679219,0.39096627919487453,0.13277192671782803,1.5162898654336854,-1.0843302893388846,-0.2750475643533668
2,-1.4948754967257791,1.5601484724225507,-0.5588360913684286,-2.705997051153809,0.8655779627235428,1.0033374552109489,0.18260282106998182,-2.131677934218366,-0.7674312024580141,0.782041433430006
2,-1.5530431659057833,-1.2115337846296974,-0.2536512901208584,-4.501872543805965,0.8989538039061711,-0.31920876815252824,-0.685289440214498,-1.3336422469504223,0.9478420475111595,1.5787053113623932
2,-1.123584515152958,-1.2370461535518928,1.3468069491081165,0.11993542372522918,2.693861680396518,-0.6062092635063915,0.18111298194318637,3.2139859705585545,0.4749139421683313,0.05019054744767965
2,-0.29677301726673255,-0.4099694023936411,-0.10822078620806899,-3.9715902161838517,0.08330659978040962,7.911526047948318,-2.299150173765916,0.526497214685882,-1.2819182358933727,1.318779719379577
2,1.0940509817086175,0.06829837194025457,-0.48233361224222426,2.5820204397790403,-0.05297063384023104,-5.490848194454527,0.9963124471315907,-1.729307242480174,-0.7198341958735255,-0.8892180148201626
2,-0.9287449978023332,-0.5031665999599125,-0.09156887031988087,-3.6881018703778703,0.6199723140849434,-5.231363537265058,0.2985760902091626,1.4391811156745893,0.9578216256283072,0.39310630434948995
2,1.1264824852564945,1.3334389266933067,-0.18142590034700107,0.24127566215082064,-1.0287418238154264,-0.8606274105469485,1.1600240338026315,1.1575318778865815,-0.7648011847188168,-0.25125099709434284
2,0.31055253137783334,-0.4677292280978055,-1.0698124217220515,3.607450628459677,0.5497958292026811,3.6680075141480377,-1.7366751013420916,-2.937724612269572,0.7531064077373844,-1.3118896504341162
2,-0.8317208443381549,1.2006252561162578,-0.41177616355577024,-4.183613786196133,0.4310839621435261,3.5628942032360875,-0.406510271689084,0.5372951067082578,1.191893618672505,2.0400943354532184
2,0.19125501419903929,1.2702366479581346,0.7877667335075765,-3.771337979762298,1.3913992272741578,5.190746656002937,-1.8124842593799184,3.4688464372371945,0.5625349996128537,1.4260911140414392
2,-0.6520242496714808,-1.6745750046085663,-1.6034319612986232,1.0178578072857765,-1.0781240492438613,-1.839701583135761,0.20103272956312476,-5.009510373787781,-0.08263559582334003,0.019528253639123215
2,1.8345424233790777,-0.3633671735821674,1.2933322734058383,0.9139914409884949,-1.2932360461440118,-1.9256096776239817,0.5212762408719547,3.32979202890112,1.3634757580086607,-1.0570257176883175
2,-0.9875163666219078,1.2324471260918934,-0.455076785542969,-0.572041103138736,-0.45840961645112177,1.9686085998404925,0.19584359404730833,-2.3715814028937374,0.8946563449002369,-0.34595380522381186
2,0.7978080583931249,-1.4321107224683094,0.8802405667093377,-2.3352496730005843,0.49740094841524357,-0.8763454653333173,-0.2985136847640804,2.746530872264491,0.95011067473773,0.6862336557630366
2,-0.4588480548492513,2.309310765566611,0.20065575792033666,-1.5618132044855728,0.6986802785976153,2.1050823816441957,1.8613392956149346,0.723533955732165,-0.17465782704784633,0.889888319407596
2,1.2988658760582872,-0.14922864567769065,1.1988843740530744,-2.059294411110423,-0.5959892258767772,-0.5291249529055717,0.17099009751913155,2.5753168064027117,-0.06155589090774145,0.576628633072125
2,-1.2195171637439686,1.2741913954374118,0.07526245985970823,-0.086297304433502,0.8495784293595496,-0.917772025660173,0.9943939360496391,-0.767542520764681,0.019260813240948065,-0.5065410615764068
2,0.39861350242524074,-0.28525024280775896,0.3508152420944144,-3.4418842109569896,0.016905903421953805,-2.805848735085379,0.17579458368043102,0.02503591007414402,-0.08459790030434956,1.258991620897416
2,0.9232042926996786,-2.168679013541487,0.5597000868422547,-1.3705375438196294,0.41300995532824397,-0.3677069831622007,-1.344758835120035,1.6481848625701714,0.978155422307151,0.659510313747047
2,0.8685812041832177,0.5570939594831633,0.6253388379933642,0.7725070829347378,-0.010186887304194083,0.8238023739826797,-0.6655672850741433,1.8754123988667104,0.5061618007595289,0.16306396907401796
2,-0.9660513343074683,0.41144988916093506,1.5552626466883757,-3.493001325672305,-4.016515455343969,0.8021706078176902,0.78986155104698,2.6522757379237785,0.51544214286994,0.7402404509278027
2,-0.7727830115696314,0.4682904893289752,0.19980944726272654,3.4844980631445734,-0.030492217114514344,0.061015519748355375,0.2434230561206556,1.0374399262462977,0.7455139518226863,-0.057414452628879675
2,0.553140504439702,-0.4880834976580539,0.2966713887921194,-1.423826677329199,-1.4784712122378538,-3.1364425948339756,0.280597056634381,1.311882167959607,-1.666974932465893,0.3411544172176959
2,0.02457264224327801,0.6044778362631675,0.8692162795127981,0.013116555571232058,0.1396331026821302,-3.4520767445012757,0.529921920580662,3.6301929701902047,0.370690060136187,-0.3215589192344937
2,-0.6674284270517259,-0.9982948230450402,0.12067664169653308,-3.502887967031671,-0.4260622264539982,-10.095793036169146,0.9323426654695389,0.9510619355696127,-0.043204198667683685,1.685115143319861
2,-0.11458711833882217,-2.3962214981133703,-1.4519730362353411,-1.8189850699642967,0.13203544972058223,-5.441718365979754,0.7037869932722899,-3.0305623344676773,-0.5160033907319393,-0.05020070738028753
2,-0.482327240198802,-0.7806724295654108,-1.3026392867435175,0.6082741019425484,-2.215575453038539,-5.601132859319225,1.164402959172431,-5.564938245665245,1.2264455970514148,0.18287164502102377
2,0.19867045637862496,-0.6811854063258423,0.3209174074063291,2.5939443078541977,1.2064474233000992,2.2472032343287602,-0.46031556217350217,1.1258381895212641,-0.32114340837141586,-0.8256159774693136
2,0.08736977120772499,0.24603943622151012,0.17326924771268348,0.7708683988501486,-1.0911200765406048,-7.589039037539639,1.9518222938546028,1.2850241704634409,-0.4546749071362983,-0.09049935689402493
2,-0.40928266541381,-0.04511164751404494,-0.24061616654932466,-3.004565365970217,3.9533705221151987,7.8032959864243745,-2.128411752540412,-1.9226967692148784,1.228337657027218,1.1108857853820369
2,0.8122553491162051,1.3744830348564552,1.0705462012666793,0.12676442677765232,1.7223601631748369,4.274269808219242,1.5298027160367798,2.7089568289111026,0.42698495435539213,0.31475718325749547
2,0.20789954618493803,0.1893167585120636,1.1723425113550399,-2.305671367066301,1.7331602298719122,2.322054540451792,-0.938344184451082,2.223312243355954,-1.0697681761709228,1.4131620873570998
2,0.24097005175419903,-0.715296748047413,-0.6425878511214439,-0.42088780120094604,-0.5001437256176624,-1.4492887190973371,-0.04482529429575639,-3.179506146100012,-0.7890490232484129,-0.7491219898936555
2,-1.937135475188277,0.12476247965290337,0.08763915922415763,3.6718929476317497,-0.030677827176369868,2.1154600953751728,-0.7236082673901026,-0.013331373689915195,-1.4352308012361827,-2.336841712151368
2,-1.7243449694031328,-1.0612852493562521,0.01738963831493673,-0.537710834045377,-1.558510353660808,-8.716336236122997,1.5771416608674118,-0.8050757400422698,0.45228958009119197,-1.2057774844698648
2,-0.6365277438374439,-1.2787345097835219,-0.717051186772406,0.4590494318555773,0.9751641407757892,-4.920974049546265,1.0983077401635728,-0.09886842148023109,-0.02945576647890793,0.5410846487182829
2,-0.2726119121405874,0.4079779076833362,-0.46242290498702754,4.296725463779074,0.3748014221440174,2.466514493216544,-1.4185788315753853,-1.9310154909379302,0.13669498090699234,-0.9928064608406408
2,0.31842014692138726,0.659274802189188,-1.12687320502637,3.5023757574988252,-0.0634361700847538,-1.1013716299660523,0.05246747993567652,-3.4288645475495763,2.4836514562527627,-0.8801744994361576
2,-2.1571459545900433,0.4233660091127232,0.1777789641627102,-2.3501873917726517,-1.0443625268115948,2.9235053678144185,-0.4250684569428284,0.36292672715791474,0.5071109857512868,2.0698569462757987
2,-0.6911083426285894,-0.9923870089244149,-0.6045870025422733,2.1004384466696986,0.15199983340087037,-0.30065491291831664,-0.8587127405886689,-1.5117025986694257,0.25653221473350935,-1.2254501165870417
2,0.2868516271292103,-1.5775831356057648,0.21435351134756842,1.3566055756027764,0.38857934021945817,-1.5232438609297183,-0.5576299363071994,0.40714077273867766,-0.24031556230227438,-1.3370658979356773
2,0.4857985038923755,-0.7300125073608847,-0.6781964660861662,0.25394290474944825,1.7927690705193424,-2.9374617303837134,-1.3399671928739028,-1.734474436804108,0.6906078839542898,-0.036965313126199995
2,1.31508087487544,0.664843390017233,-0.12231260135759925,0.5766822343867134,0.819332421769533,5.137215380616586,-2.05335454543897,-0.5292899807347461,-0.7325981228891737,-0.9504587687122157
2,0.14522490332802784,0.6592775429365745,0.9756314325767367,-2.260347132226455,-0.562192640884685,-0.31407620291113325,2.651203451843003,2.946659145853896,0.21326601671133832,1.8712022983974697
2,0.12186328336745765,0.3151413508360848,-0.6166045341294069,-1.1877846935307024,-0.33489367081756,7.085366069908911,-1.182374889186258,-0.9918543023011446,0.9839143377753091,1.7212835030888753
2,-0.02078625107800148,0.6690084925013272,2.039759324256314,-1.5555402607409632,-2.5358965757586485,9.608308221437175,-2.285956871451745,5.144553838974249,0.9999359982043344,1.3588795971873306
2,1.4627621626235414,0.5708376881658579,0.28142857492328316,0.04460352587044447,2.2888400651809095,-3.477900925461815,2.3420877589903095,1.88789477596264,0.7454266141801317,-1.0361950553486012
2,-0.6866322862200044,0.3619109686436692,0.5774049206619016,-1.9054736695663883,0.9524429440984373,-0.013753850787280189,0.20098415690662794,0.7636418808344092,-1.4921933407418604,0.33105518908868303
2,-1.1251223249494864,-1.4070660410131126,1.3835194743938155,1.8839832520298279,-0.25579670479875855,-0.5438572186205215,-0.26038087342180777,3.513948078226016,0.10234054965521831,-1.327885547181419
2,0.5585625123526644,-0.2690483435560461,-0.0020119799116899983,0.21030295205029664,-0.03335372717316402,-7.831890900223588,1.9982884735984523,1.6786589271317822,0.5661333279596586,0.3228680572687371
2,-1.4382875232892172,-0.190959417675969,-1.6023813046172926,-0.8801215430866823,-1.719855024683074,-2.377087968936491,-0.2111763485564565,-3.501572766018435,-0.8386931362154175,-0.27652675920488584
2,-1.5910420544129862,0.623430608542629,-0.4008798820975599,-1.5611888863431023,-0.10334153946414965,5.370688069878207,-2.834439318285536,0.1825475450048004,-1.4003370702366298,1.0158933920219964
2,-3.0003216548956235,1.07267805419224,-0.21767352621497335,2.4329193559006095,-1.0898265693015297,4.633370820635623,0.5116404821894385,-0.9932932480624951,0.9349913800190299,-1.8745064697930007
2,0.060880611410187135,-1.0584046896911394,0.18509821145024688,1.8638220803937258,1.5308749303490208,-1.2466384840390579,1.5047750929746195,0.12215599546229731,0.9504705693559903,-0.5964460155471604
2,0.6965409999649713,0.5122699616809239,1.4631873292579767,2.770444916720965,1.9802652887404644,11.237179134483402,-1.897275639489555,2.9369656505933444,-0.1255621590507938,-2.0391162737525104
2,0.5511171071318858,0.03645827951688401,1.395405133700456,1.6066889978609207,0.606208384603306,6.722133068752251,-0.265263162117018,4.160548997899745,-1.309784090862342,0.19666401932104238
2,-0.6759254412235541,1.797100962531798,-0.07462418977325325,-2.9043674934715704,0.852006750241372,7.682836139874102,0.29424451949995933,-1.408927920688007,0.6405946851811146,1.2075762613265744
2,1.6048141425056217,0.9357405280602049,-1.6868565923775631,-1.1567604045370417,1.0005429134045065,-4.492856146409288,2.3402764476385234,-4.0964926894760065,-1.4010726307754873,0.19779599828787126
2,-0.808723887927409,-0.47116116660721175,-2.7254927814434176,3.440058885981253,0.016971191851627716,-1.8912288649166398,1.4195964525181124,-6.391290802276206,-0.7260299737235539,-1.2699995004919722
2,2.8842697218176423,-1.4041180510551343,0.8488623066076514,-6.0395243483381975,1.7674376416548276,-0.1883825254741083,-2.0262198357801284,2.003783889039516,-0.336938136161858,1.2902040470039018
2,0.8941936999540138,-1.0015975295428265,-0.5412381878871353,0.7052073178926321,-0.6125825274548284,-6.913609777445679,1.5799707018672922,-1.3400037638991136,0.21481015956751637,-1.2680109542248321
2,-1.2243301926021914,1.5717514724859911,1.0094575976162772,-0.7045981328135467,0.33109965587300827,8.782990001370973,-1.262234551851447,0.4243401938176274,-0.38690829340366734,0.2352138852042717
2,-0.808435474234348,0.9200827330449076,-1.0350541831669513,-2.10144331034134,-0.9672384124398161,6.475808652141676,-1.7014953961678467,-2.859132940090564,-0.14529582563093552,-0.1800561152677773
2,-0.7334994574165637,0.10522088725525411,0.19844951469111355,1.0054109891529135,-0.9483784839128208,-3.247374178252647,1.1606262896685025,-0.41380303890369186,0.9056113551866878,-0.9045927096275769
2,-0.22701971677345592,-0.6409706179879259,-0.6140508018308489,0.7261440568755949,-0.30729939011313834,0.07407982405289182,-1.3481269602838923,-2.635500057614865,-0.5078198238255079,0.5198297101909753
2,-2.172013947567518,0.06584733892465185,-0.22320192597943522,-2.2633477253055068,0.2718761644153155,-2.792854716076434,1.164592240651065,-1.220671289317791,1.9190507802454493,0.37480061368967454
2,-2.6959259864360265,0.9891869283830119,0.07475438440396788,3.3142277409433962,-1.1198693433624596,4.372312432341473,0.288728267132126,-0.007475428040957698,-0.016285380506061934,-1.2557986727108073
2,0.868204811059481,0.4109353703514691,-0.8990399785427382,1.020999700742106,0.2530249405651614,-1.2445749719002321,2.5211663271876144,-1.137874432481825,-0.5499799251646705,0.5820075891888649
2,-1.1425147357068175,0.00502487041638259,1.237765113654393,-4.350552565706477,1.4807037793154705,6.531733909326732,-2.5361120919215008,3.241399061675126,0.8971431715706479,0.8321124473708427
2,-0.4639562841254936,-0.3866515007305908,0.5100448806904422,0.6815097092689943,0.5230612393236,-2.2756925004474167,0.6002793140156201,1.1260843856075158,0.13942314692180116,-0.9294776194969498
2,1.0259953728643263,0.37062992576416215,0.21079161612339958,-1.1146416345094954,1.2646493570299489,2.4442220780086257,-0.5670808595203841,0.4888927490411604,-0.3256705447420305,0.13462702684612426
2,0.21618692683112606,-0.3146133152132561,0.7178053426078923,-0.10827885160464487,0.6290106120542553,-0.16467063705677298,0.4731085840153517,2.96801282759009,-0.4510815966766982,0.5119069031083987
2,0.6596921856761166,-0.34040754605336027,-0.7301026576880498,-0.11606598047559952,2.0037527035208456,0.045321559598996225,-1.5885142085776367,-1.3711471309354037,0.06253094952934461,1.0580047939535075
2,0.5502757668110323,0.5956784270480142,0.19686936535439625,-1.7297602239126904,0.1789313614504318,1.6138445660624445,0.07217200590762037,1.5723150480403947,-0.054711029364196376,1.2936646248473613
2,-0.8605531461308693,0.5492885713402559,1.1453710625567426,-1.508639842742617,-0.4884152672194777,8.204158810169497,-1.8090232997033764,2.683976620730416,1.9741351213896445,0.35387379649387657
2,0.12122730259481643,1.175958476532652,-0.7838632666135615,1.026935326371062,-1.685772470493522,7.120091282319898,-2.3925723422468383,-2.335432937593036,-0.16773177532337988,-0.7286699357498198
2,2.346924794216736,-0.3341384494574993,2.1673654766208355,-2.0206229592754195,0.933421506956965,3.6237484057837883,-2.571452855307738,5.875999014330282,0.9688971623490407,1.3419259741620946
2,1.5422554764278262,-1.010769319051003,-0.9438105119311675,-1.4956706739147085,0.8073095218913197,-4.2744500862631085,0.35568310314584484,-0.9298571053123597,-0.8286157146417124,0.19508022305535438
2,-1.07595373545816,0.27697854873001065,-1.3011506151855317,-1.1145514847839977,0.3419758372583099,-8.023766070313638,1.4917016271149945,-2.675481261466962,1.0251923973522903,0.17876434965686197
2,0.16089918795596742,0.23627266991078646,-0.4695477503468749,0.40744088745897056,0.8989354896490918,2.7561507201560747,-1.0141260768272553,-1.856714278386709,1.0752647715482215,0.12988277927303143
2,-1.125019026244884,1.0761118341510336,-0.42192053731936285,1.041926314567831,1.0875810150116092,-0.7876134409615868,0.8889023981944626,-0.35120495166418775,1.3525423647821944,-0.4870816054798128
2,-2.3674505508554597,-0.4441594944996727,-2.5372282450649353,-2.3169722823996475,0.7330892610233836,-1.0392960993280334,-0.4741389403004951,-7.037037566750961,-0.7189793151655394,0.49968700685813255
2,0.7078770922152288,-0.612050549582228,-1.121168630771304,1.2478357098825963,-0.4467760754419557,-5.4489385204013345,2.6789020720171117,-3.1068401719682788,-0.28178017880630607,-0.725721350029972
2,-3.4301944087855536,-0.19264230583489705,-0.6352382411385262,2.7701460411669503,-0.8293353678470146,-1.6378704717366959,0.5462872759367662,-0.96328790254122,0.14833768172240563,-0.6189966336672871
2,0.874424392826336,0.914089000401512,0.036924616756731546,2.542697339965116,-2.1079741654860653,4.794742653710239,-0.5623652928352779,0.36566802248322683,0.005010510178716555,-0.49817763645228264
2,-0.013214812511462063,-0.4448960658659647,-1.4665782986814215,-0.4928415286111208,-1.2877211411898404,0.7740224439523283,0.21215733756415123,-2.905396100646702,-0.254993185135567,0.01586388241481151
2,0.567402192815236,1.5310376332309874,0.23546764126969072,5.934386422473876,-0.3731005603867451,-0.014843890375257997,2.3506076975507084,0.6396456877074156,0.5141949317642502,-1.8718325411540586
2,1.9391286767334828,0.04106500348900449,-0.6923682505718007,-0.5480184986351182,-1.0182279161506724,5.790211444896406,-1.7298487647599936,-1.7344334067489509,-0.21233305150527587,0.5248436103834034
2,1.2630659416507755,-1.5289400628693148,0.038818598556216416,5.016656116210878,-1.377655535590982,-2.5124188757187227,0.7251003427814996,0.3698171735324277,1.0585896382569084,-1.65876256717285
2,0.1206794353090287,-0.9493207189146148,0.4717137826042609,2.0262386579359295,2.0078555105762845,1.5236987344778923,-1.5838470720267035,1.9547533753656943,0.4721893156290371,0.23494989343798006
2,1.3091377593117848,-0.6193400499844905,-1.4704631387569116,1.054167785445338,-0.15761956264484603,1.529026052844429,-0.9915657693158685,-3.293868725726457,-1.386491513085953,0.08210861568305289
2,1.0235551745579223,-1.5308780108518667,0.024490048515057067,-1.3034287599341863,0.597589182279059,1.2455857968710227,-1.0021558234023573,-0.6631412129543299,0.30053161708783843,-0.060829072884043996
2,0.1754888036471616,-0.5567433267432254,0.4278012318053937,-4.5173032422835915,-2.7033459472007593,-3.5020234558492085,0.5765433208165094,0.1576101376785227,-0.4251073633434646,1.1258609961818469
2,-2.209450474872196,-0.7207679801665228,-0.2617652034295295,-0.2826460225744751,-2.0707506624334604,-4.262045410525265,0.650815845911766,-0.23168424662251474,-0.8936414824570902,-0.6277841903101854
2,-0.5584537278892165,0.36889771636851915,-0.030067610869457806,-0.17261013291624125,1.476024239992575,0.913976455682973,0.6408418309793786,0.5200311701281989,0.7402121010751863,-0.7035163786664989
2,-1.1207303004681717,-0.8271449905261186,0.9749052849478602,-1.217034574666115,0.044220095868129264,-2.8323012248727553,0.1844303440068729,2.6389236812340955,0.7468620825475812,-0.7972497091971538
2,1.7421223384763735,0.8733954654263966,0.7963152824879258,-2.3766256428459904,0.34000353325128535,5.776830468260014,-0.4613637676292355,1.284471886283901,0.20431668633092642,0.5550554057848689
2,0.047048743289780405,-0.9955837043952684,0.08424384446215777,-1.3200598254296472,-1.3424808686483092,-4.227056476905704,1.5958843668416003,-0.7189484068485303,-0.5518758069983468,1.5073171395355833
2,-0.15205021816987588,0.9648033505411963,0.39512882659855464,0.873138917607019,1.4014247903761503,7.369896185598897,-1.6128955020101863,0.4843217570197631,0.7786431195983078,-0.5223944550243033
2,-0.3509030277766806,-1.2865465178152677,-1.655770477125218,1.4886930090327755,2.3287225332558803,-12.786702342174882,3.045092641959851,-2.867131601265326,0.4739637520077695,0.10021802661821806
2,-1.4594467836076366,-1.646900082770215,-0.6248109126463322,0.7374160290708448,-0.9022548409087829,-2.6659626521627473,0.5810251475443016,-1.6267354641635896,-0.3589216477281669,0.49797620214188665
2,-2.2961906711157827,0.3104386560839466,-0.33307760483963034,-1.9100868431890785,0.10178733140388659,2.5245432467088587,-0.25012797910107676,-0.5004869045772085,1.081069653753564,0.28593664241889244
2,-0.7391374744723483,-0.3102716043504684,-1.3690035677829209,-1.4309992313304336,1.6235653557772827,-4.250531931218312,1.2167216485032046,-3.357059153744189,-0.3603212272865316,0.427880162796467
2,1.266138176836936,-0.8940976771872529,-0.41063396044716904,1.1091525340615085,0.4351832879098653,-4.874906766399938,1.6717690328788257,0.8036422201288165,0.5534879523971207,-0.10145941902920749
2,0.21980347773524508,0.6406292508277818,-0.9306741751937675,4.78131596152157,2.449921571039738,7.727768389022004,-2.118999313650582,-0.14863166971851527,-0.725372665435749,-2.2161276743453064
2,1.3071803627340217,-0.9578737237103543,0.8562760311543137,2.4837776156895237,-0.5562710232788599,0.17031957147943866,-0.15123270756529403,1.988361434736174,-0.14497998615531305,-1.1207148330373893
2,0.8887094837292737,1.0152697922851814,0.35829721134294035,1.339031262097734,-0.2601328678884876,2.3062700055259575,0.5209303362220051,0.8616636515120111,-1.9675088596102053,0.05207102238171009
2,0.9306731572502626,0.2326331560091083,-0.3776305157888456,2.183991834362256,0.12492799113365954,-4.613088485972232,2.133408765220001,-0.20583641427127558,1.1802694714258248,-0.7243771321713873
2,-0.011856314332174572,-0.025510988295948573,-0.15635282822983387,-8.450137209370952,-2.846596731224621,-5.917287387680955,1.7841451791215117,0.04618440095299255,0.3734435399653062,3.2010328630322515
2,-1.4104386654187033,-0.1065540510251695,0.8377966056286362,3.7244927825543988,1.306031247925585,4.64579243881762,-1.149207248750678,-0.3983144388134415,-0.6281174635408993,-0.7543058507712719
2,0.7526746425046468,-0.7884108350697675,-0.009091873215725771,0.9803158414400606,-0.04001412823927702,2.2286751572551973,-1.703535365032106,-0.6609173314258061,0.6074691740308041,0.011100618169662431
2,-1.2178633898067162,-0.2981886096677543,-0.12334816820328229,2.2275046920445654,0.8049569082729765,-4.409993661116232,0.7157002941854339,-0.119290559030346,-0.3509851081604956,-0.34926600158408033
2,-1.3162745909949283,0.6167094070766647,0.41006519615052084,-0.33771771138721907,-1.8271069592426208,0.15563008962987576,-0.5637323047485466,1.692677485034848,1.2615661060813366,-0.18592244950811856
2,1.180041194562615,-0.3673299688514793,0.15633139622025288,-4.610501074283822,0.47880259072602327,-0.0907500790328756,0.4383323177074005,1.0705889918678082,-0.28263579108970843,1.8945996494505193
2,0.6314336396054481,0.7922496963642712,-1.5591945192014365,-1.435148855227995,2.079356397763282,-2.508368434716124,1.1127549018268248,-3.7470272251209598,-0.8061672269876413,-0.2134195502849221
2,0.40649486517171013,0.6695884794845348,-0.34752922671680764,-0.630381026802948,-0.10145879602810533,2.651061163115121,0.6179002936551976,0.18055962209598442,-0.3748380322465196,-0.043794699179655075
2,0.04923717299729777,0.15832393644096882,-0.47602031663800926,-1.8247417564397916,1.2595157888608162,-5.990486931439712,1.4664298460486458,-1.5772871375627708,0.028911247136981216,0.7994440603656037
2,1.2773528063299942,0.3096290213406058,-1.0431197077722658,0.6511701319453157,-1.6985182492232158,8.987412816438132,-1.555895588971506,-2.231876708333845,-0.12847399934455497,-0.382156220282536
2,2.568173323178276,0.2650419090750988,0.3127109232439424,-1.1872415953740902,0.5918115575481143,0.46685148124168335,0.17837203718927114,1.2721681705013574,1.5887693192731147,1.0320903838589164
2,-0.9629899063049046,1.1097079544151291,1.0393571670405761,-1.5769875970260088,1.131456663195317,2.0105021650428996,-1.115632745569417,4.465049792232889,1.9898056533019224,0.7137706550110213
2,1.8489297305055914,0.5100638793060847,1.228497589097918,-1.84390028083065,0.7443170505070572,3.6096761290540162,-0.7293766075709114,3.6004863857227387,-0.13063199973180536,1.199185907645139
2,1.8579478342117455,-1.2367743941805696,0.12714645302434463,0.5526994529860381,0.9627932073220938,-1.9682334932302574,0.032273923096030874,0.08583617170059124,0.13127056004558516,-0.5747330036127511
2,-0.21106879257205174,-0.29354650925672204,-0.6200009237448272,-0.8850719354220736,0.5876796414308919,0.47958832673333046,0.20193320832321615,-0.9411714002423788,0.09450500641261936,-0.618683030389689
2,-1.7093078004244615,1.0289129849429879,0.11796022142843837,-1.709726038320831,1.2223099859983069,1.5709971998610486,-0.2925897777143776,1.3645538383308098,-1.8187452082764712,0.55617068937676
2,0.675670444214377,-0.23531561648483468,0.6356657997493593,1.351438940109591,-1.0287962252769516,-3.1455945339888207,0.3014623852082735,1.3781630265097078,-0.7020741945555503,-0.045813781117576384
2,1.7804220329139404,0.48965458123842837,0.3202432342648092,-1.5248507461904077,1.6173763531025467,-1.9418972855004235,0.6799178017548113,0.6304324167554153,-0.5356676671581362,0.3494713339536957
2,1.9036931324129591,1.5294568364257928,0.7941998078740315,0.6695520255645936,-1.3785725764844132,6.444639829718522,-0.2835903363475329,2.240334846514924,-1.1588374873576337,-0.41671474901055117
2,-0.3986109035287731,-1.6175839890374666,-0.07034584524794252,-2.2252067915129827,-3.33365177363582,-4.457594078800773,-0.5203716660508297,-0.9290797736969756,-1.2469021747828262,1.211885483791337
2,-0.7187893509833121,0.7253985339306699,2.1306757088765904,-3.560479365424746,-0.1149100648169148,-1.9921438422846793,1.335672854414299,5.77123544148519,-0.43295173658637154,1.3306298469747373
2,1.9476707159090194,-0.5376738163563746,-1.227031667631998,0.6174022009596285,-0.09198198670193093,-0.966459350313855,0.05014780984704513,-3.631046517748607,-1.3010994116551828,-0.08204165642562876
2,0.20360202722565182,2.3200139503969273,0.7778432269395101,-2.537820041180526,-0.7212196638292462,2.980690518782355,1.2744049609868249,2.655964059076175,-0.34330061145553387,1.3635735260107742
2,1.1157337661854443,-1.0038283087562574,-0.19529983224178754,-0.3845264730815998,1.050946152788391,-2.6289490913241633,-0.0009788183885976402,-0.082121794484241,-0.02810534362107452,0.15435325292886282
2,-0.4553432468140287,-0.21744181065681634,-0.042354304777326574,1.6931963723541554,2.5958653756867185,0.9732469640725043,-0.5022819838118542,-0.7796607310971307,-0.299525561005071,-0.5165737239025949
2,-1.9129394873559344,-0.19372114584864747,-0.4017028200337546,0.4545244610933674,-0.6797507113731416,0.38644259236120065,-0.5856771076154349,-2.003443916117236,-0.07079472758162128,-0.09602536632680161
2,0.2664295596881512,-0.10982312836977796,-0.4085628883763671,1.8708222045723557,3.0487196700998345,1.5453642237382696,-0.9696365543633296,1.2434162344481898,1.4177773618781644,-0.5508458918396572
2,2.917395742648722,1.299706067543428,0.21434991799399902,-0.8109549501088106,-0.6554067088927731,-3.281631295670515,1.299876779265976,0.5765865059754538,0.39828054897287574,0.041042172021515354
2,0.9353692620760186,-1.5742088129226806,-1.016006075646218,-3.803869281592609,2.6625266546243873,-1.8377522655752958,0.5733651048456757,-2.6179023683839375,0.4135944944910376,0.5308215770096792
2,1.8682237670023685,2.3162948340739775,0.5667840659866675,-4.546002413214136,0.46286253020191986,1.512024476359818,0.450834767531737,0.5183113857820649,0.21317613619243708,2.139309275278447
2,0.4673331132187067,1.220290840741454,0.06788238181100556,-3.2417698783773674,-0.49052370726627115,-0.8134778978472662,0.8149627545720253,-0.024700555534876725,0.4775164449132246,1.5624885949133893
2,-0.6063404942892713,1.7357616908900573,-1.8764544208863811,-4.607155214534714,-1.7522966275116079,6.086519378074662,-0.15550025859498884,-4.106595742116109,-1.1372091329790404,1.916799534041583
2,-0.8723365801927341,-1.3308451809753585,-1.7711698453645854,1.0357913190456334,-1.532631719554218,0.744825581561214,-2.2572969305712807,-4.5770599350972665,-0.4569817381399092,-0.3207628186227901
2,0.09560486167526924,-0.29505670857513666,-1.130828952557026,1.7785238501049305,1.8588817655948424,-1.9386711716492038,0.6193656549677891,-4.025938726815155,0.18922122370712136,-0.5944231573150969
2,1.3376964161613216,-0.1756757141368201,-0.4366257389652425,-1.1082982522795883,-0.6297391351584266,0.6097396609682417,-0.22806555083359098,-1.603121396061723,0.0001781527992146547,-0.2651649499240358
2,-1.698412786018502,-1.3326180589608483,1.0292132777322918,-1.1793999490942626,0.025456092451143143,-2.580061395170945,0.17355585114592076,1.9845277171230242,0.3709171608789539,1.8571067394410086
2,0.42193528620492665,-1.0728828940429735,-0.3289702267050124,-0.28219519577593577,-0.19547215255569197,-3.172421152755288,-0.13331729961917077,-1.1927930592817961,-0.5695450345955214,0.4772188015010181
2,1.693215372649283,0.4891196335037548,-0.5434805635735072,-2.4003612930021485,-1.5208378979271255,4.802210193781644,-1.8340308524963256,-0.8673097318861782,1.5859818499482023,0.9396899137717308
2,0.29457878681182315,0.16893210919202511,-0.149556724151225,-5.350828180781581,-1.6570083741444128,-0.5778969642993227,0.8325578893513949,0.061663486984844515,0.14330882680507998,2.0027426170634177
2,1.2020724644771963,0.7302314176584653,0.450637527463181,-3.5829407328533227,-1.4865623288748815,0.37472524279678593,0.4631298567356137,-0.48138003332513396,0.10414372245413434,2.3596198647357522
2,-0.2036865484416247,-1.813318092425646,0.6833446837879389,-2.5983804722924564,-0.8734873673035799,-4.545295068624556,-1.6543717388705022,0.8872978388240964,0.4859121129271044,1.1809186700705565
2,0.8318179287513885,1.3202710074410449,-0.08172984308892317,0.017915926913622468,0.2652148426474824,1.1927503736637821,0.21237127305029427,-1.2518425071452055,-0.6708824247398536,0.9355272198751143
2,-1.9635042289465847,-0.19774000077658152,-0.3821220024355383,-1.8031676606616822,-0.35260241866395703,2.0785998566026356,-0.047225251313296725,-1.5192160945217195,-1.8517090050782448,0.5503768157034606
2,-1.0072909471050584,-0.9163543499003408,0.1851539029817236,-0.4871625587034134,1.869823286997901,-0.8924443795357168,-0.2086912671137119,0.4035858978683001,-1.0973082901311437,-0.6472324400325804
2,2.0475306878887,2.8950209488317675,0.06857505729327698,-0.5961642402861324,-0.22447484535386178,6.4477274994381855,0.5576432242700684,-0.5795224918802435,-1.1513846386188271,0.04356939615777722
2,-0.9547111922559453,-2.0563279683839344,0.6544271900361112,-0.8350827117626798,1.6613989323924117,2.314926842932012,-2.2649815922069876,2.145134606332459,-1.0412153796239891,0.002942448839238456
2,-1.476675897182413,-0.7755355931556426,-0.1255379958728337,0.1323653585890673,0.4752362697176731,-1.4245540210014385,0.0071280028553987575,-0.7564243258947569,0.8962301998049471,-0.31872198949971764
2,0.25269528802477276,0.189039545068152,-0.3589873671818825,-3.694703105326175,1.200091845206698,3.0341226938237207,0.03898559418658413,-0.5604883089983933,-0.9706512449926056,1.4750036884663997
2,0.2648142857839809,-0.9462924349844167,-0.8669196952907514,-1.8781830801364277,0.36086345987213814,-4.645506483827948,0.8315612510832856,-2.4035018568532545,-1.4062499739476801,0.9118628455478801
2,-1.2106532645376815,0.8789838274615032,-0.43633157380859433,0.0609559261426441,-2.807684499939256,-0.26437746375317656,0.7058245351788275,-0.7044317837867087,-1.5120744317454373,0.5663045429654028
2,-0.5642198371545502,0.7526092417904882,-0.020417128265546453,-1.041026228262969,-2.1434821471831733,3.751730438412029,-0.6999705822646073,0.656061074407504,-0.7508203315184349,-0.02876470963141502
2,0.1758886082936912,-0.42583955012268865,-0.17388624978321596,2.040759431329357,-0.5475478315649456,-4.328184191003397,1.3107022605730714,-0.06987649676518817,0.37116236151197257,-0.8858064859125218
2,1.1951557524405074,-0.19899220966917672,1.2225113802570684,-2.3345874503785033,-1.8690121481105202,-1.5825866085639608,-0.725613717784659,3.1119940369961236,0.5429098868403155,1.6753667410097033
2,-0.015201246066603303,1.4421611985440177,1.0749590443144752,-6.3018490594831,-0.17974274979064267,12.85720534179853,-3.4359383791653237,0.8172754219113259,-0.320647182598886,2.1999723343912376
2,1.0481838451425993,1.0670509031228084,-0.16181594956103929,2.0789930778590815,-0.2658713997421566,0.7082927233448685,0.6066655980111261,-1.4012617332167379,-2.039902762573244,-0.7965304045649548
2,-0.27999044194816564,-0.6393864855058193,-0.7864377811561243,-3.5563620397984437,0.24539140292020276,-6.56036839223022,1.6681097051948761,-2.807178123232352,-0.1750033739988281,1.2825420987176197
2,0.22748845079942154,-0.6862935742966771,-0.2742569698398605,-2.742289207441431,-3.3193500295855696,1.3069811787982535,-1.3654053956425087,-1.0352661250488129,0.3665111547602739,0.7099264240598195
2,-1.4255495860761782,-1.0092739706400864,1.7064529951447127,-3.3397814431336617,0.6237436436801911,-0.11878553952326205,-0.3917180808379788,4.0668779578241265,0.28376176610760173,1.332786104712594
2,-0.04461706316321821,-0.5149563266490204,-0.9024247255548845,1.3767490413957317,-0.8007092248548026,-1.9130187231033948,0.18625727272327702,-0.9256209833425512,0.4172212881451033,-0.2090715204794054
2,0.8455472998744137,-0.2681178349617899,-0.005123991485560121,-1.4793412168059943,-0.5319577906300763,-0.05560518985179235,-0.523513745601607,0.10850018079523509,0.6019992532544975,0.5104643013293817
2,-2.732369460713176,0.09316161954165739,-0.8339674727718878,-1.3755532214056632,-0.5463867171283365,2.479767755976192,-0.4649524185745657,-2.5665035616863356,1.782290624357997,0.3118009105387918
2,1.0251834856541195,-0.4627209027391243,-0.23599885497700973,2.3042136862909453,-0.645394568750949,-3.098536684903278,-0.3957009857726297,-0.1532131434979013,1.553416735155724,-0.2656476811275962
2,0.7566832553116671,1.1619266403979007,-1.5506293152894117,2.967463161434723,-0.7384214314002755,-1.9238514028114542,0.9798789533777315,-1.8938856442568406,0.34740980014714035,-1.2924035978244854
2,-0.14134078989170298,-2.0905333675382423,0.3834261619344671,-0.24281038837201274,1.6960634661726988,2.112376886093866,-3.077970153982204,0.22842878760437818,0.09179108917856496,-0.717946356809632
2,0.5699053558346631,-1.660488256451092,-0.09812260513960548,0.2869551207805082,0.37311835533255744,-8.015399177411567,1.7588177922369068,-0.49425152490468827,0.9308048655398772,0.19397637154506248
2,1.3575723631831598,0.34618248441101,0.7125167716901535,-1.4052511369933198,1.4477404030491146,-0.21648819356318422,0.027734608891743444,1.0022158555374847,0.6322007795835126,0.8074005435325711
2,-0.2656776785651574,-1.2491074739880923,-0.9218147965592876,-1.656110483995303,-1.0976568931554433,-4.115367112406781,-0.1359659970794683,-1.8213818728840758,-0.250787507435494,1.0732459752193289
2,0.3966818035138642,-0.9091160837805795,0.3556188190412777,-0.1965041852632249,0.06279030415760187,-1.689956128109347,0.4815668544049278,1.320372323885345,-0.8075876616554591,0.39765563803565973
2,-0.13137201201879206,-0.18792772733151802,0.6655777564265091,-1.4696338971041105,0.6778440921942422,-7.6389206477503695,1.934008112412012,2.13123568255554,1.429339711607055,0.3884566543452934
2,-1.016764777600835,-1.091717023543166,0.053705535049880376,4.589296175047982,0.48225584356066387,0.3260694200740009,-0.5031474484961767,0.39433747712819106,-0.08645459610527696,-1.0069428769816562
2,-0.10250337731165696,-1.3794149672320946,-0.7161615783796786,1.6142476622090716,1.5805465765855775,-3.9390582861422714,-0.9940171895189817,-2.3295752457581376,0.5510493870695519,-0.602270074991264
2,1.0951336037141375,1.0590447703163526,-0.7034688664110715,-4.799123259293427,-2.7382573123036678,5.170211908471611,-0.41974797636844013,-1.626361164709454,1.0131510408447264,0.11749203171638829
