,0,1,2,3,4,5,6,7,8,9,10,11,12,13,14,15,16,17,18
1,-3.1661725157683507,-0.234495140763031,0.8286863075390283,-0.892904995139373,-0.0928969303028527,2.9810762899470764,2.4359470765128863,0.7830978367292944,-0.9420467193148231,0.3643126512374283,1.2817878643396547,-1.0369075649287072,-0.5701766579380769,-0.5314322522273345,1.5666265153037406,-0.5259650233127152,0.40214169618488016,-0.9011561549328404,-0.6275884662501572
1,1.0571524819777567,-0.12322116192806119,-1.361330904876757,-0.7840574819943587,2.19016938141291,-0.33139942303251285,-0.2715170119210187,-0.43524104784660667,0.6412960425633153,1.1791447292284563,-0.8729866820315259,0.5689113019264095,0.3750751773491611,2.023243048391785,0.9966695014068431,0.39856185623161267,-2.1442677354964936,0.25673335698383715,0.06601097609023754
1,-0.039281865476333035,-1.5572916968669717,1.2068615897714943,-0.006328229946408311,0.6866858637759491,0.2165607078418823,-2.3526288514549725,-1.3097104944467544,-0.10234284062038913,-1.2989637821378637,1.110964033927946,-0.013752159222925227,0.24974718275251045,-0.0163600693557305,-2.268595627628938,-1.3241518937004428,1.641263193133543,0.2959327610411292,-0.9845178918200996
1,2.3417443768542405,-0.07292555486196946,-0.15586097741306063,-0.09627568613785448,1.47680300599364,1.2976818872197073,0.15574658830467292,-0.10055516450571764,2.3777103747346633,-0.49041965437505164,-1.4079114654084552,-2.2263480841609637,1.24448743103601,2.352899664384082,2.465179662615437,0.22773769728451504,1.154259208399727,2.104621304729297,1.2804557274432369
1,1.0945437571058896,2.3839477069723176,0.248142677356537,-1.9491685785500825,-0.11282692387392318,-2.631222750801369,-0.9200766190285177,-1.6453204936354353,-0.3267293338285874,-0.9016741210907231,-0.9547225962511452,0.29354007126834986,-0.7560310701051218,-1.2738869030870807,0.6866912425555513,0.1952196372792746,-0.6301789691783182,-0.0468003770072124,0.827580882753399
1,-0.4595195630580128,-0.6791084549647384,-0.23564248637995108,-0.547997602217873,0.5805650710178799,1.7789372574938964,-0.9853054022743833,-3.000707300818318,-0.6717592889283212,0.7618771182881411,-1.2433567339870368,-0.9735455677935574,0.8107731954229298,-2.030548350606522,-1.8196403839560935,0.7544964076053027,1.259933202577512,1.3469937121756022,0.5628478727531664
1,0.44427466358901113,1.2888478320275063,2.3650290612910254,-0.2972474324539861,0.8680764999129538,2.0313843009670745,-1.7162511429484084,-0.24216914005807896,-1.124864987702497,-1.219005130620606,-0.6598110138475795,2.4504693488958256,0.5651855609053584,0.42620182986427446,-2.667272672277053,-0.2271953992108922,-0.9956445719324964,0.4898209072418622,-1.722800804378487
1,2.1764319273801442,0.31954287219894784,0.42262817572310674,1.8095706265639242,-0.2662538148905431,0.6409762419083056,1.9177162251675688,-0.237756059017568,-1.2598994633336231,0.514950326326985,-1.6433866077564347,-2.7657992250205234,2.0671272871203086,-1.9289458489503912,1.3730354708018429,-1.5454116422114383,2.374855932657866,-1.008029856252763,1.411469795474031
1,-0.4667818503099019,-1.2910027881235453,0.7268569358506021,0.8459642701420215,0.2442903576708424,0.5755815478631642,1.005358469106186,2.0339514555653664,-0.13614817668152585,-0.8774407845315714,-1.068703306727058,-0.258613592870335,0.7915633889791709,-0.7410380637032216,0.23600970497578594,1.5574099200198013,1.2462488883356067,-1.018522681963643,0.6108152360280459
1,0.9725569892170928,1.234974322430364,-0.18398671145423462,-0.4497226848769297,0.19295918956523617,-0.5369218843026301,-0.38142485272955545,0.8253959853108445,1.4343964834768315,0.49729548959118375,-0.4809363086099896,-1.520048756798535,0.2788259289307339,2.943624095105821,2.4007327420117957,-0.7000393595441718,-1.8126108370445932,-0.5179740488686692,-1.3845665181085447
1,-0.8917591143462626,-2.161169704853003,-0.6613173851093981,-0.8392522564729281,-0.5898474310609559,-1.6390014078862725,-0.41279295204964495,0.29355680387339955,0.5097388483132039,0.8952012200631388,0.5491587685695793,-0.28868096809343735,1.7143566505012664,0.9412070657995303,-1.3148015585434343,-0.31435786418812817,0.210591694845982,0.1044529651157102,-1.1866065498339675
1,1.6388846326502484,2.4998105807283753,-3.1111982670102347,0.20809382100543602,-1.3349221169568726,0.545362787118999,-0.31953779491590695,0.9239187194758808,0.6923376576042594,1.070811983131399,-0.22441448625991775,-2.5515059563864044,0.36645672970541543,-1.8285778288873493,0.9307827054505508,-1.7903283748670664,-0.4339897463866626,0.8727166519209555,0.1913054993377341
1,0.495052093106166,0.48170851677706567,-0.4552441124360327,-0.42889445142769944,-0.6621255043178595,-2.3563230260053585,0.053994059906827714,0.21971950456585623,0.07267553468479945,1.5304873017493945,-2.81748047869423,0.5323065239190796,-0.937001020756812,-2.3402395399374902,-3.139327980048822,-0.5021355439354134,-0.6964050077715385,-1.0284099045164283,-0.18961838475959206
1,2.673688186345445,-2.6694194058882617,0.7712252930867443,-0.4617928960323856,-0.05547210369097783,-0.6816436888753227,-0.3271989177938691,1.2739250440337513,0.1087669652352458,-1.3206358494822352,0.5487671594491288,1.8897997689629609,0.3274165808209447,0.7689220980779232,-2.8337990910771422,-0.32818454125889884,0.45841251923903686,0.7379502330088767,0.15197231466944078
1,0.8136601342331029,-0.22736724193972513,0.7566335562707842,-2.0236929186903634,-2.7059647124852884,0.235359449306159,-0.8920240267750574,-2.082025546702526,-1.2187955239700614,0.6489890570113519,3.868202108844785,0.46597411398595556,-3.0396293894440674,1.117001192227064,-2.7134526888961368,1.6373057428430895,-0.009475053570428812,0.8516666875297809,-1.9017834285293223
1,-1.7606659782143683,2.0939062419293153,-0.13587010147838802,-0.04814070604614011,-1.960527653391897,0.18881564745628712,1.9232999881150448,1.1713180568750015,0.5876650981186606,0.026327342832877413,1.3911974126397944,-0.9063330982887464,-1.4563682789081211,0.951698200748744,1.1171762196238868,-1.7347907809384882,-1.1426560473824834,-0.7807252420532778,-0.4510794427246796
1,-0.47153623987867005,0.6766860967710904,-2.81918831057728,-2.665800936470786,0.8316118840342455,-0.6729738254664689,-0.8757649687514911,-0.24659262566118373,-2.840798863452743,-2.203548539928803,-0.4503220669082967,-0.36192555623622474,-0.5287899743164777,-1.7275290517208892,-1.2419569866673692,0.21193674831328718,-0.7445522976649809,0.2804462941367386,1.8519499251514704
1,-0.8383875667954046,-0.5383702462112923,0.4313207321987169,-1.386473279929647,1.1274343232139026,1.8342356614807163,0.18010019981300937,-1.0557080346896115,-2.395966925276498,-1.7452628621911097,-2.063537136666705,0.33182320820820754,-1.3336734731959836,-0.5310320448358057,-1.9730261938469729,0.5940081952749565,0.3213046750575688,-0.03350559112154776,0.13820934115615244
1,0.4300496046913923,1.2189078837492522,-0.44163198791763464,0.45161872084478866,-1.1811612712372275,-0.4328758759625612,0.44018933174662267,-1.2045184167720815,1.8708152910472293,-0.6877968419963664,-0.47510157769437233,-2.326177838752503,2.3979534655563812,0.7750602085000138,-2.6666119457464568,-1.1663571972243911,0.8377663932703198,-1.7353631233147786,0.05850317543127398
1,1.668996185872307,-1.7592957476711109,0.289069112761957,-1.7140260629162383,-0.0756021709389903,-1.2467024523510457,-0.984383422221872,0.39051581858007534,-0.7022458883560577,-1.1778245607082698,0.14065043726994725,1.6246700014553563,0.662690468036587,0.7287459286902739,-0.1217714522963621,-1.8142178123461277,-0.7875682900691816,0.9468458762373319,-2.7894722270247536
1,0.7302267192495736,1.279936132876382,0.5748606798885152,-1.613580343129749,-0.39449152219512257,0.30619827261874766,0.7980153718766656,1.714778748642831,0.1667018963822338,1.567509184699536,-1.6332908248728455,-1.2743065810599978,0.08943032387009256,0.7366264015438797,-2.261778513841039,-2.0431891748504682,-1.1534116242587253,0.1722243774098989,-0.8084722702867989
1,1.3086345156224037,-3.1043621469145064,-1.987541644679077,2.336484114929542,-0.5265402240293162,-0.9884394200811157,0.6105483868423146,-0.505763399796933,0.08283994501687421,-0.6302117421937234,-0.7465050629482309,1.7813251739707814,-0.9821474883867434,-1.9630841356914042,-2.311503990351449,0.04290137555095945,1.2456335338993083,0.413780665340449,-0.9126774143829416
1,0.8835595821117704,2.0449049235353356,-0.458497832361738,-0.42678498515746466,-0.4912921111818979,-0.30599841318513293,0.7125334771748697,1.1782960379389198,0.25162916638826704,0.40091232173784397,-2.3464625183967507,0.3880844299167457,0.01712465573719346,-1.055496895253566,-0.6168905831517493,0.57177538660086,-1.7573086910687086,-3.6465635868598776,-0.5942106565451354
1,1.877682814657983,0.3030877185481249,1.080630506094707,-0.6536218116871143,1.6124940812521982,-1.3434311434811093,-0.2961379560689202,-1.8061330911102647,0.5364593894643782,0.7409594661812287,1.4337189694793504,-1.623604465867964,-1.0341218580841716,2.09096470756033,-0.4002373557913046,1.123946801947441,-0.18381369458172478,-0.5233258176016808,-0.1846013744287366
1,-2.931712613506725,-1.6073036980968012,0.7225142761689238,0.4996544234007227,-1.278717503352659,-1.04345967445132,-0.5633974731221046,1.8181981588519567,0.07117967549537145,0.7379369119860986,-0.5433213145904089,-0.24766873515506674,-0.9476939655526178,-0.06898849111170635,0.7001358698373968,-0.5119818795943647,-0.5339367385668271,0.05834055138800924,0.6203157871993422
1,3.824520016958053,-2.1273812424199283,-1.710234809603953,-0.6429224143308743,-0.6881712927364966,-1.3522440150343797,-1.0539030882868548,0.3571730692802471,-0.23247370737809359,-0.4635204605615907,0.24517719258819942,-3.613697402852075,2.43664759898666,2.770238331495099,1.119173284885834,0.12495410040459626,2.3570864981293016,0.021240145929334875,-0.6801636411662435
1,0.5776919867098974,1.08476798670739,1.039781026085786,1.239766075542091,0.589041735452296,0.5966503826084871,1.5500572632440135,-2.286246250732726,-2.0229762149079185,1.5891495513518454,-1.1464075023972011,1.0965595866453972,0.9828125138024943,1.0923658360923858,1.033423729611799,2.004283214649858,1.7396435816815052,0.5962141373060303,2.3223098484875755
1,0.6219758556897823,-2.196360206549304,1.5239462654518965,-0.5059789950874151,-0.25675820693659046,0.4139758598838088,-1.0509604929166378,-0.1318211369811671,0.3386051846520979,-2.327364394000937,1.1808005973561482,-0.6078470327469139,-1.9848914042449453,0.5999402651628847,-1.3188286200526247,-0.2829252043786534,-0.6747143694506088,-0.39495082668574033,2.3618567002106103
1,0.9537939941815848,-0.973768318339241,2.0497636448616996,1.2215001613960639,1.268638190961957,0.9851645959156253,-0.6259869367782872,-1.336704109022264,-1.2149333645860134,2.582045095302233,-0.6138618180315801,-0.6844661278365224,-0.9125471125798245,-1.8550132064263989,-1.9873963052908123,-0.8367301257742128,0.3507962808228887,1.8785021602189311,-0.09023926313112765
1,3.1438029316666283,0.07668678662520448,-0.9557542037250281,-1.3012984654646085,1.144175025648677,1.4766628814268727,-0.09977841535192863,0.7238877907304667,0.9091168485305142,3.050407673252503,-1.833320033489485,1.5663055576269642,1.4717779763455638,-0.8537265764261128,-0.5747758057986644,0.5125409813926949,-1.4290798968062688,1.146339747408996,-0.21445233621675763
1,0.1778595156140025,0.5145071305470464,-0.41163382138143123,-0.7387751371115395,0.7317473966598479,-0.9954648813807931,0.3324115835493579,1.0255275465389928,2.847092157432702,1.6653952273697925,-3.2456433448103628,0.16309162271086236,1.0205051918321963,0.923430791021211,-1.566551344006524,-3.1394685867918524,0.9023211037642618,-0.7464308590294475,-0.5691273908536297
1,2.255318939525139,-0.5185097822297484,0.032962051339737286,-0.5834394758426334,1.793137664754421,0.07596525824229557,-0.8981626944400263,-0.9383651590545343,0.6201700083086048,-0.2788066032848366,-0.00043397822322703626,1.4253169643265704,-0.6810192947173088,-0.805662841092138,-0.9662834117440025,0.2787860774743599,1.3745639801854401,1.3390808625736825,0.6878933839028266
1,2.1677949161657843,0.7615941137943815,2.0253065748199806,-0.08619301844833502,-0.2038910568140849,2.3905613453309393,0.9406279906866989,1.7893534752737923,-1.1913128120786918,1.8760452386561581,-0.5058755497613503,-0.9954548416549731,1.4871228489324613,1.1885262626291808,-0.6563402741176045,-2.0151059222279484,0.598567681416524,-1.5341177628864016,-0.23154715943843412
1,-0.159921969682578,-0.2029306587400075,1.3359350691711096,1.239744011138995,1.9286401785418665,1.3109057275423244,-0.552459439056969,-0.9565157950765679,0.2134282963936114,2.5431020120729624,-2.7161782067817497,-0.260591216419745,-1.2139502869968004,-0.39920571062927285,-0.9450404709184571,-1.3520292868624897,1.2121100371549067,0.8757416341180867,1.7569854267437481
1,0.3454266693860551,0.7502153140519942,2.206360370335592,0.4223143215488896,1.142016986005676,1.500073202176125,-2.3195782945669046,1.1692531199311595,-1.2742048624653726,-1.0849838625717605,-0.12198328244202665,2.0765645085592674,0.4082144455758042,-1.595772407489361,0.2909785833587192,-0.45473555859294457,-0.044758990763415135,0.5963346309297269,0.20657687835705138
1,0.022955495671734875,-0.9160057504185148,0.06999665928797036,0.4881319892635703,-0.11647530799615498,-0.6837427343899413,-1.3501074478789457,2.5229291428854133,0.2259734320932641,-1.7741330281560117,2.0217241118415377,1.0246646933257166,-1.588588207849255,2.518955580911913,-0.02975017882448535,1.0668868644326386,1.665208340714096,0.940109159951324,-0.37122913629865134
1,-2.10778692171387,0.3179028176764125,-0.3732366948431303,1.6817392393746446,-0.47055243483917,0.5234958580881449,-2.0662871870610355,0.1094153001103058,-1.1041896085552152,2.355819744843412,0.14859950770698746,0.012891418014553003,-0.8674640426829068,1.4213145422070654,1.9682157173584973,0.8846233802512579,0.1299729607704849,-0.7077765419817923,2.1618364876172924
1,-0.42730525968524463,-0.44550612422765556,0.6086140542618488,0.8540650736137998,0.4883671825734227,-4.271043030436207,-1.147511210317338,-0.69206699967245,1.0902961844508614,-1.3459249580729682,1.3396265279404962,-0.2987520682142233,0.7792359069021181,-1.2474122800211436,-0.719382684287875,-0.3896562674078091,-1.352592629580754,-0.6397314982993697,0.07450158049269484
1,-0.3883908032253574,0.693192602072691,2.502400703380421,2.0868799965270473,-1.4445825811820545,0.6906789213452224,-1.5927720342241771,0.6346468841950008,-1.360332301019193,0.8722279608889322,1.4831587644165747,3.1723455054632326,-0.7008954559309234,0.8243725527464025,-0.9896838164867519,1.3340139860911124,0.39167319134639256,0.7701548968005693,-0.2970132721951733
1,1.3224039231663698,0.24210878264759733,1.6539600881808982,0.44413111267282923,1.4439125137479005,0.3664248950623312,-1.8407025706716496,1.661466554031602,-0.22569164357454838,0.547000696130375,1.4371020686932525,-0.21688079946070052,0.3219890265085231,1.8742627271065495,1.2734138455860546,2.7485439073488065,-0.16517368543189517,-1.4542105313231335,1.8765903373527109
1,-0.8865470763020391,-0.8761081586232037,-0.17888574366762808,1.1594594454846998,0.31161229171648397,1.2821993342236586,-2.462301407250868,-2.0707229193718457,0.6542328878562547,-0.03939934943226403,-0.9336710332015421,0.18192009003366072,1.119948646357669,-1.5408414846263976,-0.25522525706365606,0.4386760604320319,-0.731306797691396,2.0071975167533114,-0.5404323840793839
1,-0.4262943227319049,0.5104763691773626,-1.3290650325438407,0.21954280017622776,1.1213126302272391,0.2799821345389206,0.3030319736998459,0.921843622313513,-1.6131646796033972,0.7245708422784316,-0.15145588032117824,-0.17205207398237143,-0.7855874046919271,-1.3934005351855938,0.6655838288653776,0.4675827226765453,0.08457442411075666,0.6817386613158919,1.0396473754471307
1,-0.18515722692655553,0.44254923134298263,-0.8022215065718367,1.0530621960216355,-1.1963618621145573,1.395623091055913,0.7053567118636678,1.3278861125177204,2.6872117436563476,0.2559910833509865,0.3499349070543496,1.0062254633644374,0.7134459367834013,2.3429750695219953,-1.4604981297535349,-1.4130303579561703,0.6396967097830351,1.0818111881020152,-1.704811667678012
1,0.3233691422978881,-1.621551476695003,-1.2182832981495029,-0.6549117508005743,0.722621084624359,0.980412052880598,-0.2641766383738032,0.05034526644950688,-0.7563250651420993,-0.8612872816089254,1.078009363278515,-0.9740080871401863,-1.5535068599416584,-1.3477385965470436,-1.7329849204511611,1.0023404369714106,0.6967916804536353,1.899101915176832,0.029801940455375986
1,0.7520737773654943,0.6190955789741792,-0.12681193330872004,-0.2094035246662993,-0.08433469261927658,1.4088731012646987,0.6405346292671408,-0.29301340922920666,1.7232114502737639,-1.0468948378448064,-0.806679730099439,-1.9410608379130154,0.8343332946357948,0.9844444786675712,4.512855775537814,-3.6779194211570507,1.2868180243754195,-1.828377357531441,-1.2029939607452036
1,0.257920045503966,-0.771620192643115,2.3832140298891926,0.7955974186652098,-0.34366678920728594,0.688401307350072,-0.6427153188507708,1.900371669820015,-0.4999518384332902,0.5076670891379277,-0.47429034146570315,3.8991465043849276,-2.06050994942621,1.5202758796463698,-0.6552821432534802,-1.8678631330837154,-0.37116143889437747,0.5978099356111045,-1.5404766245348247
1,0.668701503462817,0.3452766513019512,-0.3491047268571941,-0.016170000846895554,-2.0293577477324343,0.5206234115286295,0.41299925871849863,0.1899882249749608,-0.4196203458834176,-0.47618551534261916,-1.8532963599418744,1.0511866220259016,0.5921212434938026,0.08331401382483047,1.6340666215181117,-2.4410133776423737,-1.4956229558622591,-0.6470148450963463,-2.8310624544581717
1,1.0755947222491153,0.6295254115937594,-0.5176434647127406,0.26576471227968435,2.639858305923564,-1.087282591045681,-0.02648184881493942,-1.7898968668323476,1.7134992196376917,-1.3301934990819577,0.5805174358273234,0.7099686242882836,-1.9842597272493618,-0.7088961099368322,0.25580762415676334,1.736007089940019,0.4324566358307926,-0.7376690430775358,1.0269940614233728
1,1.4117399973782867,-1.3132088315931236,-0.9386117483162937,1.3106213930643498,-1.9318596040803324,2.7824923891414652,0.5626305064031095,1.2627285958426075,-1.2314449624635153,3.227937246738999,1.6858618827835252,-0.4859637989862496,1.4594632152640488,1.787026657977588,0.5997440830509975,0.1938528236069797,0.6365647373726561,-0.6478063916400425,-1.2414788169633935
1,-1.2388930978688242,1.908874081931258,0.76663178141669,-2.5048660293136185,-1.1753465583484506,1.4404384157312609,0.6503891647259324,0.7177015954291044,-0.6637626450838117,-0.5917023448032349,2.2267040846563666,1.5471170801653498,-2.9046933841679796,1.9013566792199939,0.9165404384774091,-0.36532727898238043,-0.8064660979487913,0.16486751803947192,-0.15583899256307543
1,1.6340191861885889,0.44882944878227704,2.105089173238976,0.13370977121554042,2.3351440858646924,-0.5254814571961272,1.7244421813637993,-1.112043290022045,1.62341229622274,1.9735020063578423,2.8030967129744235,-1.2132417385214376,-0.06084630227896077,-1.2607126645279987,-1.3541895712322678,-1.273053201419677,2.276733248353227,-0.2391960749086956,0.38442192397181607
1,-0.7515841884326037,-0.7751622533119836,-0.03709960586010638,-1.449428619230536,1.093139327289313,-0.8865171589265769,-1.401854552115055,0.7178217274027393,0.9617592614388116,-0.7259349684698914,-0.3006663939989593,1.9327513019090135,-0.17997558671298858,-0.3734933681167378,0.9481845288010949,0.2692256645692237,-0.48266988195328564,0.16480086308870373,1.4177054452280837
1,1.0293932277110749,1.0714976151409505,2.2044800398267657,-2.2436427497974942,0.6005618540200287,0.8204788360487222,2.255014631690854,0.7755897772556599,-0.42314790442828104,1.2037369921474264,2.327840545064784,-3.7846645303658635,-1.252639550930861,0.9312914991852616,2.5671016439886984,0.42138133351934387,-0.6320550641834253,0.3073113557211583,1.350349255273136
1,-1.3697400895430172,1.2563510854739157,0.5098771248119981,0.4290735126157675,1.8351442199260701,0.9899030408644953,-0.8795929039884752,1.2238812664843612,-0.9805385835598066,1.9153849472007012,-1.691285300027876,-0.2245734498161809,-0.49685581881353746,-0.6572016445623771,-0.6960247887970543,2.7822196283678,-1.0863933971632223,0.64915018343996,1.5062182183653143
1,-0.6031440564674384,2.2167749678818067,1.2214369554485345,0.2567852640179485,1.0066137737613876,1.5718276303182612,-3.644255333532453,1.4303467692887284,-1.064352382208073,-0.01779511518496606,1.9224655064518315,1.5154762525757006,-0.2456293042863069,-0.10138616740934887,0.37411745932053836,-1.048237314063409,-1.7547247920353832,0.046649537624514514,1.6723718590492571
1,-2.7719892453874184,0.15931885415184394,-1.1270325564476318,-0.579455337674656,-0.8105233391621538,0.47129850412976676,-0.08797264284825022,1.1231236466259644,0.0972004536165469,1.5690677195367877,-0.27634583020655573,1.0486905975719172,-1.5878565739395396,-2.189095376185972,0.35975705303133765,-0.20234591819812353,-0.3353018517137506,1.0726846840581288,0.18228423552419648
1,-0.6558713656855587,-0.7504957590707194,-0.14808601803812524,0.5546936145223271,-1.8586303164247802,0.3039962627006871,-0.9977070770359685,0.4617466758707835,-2.3335944895671092,-0.28129647396129465,0.4893135451421783,0.919525430863265,0.4186619498949829,1.1656150272372117,2.1217522866183516,0.7415924869701253,-0.2555773997327988,0.43968118740077344,0.10742524716032475
1,1.694271756299151,-0.4281929840590712,0.5329722409909635,1.526029803384215,-1.4279287905860907,2.201901564225793,-1.41060928951163,2.3464185288427117,1.6938917087103802,-3.2094533345192007,-0.3427668965163981,0.9404596922903621,0.1580369445484766,0.9932078010461677,-0.2284969158565082,2.7175098963985937,-0.7865889423461174,0.2979010223072519,2.5818330889147916
1,1.9561572454839717,0.9707284910834931,-0.10045456407663463,1.6788259930499245,-0.9371631904892256,0.4882336951438419,-0.42826022574133943,-0.4200732733271377,1.7129532401839271,-4.5781091652564925,-0.05908711187631113,-1.4563638728092474,0.19701113220749794,1.1745666382741453,1.1835272255527431,-0.4294714070647597,-1.1098380773669299,-0.7123270874859033,-0.42349282060166094
1,-0.22995668156419322,1.8826692144511217,-1.267019799325439,0.421842451083108,0.6793359425529304,1.117596597941596,-1.0871537451724065,2.9852123726277506,0.7131071204908459,2.7063244616960844,0.7008617705049274,0.5143490389621573,-0.586651855782005,2.11439553841,-0.04559078611379527,-0.8172382798893449,1.503160875278775,0.22304606030240604,-1.5956594853757693
1,-0.8798815349943766,1.735947054127609,-1.2805299704149902,-0.3648395868876988,0.9111444124853798,-1.3702193090073596,-1.6677266704215392,-0.8777747470113341,0.7679863147058527,-0.7551181737434647,0.003477803302751067,-0.3214871557884701,-0.8803820388394552,-1.4833092569966342,-1.212031179220052,0.32578777257692787,-2.6426165075277597,-0.10834591008667883,0.7586723088336162
1,-0.08047019736442468,0.7999203738751843,2.7178676267767212,0.4427552792035029,0.3811464788310645,-0.023567286707667504,0.9003241394638591,1.0654255928359508,1.4447457150043121,-0.5027438349114949,-0.9307597329339498,-0.49678195426044985,0.7480323451204482,0.1214393630635961,-0.6849130232389282,2.430647512986893,0.6363910670904575,0.366268933557261,4.05929632736866
1,1.6619404166508647,-0.7219436927125675,0.1980043560649091,-0.8405115989019424,1.11277678360488,-0.09780694539238266,0.5858115678349671,-0.1642624291187768,2.561399159932018,1.1483568744659607,-0.2424294379950513,-1.0010872978026044,1.9477191175988677,1.4150850831919148,0.6996553929818565,-0.635715890775144,-0.7032455504120362,0.4394571534079568,0.6573548091323147
1,0.6215230594947464,0.8834700255672308,0.08212474035992125,-0.08716215073855925,-2.208851753719332,-1.3720982955621548,-1.0387457390375854,0.5485340801516515,-0.5434256252653508,1.148358400934222,-0.6890081847875785,1.540630153448039,-0.16699763307741222,-1.3220208609008215,-2.9649583216694366,0.46702729821154376,-0.08635663555632361,1.0938183739508227,-0.37093532576552324
1,-0.26489003084302615,-2.1326858806767612,0.212448861543975,-0.2879674879076295,-0.5949670007998896,-0.07966618254074957,1.015526828225298,0.9737541843208944,1.0249160038823157,-0.00962848835225409,-2.225945497080033,1.9755249810418403,2.116345105063885,1.2538524555075006,-0.13224505762841954,-0.47204374552134054,1.3940803860787396,-1.485528169700493,-0.8081637816562462
1,0.42856040410133883,0.1405777929587484,-0.17510985118659106,0.21853968100360596,-0.8778458686032845,1.630690628279895,0.34998790373114824,1.2504285294072182,0.8362176173328916,-1.7225263539122293,-1.827867865880147,2.0200198742046513,0.7798800306124771,0.31634841073299885,0.7758349765065552,0.9932986352418909,1.9257913338297474,-0.7078445346843334,0.9451653629327843
1,-0.7095321249807834,2.2864836572582474,1.1543998429381637,2.8260755170991483,2.970869169262135,0.11655672051814228,1.4673163059094112,1.4377624335251027,-0.19906200260141366,1.7949213902980194,2.2705462033736756,-1.685004801648708,0.3566665708072885,-1.1263999469835635,0.7366695086239552,1.4036234857384964,0.0858315205354542,-0.4462858860046679,2.9310477197922933
1,0.6106396052727993,-1.2525988576052833,-0.08928596046772198,0.31582786058048123,1.1680473842753245,1.9666336334038366,-2.5206835027755976,1.4513981548099886,0.38768202854120387,1.1138798571893411,1.1691802856395543,3.2356785560228007,-1.22132381643855,-0.3889675965160278,-2.0585628116285473,0.792591297620745,-0.32774776324074467,1.1005541601431206,-0.4489039527773374
1,0.05725300320510419,0.26952010907508267,0.142512287264903,2.091341690312381,0.14360637007979318,-1.1396713147551174,-1.684800522323952,-0.29214309125223437,0.19271251051709948,1.2773624271740887,1.0793404954193804,0.2900041824811134,-0.9703453884806958,1.628736850126998,-0.5804318263109212,0.9446676446213738,-2.0218433863730887,-0.8131160305858925,1.913497846705238
1,0.013074126231887567,1.392286008532465,-2.575523543933055,1.751214840995439,-0.6382237530107263,-1.2279388105579283,0.9283199627476353,-0.019567984565671253,0.38605984039826396,-0.598104633085417,0.9899396078774024,-1.8376969886859063,0.13234309610023653,0.27558119267348924,2.8609015140558065,1.229882233017274,-0.6638588185551206,-1.1098876394135473,1.4707751482022695
1,0.5507645494812996,-1.3028153626561547,0.31881969339196764,-1.6761258188467305,-0.391472095416476,0.42730374791825776,-1.4389757458829586,1.1933728199460778,-2.315412006273404,-0.9411085514617061,1.0278175956662206,0.6784511074657736,-0.27551180666942365,-0.20619250727089491,-0.17796428129733008,0.22286183255580616,-0.2455095359034059,-0.34050088123681455,-0.21736187993325873
1,0.6879249609367541,0.22473091119358474,-1.768629275184033,-1.2930617556692925,1.7831004827780628,-1.0457477389039282,0.58749841651699,-1.268584264449283,-0.1978137253864397,0.9576278752025835,-1.5542234720878727,-0.18254610196445326,0.7337915212120436,-0.40521160358833475,-0.3398506882060311,-1.9765746662665555,-1.7489529773676737,-0.19298173943305533,1.4494286553818148
1,-1.95730686067379,-0.4303056829182173,0.28996862168837806,-2.973444551658818,0.930388385312333,1.7650395248709418,-1.1521611090086001,-2.299309813387605,-0.9523858734074452,1.5328490836435957,-1.517976367342513,-0.11449000504934272,-1.5755024969366145,0.8910830308492416,1.683019517070869,-0.8204232255076727,-0.9861024335310876,-1.5159952574147946,-0.5169683289675433
1,0.8082367277139817,1.7799196735243834,-0.34754157328877555,-0.5288073603575486,0.670004246098298,1.9257478111642259,-0.9168155606047502,0.09885687439798561,-0.9387170309921238,1.162403626926059,0.2648459111543529,1.4339306878461777,1.2618706677081342,-1.49890649418068,-0.6106813080367848,-1.7690520385132036,-1.1510895015319078,-0.7429643705962781,0.31224479018203166
1,-0.45916661306488543,-0.26378392297293835,-0.6933781969066759,0.6873051893781276,-0.5822503261045565,0.8553256565253187,-1.9732930083069882,-1.2053463489260658,-2.1377309542436684,-0.7547956637389991,-3.0768131916041987,2.468729541710981,0.27524249457854005,-0.1078639326500566,-1.2831543823186278,1.7108035174760756,1.5286756794623544,0.5022360034250875,-0.20293322667640304
1,-2.0397268575909213,-0.24151909569615457,-0.3165925353545347,0.29758124329098556,0.1701005621833137,0.8109447243536897,-0.9963571435510918,-1.036801372732786,-0.5356146075654922,-0.8482761013791702,1.216532343020374,-1.91695963406567,-0.6649599167285081,0.46186607264199886,2.405641705431733,-0.9080998602161197,-1.2216830090713087,1.225393303381597,1.1038188756966343
1,1.103017276131224,-0.0525871876197582,0.3368764083372129,-1.0787318475643721,1.2707274716082142,0.5181842783551996,0.5138621692059124,0.5145278014020508,1.1577782810785189,-1.641077200207875,1.360946107229778,-1.0348388635469379,1.1333070879164668,-1.527533289487077,-0.17971408772684666,2.2217959868769452,-0.9654509976616219,0.05939762356957208,0.9215515605190269
1,0.25831852958355567,-0.052703655340119386,0.5536265949641123,-0.08372488027364754,-1.0170809386291368,-1.4638365112155867,-0.8933909609900639,-1.6019990774390545,-0.9362415191186944,1.7844170473962662,-0.25562580241857896,-2.0817161002103153,-1.1635826264690667,0.5550686365910655,0.8618739401546311,-0.5535036180837148,0.19648342497454419,-1.6441253448875603,-0.22416185558029672
1,0.47261968450621306,1.2351188687950971,-0.665367940053037,0.06009334105771387,-1.0243674049196612,-2.840770045269079,0.18981770983810126,-0.14330556715857862,0.7125281445049291,-2.516023389055848,1.2830112325678469,2.3981861404530465,1.8763083252841768,0.058686654105777745,0.0687039010270798,-0.502679538210503,-0.38589455167979914,-0.17651247749173443,-1.0029266028626214
1,1.0418881531697486,-3.4765314738666993,1.1074822953708328,0.04066597370081611,-1.0637756101832867,-0.043403551378151974,1.7409418316703054,0.026577869186210534,1.057080944996673,-0.5933097168069231,0.6426181563218676,-1.494685595545007,-1.3608078149721863,0.48745567930389866,2.317121439864096,0.2680563262249669,1.6661986282302306,-0.3055470495583482,-0.2642435768925653
1,-2.1155278238175406,1.1450875629249493,0.6391583940389474,2.1507798602188015,1.319485201860982,-0.7906693770978027,-1.2306272341293318,1.155557702426593,-1.2550248143313965,-0.12591205657611657,2.2369822622037816,-0.8979589118187845,-1.3370048879607415,-0.2981975853260109,0.43023902131909014,-0.2673531879738336,-0.5267251539350897,1.683240583208997,1.7552364567449152
1,-2.104561095793711,0.6605075874809558,0.6669757729760136,-0.901965120016035,0.7355368387589788,-1.3077614279700105,0.6312250284636074,-1.532103586635013,-0.05757317141914262,-0.013330520381035525,1.7223042934948938,-1.9496331280794894,-2.6324006102194235,-1.2426629388109005,4.312050706464445,0.7227826807350296,-0.38758881040921445,0.6339309183863748,2.4685549063047207
1,0.1543888328802943,-1.092913198171593,0.16175721850444433,0.4892738294775468,-0.8792827281190078,1.7292710882922953,0.5896101337603264,0.5480917491179356,1.8602112584568762,0.5912957735496823,-1.2062853753097236,-0.6843527276807374,-0.9749694185290143,-0.2034396638454914,1.0218426855699525,-0.012678876900658165,1.545002715597118,-1.101806641073029,1.0063718232541552
1,1.677703635613645,-1.3599304412869395,0.5307314447137997,2.175591926884953,-1.7490032589816844,0.21771464523944897,-0.1963206050567925,-0.14653249463141269,1.0654285618461712,0.3856215798493582,-0.14530995311646386,0.9220088863409329,-1.3316517038756435,-0.8666421764841619,-4.362680040508394,0.08147494553879478,1.1524966665382517,-1.5523791635794846,0.020514166464670608
1,-0.8387312941723154,0.16646198100429016,-0.8874730869809979,0.5815732937913379,0.3199879193356938,-1.2805880378570798,-1.5750194612972823,0.373948944945256,0.09944979005525331,-1.5335865677240714,-1.6533246588777017,1.303024590943453,-0.14750557987180687,-0.9372263404404204,-0.09553754264798928,0.8911415467545079,1.2520239153118584,0.5127705306041919,2.18978336382102
1,-0.8246132637978707,-1.5418888466443395,-0.513244007340275,-0.5923246993987811,-0.4292586070544187,0.8618487731118848,-0.2872613614565587,0.41034553571684734,0.5592726991988326,0.319064314528789,-1.2314771883127995,0.4304214834060011,0.2569032055915757,-1.2977308032855877,-0.18110475870944043,-0.7759787777940672,-1.2235233227610547,-0.6662693270963359,-0.0011810801030678886
1,-0.7885478753058711,0.4486845022723805,-1.6551767454475814,-0.9887412636789766,1.3521437199107451,-1.743873326063399,0.7133695827256297,2.096512968092601,-0.2646592378175256,0.3366288267866906,1.5675833883894834,0.29440071795326966,0.7669544450160678,0.026078056853955756,-0.97382386627411,0.4538208747767227,-0.5699259466822936,-0.7502073562447641,-0.195735980946514
1,0.8584299776695057,1.4519322136525046,-2.086521069860384,-1.5542466718262113,-0.2593392796791419,-1.322082180574753,2.0034939382203376,-1.38777089319097,1.0640639759005146,1.204076480078651,-0.41333379941199255,-1.2842415222458266,0.24263107656640906,-0.5269101544585498,0.9433164651403442,-1.122814872493823,-1.0387667236914213,-2.250892512750807,0.7370548774459669
1,-1.6683949766253983,0.5589257804114005,-0.4990692088748898,0.7173169394718489,0.05848484413902815,-0.6076763794134521,1.5463315624947147,0.25755628472508246,0.7011322434447516,1.4195837883289837,0.30701082862302165,0.19708657436934954,-2.3925704672332833,-0.6133727154942635,-0.8705399352432366,-0.42689211386127324,-0.6739306602731657,0.30363070294633276,0.7457164693711388
1,2.7358933717014535,-1.8521315346267924,0.069339212690716,1.1506722414800183,-0.10976362733549254,-1.1131061407238427,-0.7441374125840806,-1.8281935832026128,-0.2570766079752506,-0.47130714370076515,-0.4268515215767406,2.520839861659444,1.4728927657492774,-0.7339989396143698,-0.5689090152707779,-3.92762959205307,3.114125976284361,0.562453233049367,-0.6591456581917916
1,-0.06739856514423065,0.9999108608014798,-1.3679617672549647,0.669931294980328,-1.3292258305153988,-0.5383780799634278,0.6894722903828544,0.15363281010912755,-0.5725851779587089,1.923815941844014,-0.8767924715030764,2.2185022279533833,1.0339365764706931,-0.664397538887228,2.3198839072280166,-1.869955588810123,0.8957129135521895,-1.06112170176618,-1.8962268922853742
1,1.228391631429448,2.979594665436296,0.08140606074237916,0.6437595089766648,1.1226497954880128,-1.0009822745522794,1.2280153422052686,-0.42596043892218466,2.094313263569153,0.03043607639346371,1.212613588562287,-1.4444981071976994,0.9423699978573076,0.3802031654971458,0.09183484465745298,0.3477503973263426,-2.5651249783251395,-0.21711694028461034,1.4115801136370894
1,0.5049587771279016,0.8977618599563267,0.314576768151084,0.8105405680417321,2.5508500740429225,-2.1004475632645554,-0.17910215346703887,-0.4073541857981564,-1.4172027886401373,1.2264668317988563,1.4714291191676223,-1.7159937775180092,0.743360425545863,0.30588890933516966,-0.07415126256117652,2.3583170732190544,0.6985012574475268,0.4296333771121156,1.8229004481128916
1,0.31841594764661346,0.1958847084272423,0.8087686172767904,0.7711673756128732,-0.10697980774982097,1.1520750325409563,-0.9926108889740513,-0.5592133494319718,-3.056578967801069,0.11751000251189338,-2.1126631660010142,-1.8698954011391473,0.7234267359360353,-0.8535933731759218,1.5124748438404918,-0.4637621348068951,-1.500984429126315,-0.06034054098581945,0.3843100789267087
1,-2.8733420720795575,0.9296947172971005,0.3520017009644984,-0.36800530456300706,0.16699658765568207,1.4941906563421903,0.31759952885551573,-0.40891085417100737,-1.5715791038564997,-0.5306182039572529,0.12169248631971724,-2.561036214681357,-0.8703336670207551,2.2260577563795776,1.3094669508090515,2.6717123181259064,-2.0106155054806476,-1.2475286604215619,2.484671286687179
1,0.06446144868598434,1.2834118324378305,-0.9606220308924925,-0.32755807350363486,0.39034433764915827,1.8999170649563932,0.016383376740044364,-0.1465957266157716,0.36380222869115314,1.5672509988373557,0.7076502339076463,0.9373071896649748,-1.6278227702402635,2.091470652028149,-1.34894626590187,0.7937378883996624,-1.551180805370994,-1.1098371691721618,1.1193744684903837
1,1.790545868010053,0.005785314146575175,-1.6413992223965201,0.6919158543527927,1.297406185137897,-1.4247455940773464,1.6289873202186276,-1.2236059847300698,1.3177385714987875,-0.0312568738886917,-1.7568447101719435,0.43813476833990295,2.110897165239643,0.4229217563292632,-0.355987954065874,0.32196290446715775,-0.6271894251681045,-0.9458545831355545,1.3757645225784274
1,1.8477475603258315,0.5035183329744972,0.8666963778106539,-1.457397931004439,1.0216390310640722,-1.0640487499838462,-0.31151544826075395,-0.20264419453799654,-0.9352753501487322,-1.2796223471365824,1.588821898374944,0.2590591248494692,-2.0218416550595864,0.2690615840629879,-2.5927650900710044,0.29148303990312957,0.5659159389164793,0.6591634056352276,1.7217701517321429
1,0.08967670725775195,0.39874413276879783,-0.13731080004527793,-0.9840824406340921,-1.8001564394660796,-0.5068124752644765,-0.543348743470011,-0.474138919811442,1.2535087046116995,-2.665626806824385,1.0113720873751284,1.0389333727185217,0.5546615426899629,0.9281577903094909,-1.597085233664128,-1.6385367872928436,-1.354370166355647,0.04162095897410678,-0.3808053073125043
1,2.0483746947829964,0.8127249973179344,0.6295212374890569,-0.9446436214457106,1.7604791064721124,0.890993096190925,-0.8787311390355582,-2.24492949145046,2.6829739839178695,-0.9377101976055113,-0.6793426540177906,-0.9040858063535391,1.7651573567486782,1.4754483131152585,0.8417354381835448,0.4112396627436439,-1.7828609007381926,1.174865285658493,0.009795623216828808
2,-1.4930628626303164,3.0232848295399144,-0.15626683186527993,-1.4237872739576267,-0.0500852784544038,-0.6167153729020993,0.7587942805443757,0.06005785190157552,1.0024472688441168,-0.7662251509620249,0.8693407362620035,-1.6043891886259016,0.24695711341440382,-1.1407757584360803,-0.7418593729909195,-0.369725539913176,-2.1244053524585462,-0.8376729895148439,1.2429146032860623
2,0.5595471205719592,-0.5646107706866945,0.2961965946420444,-2.3866619321103766,2.436608862530475,-1.4640764642148172,-4.341462404172295,0.42956608080281466,0.6389398192567329,-0.505610468358302,-0.4759281201518031,1.3067414939171138,-1.275491126997535,0.3250317413230823,-0.2696389058395708,-0.15526082986640927,-1.7568521954289253,0.9478034962893259,1.5022772138612726
2,0.9060575857740188,2.6024281180131443,-0.2771594898657878,1.2846000854428006,-0.8978550693378015,1.365950829001639,-2.18488125881667,-2.2137676251982294,-1.1124875225306567,-0.3531565911292805,-0.4132659999353606,-0.7883529898677286,0.5571536603812637,1.7464921502196857,2.0102043325285472,-1.3022486256907344,-1.3023230380173092,0.12806499615695885,-0.3778326611896165
2,-0.7898083800928866,1.2412354897056483,-1.1911286726269898,0.20869470616323976,-0.02304426589309866,-1.359275583108545,3.6907600198979478,0.2593659038452571,-0.932231951462866,-0.3318906796116301,0.1888604882570057,-1.423152741565152,1.4353867538281495,1.0724042166451098,2.4790615011836667,-0.08005745922395147,0.7218812250612197,-1.2517456438597252,-0.2569202433000851
2,1.635640850249498,-0.479789344721637,0.25409100457007167,-2.5343224309680084,2.6158287843323635,-1.2931740085876091,4.393624364821661,-1.2545126430793982,0.2019272915005106,2.8656422990971318,-0.10226542672130913,-2.886041876937592,2.6522160340628758,2.3470462957456433,0.7721352548384662,-0.14883030344087156,-0.8444987491004269,1.3566955853070957,0.5295682973872676
2,-0.626115729481238,2.1201865226152994,0.04036685811883243,0.6471698334518736,0.23919075073164212,0.4018605900822997,-4.798085882832984,-1.104051291851506,0.4394808322781948,1.986189800482235,-0.423683451682659,-1.3937532404596649,0.15824435427017136,0.21510812072647972,0.6456021757583581,1.0668186465827343,1.1724899038007908,-0.9442970237206626,1.681628645785662
2,-0.5186998747271057,1.524237747632031,1.7582864774194615,0.3091625907988616,-0.7457654869939457,-0.605517157197428,0.3561168384887279,-0.7765578714264453,2.9468266364480376,-0.7071930532286222,-0.9672543062723227,2.120124475815334,0.5275428378316238,2.811300687354603,-1.5025062946660501,-0.9583646840689022,0.1793229366256746,0.6264604437926012,-0.9367224650089526
2,1.5154554749470268,-1.8932705808080057,-0.13269834108481685,-0.7226209205916848,-1.1510981851228923,0.427635421383829,0.1006123052527019,0.8905276797722521,-0.6898762695695586,0.44243179953868383,1.6561152412363902,2.380279323444734,-1.7516952702251385,-0.8092847864724758,-1.8277968571669492,-1.1019798034344472,-0.09828805500084216,1.6555736224766322,-2.2891095808952393
2,-0.46612540603010083,1.5419131088123208,1.2404870886480464,-1.324577470803866,0.6352915420021191,1.193045041814756,-2.461029945715802,0.16717983270968065,0.6372940707624783,-0.1545015310296231,1.2030903511893332,0.6394056983198664,-2.502168438175539,2.2570311972513433,-2.5336683180548536,0.4179063787180362,-1.3844543866785495,-0.09307937595037506,0.03742688880902209
2,-0.08786919716046646,0.10534887109820773,-0.3805495641654613,2.42471630155648,-2.241393987027849,-2.8470272427063272,-2.6300256028699205,1.326646323646634,-0.06289724910368304,0.7073703231050182,1.0768561369565148,4.4480324125240545,-0.0626313022339547,-0.10752035124365336,-1.542288213803912,-2.9365865289334616,0.5889565596721862,-0.5143239773764187,-0.47244278454889377
2,2.1815044929787972,0.9318083379817895,-0.43754042231069123,1.6774856421802948,0.5071545433700674,0.809475704675859,1.1230217007549668,-0.5796521016498993,1.2768052080477386,-1.0036546399003914,0.4171779054189351,-3.295742812502245,3.4146556215589783,-0.0871203632697278,4.8078599311701975,0.6110503541623222,2.819546430670349,-0.38807612001907527,0.7783865844770863
2,-4.1354201971633415,0.7635742312232549,-0.1772649194706142,0.8837142157412483,0.6782882417908466,0.1076156076092675,-1.5192136364906785,-0.9783035136485673,-1.9035964926081206,1.5088677199566927,0.29197787606921066,1.330111853178977,-0.2236956303498716,0.21639586045570477,0.6347823328585908,1.5082946391789196,1.524073080654602,-1.6418209483808823,-0.1687127729533355
2,-2.4900611698781363,0.05086284490994581,0.9985164005781354,0.8731936732806812,1.7210306301457452,-0.7195453820078855,-3.6712534981311875,0.2501548120461505,2.589698905934775,-0.06239620205638822,-1.1504777844054033,0.8096119600041531,-1.8757587070556934,1.1370021114292972,-2.171555491717501,-0.14053574041918993,0.8619360735501178,0.05075691901445634,0.6048571409507403
2,-0.002404860311737056,1.771517675654441,-1.1794304129222053,-2.031688901182983,0.9225930725077385,-1.8510624075127524,-0.2846282950945372,1.3238994182306296,0.7207119120170169,0.9547177992275508,-1.2944639901704276,0.6234689211392187,0.40564618797934376,0.9344109055748862,-2.323437083203562,-0.010775255300789079,-1.9772372171732089,-1.3853402531477979,0.18508904921111868
2,-0.2792299207328724,0.0025274224940624395,0.49973292011447484,1.1152516296745236,-1.306613991345446,0.8274579499126228,-1.1274274921892533,0.3358670078374271,2.393929037119249,-0.9188680661719333,0.17356531600022046,0.7570483294313429,-0.3774172675528604,-0.1675159410889034,0.9519723937594198,-0.5624545929703388,0.6126238540160902,-0.8780329821439979,1.2748520950927191
2,1.755918323079196,0.5305417155215298,0.3929644449013421,-0.43090223032745506,3.6424195339297514,-1.3124808988016343,0.6427650628057356,-0.1770898692105191,-0.15277098153120086,-0.8433335809732646,0.9640837019016926,-1.9176072124485486,-0.0016655559284450153,-0.7016790663381621,-0.5244306727370004,-1.6159018533753278,0.16310867568589799,-0.431508825343406,2.0263337242993256
2,0.053714668212579426,1.2678381707489943,-1.522129450547889,1.0477991124570292,-2.282018972066438,-2.000411922601489,-1.6046411468887725,-0.5778132263772698,-2.1344869351145292,-1.2179132845011762,-0.4396610738754966,-0.36241449237165957,-0.9100197031673455,0.6658233627651876,2.1195976255461657,-0.08140777723970748,-1.0448579644611178,-0.0392148855644506,-0.8189741919188963
2,-0.6993527423226509,-0.38646722608062245,-0.42034402448405495,-0.7076242931156834,-0.563420536463002,0.47791373036610935,1.2678796359516264,1.9563518411210774,0.9445207269065711,-0.7577275025486545,0.984845439126037,0.1515731070963806,1.2093107479995626,0.31642113535758654,-0.29684340727053865,-1.813207112801927,0.43289778912545585,-0.7992510744373383,-0.9975100379036748
2,0.7494392853840893,-0.7270644699843191,-0.5920360758000821,-0.13248633893414238,-0.1560120099853069,-1.0745364070309318,-0.5072712749115443,0.9252357668042577,-0.9636428198669291,-0.18463462167726588,0.619218346423221,0.09607397806660062,0.9925980062485574,0.20890246988518898,0.16651024857667288,-0.9557497164799548,-0.8690912128917632,0.06877438163902824,-0.043084661296078956
2,0.7000915001646061,1.8351920106607287,1.1102923908442472,1.1337064810607231,-1.487614010940374,0.06033894730758869,-2.0684557651641113,-1.104209035149891,1.6662154603979298,-2.858890570075161,-1.3634337702254073,1.2816072206993492,1.634500627144869,0.801038135462082,2.269975374411148,1.862473646913954,-0.5496841358644811,1.981340936942532,1.5321825156534283
2,-1.2922282828497165,-2.9684951004127496,0.35080367010964186,-1.6108886363053807,0.6014636588169336,-1.1805819063301113,0.49513959650348655,0.4238330661025285,-0.5034458934947794,-0.6995878236227538,0.1889989143430841,0.0951677817678342,-1.6925303874451643,1.2906775465043916,-0.3733070617736314,0.135461239745243,-1.3479592086923509,-0.2902561096682963,0.30714993840951826
2,0.018617318302887525,3.4660343316990043,-0.6015439218010293,-0.3811965554135319,0.5810199829619098,1.4562687746730927,-2.158002242896717,-0.4700995264709637,1.3957191177059445,-0.8610743311181823,-0.38901838704763414,-0.04242218503892924,-2.1859054242356857,-0.10649160521175968,2.3384661950677263,-0.20361324056394703,-1.9284919831410205,0.6839326266718585,0.2413549606074839
2,-1.2513813873045259,-0.8386358247349693,-0.3427784059347307,-1.2597548228671431,2.6752187900472344,0.033899664734832885,1.100905267129206,-1.325827929903498,-0.54639509333931,-0.300541632107395,-0.5313378524546971,-0.4271350014841382,0.30136951911942644,-1.3872571540313625,0.19169804571132032,-2.1007696378187513,0.458927875020736,0.5053767179326666,-0.24457064789921393
2,-3.135679780130259,0.03537013427126218,-0.1081885967801846,0.30011765140558716,0.30606374674314035,-0.3082952926031319,-0.3733295092465863,1.139270342271311,1.2506344577916213,2.1487594463598825,1.2230779844777708,-1.297111260593276,-3.710739606247712,1.7910502012813332,2.5569316781105282,-0.45918756340323386,-0.2354844638143217,0.22525414120226445,1.2779659780009265
2,1.1193750758032344,0.9429669073356742,-0.5463385491391692,1.9097305423943018,0.7658739869265698,-0.615586424033581,-2.322118709274007,-0.4953605156479935,-0.4657691988188721,-2.4316218713022675,-2.520866495147934,3.9395346981817325,1.7504618166796906,-0.9287799339130196,-2.033123000239064,0.9067489252193247,1.0949226764787274,1.0808588988484071,1.335744573668221
2,-0.82743503221919,0.47690637956205534,0.27388193534727023,-0.05835126529064499,0.7569357739458451,0.4475381210884073,1.7911450469592247,-1.4743834355370735,-3.563008246738206,0.6108755456471104,-0.11669705950283295,1.6723793067437505,-0.2476979857947875,1.8732221905335915,-0.6029461705995055,0.3185920769572095,-1.1744550171778279,1.126373184857013,-0.07527606929816445
2,-1.27456917386326,1.706795618413196,-0.48015116920335493,-0.025399093786885686,2.361690757553291,0.18914877030934196,-0.1780170374449267,0.1057481142641971,-0.791608848708571,-0.053262382033636306,0.2022305035635694,1.0387475476879378,-0.15481604434113502,-1.2785863722781248,-0.10139455511814813,0.9475798986470468,0.3500965598288534,0.8054254987311731,1.380741843754834
2,0.38690780977397843,-0.9742723136263461,1.4944909657152134,1.7520367671234556,-0.4170255647269884,-0.08465135217231323,3.766918382746797,1.1728519340403387,-0.2737209462746411,-0.4037491032442662,1.2605176142157586,-1.3361617896499463,-0.9847385733133618,1.4787404084866376,1.5613664167718537,1.671402537635211,2.39944606982046,-0.0819865585982248,1.926705223922
2,-0.3570669251937093,0.5087316622897741,1.5632632771288928,-0.31912443869327284,-0.31078696499545677,0.539927400218052,-2.948879880474232,0.8486315413915937,0.4245438762842187,-1.2987201522963308,-0.5618618059663872,1.0563141140196635,-0.6778661913134634,-0.698246854238811,-0.8997888602533095,1.9657498989448305,-1.559093002798174,0.15819163305114753,0.3212377982237597
2,-0.8663972812766688,1.2679858656701715,1.165902602286632,-1.4614692423065885,2.496503728155753,0.19182090242075922,0.8128761440677406,0.8851693771279854,0.7701417851708144,3.0337884878859924,-1.2278830971365216,-0.05258961588791194,-1.3211943974127178,0.21811684479656362,-1.4326846159578361,-0.19924754648207418,-1.7681270396269684,-0.014268087456553226,0.8386994451366948
2,0.5273689737892437,-0.3785792652756664,-1.4203650212781787,-1.2498860224375663,0.9639993219728795,-0.27535880105724936,1.7980661773721007,0.22494616458794492,-1.815191910667547,1.5050030745775747,0.0184497008946643,-1.3068626506315628,0.4828958234602256,1.1762435898514367,0.6249998751353653,1.3576020593962603,-0.1141216448464501,-2.5327584677225348,2.400572591645216
2,-1.0702818411658066,-0.5530012262891791,1.2749723327408273,-0.9584614679984331,0.8550488742888696,-0.4377816312302506,-2.2385163958811916,2.020784608716612,-0.648429085319197,0.29311515587052606,0.33504022474028283,-0.14226431402015657,0.841687560525059,-0.2994866377266317,1.0528474263585237,1.5585051755528938,0.08137959664712183,0.08180446294634632,1.0047983155762268
2,0.5941262767838954,0.17000260693238886,1.2733450064343634,0.7739360513444138,-0.035423378801287396,-0.33066758825974607,3.6635176645318106,0.01136064255805202,-0.8097687485270224,0.53933960953902,-0.04620404158114172,-0.779735827199904,0.5263023689411076,-0.5589499849161677,1.8759665797635363,-1.2234433209346214,1.0608039254843056,0.5621166389905766,1.282335979880684
2,1.9797516272129498,-1.6160812073574753,1.8890446989931413,1.293997022885136,-0.894760569642284,1.9147343461891357,0.20037127529583265,0.49963938460030094,-2.4096132439561733,1.4801495187230198,-0.23636133625776656,0.09528167613469452,1.453802334423412,3.589910758101299,0.8098866927917667,-0.04537930766461583,1.189864414237235,1.9061197565312518,-0.8619162543669288
2,-0.7922900613505798,1.058493756721234,-0.2640522924021259,-1.3371942565958117,0.9259758384540983,0.5342575035453321,1.020823529437459,-0.7050037441305546,-1.405814236802706,-2.965210045930017,0.6914660576419147,2.093658707416101,-2.0778206286447167,2.188426475641868,-2.1339909081609254,0.8356997390213995,0.471106402412851,-0.45207768135074766,-0.8316164932849237
2,-1.2810303019389722,-2.3346469057779613,1.5838200167093721,0.43362307302255276,-0.6514988473239255,-0.4274531277015084,-1.14468863738144,2.106345137115368,-0.11335292119303145,-0.41610461485565975,0.0767306377523154,-0.4986610470494247,-0.4608144658172727,-0.992508105576715,1.1891056046840534,0.8486643611845222,1.8951116538441233,-1.749271851942826,-0.5551160472990297
2,-1.193001780298272,-1.3568720968995223,0.42533451362220115,-1.1689842142516818,0.857687477883972,0.1805062830991905,1.5628949661451401,-1.093576904134411,0.28767659071383683,1.4171160000948428,2.754482988778974,-1.1046950364946961,-2.5879859278637585,1.246758198167802,-1.6348446071622498,0.043045211571303366,-1.1138887654019345,0.18240419411730507,-0.37754601892200385
2,-0.019582438645880752,-0.03144964982638781,-0.0362092917660048,-0.7651766600121555,-0.6522243183414871,-1.0056321667515506,-0.4119231255736775,0.1045818798681286,1.8854349049601073,-0.5691280081553702,-1.2814659363250267,0.5202338807503495,0.7148551397062404,-1.9384613029505215,-1.0992992761194156,-0.519443279482368,-0.152259714874544,0.31008166375226737,0.2707541243558872
2,-0.12851587040068435,-0.11262539863957909,0.44518958414794796,-0.5335039542173509,-0.7111685428735813,1.3316518413625564,2.5029251572399724,0.5911443319352478,1.2892825932074605,0.5147992634263856,1.25039591381249,-0.8240218701907253,0.7988975827364158,1.4453817964990205,2.958668968618134,0.0521084827436642,1.3990274608786548,0.3708400347287559,0.2308495335551638
2,-1.856344237379047,-2.631285551215657,0.21817975555682145,-1.3648964430812758,-0.15683085114459008,-0.029347506339004487,0.22988048645749526,0.16608166057020218,0.019330079968277805,1.9854506415006317,0.583617380977396,-0.012875473646839053,-1.185767128234292,-0.28728831366714297,-0.5789050149566659,-0.8872482089724743,1.6518749614435744,-0.2374006579976524,-0.43378421910234666
2,0.8217690611175116,0.9557992713869744,-1.5047016680491039,1.6656984978925924,-0.6584784459805411,-0.10509242751536242,2.894337756463594,1.1495869718402938,-0.9144325327289871,-0.9950889818219342,0.12975632818300675,-0.9152045609862116,0.4336361970949858,-1.0735619878663014,1.8168349640589048,1.494097653101398,0.6652415358955146,1.411189525708871,0.855221629599094
2,0.9605659921421583,0.9654664590636226,0.7942126809490372,-0.8223471607374144,0.056092043364197965,-0.14633618615081345,-0.15010938851779226,1.124244790304824,0.03167112394064697,-1.5839596335272152,-0.7562851343273427,-0.20795416277450285,0.21985970465674898,-0.8676364172530437,-0.25760904693040454,-0.4504647389217662,-0.10497660811106524,-2.6322507517131024,-0.4892952216058052
2,1.7798950720380897,0.5680275323423704,-0.5057951783356543,0.45826687175622577,0.8882373425913106,-0.7787473477596287,1.6701738196008964,-0.297522974956923,3.2551031925232143,1.235600571017365,-2.3630795459315,-1.041752731074472,3.677009771999847,0.6430700070988263,-1.489424565592543,-0.8279738859719128,0.2335943047270054,0.08204639902358377,1.560026957122294
2,0.719778761427662,-1.4566065534971662,1.1274106410296885,-1.5383072197618881,0.8090228901223422,-1.5570340833514384,2.7958491173294817,-0.7208562824873833,1.1251281728694738,-0.012078453256989766,0.7947658414208293,-0.2336258699238387,0.9681144152638012,-1.67866552738541,-2.5951198161844116,-1.256493810024019,-0.3435322934469394,-0.8915885817190451,-0.0029336039929676733
2,-1.763167574665564,-3.131518729106434,-1.0187380007966653,-0.11830234267587766,-0.25445380235530357,0.12672896202243986,-4.6726065495541,-0.9740943905494542,-1.3623219462174243,2.2979331053032226,-0.9674617020924975,3.9681240076509305,-3.066329963673151,-1.8251676507054317,-3.01758273603493,0.5887996818959789,1.7231590847375198,-1.1626471497079192,0.35524043020504614
2,-1.9531223976841168,-0.826664351306435,-1.453444017424348,-0.6448687038411879,-1.858325124018044,-1.5143428270265176,-5.378238074193739,1.670226324383967,1.0408640110358982,3.5497557355070883,2.3709187778188117,2.47961804196778,-4.811569146167482,-0.7925042144250893,-1.1077226633047395,0.8504818475542614,-1.9220858212518335,2.0589473430090983,-1.411008445444433
2,0.0015128629315342352,0.07551102681194029,-1.0306442433057839,0.06846136408335252,1.6647720336310594,-2.001750867847283,-1.786975928465629,-0.8726158171234181,-0.7606040449712804,1.9705708442187904,-1.297773706248213,-0.5682628890492257,1.9700847290747476,1.2653889187011769,1.2356701130945593,-0.5391199506126945,0.19356018235045758,-2.0051211747125084,1.0175293222011477
2,-1.6397852126314598,0.284031542185268,-0.6266414622943446,-0.7673817866783667,0.10807965280250338,1.6912206833481545,1.4747804229520698,0.47831495906261695,-0.5053931393532995,-0.7417328481892264,0.09929094643822016,-1.8811330547416771,0.853177064522296,0.685427233236342,0.8182859824017605,0.758411360931587,1.2638063757532578,-1.1673358396624096,-0.39475191646760394
2,-1.5864286585308076,0.42408696026134557,2.1693579132573957,-1.1923790231639853,-1.81790622662071,1.172804470521446,-1.2154100523756375,-0.34799465000231966,-1.1194188143888348,-2.9188201328732415,2.259472440791239,0.9065914937798512,-1.3616974128456965,-1.72684842144169,-3.4923645909754306,0.7863020651453505,-1.318821466767154,0.3896076925370878,0.8216871045640444
2,-0.6540450883575035,-0.9482659595628631,-1.9081774566475864,1.5691164292200985,-1.256457997594393,0.07592503398762764,-0.12267753895407355,0.6357988017898499,2.7692411645675095,0.6610718083437704,1.8606178355376604,-0.7920900709757333,1.6924259349614963,2.26654682490424,1.3318926616511397,1.2559596070968075,1.9122875092595952,-0.010609765299390915,0.8112225362482043
2,0.6955218862862235,-0.89121460096335,2.2184774493385633,1.9528432039592756,-0.4026836527608519,0.8381399131179285,-0.5062951630220005,-0.9979950082966618,0.3193808493349418,1.328477290742876,-0.08023716487601752,0.27904828140227406,-2.1131158000461503,-2.28540687711006,-0.4469686288299389,-0.32883829963233213,2.5435509228373703,-1.9675173828012564,2.2064153369046617
2,0.3008454538891472,0.8368030854353253,-2.0451213440149334,0.19162214143539913,-2.064767711665097,-1.0655095930304412,-1.0037581020838051,-0.05903841287697316,0.351236995965112,-1.4629952098231527,-0.31843787105045024,1.832351934040186,0.20538498596309082,-0.40581590463973327,0.49971473281975476,-1.1731750278637836,-0.13585314343525148,0.25005432171582065,-1.5258631453962304
2,-0.08048648658762111,0.8756495156726215,-0.049654834138811006,0.7517174936722,-1.8665833937698175,0.5659138254098393,1.8803841216441355,-1.324682380347703,0.5810217368694294,1.0763422866657233,-0.49146817875135973,0.8573133985029524,0.6132899156626554,-0.7243551411190717,-1.026873267670053,-1.2725248686026343,0.4352945188998478,-1.1110605911373126,-1.3807568692718646
2,-0.7030161341839647,1.1439580032746506,-0.3153273210573353,1.0132273955566842,-1.3429183585583606,-0.7481636592485532,-1.723458559213407,0.6794799209410487,0.43648508591252216,-2.635918428989053,0.37809551944162256,-1.879748905028007,-2.439847738803897,2.2311736172609473,2.122842570752268,0.35828079817651054,0.291103914914791,-0.13240239443308913,1.3297482407462262
2,0.7143325252327487,0.23988256159258461,0.8561455684813435,-0.46573034080724335,-1.5441453148140611,0.04872251058790127,1.3443048751354574,-0.10383846925235803,0.10502720903522601,-0.6114992664939618,0.2598703478722058,-0.19094228876121602,-0.7865719782995981,-0.7850401824239858,-0.5304478536389905,-1.6728031519687245,1.399367905807769,-1.6486475445828896,-2.323820731531053
2,1.7127733809642278,-0.02723257359224043,1.111860614839442,1.2055362781884116,0.5547720495484298,0.5803593832222911,-1.604596485576603,-0.6844433953572587,1.1422555735058226,1.3391236301671403,-1.1113419481399522,-0.24925925983649203,1.7194983270793405,1.3378200466377694,1.2376220680137224,0.5903678275083162,0.5703355073305867,-2.9382471828853,1.2214391781628058
2,0.25410901042931,-0.14720814180911548,0.8611357471176572,-1.3573658276993368,-2.41641702244921,-1.2866280052740178,0.6378806386083385,0.6595299707795663,0.015017329065949351,-0.7235644247713438,1.416162589679036,-0.16927155046366574,0.3537671111633973,3.1087402432995717,1.4166624447598495,-2.3203249335210274,-0.24006520141646148,0.18519281030436588,-2.491560506491747
2,-1.5031138334356067,-0.042519109730479315,-0.5664327869589552,1.4799114766747463,-2.031149545280469,0.13373819008278476,-0.8130846348543652,1.1030636226966588,0.4798517768194217,2.274617709143883,0.8793345981647658,1.2076720479818834,-1.557817964223757,-0.5964909814030858,-0.3044970799980686,-0.49676981770656337,-1.2276652623838349,-0.3710484736290065,-1.2082016470575756
2,-2.560223426843503,1.8604016260305982,-0.5517223463910902,-0.4058122476333373,0.059737838819111364,0.38121735048048083,-0.8647525793045844,-0.35590062001220424,0.463907743972749,-0.9608332705350775,0.4099838281472731,-1.0060812744670462,-3.8380518119215963,0.5078281364983727,-1.6937694483499854,0.31092348520847995,-1.3099194260753875,0.46327960536162466,-0.37812227300016976
2,1.0172579945533238,-0.5195974433370337,0.5787367138929768,1.1148293902230346,-0.6127291461753314,-0.16412875573386107,3.4100424882438176,-0.007999063356600774,-2.50687735108852,-0.6030028029263821,-1.99577117134673,-1.01518428347376,1.0183368628821472,-0.2423709326082477,2.2235304834340366,-0.34639191281590864,0.3540078864666345,-2.3091023439258436,-1.8568354550275512
2,1.2036573971049218,0.7361004543351188,0.4569486138027576,2.0258447966464277,0.23691956018352847,-1.7050006016079031,-1.5890267037358319,1.6926679564373948,-1.5376297203182792,-0.8086788648232385,-0.5104403689735801,-0.06685616982015039,0.8101919711254946,1.6824286271292916,1.4616812937456325,-1.6281253042873889,0.738289146464777,-0.7220492383139919,0.8266748582525558
2,0.34533625094892473,2.1947208883731433,1.5452546934539935,-2.411340103821167,2.8369627549624017,0.4294702001972638,-0.6059016818262211,0.20217148874648797,-0.11003235610818941,-0.6938487309786017,-1.753295711701806,0.037008551443183144,0.8463451492292593,1.6174364536660413,-2.974232551275725,0.8850746614072291,-2.6114594585314355,1.9218266084947928,-0.5127445350297999
2,-0.657580425103083,1.7605852724002926,-0.5943127482878517,-1.078574550065195,1.6310247021855782,-0.7466459291509954,-2.796492024594267,0.5613132065704782,2.5097187325520984,0.0782300639178271,-0.5871090927268866,1.4362448348276318,-1.5461061507407883,-2.847324411747351,-2.232072304263393,-1.0464577386029488,-1.0555825596180077,1.64630075546041,-0.8771333122975531
2,-0.8190676145096284,2.751502746789941,1.2744925381037464,-1.0953805411124113,0.5233798761127528,-0.9368600728815046,-4.058446293860713,-0.7676495969954819,0.4330699000748017,-0.13314562779060143,1.0869239049413053,2.335128877218274,-1.189660974719948,1.1466491684508187,-0.6341942211661027,-2.0364584387387517,-1.8296464582582745,1.6696588906215488,-2.0014857434192486
2,1.533648945935515,-0.31504886496125767,-1.3139007902456308,-0.01693360746504692,2.902646673953692,-1.3437525726455457,-3.6357992109041786,1.0382785627500404,0.48228808024547226,-2.74269010493268,-2.2901381685670206,2.1223489095161594,1.3569175549410744,-1.9759036732935595,-3.6672937911477557,-0.6457412061870185,0.011498743192244365,-0.4870145174186563,1.122001455276914
2,1.3904771584298277,0.20811169595658865,1.8266144160743376,-0.38162041258070345,0.2792785847240443,0.04104302402079719,2.6456085439198467,1.3117377718334922,0.1912597977374249,-0.9113850603269567,-2.0220781436026094,-2.001366492131989,3.4939887333131563,-0.08769792516897736,1.1817802376302766,-0.489361853916214,-1.9423086435455739,0.655693539071831,-0.8908486224703771
2,-1.0367015059295268,-0.7279244181784223,3.3318739468674314,-0.2346123756681519,0.1937444141512757,1.2691229254136336,1.9649378886002835,1.6725700956153742,2.2625814275574707,0.22114416702495357,0.16351722327312618,-0.8767799377647089,0.6298905262808417,0.655484422737823,0.4998060260457139,0.6655802937620675,0.8294089267280045,-0.634620231499019,1.1564147183751228
2,1.5908521620128981,-1.1381903740711232,1.1387685010635602,-1.8260789438191163,0.30064786456944886,0.7708901141745542,2.9619221264404456,-0.5576726693227105,-0.8770592388693493,1.0870062537027714,-1.8040668448060664,-1.8113656757322711,1.8810540317638185,-0.2426110324496856,4.0239886742358815,2.026831129863145,0.5143131102536813,-0.2971275740988477,1.657824389416764
2,0.536676607271631,-2.289347195785276,1.6773685700538716,0.003985753498638066,-0.03514431894390856,0.2555762094623732,-0.27975263873014883,-3.0915740772836346,0.24291430499428635,0.20786989152748617,-0.9542754358809101,0.6758049819433511,0.6283391965153177,-0.8438694465477208,-0.7865181863655772,-1.7786756743794514,0.18552210854682752,0.4371438757313669,-1.3464935617922011
2,1.1898318818279257,0.5058603900460702,0.3121954959624087,0.08933723125755537,-0.8460425528265118,-1.4387656329470941,-0.5262769260515565,-1.953722717463907,1.1735015305569296,-0.3989865171626448,-3.1269542340401353,0.7697721436451423,2.463327009415658,-1.0194640266555752,-2.2414241877453405,-0.08444618408714044,1.4940146399872214,1.3830167944197043,0.5355729891551935
2,3.19432261903057,-0.44512790972163324,0.9610316699639352,2.3253337088497448,0.6102418635340713,-0.4605016305413531,-0.09721836931722753,-2.3203012150542808,-1.2724223099203158,1.34041614189725,-2.420032913527266,1.6528564111945807,1.9343056985379155,0.16650310565268955,-0.8147632690794491,0.4698874247812955,1.3759675539178542,-1.0922132557452484,0.03679029051630767
2,-0.7952776514395858,-1.4887458201221992,1.5921799799074148,-1.503143946268948,2.840370382822878,0.9840085172539824,-3.398772839116224,-1.8415822236038004,-2.8324290236409073,0.35464236235324476,1.104894025176275,0.2992812236479709,-0.2552144442589057,-0.6495716661946623,-2.0781780794881786,-0.4105525985092494,0.028728249114458648,1.3054218941226663,2.6555993972155054
2,0.09406689607796698,0.2928468201339805,1.4703092836721912,1.9383803858784314,-2.659767210294531,-0.25924595629875424,0.9073639639380068,2.1812782349622806,-0.7907871900051807,-2.543155373904434,-1.7526323940230724,0.0355624567349901,-0.9883627667160199,0.7529595792922507,0.8510845316004525,0.7248894715045565,-1.8177843611838989,0.9448182770970771,-1.0470391743008947
2,-0.1727816248558754,-0.2744307614979922,0.016145704554789593,-0.2189514040418987,0.9255519883113227,0.8563948246402338,1.175730079087273,-1.8742704716095628,0.2877469493891456,-0.23933648315213568,1.0807425196582698,0.7305901427748632,-0.1407789900182464,-1.5247772916590434,-0.06649271975478294,-0.16090813694085013,1.6711736771683547,0.08513532363825191,1.1563796978052328
2,-1.0393681661278613,-0.43235270709075363,-0.9704526565127782,-0.07814613126453435,1.1124219041102126,-0.6941932846193484,-0.8439618083216494,-0.8612555283428349,1.4549036497102912,-0.14747222281639716,-2.264161816744987,-0.8924281047633181,3.6946814347428716,3.6821218240793945,2.102026814587317,0.2334363414341234,0.3982678180423427,0.21679754001654009,-0.012439729599852234
2,-1.6768989893074788,2.231297840310323,-1.4209576058787337,0.5655273672266387,0.9996034062254601,0.03628274921181989,-1.626043946943992,-0.0039174315550935465,1.661358900417419,1.6602468447486123,0.38131950599106207,1.0091932995457522,-3.3310818046752884,-2.3879784386021483,-2.0129260351102487,0.5947379263662758,-0.34895910429527777,0.5134155795027379,-0.047587675620203135
2,-1.9788146248991678,0.054152062470889745,-0.7706313279166495,-0.9719460995496976,0.5431253748234436,-0.35333604660826434,-1.5679977903931015,-1.1855168709557886,-0.629963231516238,-1.745000366496663,0.8900621584976034,0.11162560284863521,-0.4879772146104321,1.6446877069343309,-1.9503670339667192,-1.8776645144697557,1.191882873052271,0.33685698826763055,-0.6061252619396694
2,-1.90792453287219,0.7091021523535145,-0.3168795384991556,-2.171561300401467,0.27567406276872203,-1.6523961484758194,1.669610070053921,-0.12671675932093265,-2.2282123207137645,0.40133125151302423,-0.022176469389435082,-0.7751972914453829,-0.7200287387920989,0.49781494314917124,0.07208558528709716,-0.08776582446349138,-2.2919841552616367,-0.6923169354900721,-2.187959077744916
2,-0.029533807386728842,-1.402436117939329,-0.7021272323372773,0.7970580003777109,-0.24157130599080967,-0.5651663862141199,-3.7778300096600765,1.1449164834948597,0.9982076705422026,3.7029819591375137,0.11120962591064314,1.2285420807721255,-0.45245897786938644,-0.7701262524934049,0.631663530110356,-0.09269623274439764,0.08959199415244198,0.02089332047198862,0.26511523999796527
2,-0.25163199002737224,1.1152031816033419,0.7265276114297216,0.631504205485955,0.02882498656253839,1.012680527276275,3.2287521713396488,2.2086975998901544,1.3466170194830858,1.208651720474712,2.361699348337641,-2.0210161896706014,-0.3956549844464647,0.1253054830515076,2.107518786349003,1.371132210038745,1.8305849812592139,-2.3633985043855557,1.4207952908149464
2,3.3718564403597737,1.0275578718538392,3.5867770747251937,0.1510938326564695,-2.7351833509799826,0.5240606454169188,0.7423939564663288,1.3158384389494073,-0.14381484779425108,0.6954255791214101,0.5674252676484134,-0.05429787884028744,2.2276720418877693,-0.8936810330710826,0.5509927145847424,-0.37906863952705266,-1.174675467814673,-0.9009618739719665,-1.379904142397645
2,-0.7913331197356932,2.2736170750576163,-1.531121389859352,-0.8809594848493584,-1.9804849405931406,-1.2479917449614686,-0.12743361713203044,-0.3925377008376978,0.30747634451719413,0.079590725936377,0.898861515439329,1.9666745008723778,-0.7513917732314523,-2.035319893427572,-3.1916698560538186,-0.7459762366561598,-1.554344260201302,-0.6751488181026976,-2.717716659958406
2,-1.20033740278782,-0.7060123243722908,-1.0533359905735067,0.47165090011640487,-0.2416914496145698,0.6148961771975222,-4.880185496495808,1.1262106556001343,2.394145793477203,0.34383817305889935,1.6094492244298755,2.296002314275102,-3.138918498975863,2.2994099625536877,-0.7776443212687298,-2.022593955957383,0.3273554534044943,2.8728141720455675,-1.1568538225669134
2,-0.9313851214734205,-2.8572989220685425,0.8409905271190239,0.6746744715479844,-2.1466749631716073,-0.4002333315209961,3.2134105087285416,-3.558963916265558,-0.3056383143995061,0.9932740389046804,-1.1853418660460213,-1.3362045498880026,-1.1922093637720619,0.6236897285661039,2.676012928051616,-2.522079854079302,2.2173867750593663,-0.9391854851834474,0.7660453708578423
2,0.2781465485128281,-3.1209160212007983,1.8515169032665275,0.7909364718166749,0.966629242217659,1.258547673134859,-3.0151683066306676,-1.5543383072801735,-0.2506588053400986,-0.007075473225642536,0.6927633812895325,-0.14751687973693714,0.3644502424497777,1.559717256202379,-0.7639261677839918,-2.105062651016314,2.439123890045654,-1.4426558081333396,0.15271622365576393
2,1.727409078660015,-1.335657951959923,1.4407850381750829,-0.4698858823987224,1.514096139597506,-0.41218696870869276,0.627941674717076,3.1350931878976755,1.9327847946236416,0.9509356887076034,1.0764585088815233,0.18538620303691455,-0.7241398920315067,0.7573122159574511,-1.6527164049834253,0.605040992651174,1.408491223213196,-1.344322552843806,-0.08691055374157981
2,0.33562572707700694,0.14881292141911437,0.22528806927562692,0.8130125618807608,1.2559923049312431,1.2504105770885732,1.0384935266019242,3.1375929873619874,0.20794779865433555,-0.2849058600176287,-0.809096555609772,-4.677043328467252,0.9176309926765435,-2.0937684233046787,0.9599599849963805,0.6670629988765066,-0.4241923993413058,-1.166937090871767,2.7480962050295275
2,2.1302276414593737,0.378784255093316,-0.5029998054171912,-1.0202644904386113,-1.2878747891678886,1.8004840350159979,0.8645366036660332,-0.629240258338859,-1.0810134834488996,0.106268065269857,-2.3512514739882233,-0.7506433560699115,3.692223652173285,-0.12690515482606413,0.7893099707720324,-1.641668741801596,-1.2057539397051542,-1.6430256392079166,-0.0966725843750415
2,0.4642740255421829,-1.2182893868338658,1.0111857996125682,0.9961494684502237,-1.8185646018344994,-0.7400366182165291,-0.969020747381956,-1.7978353237602944,1.9288316630392932,0.18316732463491467,-2.879080637821285,0.7485344636034116,1.5829880021533211,1.332486908219269,3.1876977117461416,-1.1106035100671696,1.557517694849271,-1.2242569498239302,1.3161349322665523
2,0.14779886645558096,0.8974818596433426,-0.9154643867706591,1.9104812412355956,-2.253198679586654,0.7603741215661582,-0.5067220141948205,1.7738430292193512,-0.04687436166450537,-0.5323645584384852,-0.851929634911175,0.7491659066102502,-1.85984254097192,-1.1730719823223734,2.0790178008839892,1.5648414778950501,0.3316487370074994,1.2279375094383016,0.172133085648357
2,0.525545610039494,-2.337291589288426,1.3651851810383167,-0.6671807420445884,-3.3779964087653798,1.930659445029177,1.4166442036061184,-0.29960828806109113,-0.11545402795780794,-0.21374907648588198,-1.7908659789927193,0.03788121650722749,0.49187811141925664,0.17578711885205453,-0.962002236365226,0.26642544024334,0.36709993948382336,-0.027427338164459997,-1.3100885286489787
2,-0.9196337246707933,0.15973229741509296,-0.41274321616623955,-2.9107309311506553,1.1580595568174181,-0.7896660892548251,0.8835186998286135,1.7775892531747124,1.2293378734492593,-1.3400986574690377,1.4671770997958342,0.7853034979440999,1.3734964171566604,1.841376254809865,0.0717014609266089,0.17069068909958574,-3.2808680427837604,-0.1630302590993463,-1.2767685897681493
2,-0.2990653088326988,-0.2992705284491001,0.13258259765284863,-0.6527709248398594,2.7735336751368145,-1.932581286612003,-2.6444549828035875,-0.18182131380400968,1.8288689349300897,0.4407315313656788,-1.7765484459630625,3.94434666486858,-1.4537143305494493,0.457986987167911,-2.6332574961931687,2.4345567826527863,-2.243595248586612,2.109653856225402,2.2377991943436855
2,1.7916846535694484,-0.12078518107382667,-1.0091357838282877,-2.1969053500511553,1.753940134234101,-0.9422717596101706,-0.9244831543357769,0.21051619851727366,-0.7462026443789851,-0.9375283861051518,-0.12974021886405368,-0.4843712196758413,1.8130396326983667,1.4925975736339308,-0.40034470603610367,-1.0232266901266065,-2.069826331829271,1.5719245252194736,-0.05294399887708856
2,-0.07031465472465775,-0.7565712264472714,1.7250886307604232,2.702075573476049,-3.029996343310502,0.6167557568339158,-4.506793215097349,1.1450201539437816,1.4295932702237446,-0.2790836872489891,0.15008725441448245,4.135651018230254,-1.889535741927624,0.7397039799180494,0.6628754682195658,-0.5527162807672362,1.4185259261735474,-2.1634203226476343,0.4994307097976397
2,0.861924535237143,0.7817406262823492,1.0632175185345634,-0.8470277679812107,1.2093187250848432,-1.5507295803056502,-2.049321667604766,0.4794873009082405,-0.0384255427306238,-0.5685846152885424,0.2917216177829926,1.5083615751197612,0.2097946231248131,-0.20318857774424656,-1.344416224420462,-0.5446408145660415,0.588819276098227,-0.23890132679338835,-0.3008335005415613
2,1.5344291507844883,-0.2897885764351118,-0.18203519148953354,-2.101421695926601,1.1842333498935484,0.6305304584035026,-1.4012279660772464,0.22262958985372566,-0.8451593643183006,-0.5341642635168099,0.8907779623979377,-0.04360308846587112,0.46490564562178693,-0.7994955871553329,0.46349162934645716,0.6751871477153197,-0.7735041969414271,0.05093718445123892,0.7938991482534077
2,-0.07000529823443492,-0.31932925773866827,-0.49666476282983396,-0.08766653849584155,-0.3953035526592953,-0.8212699773198391,0.42467412617706546,-1.3702796043243715,-0.029451179261213024,0.8562277048239153,-2.029315879212071,-3.231800740189013,1.0432035698889819,0.8540011212001773,1.132095778301769,0.2723258284255784,3.9750415697796653,-0.7374610643698384,0.20087294731736077
2,0.8565728028428907,1.272231507675875,0.2265026424052096,-0.6250772254916436,3.0981042298130133,2.079060031942531,0.2851879780404212,-0.5914101349412083,2.1621271284807295,-0.1802846458139878,-0.5026075712197077,1.0782716599356095,-0.6372940433544537,0.7215687636305261,-1.6104760481018259,1.8086525743756887,-1.7622759293011148,-0.6470702204050915,-0.8556160102619879
2,-1.0001006892779967,-0.44527566085531983,1.9115248240662246,0.28213884895210717,0.8076926502818182,-0.6892271976253243,0.517999441739008,-0.36781335983776325,1.551886620384191,-0.9193779651558506,0.20500906563720353,-0.41460254299905197,-1.5160738544977517,2.5669488872164683,3.9766849112543996,-0.4512619769184788,-1.5088517988162982,3.4582864640078124,0.6415562913522798
