,0,1,2,3,4,5,6,7,8,9,10,11,12,13,14
1,1.8568555255965515,-1.6517098944267619,2.152858055249957,0.5368020497129115,1.4887822733720912,1.2490885962824296,-1.5755163220641888,0.32935934159115915,0.7588081607599624,-2.3929561562011927,-1.4899429086844604,0.3008181009712627,0.6725229364004551,1.287002089506722,-1.2887895029897782
1,-0.9897304875406315,-1.0349334071740421,0.5166032197670648,-0.5984447967174301,2.054668878206442,-0.2688494392393651,1.0000779820085959,0.7518589214364695,0.0819161299032488,0.7590716701566682,4.248876840608796,-0.9907852631153392,0.912052569895039,-2.2476472764903868,0.6049490137250959
1,0.33540681392065425,-0.7033417614671079,-2.553764240932513,-4.5328194110759945,1.1914512427093864,-1.6726347169245561,-1.997930091329703,3.008031366022399,2.3076603129375624,-3.302280473783578,-1.0812349915036927,-4.109194771299792,1.310955516064031,-5.89996343282841,1.869069237448726
1,0.007005337550697908,2.328733966740755,0.49169026763228496,2.065724457148902,-0.1352716330349805,1.5962408634215832,-0.43020283474022997,0.3861091399828639,1.242536063066914,0.14674345626445542,0.7523770099751268,-0.8449882067734799,-1.2329911218195548,-0.2560098920957372,0.7976981049489295
1,1.1062314689746569,-2.4251111685990394,3.5300095067900767,-1.5781231884569316,-2.296328144203833,4.584085023494633,-0.3373234005016733,-1.0862652750710156,1.5093326412126786,-1.0877362350223605,-3.505488102222249,-0.41825249570965267,-0.5334288733556329,3.5001182023129562,0.8509233172911488
1,1.3078746074907044,1.2946570153279078,3.784357808634558,-3.00886696554742,0.2312760866912539,4.104845891104332,1.9761270711748238,-0.7379393099545066,-1.3909533542908965,0.6317033205274448,1.8476260248440857,-1.176873004866805,0.42039949274331867,1.0878742418059717,0.13375389856284547
1,-0.7084898345509332,0.1321928313166743,-1.6098519976823544,-2.3899058510352233,-0.5590529978355576,-0.5725550673634202,1.0462559572534833,0.18296349077383026,-0.26896291047156046,-0.019158692830833067,3.744210632580298,-2.1940541697544824,1.1206265084710085,-2.153020390694079,-1.1650649336361671
1,-1.0719591951872116,-2.8963057930513925,-2.4918182253383927,0.7309458296951852,-0.05268674821433676,-2.223167384840133,-0.2135732519290252,-1.34952332773412,0.6452832844571835,-1.169636559745755,2.18922432751237,-1.1770586750351006,0.5595333426407683,-2.5465214531355906,-1.1836561388816655
1,-1.4325546265093285,-1.256915837306683,0.04150298016292995,1.369373203894814,-1.914998099616931,0.7454072026651188,-1.3957749931716676,-0.04408434392602938,-0.3828217970271628,-1.0246266406030446,-3.553879541783182,0.7300326527274645,-0.008325487307881907,1.6082478384197458,0.6784085023243908
1,-0.16611301738498513,0.1898831759059858,3.4110104313472025,-2.075128885664902,-1.817683606794566,4.3716438984407935,-0.07111712214707777,2.1704701107726323,-0.042990586409736145,-1.36342593533132,0.10985140695040803,-2.8485590258106805,1.7883472764037376,0.37065295331646586,0.2841328483094241
1,-0.17901231737556683,1.781415190700355,-1.8198748010134638,-1.0382699005974263,-0.6229431996796682,-0.7336904269326477,-1.1166240993225538,1.4359976465946136,-0.5580020075978828,-1.8678393042841241,2.96711897740963,-1.377700828283365,0.39628115682834175,-1.4210958293292866,-1.4474651923345154
1,-0.5224300641482458,-1.5785009163688648,-0.8788582953331595,0.848414959831997,0.4337934093540357,-0.7679845554991641,-0.5259764835395926,-2.0260328640009777,-0.6369908036942917,-0.1239255569244498,0.40514038766136984,0.45488288069507643,-0.7548358882711843,0.9349905611439676,-0.7463559262838898
1,-0.46353710959999533,0.3851012318376808,-2.706203723816634,0.6891447710349828,-0.2570612116350483,-2.7463693001165415,-0.3538031291628465,-0.08072136865999174,0.07862908919742116,0.15292607144635134,-1.4041620845187062,-0.8184350897307549,0.23246013680667948,-1.2849929950392962,1.0635524353869992
1,-1.3114932924554656,1.0470470156887257,3.535795549807453,1.595014963248699,-1.11045933847049,3.4899891090461908,1.300024059636152,-1.384876710192149,-1.0617545418611969,0.7656210707247607,3.061951160098448,0.3805047865042635,0.17795049758150802,2.016820566990348,-0.7797270401590235
1,-0.39792677886500744,0.9342788087401027,-2.7765981661777164,7.295875041122301,0.7826607138377718,-2.689712812925323,-1.520116034601403,0.24366420209491763,0.8947881853825834,0.5939622585015737,-4.079483382398366,2.0290926600403436,-1.6820600386577331,0.6109627019351814,2.338560348201361
1,-1.2110841907364356,-0.003203016046223669,-1.4945924019290562,2.1369796083008565,0.6985441817641891,-0.8372603097231078,-0.7391766410667454,-0.295931722392728,-0.23608552113384412,-0.21156865696386104,0.49494897707587254,0.4247865346110295,-0.48191993782257647,-0.4952415691417654,0.42499638105516135
1,-0.5390988698653112,1.4710271173624203,-2.7500380877030595,4.656129294545899,0.46989323749995254,-1.3316189583096147,0.6799892091787579,0.05746010666819547,-0.42677781130788195,2.2087293034015967,-2.6203991251885665,2.49156675766433,-1.6800082449354787,1.3095338106071903,2.4059039715375325
1,-0.7882441909114981,-0.2825598882413319,3.8806916049231455,-3.380117414333992,-0.7088066544779646,2.4606678742746326,0.8413096155054558,0.31746405372311937,0.36660724913699166,1.5070686885842093,8.123413479847505,-3.9089154555778567,1.4421384141246485,-4.2434954851137725,-3.694540158064971
1,-0.6551160225029544,3.456674405978131,-0.9772701406247811,3.6445539546920585,-0.2110226746258668,-1.0469879168002545,3.832837852564486,-2.611993904694756,-1.6469589602587127,5.196739044827485,0.4721099063240798,2.3500473992662436,-1.5461801730960079,0.5300455118357548,0.4573016429175651
1,1.430340875531532,-2.1377621335635753,4.070282210003591,-5.074106454483392,-0.7866118451251664,2.824875470489644,0.08753829928185929,0.8092518803175209,-0.4411873520002674,-2.0417800486495907,2.784901788514616,-2.376376316073475,1.1232896313883365,0.06612886258359191,-3.043800520050075
1,-0.7455843532809797,0.34431108417396017,0.1532439267192798,-4.638972190808,1.1531816691272474,-0.4602854731169939,-1.3360093942965212,3.1278973853118215,1.7331451781424878,-1.97546714195925,5.529988459910155,-3.627536080990646,2.264922324781759,-4.223910897027926,-2.325426323480384
1,1.0798512414666335,0.16680884982474625,0.3036415759344101,-3.2909625470359734,1.0252668270646854,-0.6203310291264998,-0.4103678718207417,1.7176157291749055,1.9854898590185752,-1.2556580632323873,0.8771031163761529,-2.5338959660099363,-0.22151026601916066,-4.140298233952585,-0.040356346550302444
1,-0.07071547707656109,-2.21430841142632,2.6528873575891225,0.9202188356457933,-0.9967084081202505,2.148587438084815,0.1852112762318425,-2.2189380666596104,-0.25446114086954774,0.9890684299929673,-3.1358727603177634,1.1033119281048696,-0.349188726682782,2.990060630619111,1.2760126797986167
1,-1.3606556450695049,-1.3054109686625492,1.1305372539501464,-1.146125586688799,-2.026093785586618,0.04239816901671328,-1.6080216680060813,-2.234735194448929,-0.5591320394423077,0.3879318528251043,-0.8560903962164832,0.063386737057713,-0.13145298959860635,0.2998099724732152,-0.6901754729196828
1,-0.2055002837629996,-1.8120137166885197,1.3247065129356812,-2.216621424874826,0.12470918366374532,2.5646795153191384,0.04920878514246473,-1.063287792521431,0.9145731995420118,1.0708836010639173,0.38480399388584124,-1.512428781671752,0.2833428635803487,0.1183311095587933,-0.19086157063221829
1,-2.0976378947752954,-2.036949352140721,-1.9392645048204573,1.1490937410004955,0.6088893981694123,-2.597360762358808,-0.9624088107231156,0.04555804558605425,1.3335302379793472,-1.5303168102615567,0.8585783780891342,-1.4506499440159615,-0.4850484102801871,-2.6823987622104135,2.0884542612782124
1,0.1293428738650096,-2.2256385850754277,1.9770549386713459,-1.1767286798794183,-1.3940640401519013,3.2678145346637084,-1.255904524619964,-0.4050129519833493,1.1217206849113703,-1.199251792066316,-2.9768598604238887,-2.054909798755377,-1.017866457767505,-0.5704455849178068,1.6826511447873675
1,-1.0000801344987351,-1.4221500245933676,-0.8893033987098637,1.4793588371713355,-1.0705490525996801,-1.3474644424395672,-0.3271158265905745,-2.036021037226921,0.6802470415869839,1.060475799415205,-0.04514227440619958,-1.1902801602979662,-0.6172002864166025,-2.108935503250763,0.3922230418747402
1,1.2885471791860315,2.51285905902557,3.1997345690428194,-7.6091703381521905,0.30366221737495525,2.5924070527936474,-2.814679970621569,3.6293739683332222,2.110839627996687,-2.779459052992298,2.740278448242266,-4.808200330293879,2.3689477367125416,-3.169385633363113,-2.4198281735124048
1,0.1580170408470473,0.8362350134390739,-0.6451143118484063,2.402974287168276,-0.18692766305588285,0.2055140556771989,-1.5057973372018234,2.879196225308345,-0.0590571316872976,-0.9174187011578918,-2.7765480722371345,-0.16960745738502633,0.8248255982519318,1.0144331806021012,0.39234934258749127
1,0.6478961083379702,0.7600978249529649,2.19602794069357,0.6385440124111215,0.2383214600550203,-1.1547624623477788,2.72144835607539,-2.4766997168191045,-2.238654710986842,3.0953419479256588,0.22504014051699564,1.8978313014096875,-0.329452748966768,0.34652895610277884,1.006946912040276
1,0.01299408937625986,-0.49530508250855215,2.09046226066918,2.3399579549021245,-0.4431319388069349,1.8828733714544963,1.0053302982691812,0.6798475029863454,-0.1552332185014228,0.021228394802858708,-2.7244794889652146,0.9128142547259066,-0.4762637659586284,1.9951688495310653,2.12814999252566
1,-1.760014449873886,1.380193403357784,-2.784926109666966,3.2000331040682797,-1.418098117507346,-1.7026210780649145,-1.389043289811331,0.13895439037748736,-0.5580345581797796,2.115082629000031,0.40521611234869503,2.7210760960876166,-0.2780025024493509,2.1383873591267215,-1.724498791374091
1,0.002194241449120063,1.1967123035956706,-0.5365044761846902,-0.6710814555571735,1.108542642759486,-1.9709114295993246,2.0895694451317235,-1.8510865509616548,-1.715020387176272,1.7471154565371088,4.121503380573467,-0.6390451103855119,0.08368633348087276,-3.037884750644451,-0.1654065579656559
1,-0.2388150887963809,1.0919646226784072,0.7991580480521113,-2.9579159392551797,-0.8713929113669443,-0.16020173158314593,-0.2005620590286389,3.296423692868479,0.9326582971477607,-1.6569967416841351,-1.1633948835175927,-1.8900099266989514,0.8717779127251706,-0.5101901913529103,0.30129718750895007
1,0.41159860740295456,2.7074000345574487,-0.9420926666936412,-1.5659341915210256,-0.2436551377599434,-1.2109373620604955,1.5714499552595291,2.730506073792566,0.04895997935568055,0.4331050899145959,-0.22244788266854568,-0.582117605241546,0.3771001914721062,-1.5755486351552364,0.7014454940251375
1,0.08010089156645235,-1.6021381782331963,1.4075010658906266,1.521099725132831,0.994639840753757,-0.7346629234779328,0.8073179540177783,-0.9088363380249652,-0.7403761836233272,0.18688592295260545,0.2288061532811859,0.9894974547571016,0.2626284469333042,1.0764709428560266,-0.3907263156818588
1,-0.5029456389167337,1.6990276858620204,0.8078564173036141,1.3170089841238055,0.5866394332942343,0.11675352954055332,1.7458277841406706,-0.08293146695997494,-1.085154354324383,0.0729152583016595,1.2787397684900346,-0.22506657743149613,0.48279276731828213,-2.0876483014940908,0.5868199600241735
1,0.6166016941153001,0.22353116286364555,-1.3614314050687921,-2.4555677638629,-0.11809247257331706,-2.1727868295602435,1.6259791176976566,0.26690277905478615,-0.21171809842721875,-0.5726939270973588,2.221799379213091,0.1397396420950446,0.7361063491506215,-0.017508616491515368,-0.4780726782114896
1,-0.7536811922397156,-2.059317248367216,-1.1336179163555262,-0.3218303611588949,0.07305722707634425,-1.0182614742579672,-0.02575565195086777,-1.053052989988622,-0.606696911793199,-0.7478436365136726,2.9451639464276274,-0.4032923354490887,0.7073345587566153,-0.9102814896998421,-3.3406805656901786
1,-0.27198384326186914,-1.699152632661391,1.443378267494082,0.014722914625547475,0.44194931867606735,0.8864134289358275,-3.322054681728329,1.0838317131652682,1.4042338496399478,-3.7062690989172493,0.15891502595258622,0.10387455152863667,0.7109724585607018,0.7067940840883942,-0.4197148219712821
1,0.30495271560257325,-1.2448701431422236,-3.6157275437185232,1.1727601507814431,-0.6334097416695423,-3.77285169048433,-0.506538040161612,-0.5060640830269909,-0.2087179069279956,0.5045979630107462,-3.6415586840974448,1.6601434376168085,-1.1638080658817191,0.6685155140024469,0.287528638880026
1,0.27727484747787384,-1.477684678577348,-1.1362345753642131,1.0307425950619604,-1.8698855704512023,-0.5718906054163913,1.4742320916849017,-1.0770331433818325,-1.6521709013124717,-0.48812487683455075,-0.5353476113716653,0.42894091674606627,0.8148273691029799,-0.460009362320803,-0.560277726964262
1,0.46782151725075066,-0.8565177386401499,-2.23239583905034,1.7094479540699028,2.3204013038264644,-1.1876013828587095,-1.1469241761585054,-1.9825901774794163,-0.2286078192863424,0.44063691114735437,0.09647431166492627,0.7068264807023632,-1.454800341963325,0.40223578888840156,1.3744491523463171
1,-0.3285099772719379,-1.2430039627439886,-0.33669969496690283,3.28444497651428,-0.41661530819118114,0.8736339145068023,2.2418529847792397,-2.540527799436765,-2.0833045294183363,1.232311382377033,0.8527401523817223,0.6910048511407683,0.3919760020306572,1.5556009233843768,-1.3698752255901256
1,-0.3125933415586929,1.1163304918309684,1.851260735939169,1.8635838411456935,0.7887777877663938,0.8811060194922977,1.2558721281141212,0.3610875251789712,-1.5484381504636964,0.10401317055459473,1.0559430656695323,0.8480912845954086,0.16859473985371762,0.15473725237224173,-0.4463191852144168
1,-0.44671166237744225,0.15892337708712795,0.4598753927946328,-3.346608267646153,0.26527443131136674,-1.4035280211350731,2.097293366854826,2.278704464482674,-0.2512591753790985,0.11912343346565053,4.359504764061486,-1.0354529109463793,1.134394105119675,-1.389397687736013,-1.2110025127958473
1,0.5133758547850615,-0.41088310961988556,-4.083553348849795,5.860643255323406,0.17754100848317259,-3.978105579326444,1.4719151645665476,-3.6235878463916675,-0.862520049759927,3.8104197540347187,-3.3623716827764993,2.9211116531896173,-2.472860876641439,0.4470770721231326,0.8516575836515773
1,-0.855445661694286,0.2769232671525331,0.6254037421564257,-1.7088069573143085,0.5163320290889896,-0.16854225937658407,1.8504935673529794,-0.28274983595212805,-0.6886295088451482,1.541350556236094,1.551962444359108,-1.7473885298645784,0.3280382473763448,-2.3225754471989344,1.490634651268158
1,-0.9984759847433595,1.39047568118541,-2.5146942585332113,1.8036458137070788,-1.4349180163783242,-1.8726422588246614,-1.812341401115169,2.3657349659266282,1.0211450023582558,-0.8192141843973033,-0.47118236062264335,-1.135945194228673,0.31794180187705373,-1.5327079430342039,-0.8846284620696339
2,0.9355455220812241,-5.486041406982813,4.621578753803372,-4.215536657738385,-1.3978161489966088,3.7597705438523135,-2.3988686363477534,-2.230322623214436,1.5281761558865556,3.8152247774347297,-4.814268059864294,-2.9531658216552574,-2.789322452282783,-2.076273197705417,3.1977573664795615
2,-0.5118532632315688,-0.7483392475463949,5.115859040098468,-2.0069179575885285,0.10830950273072347,5.737752401736414,-1.2833769190248974,1.1551176189259003,1.7912216192701704,2.037406167903172,0.9128424757191627,-1.7584142461498582,-0.8143112771269402,-2.7926008411263945,-0.7160561269977269
2,-0.6668285663340413,2.699848607078313,-5.147178560172969,4.128963649832143,-0.8317094902884531,-4.45334380836868,-0.45920921952793725,3.927003500736421,0.9107807226667374,-0.8042130879521199,1.10298610103625,1.4070300895296264,1.8862967727543216,1.8543213031835604,-3.2910362563457003
2,-1.0943165718441596,-3.6819658291023956,7.574663190454168,-1.227717723246381,0.28774121635164224,6.392951751737922,-0.44558537031435136,-2.5978606633803865,1.2066368858006922,1.5613181453933767,-1.1653780245654524,-2.328142801994416,-2.6531622358176006,-3.1444990094289107,3.2636246416469685
2,0.5636533238664534,-4.7345526654482875,-2.316147590213422,0.6717992252471052,-2.7443061883405853,-1.9627828528471136,1.196136246798484,-1.273259121195306,-0.5559103510322164,2.47781659469833,-1.6522434051355028,-0.347202631035756,-0.3088225856729822,1.2932692448713665,1.0166727947846066
2,0.5898324925567188,-0.10481847799945448,-3.7126564043739867,1.0232926654931702,-0.5729624869950716,-2.67622029375541,1.5625028594695345,-0.8221693073698293,-0.13430480885743606,0.15446796409585212,0.9265264624527234,0.4951565411729436,0.17159790927422458,2.5174834798489525,-0.9440020531501562
2,1.2237385273984158,0.1168637834019509,0.4260198241607692,-1.4502148344113335,0.7597808721902636,-0.2831819610150947,-0.44516406733392727,-0.7483427770188376,-0.019592170455704678,-0.6204546470556315,-1.4545423136988138,-0.06003944894932218,-0.4160950732100593,-1.2212454898371965,0.746812294038689
2,-1.9701380878876416,4.70024533840494,-4.254614728048994,6.161906819134138,0.7838738205902518,-4.636716312982917,0.45057909040671934,1.0816864869631693,-1.2925956996811956,-1.832628798079075,3.1504048169340155,2.467200438019177,1.61359377405886,1.585191347835475,-1.561593381496411
2,-0.8740802224964758,-2.0664681852859035,1.24849698799264,0.07592355336286519,-0.1109662066584234,1.494064725847941,-1.9595475740680708,-2.5690883119387986,0.7468186245126472,-0.5636343497453447,-1.8566090211369424,-1.535966143889232,-1.2588168507276185,-1.8844742382784114,1.282591179926178
2,0.8753529795586376,3.8375315758508988,-9.283498371460722,3.0886148299164358,0.8841169634079378,-7.607976424065751,0.2811230056823768,2.0005639312086085,-1.4928303070397861,-2.863888359455533,-0.22743432711378572,3.525773542189305,2.6483642024953826,4.647171906753342,-1.6346779725888252
2,-0.49494208502540804,0.8751526523048729,0.1056030201460447,-0.791781360595501,-0.48215537778527207,0.9345765897490094,-2.349107511382916,-0.4923171010015033,0.2468093817302781,-1.1381391816208615,-1.216928584658466,-0.80689672219781,0.026932225445917612,0.10131264068629176,-2.070534060467402
2,-1.8780592450514642,-4.285320795225417,2.519969832933888,-1.007011212791305,-1.4165544309260159,1.7771617475614832,1.3698522950897927,-3.6113453116815526,-1.6963170535970853,1.7585337268138468,-3.1068814361099726,0.1949138508769338,-2.485693939986031,-2.363320532481544,4.752425220693992
2,-0.2606685957589881,0.5021333717797686,0.5998991594186691,2.375192502974008,0.2289427727880754,0.8358400746286329,-0.03401237265784364,1.4718938020302355,0.43501768553446235,-0.07056299528803443,1.9598115258842967,-0.03732222571697451,0.9740081532741549,-0.01082022401144845,-2.1431315506968116
2,-2.10578820674277,-1.3900490318221903,1.3546848110761174,2.309329169812636,1.6313351248861447,1.871737528968524,0.5383131676761765,-2.5059006207727332,-1.4897961877979742,1.0722119004839215,3.9622804066156103,0.22368493683473803,-0.24281804577822247,-2.4885172868234577,-0.5805463368510053
2,2.518967219756965,4.511009114230031,-5.849591243730952,-0.40902403377309543,0.7870357408203331,-4.501915616379271,-1.026189296582353,2.3527591768772043,2.164789237169231,-2.38625264102643,-0.29866003607719877,0.7707542553381657,1.526834278044849,3.616596446009042,-2.23728542838628
2,0.8326940468274412,-0.8848388850519067,0.926105728900468,3.5476940967848636,0.4878537263443108,-0.0029698703417686493,1.5472288497277735,0.26372083323375034,-0.5725685362901934,-1.003799127281,3.216910429412071,1.0386933694206526,2.0165128034358446,0.42498359700210653,-1.7398206680075903
2,0.03903941186871527,2.369952793254508,0.7544921484254211,-0.31230319281270696,-0.22534008432277156,1.5051686709228302,-0.8877313007788822,1.9890266594231534,1.3167664467515596,-0.5023547142812493,-0.4398050616785458,-0.7127871353374884,0.43777933977434647,-0.3572865439478532,-1.1132152180890658
2,-0.6625424670153599,-2.744886200349978,5.676151553210148,-2.9092564614232175,-0.21968753781705347,3.254157884913101,-2.283322957906361,-1.4540012586344375,1.2035715015426638,0.6839001621746832,-2.7401791873402312,-1.3208449728332121,-1.127219002147675,-2.5717703465674226,1.0810542723184429
2,-0.7462718157268331,3.9953657002329694,-1.572059278692632,3.7152760798239,0.970707647122505,-0.4243508313507994,-0.24609708325558038,2.455435692079347,0.690245166190138,-2.47620872357327,4.4072216159789415,1.352845510770737,1.5461853084739696,-0.5975424526335845,-1.7734928339389784
2,1.5315468109304466,2.2020847291334196,1.1973284580572616,-1.128446690332266,0.8297899090717495,1.409857335903143,0.5762413147708431,1.4798660506699708,0.2353715321274676,0.057620635704973645,-0.9719068699884733,-0.5152365667153134,0.31113420140840437,-0.9109756047339592,1.5368841686150612
2,-0.8124094727191118,-1.626058983850394,5.354167693031709,-0.8779264409423537,1.1163934297897697,5.419837401056533,-1.1332030426437134,-2.6257487267004413,-0.6450863124716759,0.48199932779875876,0.760348947886669,-1.5494005877899006,-1.2102403202960972,-2.9031795154782887,1.6843691760675592
2,0.8197735354846724,-3.0243457839746095,4.391758172043415,-2.827135129413591,0.8781937057740824,5.550956480518265,0.5029865388776577,-0.7713335799799921,0.5362640940524676,2.6729895829589636,0.34052972767834877,-0.6177624685767449,-1.8815644144753207,-2.2533550314957482,1.7390465487040112
2,0.29719748916505134,-4.0492640717636394,-4.9406538556629735,0.797650224571711,0.32903573207601233,-5.774526029591663,0.44821874808145556,-2.39612994363706,-1.765980424170806,0.5402819820316939,-0.8981177560610027,1.9428632968506487,-0.4262369801157025,2.1578196397505955,0.04615101416714677
2,0.1784833468266682,-5.748594819067156,0.021090592816685245,2.2568162508364344,0.25201780109699057,-2.659989280762212,3.1610725560443673,-2.398651555475243,-1.8366331454053293,3.018922771835076,0.021748157815209387,2.1004061005330987,-0.4329322481868245,1.0009899404435008,0.34156490381925997
2,1.6299418575265758,-3.4274396391238877,-2.4682915506713137,-0.5303971507729354,0.04260655315732327,-3.9513242228007135,1.3447913510779392,-2.3488220800143034,-1.3543497550162225,0.7730479068025482,0.3663391353973761,2.7597663316775356,0.3892676491564811,3.864716735929653,-0.8958491084355469
2,0.7105367653313734,7.225572409480971,0.9053414321381725,-1.7630191425378121,0.8352163506276619,2.684606518993567,-3.214540986439566,3.0735410297969974,1.0194847305402204,-2.891804591511038,-1.488046375892104,-0.9402796982909674,1.0793813752753376,-1.1821393996583924,0.25841315087951866
2,0.012485839924702194,3.9885543934167154,-0.22227205983427703,1.4073422451678104,-1.566529965763993,0.8198518259210517,-1.614007954636984,1.3923026269182937,0.7632042871782271,-0.7642990977723635,-4.62024167973634,-0.9697559079556686,-0.9406415019240741,-0.4266283108655275,1.392490089771393
2,1.0486223138594606,4.192514930421739,-0.4906224119439134,-0.8302577626492668,0.5118087538554346,-0.32986774920322504,-1.728964530921214,0.47272841286425404,0.9467672644912482,-4.80138466995444,-1.8330901289253752,-0.11576927551001626,0.5420631602698993,0.47218253791129144,0.2260030853864577
2,1.0664350591136733,-1.0096256366752505,-2.9905282482520996,3.0976923170507025,1.2116269900582635,-4.8149273923839075,0.14290092808463642,-1.629092430798627,-0.936391129284028,-0.811332400937192,-1.5821023813472286,1.820414486270327,1.5980076227861748,3.304662001597216,-1.0875867898051446
2,-0.03483258627786992,-2.916392627412107,-0.05183945413044241,-2.006535270168664,-1.3193784469421939,0.9987345652379666,0.3013115859314816,-0.8157991902799427,0.8324592497789286,0.511231825556755,-1.788348439825613,-1.170018056526903,-0.5403757290083834,-1.363822448999639,-0.2615056628060942
2,0.856550188448876,-1.2749261107893244,-5.027827677108502,0.8735532348199851,1.2394177028481954,-6.805036496527523,1.079625377601916,-2.1826180356849085,-0.8584776226641336,1.4781406100389367,-1.3903818286091167,1.489741397903157,-0.17760255052807972,3.5623005896365045,0.5528874281948973
2,1.1653020060993697,5.253074817701876,2.5416793063136858,0.935266223938819,0.7659152398791856,3.2681492665707346,-1.6341405440256704,2.2737522257055915,0.411272444914196,-3.769375296406683,-0.4992753873869791,-0.1266952437502607,1.5554153711727632,-2.091745744261382,-0.8867671870163882
2,-1.8317094667133245,-3.412975752861007,5.6390338412083025,-1.4191283777417978,-0.7044606481970419,3.332454245652085,0.9433948421314823,-4.47229355173769,-0.4360918338739102,0.5682471373382142,2.7749684514497557,-2.2150553070753163,-1.3821716081630109,-3.2010800414286313,0.7806501346754023
2,-0.09807873039944363,-4.794016133217655,-3.117289536265894,-2.4877731290579956,-1.6856618207502247,-2.375207301538928,0.32323296353627307,-3.2741099261385638,-0.9443084793953488,3.0325144471912826,-1.7894412285649617,-0.21400697654273512,-1.7110745671660283,1.2911927989073366,1.649930287480663
2,1.5115992849943887,6.823082641500572,2.902610013942539,-2.12323576428502,1.0993033581732023,2.517860276458372,-2.229815998187815,2.259743162520194,-0.36424883480029163,-1.955021855254474,0.2999295572084949,-1.0424712834091356,0.7171510704719216,-0.26823792300121324,-0.8673124566183803
2,0.1588346947434076,-3.2833378096901575,-0.422021333736649,1.8965259034741198,0.39487721859290703,-1.052010470902851,1.384725418903474,-1.9813084446469234,-1.1138802853682614,1.0997145411310816,-0.59471431622124,1.1485160687573863,0.001526544934752204,1.0188492050725977,-0.49895168350872554
2,-0.6952942040080843,-2.3424473756486557,1.741892257661999,0.3110242810968643,-1.1214214124296205,0.7195116962196468,0.7167326969758706,-1.7041211250156798,0.9910523785226585,1.1293002402622507,-0.34234272649066383,-1.3704220912084641,-1.5867043115305752,-0.14217710618328303,1.719984147450274
2,-0.40650981302664935,-2.8029741634684715,0.5506211319779459,-2.454081854520413,-0.15932129338608872,0.812713991877675,1.7328100107321671,-0.4389681083300774,-1.1326726146110948,1.8798824483381162,2.515234285303828,0.08369949223424344,0.1406441651793348,0.7859433855919119,-0.8051602542790575
2,-0.6771158622247545,3.8227081117187938,-0.3490482767184867,1.0762190482645257,-1.0846882902182278,-1.2824366884375207,-1.5997394948231702,3.4367612594261816,1.685859321719304,-2.207010442584162,2.932357656196803,-1.001308856649637,0.9494059762980548,3.2493595494293115,-2.7594840065880306
2,-0.5225634830946101,2.10646674957558,2.0375632342756336,0.5476159229238241,-1.1317025510171594,2.7372943425975413,-2.1726102798828117,1.8897448636893721,1.7280001103160825,-1.3347812775942527,-2.654725073628258,-1.325810252449975,0.24666287033774453,-1.3742810026860204,-0.5027280272298351
2,0.9356098466319899,-3.049300966949751,-2.4324081529654196,-1.590127518887034,1.6811718657304922,-2.393432219196118,2.1674038537522153,-1.3829289137571645,-1.04177327900436,3.0951077591827816,1.4783912634819443,0.1932866908120018,-1.0181158323120736,0.17755672138945502,1.7407027833059985
2,-1.211769105682954,-4.215845648944044,-0.5823909501073726,1.6350869915466661,0.48695781621333806,1.3220905789126407,-0.7337126854477616,-1.514522363806268,-0.45340189209531284,2.4167876592008475,-1.688097634413339,0.7682408829989853,-1.5239182365151724,-1.2883167928313615,0.8631157929497678
2,0.7232498890553805,6.609811555587116,-1.4386971911814197,2.947797260635868,0.9282027399826216,-0.4647309284218892,-1.2495151202869714,1.9265318378202225,0.6887300475490685,-4.024763810081464,-0.5748591576151364,1.7424366509247304,2.4050640532419227,-0.2244291367428114,-1.3543007072198283
2,-0.6656294089933018,2.4683061573221217,1.8506261670926172,1.8897760602731257,0.4668183956185919,1.7512879232818823,1.9661393923817487,4.88616915277826,2.364362026744749,0.5604045574925071,1.9428655128874186,-1.6316260291375517,1.1817662975536622,-2.4328065075315615,0.371080110757468
2,1.5543948703020631,-0.373411237604042,-0.5629715183345324,-1.3797964471824309,-0.3037162834970396,-0.8039120336818323,-1.7530889381179653,0.6400570345412926,1.778378033962248,-0.5155825710593583,-2.154590622783716,-0.7331056154351704,0.02699249698307391,1.4221181609188693,0.5350994797948903
2,1.6911059365329837,1.931114976110655,-2.3605589413725445,1.72250172395662,1.1662251031501096,-3.269288353849358,0.3218272618385333,1.7932131645185017,0.13916024524340181,-0.4330979272242277,0.5188963350064947,0.8678097409571308,1.7944560554474724,2.4178718528019614,-2.2663122874987893
2,0.6311467784017949,3.4730499008616045,-0.6732249767088061,-0.5788192702968619,-0.1592328750175711,0.12955235535077242,-2.733959733232896,0.5811547659496227,3.0400242355273406,-1.5699545565360697,-4.085384979903821,-0.11040033215996749,-0.811604661061504,-0.13261140588375003,1.8062967663408216
2,1.7722159986125612,0.2063037455268223,-1.3689502236754683,-2.189029516626227,-0.3794249894962312,0.7678230531176343,2.041253461784899,0.08929609309520528,-0.5472042133018108,1.359353872148598,1.6599775049364938,-0.13115299147060308,0.062173815820575906,0.7450074824808672,-1.7684628107402944
2,-0.30218908945340167,0.42777104617046974,-2.8876056435077766,3.4148376989315645,0.5383052157086635,-1.182727455457755,1.263850345358856,-0.6821866052426105,-1.7439281070396004,-0.25820369489673534,-2.0473292700172974,1.4231604825615491,0.8200866575125754,0.07062415864749483,2.5753684922088254
2,-0.9653132035737377,-0.14721993698902044,-7.610977713706145,7.9134402929960155,1.717525433204118,-7.873962068451834,3.406178713990912,0.9860947086036883,-2.324784242402548,0.8063870595569321,3.37701309545373,5.285700839698835,2.8359198943893342,3.620433872285866,-3.1762434542203026
