,0,1,2,3,4,5,6,7
1,-2.7427252888537597,0.8791138629239941,5.756347210892081,-0.7442930090742182,-3.3234489674699206,2.5305651164696443,0.7900151259888444,4.4939511050083745
1,-0.18367161530832748,0.5538057034607734,5.544255178943443,0.016480759567088665,-0.8541422228798274,1.469733294867617,0.7267881541986388,4.38662834400098
1,0.14883514549707028,-0.3283217431746941,-1.4679105274523818,-0.8043127097177336,-1.8857793615696767,-1.0001568931450944,-0.7641906592307306,-1.886581527086691
1,1.2812192677031664,-1.254116626609036,7.658659536725649,1.6108357499623212,4.730193923563804,1.0412837795980483,0.7726998042705795,5.2891454339570165
1,1.6028256998457382,-1.520380718271516,-2.442454974653025,1.089443274964164,3.9264525510995933,-2.972901838598329,-0.06449056708119473,-2.2080765785937353
1,0.6440561425298476,-0.3581554864588366,-0.8413836399415466,-0.19357229887376431,-0.6338641732166556,1.4185911343704938,1.2039451167643744,1.0623485360044596
1,0.2648015595733728,0.15912227015431918,5.058392486987017,1.2980401995864255,2.9800925901732227,1.5984154646000064,0.5734531533817614,4.41482049799594
1,0.06611486272243808,0.27354640167545446,1.5064617444648403,-0.5925574388974612,-1.1462493553620743,0.2679633088508946,-0.5376361932926051,0.3318580780868291
1,-0.8869596069341691,1.0603255597163108,3.8581319454071052,0.080687148119412,-0.8613263946040864,2.4313483639606064,0.28068186690772917,2.715107769016516
1,-3.340155410090453,1.2778243640792202,-0.08364627820521572,0.5344282245995701,0.2673620601067852,-1.8997559797046777,-2.400691373560332,-2.7565556771128565
1,-1.7976108769157517,-0.15914943422142877,-0.8674348642572872,-0.4787479004991345,-0.5553894511575935,0.7661116628961941,-0.09079086673626219,-0.5096946840954826
1,1.5159592171346081,0.6322426714349685,4.76570149077646,-0.4336184555698932,-0.9615576102970826,3.0794804358233123,0.9085547267177165,4.643717730295874
1,3.6549433574011885,-0.8326163039134601,0.9788967539496432,1.894594668277448,5.2059845782126235,0.21992212675589418,1.198315807434877,2.060250301284652
1,2.3096104159276067,-0.9442777012846887,-4.650087032375749,-1.2680314086999473,-0.5336414803291111,-0.0905884446270729,-0.3891464306858422,-3.0626066598588113
1,-2.008753520616911,1.9659882389670889,7.1993072171743275,0.03461999870279886,-1.1432550239401442,2.7526767703395967,-0.04812066457284414,4.400731794086596
1,-3.219239637875039,1.0403365743149176,8.947755525297547,1.604180607265611,2.5681941178109877,3.3822263163106294,1.5221302957017568,7.551812548045017
1,-0.6265017270041472,-0.07213748311146569,0.11709371406596862,-0.39344373396920923,0.719768317992416,0.7330629226888807,0.26478230036613465,-0.14905272650912452
1,0.29247633012379315,-0.3195418106362018,-2.841612545245072,1.0411307895954842,1.2652795269059975,-1.4254587951050692,-0.4546207468242759,-1.801157411467117
1,0.25119123982557295,-1.0380282924395898,-2.932674914448588,-1.5291416304316383,-3.1053339985490735,-0.013385844119992461,0.8004557300752224,-1.7213485330903961
1,1.17040390068414,-0.3216063048702609,-2.1876510665122124,0.5989644784903835,2.0420172401254155,-3.235801572848136,-1.3261821600803476,-3.6046200787042015
1,-1.0500542937500004,1.0378999133021036,7.921470047928772,0.36100802631817636,-0.7269272101603733,3.251394851558633,0.7962736012638318,6.27426254165505
1,-0.35738224304005084,-0.42180031991130973,-0.8553990809809002,-0.2645657109651537,-0.4417329663092803,1.0055460270362804,1.082874019303003,1.6598286248341596
1,0.18284254471229622,-0.48763299403319194,2.436245193694999,1.3548882803198334,1.9278209903061292,-0.37765932193541113,-0.7902813818888459,0.418037731222601
1,3.727680331929164,-1.4885283260498674,-7.903087689215318,0.3625555347831094,1.3933741783327818,-2.6593795678178465,-0.03039833804689025,-5.6085199167310895
1,-3.92916050983811,1.4374809997691311,-4.158690995251604,-0.9252473431865257,-2.912008185397441,-2.946176374957555,-2.5516814512812998,-6.9869224201824025
1,-1.4440019047622525,-0.22645198408817396,-1.210197655351572,0.5097491840366614,1.1158578454409973,-0.2143796987538598,-0.789126275373841,-0.6886698384045545
1,1.6834185601384835,-0.9061351883563045,6.929670986900833,2.9335008621224494,6.629545106898798,0.2346522875571568,0.49881776700501596,4.864861969737248
1,-2.7723725223801403,1.3377260543826641,8.09660649123709,-0.2043036162075862,-2.882687496625527,1.556714501769098,-0.09476910048481654,4.572387102456603
1,0.7676463756931536,-0.16002480098306432,-9.080550483044956,-0.5332762258576961,-0.0714981012737885,-2.350552487366177,-0.06177290972941407,-5.68635690020155
1,-4.744733665349753,2.774917787742887,6.099478904316946,0.4325952217865711,-2.7331314340528086,1.458058407021124,-2.018057301508808,0.8017235519074732
1,1.0580919969988039,-0.05860137257401614,-4.550351492206329,1.0215501025784854,1.117242714591695,-3.5850320795579447,-1.2471997087829174,-4.470432030244354
1,-0.3641089075337717,0.6832340230101545,2.503469933752353,1.5714081022802888,2.672578007236687,0.14143768788321076,0.10325065267376429,1.7938995511749818
1,2.030796570638841,-0.9645489749630886,-6.44399524700106,0.7596228209524672,1.5042659929251232,-1.9219026709682492,0.788854338281326,-3.0670834259146593
1,-0.4610643859905808,0.727337340524447,0.5952190329617008,-0.7907098745417438,-2.414080099972711,0.08820123871250543,-0.4671879991416656,-0.6808319775532741
1,0.7530942669899527,0.21033430048411217,6.018680224829028,0.7002039179755392,0.24867034261767343,1.9977575060960897,0.6709915734293622,4.729816354934401
1,-0.5151405458924858,-0.4160141458206893,-2.8749938643785513,-0.6875325923491878,-1.1462946308421873,-0.06559855646626474,-0.19500303395560384,-1.407891990992887
1,-1.4965887645898233,0.6317506307969624,8.011876738415006,1.085431360837689,0.7180239549820007,1.917473443836297,0.3232925271958737,4.987816500119276
1,-0.5127648093094757,-0.15841663460509006,7.5016796703507564,1.0860029200631047,3.656611782709532,2.5262509763415713,1.1926273619370362,6.060531825152692
1,0.3315154158817537,-0.24462660133898684,-5.274948404893722,-1.1977891519590844,-1.1742816877774713,-1.532167392788603,-0.901134415078922,-4.214756909823333
1,1.400229462241299,-0.006966638670539087,-3.0737391886926755,-0.007851828505866139,1.0554364451654634,1.2110245691768795,0.5148941618995175,-0.9094085674701989
1,2.4369067467345493,-0.8598689367411635,6.813372942811343,1.6122997170299422,3.4884249887223957,-0.3423963278586116,0.030028636311153323,3.9883308215261013
1,1.1823127669321332,-1.1450928405178882,-6.862702371346014,0.44351850688186756,1.8220065685292426,-3.1156608938331294,-0.5775520520824677,-5.6110306747964795
1,-1.2825540544801426,-0.02176095504468184,-3.7025980077705385,-1.8651006464602662,-3.433043209701748,-1.1247131603310248,-2.019740647391231,-5.675135048556608
1,1.3168487308274404,0.3975198234764965,-5.744077059836768,-1.3889195472679157,-2.299492046512443,-1.7808010653574615,-0.9790019655573842,-3.7453143156902864
1,0.16366775777822085,-0.02574458739212536,-9.609049051675866,-0.6691369558326936,-1.401230873758899,-4.498809420519321,-2.2526663536413305,-8.74179131386295
1,0.4351387456589984,0.8608730602145727,2.461954571123382,0.6078832708741916,-0.379011710122657,-0.6518113563588852,-0.880381057630234,0.6785148258665155
1,1.190270717025223,0.1401850568657692,-2.1478877400637604,-0.25770784124196927,-0.7657727203788706,-1.1093152107771747,-0.3905272897822973,-2.026170309985161
1,-0.6425862516622806,0.5219989599525823,2.571104485288391,-0.7196642626972924,-2.847436653090449,1.1069848965628133,0.37964778888076345,1.810436032881097
1,0.5193108439057056,-0.19651572983934718,-0.6128755271204386,1.0237994125660068,1.4744516969873025,-1.2364619909440782,-0.30172041272543926,-1.0303231448298835
1,-2.29105962429724,0.9839307276428739,4.648542839465239,0.9062269122682366,1.1548057980160913,2.271805006220364,1.2995428877742967,4.527270116400562
1,-1.1143165838963234,0.21384454499670807,-4.008305103126455,0.08779787468741129,-0.4967656152781018,0.8155240518789992,0.25906011298756737,-1.4762252167509626
1,0.12672791155835675,-0.2977657889588721,-5.758350314607932,1.0069278401861494,0.5538251369894085,-2.1166054323541994,-0.14101199482243726,-4.238529410569274
1,1.0840369367368181,0.6210322197890363,-3.5243930609238587,-1.1480465241577145,-3.0369106178621466,-0.88398626141441,-0.8131176708428068,-3.2722677502315665
1,0.2360009244639065,0.5654570064699763,2.669729311804727,0.46777007567894663,-0.6600090119859029,-1.0014795554947988,-1.4989197268384304,-0.21274824087747773
1,4.5236144899066355,-1.8723694129143276,-6.456440603805722,-0.1700234469726431,1.3970479357880379,-2.133207448006798,0.2778571662323562,-4.109995046590792
1,-2.3401577757789696,0.049800113351420455,-5.29393660990724,-1.3272889863942918,-2.3368270687319788,-0.5930904244272469,-0.2341010197159173,-3.969199696072736
1,-2.1974769086743846,0.10860437136164038,2.06540753334413,-0.2820884389815814,0.6984041485908654,0.3029788387682452,-0.12174045253541729,1.0537673835997392
1,-0.4930219816809867,0.4740569849709916,5.845260796051243,0.570180703598295,0.1732839420120534,2.7028502372013623,1.2572931361635808,5.5692327003095
1,1.425124224241936,-0.07086478261652315,0.6965887261029763,1.4222458917493692,3.2643349613726107,-0.12360760475668729,0.4498988734480518,0.3705383684013393
1,1.644984812911603,-0.5793419599914668,-1.8706436999478357,0.9946146561284873,1.8709341246362976,-0.5305932020009334,-0.24096877560063637,-1.0379696790409811
1,-0.836414638281228,0.6686992062406041,1.5262519248760065,-0.20644906010289943,-0.8782197732572181,1.6667887685014933,0.4555444568418192,1.8129560950126404
1,-4.475406624579102,2.219430290791198,6.204619562601499,-0.5306417552135618,-3.691633873419726,2.895299671849466,-0.8469716567484773,3.0799222792630783
1,4.011449347001046,-1.077472164243818,-10.611330359408482,-0.18855178466886413,2.214193833556418,-3.199176459900421,-0.9016947671480816,-8.366030341203356
1,2.1996413276036724,-0.7848684109937897,0.7107763591299299,0.4091106334849349,3.4551478969271874,-1.2744855833032471,-0.6745970352717154,-0.4552791872755949
1,-2.40544140299262,0.748913329911657,-0.0655986724340067,-0.3471186008266421,-1.5768354216547695,-0.3649491393435102,-1.5298276780529771,-1.6845437936001544
1,1.930146586697172,-0.6276578944171842,-5.226220085000601,0.1907489457195516,1.3713755781950001,-3.7262475652223017,-1.795645633972873,-5.697150899628127
1,0.5756016518816683,-0.7889696201161486,-7.095725548558388,-1.2200611619490194,-1.6181617521176022,0.6940994526984307,0.3971411149608889,-3.290874371267959
1,2.137977410109054,-1.9282420620410787,-7.164355248423082,1.480746556413534,3.695789542736288,-4.086280082907103,-0.878185383190121,-5.2108238847558415
1,3.52280771237864,-2.5217797629340613,-1.8371254987375436,0.2506329537831279,3.4104725873957418,-1.771064806387392,0.9311136240498459,-0.5525135482009913
1,0.09082170574225562,0.018289372638896406,8.702340247850948,1.439593684971283,1.8697250199231648,3.9518173452884264,1.2478193967829876,7.117524541828283
1,3.6016392317611268,-1.2200467833578046,-4.61951687701447,-0.4682854259454108,1.2615119751537132,-1.8507445113831364,-0.9383491865810839,-4.541623452646053
1,-1.1017132097838906,0.9285880275770484,5.1634235502044605,0.4686722596115448,-0.9345860149316023,2.430484993882027,0.67621684239849,4.379207334211136
1,1.5188196589027267,-0.1882420491405533,3.947344657727357,-0.39698311756660376,0.5169073810913462,2.476878982374885,1.4290931441376487,4.164043386634478
1,-1.9648757918772213,1.3963626960703546,9.757120666003782,0.5078032532754528,-0.833833501842197,2.7358812215559016,-0.09885778388652139,5.49183076433726
1,-2.455587258727351,0.7010692957198704,7.86150932432198,0.28331055039725933,-0.44934063893797704,2.453413915634796,0.8869675619101965,6.02769086352398
1,3.638253073199731,-0.7117661891624167,1.7612780891522062,-0.2059221274800508,-0.8175384827126074,1.1909932203811402,2.1023885271690728,3.529161710549326
1,-2.4688838249585827,1.914800487394976,13.830428373384171,0.9052017397302337,-2.5048297856131536,5.902400059637597,1.062305101934931,10.451608209704974
1,3.1748595534976043,-1.7736333750466642,1.4978873074588994,1.5893378653587886,4.52242428648628,-1.0539587605480953,0.5135863930107923,1.5324458678473694
1,-2.3822867390271862,0.6370336933842458,8.113285579840145,2.5686514315355278,4.16339682748309,0.39761009549534726,-1.2105299571662231,3.7114249107403032
1,0.7870480378344034,-0.39570178312367865,2.6363233747086907,0.8406383078678481,1.5131518116793259,0.5543972400051272,0.03644278958950686,1.582383052999166
1,2.7600393327164223,-0.9040023827529975,-6.506652771356154,1.2031871449515519,3.414219038061857,-3.5734330936123886,-0.5026357815850321,-5.574426201577609
1,-0.2622330129879797,1.0407490256418834,-2.0093664066954826,-0.578892292381357,-1.8272859514298339,0.20951371517841005,-0.7436265656380535,-2.4889192029792686
1,0.5943448925811556,0.2624750831876894,3.7417897302663956,-0.05487339184474813,-0.8126379492205184,1.2751506954058087,0.6814911307406369,3.030914362375107
1,1.6521414609521763,0.35701107502848856,2.788038230743047,0.9523925181769679,0.6732195555287248,0.5138545813529604,-0.08523777261187511,2.0676732841776952
1,-1.9408740289265938,0.26271311644506756,0.06838955492524082,0.1805825421275668,0.1342518924117891,-1.9476703184118862,-0.8856211722241029,-1.3689220879925597
1,2.770526176790363,-0.7429845718341959,-4.4892675878815105,-0.5796835103403832,0.5373343929245293,-1.1257333753070728,0.23208440921081736,-2.522031098030625
1,-2.4295074779788344,0.9786952842157192,3.5741709776600175,0.3001333950421363,-1.0122814245497322,0.8109503337987474,0.06829721633076485,3.1535332697571454
1,-2.375458547564981,1.1450242893143248,4.7747782623318935,0.6460535304944389,-0.9773707227917616,1.0791264362058817,-0.3770554004275728,2.101597667372758
1,-0.8532390038793106,0.44886511825345976,0.21510755331379952,0.014944382173431022,0.7633626340699768,-0.1528608239371183,-0.6666726631606891,-0.6543227857342829
1,-3.4003292422386147,0.997233375984959,10.75206287282917,1.6918809665833248,2.501218183051992,2.479088288345034,0.0006565582251262074,6.43401877786221
1,-0.9309225676779664,0.6245349545788156,1.4922156591686868,-0.32678445590133814,-0.45116811913888655,0.9620244419264753,-0.8006430331755171,-0.7617617884738732
1,0.5932619727040697,-0.09782923994415478,-3.803811435517275,0.49468447468387505,1.828440562836991,-1.7351216229269126,-1.3849115848123212,-4.125109499763205
1,-4.280305416678197,1.648020967990428,8.009819316950916,0.9133825212563271,-0.44184542668188825,3.154190140063895,0.49852249405742294,6.22891459580436
1,-2.9764453406378983,0.7518673675558422,8.027303361879808,0.9802667670464476,1.9192194348973495,1.3788189381051594,-0.579927109831057,4.629425010679256
1,-1.7195462331082911,1.5151725909454798,4.467226069079958,0.7217138949543269,-0.5232640821643445,0.7491384372736534,-1.945601780313193,1.5007348863483028
1,-0.08297396219072498,-0.21129821653872727,2.803850940576973,-1.0967851765800836,-2.2924477698475463,2.7487657949655526,1.6051324804310796,3.659399612687716
1,0.8873544096193147,-0.2675377007837325,2.2069912909157825,0.6176473667879558,1.134349151063372,1.0411982973563285,0.41422722644570104,3.2812502146728924
1,2.3947771650969285,-0.149172484822923,4.233915755699044,1.977238325886054,3.1535915295862265,0.2683000346576343,-0.3943646467535797,1.1579084971100517
1,0.2814115884488719,-0.04465833849354957,1.4977642518564904,0.1352895566434055,0.1015261391856161,-0.5882985381849065,-0.6826644449482242,-0.2698161319909449
1,4.019967300234782,-1.697389707964081,-14.133304913933372,-0.31909173667431284,1.6188847168661467,-7.9415619289809944,-2.851661540527671,-12.587674675651407
1,-1.744021740626797,0.7457515911262335,10.548987579175352,2.1732000849163375,2.171999219089284,2.7619565263064163,-0.05009515924124863,6.485630531500639
1,-0.10943004184245957,0.8937415825968498,1.8764405166229423,0.48055569197839404,-0.03962443450819869,0.6899451874397886,-0.37466016552828363,1.3858400223391167
1,-0.3269514587847941,0.3295593170341635,4.2111485405233955,-0.6449647433633018,-0.9893631205375885,0.6433946347862703,-0.14306226640204361,2.86123141415085
1,-2.4702338954352845,0.5426772606547824,-4.899305403100441,-0.15249493588836535,-3.0020295331425166,-1.8989701410255784,-0.4406013166529507,-3.4371529922566437
1,2.765819005687244,-1.0043670689885398,-8.318934799112803,0.9444760193002526,2.884433645651619,-2.920976313586539,-0.6284922116405769,-6.282029019761853
1,-2.3979957070833997,1.5736419565298783,6.48136133884794,-0.3055795228612084,-1.7330862939632683,3.041693743235382,-0.38798505112886705,3.355704550981546
1,-0.5637544395244787,0.06288012213520272,-2.6782415204008094,0.6226170777140474,1.7361064149784469,-1.4917990475541039,0.07979241633125825,-1.83057311816567
1,-1.093635123110732,0.6139742418358611,5.736778748254781,0.062167137678238324,-0.04785599275422532,1.5877831715160502,0.32986641645526693,3.5926861273834567
1,-1.71549980384095,0.5497238168186676,8.399246369515279,0.5888227283900057,0.19926233932675297,2.572177006983627,0.5323679060925727,6.165889621331989
1,0.09329365532153454,0.3014056367229014,-3.4685247216598585,-2.1512547732575458,-4.744397977495222,0.30320561917807626,0.338869642297904,-1.7056514568348748
1,1.4759964392476206,-0.6327689746862637,-7.237991264235779,-1.558920864331516,-1.3086439535216852,-3.204014559841096,-1.3100695296483897,-7.0874521542553
1,-2.3886434564369967,0.16231138900647696,6.125888076644651,0.11102212166228784,-0.5560916227640915,2.7179376917364237,0.5688406971759419,5.4923856916552705
1,1.7372485116144245,-0.46041865351995137,-3.6435864162000073,-0.022564887873369813,-0.13440596060349239,-0.809394005969299,0.9266215383509365,-1.4854870396089321
1,-2.2418339220790773,0.17469118983623066,1.2758466726286146,-1.5929624706888785,-3.3733553505558476,0.778422149967073,0.6794088600760563,1.1950132684161596
1,-0.42352555103397543,0.30186357885227516,7.581063744944884,1.1321970905968666,0.49085889478445954,1.3253075504079992,0.40659994069088085,5.176376936099107
1,-1.630875488813043,0.8249694347856353,2.1608847495202936,0.7983537486335364,1.141681320012813,0.11957830735955295,-0.33389913787004954,0.9698254548747746
1,2.609181309488324,-0.9696767878791284,-3.197035464804065,-1.3300021968980176,-2.3886602991520576,-1.982371328278145,0.2369134527728951,-2.583598279303213
1,1.2016655712302058,-0.31307982640067505,-1.6935973926435006,0.7607721824182291,1.919535012327402,-2.1258415082571114,-1.6086684452408244,-3.333925475640751
1,2.8797328717150226,-0.8264758372181673,-3.9355137286656587,0.15315211370088083,1.3507400075139522,-1.0813906314719537,0.5174508360726153,-1.5162379027512178
1,0.7233478824060064,-0.24408599884486276,2.665256043990415,-1.6266097637802452,-2.036685502916628,2.2059479144961567,0.7846959695757391,2.832291813533557
1,2.1283573676148446,-0.6357443266423572,0.0871097227207584,-0.2319162410379374,0.5370368372867027,0.30985571489879715,-0.6383364288371115,0.06664803557518087
1,1.2375629398050658,-0.3187540096527637,-4.374471629705663,0.6191809289622163,2.4263417864600636,-2.607835706982249,-0.08988798887908905,-2.723451841430534
1,-3.182398776844979,0.8228610424396609,-2.1030400636202766,-1.327985628940456,-3.2958846684636676,2.12811394806987,0.6844633216888871,-0.09422795100424786
1,-2.1854617294832663,1.1733875656048025,2.3385797722555277,-0.06913602328391172,-2.227075368582422,0.6598874249375009,-1.1990846829037585,0.32376825534235015
1,-2.7524276422744522,1.5354956464214276,4.4525794136800165,-0.033519930069269954,-2.563488884334018,2.688334139756665,0.06390718672709364,3.733641228724448
1,0.25429533955207606,-0.7807108442029809,5.546606641683522,0.32272437499359713,1.3548425886483906,2.591957663514882,1.7025340548454049,5.898964855719296
1,-4.599910585712431,2.2446872155620374,6.880250307539193,-0.3661105103377615,-4.298959436921622,2.6779920498253276,0.24320264462893126,4.941242087687535
1,-0.7572928284512063,0.505288024152237,-1.0832287899005872,-0.276330082119138,-1.9175643246407854,0.8651326750909635,-0.16907790069254824,-0.453979154882596
1,-1.855791135092876,0.9947692640845465,8.291516897264385,-0.5335363478854978,-1.5098343830475582,2.6692539924330947,-0.12147319089567622,5.2725048474834
1,-0.8752914194036053,-0.19408159004821582,4.724287889302924,1.6532423992732523,1.9354854216603572,-0.9231124650964613,-0.6200150217126721,1.6742127771181035
1,1.0086060147963052,-0.14238345564805577,-1.7142579458237865,-1.846558901191002,-3.5010812310426513,-0.23607443175357318,0.3102530546589336,-0.8792120318515073
1,0.9979829067306709,0.29222416830302933,4.476657788772438,0.023886802444217283,-1.9394719308745667,2.2441436489460074,1.1944209758303295,4.336534578056427
1,-1.9535393632210045,0.5591401252822498,1.0215503343248082,-0.4646258582607028,-0.578685594162866,-1.2395738000648162,-1.2106564587259665,-1.2125382411558587
1,1.5237267376721382,-1.00370806452638,-1.9604465062201024,0.27175031045938713,2.851253930167199,-1.1788602062094997,0.6589876389411721,-0.6489320884452241
1,0.7118947005588484,0.14920212235062227,8.416898830458647,0.22095168060935744,0.07568258680668477,3.2447360786037773,1.5454698372534381,7.64110869784107
1,2.043182459175964,-0.7108844185148963,-0.7824220112805013,-0.7368402893700562,-0.6296516650916176,1.9093262398063946,1.775749271172109,2.1059754363626686
1,-1.086776899677823,0.618982545449144,5.048115934652657,0.2724324941356412,-0.3069265921006009,-0.032987975740005455,-1.0908712201995956,1.4450203704600355
1,-1.6272970241845985,1.0834756594291295,7.939463769891998,1.7283116258891433,2.4464799850121426,0.8979545822591039,-1.3693493960248946,3.464778646597001
1,0.4005276794404247,-0.06077496920761431,-1.8509062182895746,-0.38796612232080446,0.1900725516243117,-0.05391520994231297,0.03231949277359606,-1.0843152825395008
1,0.3991188834930374,0.02054440475008562,1.9922741785079097,1.3466745782723937,1.7523689289086504,0.4453714314187252,0.6897777234193087,1.873649801047023
1,-1.399721673605881,0.5888593176756033,5.021005887392267,0.5904969221278932,0.7289287964857973,-0.22579571436357043,-0.7077843830746295,2.268824080029226
1,-0.6358624140900211,1.148120416981234,3.91522849833056,-1.6453742094780628,-4.692172838837177,2.896796985018386,0.8529456205001715,4.159529034557022
1,-0.19241408845298746,-1.2184354087873857,-5.502053941523621,0.8222033745487141,2.2040484111956,-2.381986021479846,-0.23012881361689297,-3.413270039361385
1,0.7162302595634591,0.031095250634994687,0.3666659811428279,2.2181798537462654,4.437885211451579,-2.311329869233086,-0.5725942239652979,-1.3594918050704696
1,2.3086192926941034,-0.9314217252834509,-7.806323067556549,-0.26730994431838334,0.23586530083466048,-4.427576316305526,-1.2004746651646099,-6.927893994589035
1,-1.198556558660658,0.5151826029079021,2.677115247650708,0.5822395615451108,2.802441178460047,-1.5613800703470035,-2.136984688394258,-1.2001067458257868
1,-2.6633067911710713,0.7355229911514182,5.369241356023412,-0.4947090705424712,-1.277476020850359,2.9511476821677216,1.2057444879674517,5.653524403183356
1,-1.27460402766294,0.2883154915200711,3.0248106439426232,1.5484196038374796,2.2745198438064107,0.5700692842116186,0.2544073128201793,2.2667930070991233
1,-0.23656972501280282,-0.46694757119939667,-1.2301791035965057,0.7495937780231541,1.8649732369778385,-1.9025949927076646,-0.32624791141535325,-1.4182062814391503
1,1.3737543986318452,0.42024113813176456,-5.065222436992672,-0.005932642813009634,-0.05743392803423721,-0.8611467184785062,-0.5594770463274064,-4.473900388566132
1,0.5892349456924911,-1.1356716024436149,-2.657670994938859,0.4625066836170391,1.5412706433313157,-2.3602008777369115,-0.7458317332516763,-1.9972295254991175
1,0.7006635021272782,-0.41089349482069715,-3.0353499022936252,0.36620776802817023,2.34958406536413,-0.848833281134309,-0.13648232695118473,-1.0479100382701798
1,0.7494725105149813,0.07573073831491145,2.7254428039983627,-0.021392748365479747,-0.9248567794564189,2.022823161217737,0.9044361291446954,2.928707863389398
1,-2.7050311795586452,0.49207844194725897,1.0841948416041034,0.7589274270841272,-0.25487254953696437,0.01292573880511895,0.09930602032540706,-0.08319514437669857
1,1.102663977693235,-0.520811386425243,-1.3166158834882447,0.27524865245684577,1.4074960869770117,-0.7481439773351836,-0.15178837701582512,-1.158704055708789
1,0.9435463245096165,0.08177816318040672,-2.2825994184338607,-0.6503093510539509,-2.986275507180099,0.24337350823494988,0.5896510140645767,-0.14061695024945728
1,-0.6432579004990877,0.6580711855719453,1.276392684238493,-0.3591879183289558,-2.263583240579753,1.4941053988580768,0.8076053079683156,1.426385502313285
1,1.2451966865390316,-0.7450747599239594,-2.109881029928846,0.32443236415062493,3.2144171667727695,-0.9133188985720019,0.8550931409657748,-0.42204660845825137
1,3.368772323187218,-1.3448799518933214,-9.225257486870923,-0.7195393266114465,0.3810307279687259,-1.3349065398604196,0.7811834544256173,-5.0647298033897075
1,4.136287686137715,-0.6449384731600396,-1.1612307218542466,0.30177966313029425,0.33704579047459843,-0.6398558726301288,0.5827899467451585,-0.19974465000421107
1,0.9240690916185286,0.3584944406304345,-4.215741201956158,0.2273135302589985,-0.26285498117455836,-1.0506042662013806,-1.4487141763501916,-4.157745737317655
1,-2.8480195283455663,1.2747483545741762,2.9908980199821253,-0.41278432847687113,-2.6729752782011955,1.0315553494265224,-0.7245090946198421,1.3167408866176893
1,0.4926451181452544,-0.07132530144618573,3.8818617557096506,1.2769761524661543,2.1421944955318555,1.2113212145038674,0.6778368726199429,3.3926867624884802
1,-0.5320896193764272,0.4570124731094827,6.092879215017162,0.975021049431125,0.5991467644680727,0.3519738807528854,-0.5900374141138601,2.988774956361447
1,1.1099009563902607,-0.18981896218920244,-0.6936513951825815,0.05449596315733979,-0.5241297786006623,0.6230174828647346,1.0146248746150892,1.6067691769272354
1,1.5339635985026667,-0.32715882352417547,-0.2762687670851386,0.3812990412823652,1.3835281275747677,0.24878162218280497,0.5216055885188121,-0.04816458072318594
1,3.3025091291047053,-1.5450224715201069,-4.49904983265931,0.1415235756181657,1.7372007776657143,-1.9647736823518156,-0.32363153735115274,-3.5325254468062357
1,0.7964227769516371,-0.3686443926893684,3.0790718283343153,1.2513991194916203,1.2407318619791357,0.5978459002000314,0.3723434242368123,3.3947431785254363
1,-2.8525950920994627,1.0832700220338476,2.4998081008931208,0.7183374835288837,0.7772463045354456,-0.08430808650990154,-1.470027856224588,-0.6860194764683721
1,-0.014647530387836217,-1.5534289444261218,-6.673022033334493,-0.48155190539443454,0.5756203349323482,-2.8639331174083553,0.5684700396542137,-3.528646192959397
1,0.537152160787018,-1.1840464013426961,-6.532594007556759,-0.43228489794249814,0.668821818675394,-1.3978504992397593,0.18379248849877,-3.5403142362762576
1,2.9022074259981094,-0.79305470904026,3.489740079670974,1.0702713105456554,3.391922767636619,0.8859754614521291,0.18260053696362358,2.7687433679105045
1,2.1356082608759372,-0.6959036819083636,-0.5390716177721333,-0.8094723348088015,0.09502000755177012,-0.7697324962280433,0.5548193313092624,0.15744654859558757
1,1.8211226253259591,-0.7602349456473575,-3.7768092453510733,0.1000570456412534,1.6057540727094093,-3.6119726808818213,-1.5442395566345026,-5.317870868222692
1,-3.2511778828401323,2.4896592566891815,3.50472155867284,-1.538786118942649,-5.762704985660733,0.7399638356583857,-1.2268602260678731,0.49334292811585023
1,0.07328871848336738,-0.5772284827331897,-0.24144797692848094,-0.8526175357183563,-0.07171096919640035,0.6970978235936052,0.509022901892031,-0.0963220782310866
1,-2.1165576592408706,0.4504912554807645,0.45540615062389095,-0.05762336938859809,-1.039459725492529,0.6856381758139308,0.07141062229933036,-0.03319902413705279
1,-0.5522493538667604,-0.1685029687256614,7.240808780302213,1.145235765975104,3.6181570133002006,1.5703867129160691,0.8641485489401273,5.249137510142836
1,1.336578794611524,-1.4990313158077369,-5.240728093590333,1.3227214236265088,3.128959093687414,-1.792433081485207,0.27337697984799,-2.9036849701066223
1,0.8582697176241186,-0.36111743001745794,0.27905718503237104,0.05192812141840608,0.6805554883064018,1.4675470232160948,0.9372757747272077,1.8898668020093494
1,0.883264482284255,0.11483972817575527,-4.728133229133246,-1.825232168536407,-3.9511673932659117,-0.30725271176957086,-0.40378105770644646,-3.144381152559794
1,5.88921068230569,-1.5587843280311033,-0.9339513320692825,0.4662610739732319,2.1193594302578185,-0.9808349851370042,0.8008577429304052,0.11545606184515403
1,-2.999389415616344,1.1573661194537985,0.5420694660715222,0.9789461467510298,0.4863070110529264,-0.5070965969414346,-0.6655936348476226,0.022691459254634255
1,-2.082941213437032,0.2548726958766129,4.330694606717371,-1.0197094254611765,-1.582264122502909,1.185515546326597,-0.09253799413763479,2.6774259706213765
1,0.5705117522527866,0.007743837879689505,7.072918340668147,0.3793452235752257,1.3393995268806143,3.0975183381457247,1.3711687282697194,5.898088278801027
1,-1.597483519951492,0.14332824799621072,-0.44216867159468437,-0.7083240223217177,-0.3263751381647959,1.8403169320311143,1.1958312402839333,0.7133196673339586
1,3.023074776505789,-1.4302472779676096,-0.6910523634855325,1.317343495210682,4.4114768436221805,-1.3007041552055478,0.47467706767730405,0.2712954795382634
1,0.018330926668740463,0.16249412621810982,0.1391301544730937,0.788011114259014,1.9422220336126472,0.0002486921915071695,-0.16182422808447866,-0.2210367960906625
1,1.999769750314168,-0.1608493257700329,-7.186878667220916,-0.2537226176081607,-0.17951384488581215,-3.4758971351268295,-1.3940270115358615,-6.420107799051292
1,1.3385312383178811,-1.0418216008068866,3.2488287954403683,-0.10390122703879233,1.6966677502561407,1.6524825388775175,1.5372051249936558,3.962474706464105
1,-0.4871208900872008,-0.8515966083784073,-6.3758597164539,-0.22871625030582338,-0.6691909925257071,-3.3746031884280505,-0.8848009443209535,-5.3725659126094065
1,1.8171636598606629,-0.2904980469052806,-2.1180089445750934,-0.9416640908027287,-1.0943305793695088,1.5562506994578527,0.49978856461363264,-0.3424224067688819
1,-1.8047939387299643,0.23872457492860805,2.673845237774621,0.5122430101075786,0.06336129747444634,0.9196471066619143,0.11740132939358745,1.6841921378301816
1,2.1638259820475256,-1.6479057537540225,-10.190917899630431,-0.2313810328123751,1.074357249619838,-3.899324419270333,-0.9939406638122479,-7.190490151849816
1,1.9029921265307224,-0.5652424416908481,-0.15655716942154205,-1.2415293991564802,-0.18625851081673991,0.11788788404903869,0.5907167504479922,0.7434844978439734
1,1.4553736347974795,-0.7897445449280809,-3.926906898695182,0.17447985904143168,1.3658010853375702,0.45994090493415857,0.9025555462079724,-1.235637804953177
1,-0.6268831891433022,-0.17299412003000447,5.301726617691262,0.16822589741097096,-0.7369648061987937,2.6514311458850117,1.8282738303280766,5.999452147720739
1,-0.6486291077395941,-0.1266341444831395,3.0065906793414694,-0.7102038523403584,-0.20602965684546792,0.5657169932592634,-0.642311518840383,1.4739187715518918
1,-0.8043900834274376,-0.38681886759586637,-4.916033627462021,0.092407218522185,0.8975533426188653,-3.92974507358559,-2.2231287584100667,-5.92539748942619
1,3.7948437331425686,-2.1035967665758863,-13.210629135887272,-1.2609662770393402,0.25539423705160386,-5.362898975809654,-1.0371392927252088,-10.576756716947594
2,4.030247016063077,-1.1646684494417978,-8.50502649697083,-0.13704207251805045,-0.007268233289398053,-3.1950699986155655,-0.11207882157231205,-6.0456940207472005
2,-2.550181771207,1.2286547243632926,19.684584577473576,0.6604466789467659,-6.118729362531388,8.882212659206294,3.1058059269020033,15.493107470253697
2,-0.7671053894189195,0.9736067245378193,7.788381786526631,-1.2241435594084018,-3.091246966743683,4.562907609775175,0.9610346477037709,6.038257816979677
2,-1.001236835738973,0.3647464705682056,3.0801996409986203,-0.3874892447509021,-2.992099508472395,1.2554823973455134,-0.13319279476081708,1.385986075394889
2,1.814623802950364,-0.7640384828683568,-18.694262803273954,-1.370134341986668,-2.831925775474274,-8.282737961490518,-3.4879507946522366,-14.718305004226023
2,-2.19902751247604,0.030476259559312588,7.292423904738264,-0.19346259865335144,-2.819050825983476,4.01280717452865,2.272852758442182,6.470417726710838
2,2.2457188718263215,0.2743322365597671,-2.424463198139696,-0.7024591385038313,-0.605309000956159,0.10900318272961541,0.48265769524408575,-1.4118311988307037
2,-1.937451236432656,0.7483804186473493,5.8112394243116,0.3235577175310702,0.0023764922331545157,1.9325490252851794,-0.5927903832206284,3.9821716099879723
2,1.525197235420859,0.48674375703072686,-4.818042790074552,-0.32686450227227615,-0.12917546748791506,-2.4684034331354043,-0.6549072851373254,-4.659697564698305
2,-1.791342566910137,-0.14747910894183505,-0.3070574084561246,-0.4669351362964689,-2.5357334139012537,-0.23109307118533198,-1.0823639564737844,-0.7815042299597946
2,-1.224811780654572,0.8962593559076035,9.345506308789474,0.44636782952739396,1.0998005298686397,2.8776826006398473,1.3354858639339013,6.032196526789206
2,2.301549975454693,-0.8698314331845473,-4.774425680570982,0.28060741647963705,3.532614832724769,-2.2254743629062332,-0.0024503577563274592,-3.6765970895578284
2,3.615514451707145,-0.8518393362970997,0.1410984264328798,-0.19541707762513347,-1.85744109971055,0.10493427880457581,0.8116810150751964,0.7632412427673572
2,-1.8932433567531224,0.0032189493847868678,-9.94364989758662,0.744896852885045,2.3956316024006434,-4.487185752248649,-1.4548573829170388,-7.937477287175675
2,-1.8765306484735653,-0.1619764601085931,0.007933205420269148,0.26943700581920405,-0.9389528619339891,-0.7335607805074629,-0.38751470087959683,-0.5314771075515501
2,0.3074759814796834,-0.9413735025987849,-12.993024979448533,-1.8126953474157947,-2.8801532367612253,-4.248714124712647,-0.7645954821623199,-9.118883862681797
2,-2.5699226709911667,1.6360627418578866,10.45024590867571,-0.1477030842988829,0.15989507779419304,6.479968816213213,2.878432410075732,9.200465206570273
2,-0.012462477731416885,-0.37817082715329126,2.5821754967203585,1.2025445085124111,2.582332552464096,-0.0037382153154265976,-0.44251460051416475,1.1266692550233877
2,-1.6923697306134253,0.9469139187642207,3.5757785209816344,-0.2351430577225897,-0.7014015975390113,1.0966761667832965,-0.44579454406785507,1.9263615944472168
2,0.19816758624722305,-0.5270958535714951,6.035963612341753,-0.3987236184249422,-0.3073693374651082,3.036613430988973,0.4602025275054218,4.186519636512698
2,-2.36427630577251,0.8201358573090242,9.17893469735039,0.8636039150571445,0.9011202010540529,4.646839306675292,2.6694434385665797,9.399469092781432
2,2.878517357396603,-1.2276322606508805,1.3929503690162715,0.6364885499720081,1.5917631868416573,2.1649132518123855,2.5497673083015093,3.681316286669589
2,-3.446979634852334,0.5397872386237595,-3.3610422291345765,-1.6717071108068833,-3.6763927113080275,0.060119371031065114,-0.6754821429642812,-2.659546083974167
2,-0.5601243073479159,0.2878365537777727,6.717642777436934,1.0739761169269115,-0.06304010860986708,2.4836652985003456,1.0154224621591001,5.050575956122489
2,1.3057146274786484,-1.0181491588380527,-3.56036415108997,-0.04163614360618913,-0.3011686081908225,-0.7981692045078916,0.6208681556725065,-2.090258509840501
2,0.534503944730296,-1.0908234431388546,-11.286908200873109,-0.7075485942515858,-1.4684091114522395,-2.511771383187742,0.04000631837748328,-7.726333395185199
2,2.7689251192669566,-1.5661426339689029,-17.16235787840067,-0.7513447375444684,-0.33226317282755713,-6.057060784773887,-0.9031521182554394,-12.152812174274171
2,0.17821381168355957,0.04862711705619846,3.8386087103551936,1.0826705203953249,1.66542703527301,0.07575706038470909,-0.25674511604204214,2.214240960592838
2,-2.32892231315875,0.15418944800824097,-2.6413291990665644,-0.31585812074009206,0.2757411324905528,-1.7989476632950676,-0.34757120708333133,-2.8137899082435935
2,1.2283841848687636,-0.432004388968352,-4.153432059849877,-0.3638444833353706,0.9186770298545983,-0.7838069295750634,-1.5662564681893807,-3.9653303876800545
2,-1.3941166242917644,-0.05589149220570487,-9.309484607322588,-0.22622434496798172,0.3461456359167477,-3.469221362968857,-2.2294507069509772,-7.302303058045286
2,4.882511287213392,-1.5412931996287262,0.23684291303203095,1.6550058311711544,7.816563053964558,-1.375616797068008,1.2595827564539646,1.2613068343137466
2,-0.644444460215816,-0.7176064114216318,-9.293257764750997,0.2261282187960415,0.8555377008257925,-5.239682318972908,-3.0553058038383774,-9.33443059978072
2,5.249457717208575,-1.1832993773183862,-3.691021015999432,0.21265710868839777,-0.5546013236561623,-2.2363756642608843,0.2149946781479457,-2.121974254845192
2,-0.18776961286778587,-0.31805682104825683,1.4548098024796294,2.0073456780781687,3.208693951000377,-3.0545561454074543,-1.7102586584918436,-0.6434432590832291
2,-2.4550613696959114,1.036201372109501,1.25103223795361,0.19107340945802131,-0.606673477884927,-0.9543285374539292,-1.5288011098675303,-0.8265108137791879
2,-2.214777272616079,0.9116577439016836,-1.257525777252521,-0.13569837884751906,-0.6148346334591556,0.2252524895439982,-0.5065625649131023,-0.9745557345916381
2,1.4600813826062724,-0.5687720276153645,-9.354521944053095,-1.927540256938794,-0.0524611847491027,-2.5268317012508654,-0.6625387269968206,-6.385915052557945
2,-0.6299425106836373,0.5995950619129901,2.602941958116804,-0.6993531643571707,-2.405326970926961,1.934428250517111,1.2963101432501518,2.4728599505295765
2,1.087352525452721,0.49751208312720796,9.45096377173744,-0.9769280533885503,-2.3798139794151125,4.962261480433907,2.275097008149083,7.263741870255885
2,-0.5988974180836437,-0.054212926539352974,-4.673244625896239,0.3017206048846807,0.9922011247783958,-2.334208173007408,-1.6450060935646256,-4.108079774601605
2,2.0667563111051463,-1.3516057174396046,4.91046162571639,0.03753192985608048,0.47808311551922494,1.9323829507277157,1.3738994422704762,3.814036598234833
2,-0.12002620659921055,0.4043182329742688,6.357627407512843,0.5088032700502433,0.8804068450839438,3.523190186832635,2.6937321758167023,5.657847503113617
2,1.8997801261615648,-0.6830807949991229,-0.12704104696125065,0.07070039561678788,-1.354065544170555,-0.2327592925963548,-0.7317304330142558,-1.140811210960482
2,2.3273270055143067,0.10889042414595279,-5.427009505505484,-0.24995490383904045,-3.0819454921844693,-1.0203406840515148,-0.3734413739316972,-3.81786342793384
2,-2.781162958020248,0.9991335668774849,-7.7200283297982315,1.0960678787404938,-0.12524093291853242,-4.770357300125676,-2.329645418533969,-6.539606864871304
2,-1.442210081897647,0.6744517792010021,-7.819929354048658,0.6850572696786993,-1.1429879607549767,-4.780523850609296,-1.4360121890373796,-5.992078906236646
2,-0.2837845307599365,-0.0617179259932189,10.914625821825044,-0.20411009759540263,-0.7867130300767209,5.434318394636196,2.1597919560690406,9.485544765529045
2,0.051814372653224784,0.1385614704507251,-11.313816219151889,0.2098414056770759,-0.29203757908696976,-6.1326934280979355,-2.2706516994170345,-9.191898220752567
2,0.9932847871008345,-1.1148545499173659,-8.811114684542705,0.3669331027150588,3.369324837556227,-3.566899504011549,-0.6985783464574823,-6.153244002714754
2,0.9402641959240127,-1.3029891269507734,-6.800182886006408,-1.4334620398020537,-3.06434041611223,-0.308054460786557,1.2034904389856975,-3.11549685918833
2,-1.1312292537188424,-0.0326152175695914,-6.303059725037861,-0.7212209148464587,-4.315684857002332,-2.273056158646741,-1.2670162897240784,-4.6756648284197295
2,-1.9499836445490573,0.07089720483297096,-10.736843747043343,0.3784023891720567,-0.4027817559377907,-5.531283494315303,-1.8305103361632349,-8.62475702987356
2,-3.4673682525199947,0.19183612953120233,5.086935352195985,-1.4677959178094224,-2.0447460763582117,3.093445922009687,1.0086986859162965,4.1201462472228485
2,-1.301341105018883,0.9169978765454067,6.325900190314004,0.3745824435783934,0.5056283337815917,1.4782286138382335,-0.8397120209836363,3.0817380043206093
2,-1.3904632208580787,0.26039067837880076,5.4917292515208285,0.3517507827072515,0.9041290759453448,1.8277631728520762,1.3496895526017627,5.118542192120609
2,1.2137820600342093,-0.43141089382063164,5.6005739869807725,-0.21908237798533153,-1.545803390193083,4.830235685987169,2.3255882496074927,5.268354359303832
2,2.1415583199534223,-0.8684811322046176,3.0625655498196855,0.5945664747265736,2.792517086001516,0.0035151485593727305,0.5737430722507323,2.1557910108054616
2,-1.2710031365241041,0.3753147742740899,-2.5343497267493924,-1.3758863184877297,-4.351745875022771,0.3781658140985861,-0.1519874779768171,-1.6614485902019842
2,0.7376013335753164,-0.47543354363122997,-4.7926486943160125,0.1571456268656707,0.8502547050586512,-3.863030310803179,-1.3339582211587078,-4.3310388651245235
2,-1.9899003695169692,0.8284102770738678,-5.596571272130109,-0.6768593328071464,0.49923458918031766,-1.8857315748013834,-0.41996290533862424,-5.165301501336433
2,-0.8593310675899697,1.2393474602730967,2.3470975172236717,-0.06406416265461463,1.0744063224296867,0.6951979542026887,-0.27376781703839004,1.7954222260138615
2,-1.0348088450273207,0.6713445262892968,10.019294083772124,0.7321337523056313,-1.2873551689181986,4.55367249367644,1.5854257792175384,8.505118965476948
2,-0.39786194151103943,-0.20971719843266973,0.29062446168010403,-0.13272519639382904,1.1305462549331768,2.089485425616627,0.6328754727482497,0.5257811216561734
2,2.02768144596643,-0.15414685024296354,5.161884139055169,0.6886275121896925,2.4083075762205937,-0.6462363932528273,-1.8028485884960437,2.490225567453112
2,1.4835752050413042,-0.9557036646434914,-13.790188119660929,0.06075228856988531,2.8358827278646888,-6.255534606371343,-2.818362663393934,-10.944749692356536
2,-1.4686047403930602,-0.643081398679733,-6.353681307028622,-0.3893753810622896,-0.06419388343615011,-2.4121743908041338,-1.4999547490186937,-4.80456616531994
2,2.344410389607215,-0.13292113143432535,10.657389054436097,2.4887318827359692,2.011406984491688,0.983316799416751,0.38363350936196294,5.975601603940236
2,-1.5608507962533644,-0.5759198318611821,-3.9411272550976952,-0.27686624245638547,-0.8764094518469592,0.24777221152600837,0.07255316063224918,-1.977801624836404
2,2.2834620949976494,-0.8960690748794206,0.3161332491988047,-0.2213625019057601,-1.7175166902274528,-1.037611643066601,-0.5527084186931641,-0.6447235541763493
2,-5.390377982202405,1.3157926864970946,6.301401264335937,0.6200897981799773,-2.1633719259672928,1.2188259496040281,-0.7429331279805098,3.407790445848303
2,1.0278491358187298,-0.2600471431340921,-3.0071566958957225,-0.5779246366202263,-4.819051957472651,-1.276227988379371,0.16571463791061372,-1.3916125813709086
2,-3.3925144230849282,0.21048154503365912,7.474657942492197,0.442070598768914,1.3701504141600744,2.470691489503681,3.2254568601837574,6.857108074850218
2,-3.492839755920389,0.3178378436131018,4.070723597205039,0.4704556504494832,2.2822658098534605,-1.1131321662465041,-2.4241876252826575,1.1885204915547518
2,1.2684305625590588,0.3619070400048541,3.4075490226100262,0.13775523928748684,2.6005629094564755,0.8659959562621758,1.5270132081973868,3.325861675400701
2,0.0840016452764575,0.554067288743412,8.454047747192654,-0.2683978756682979,-1.9304487860569088,3.998742905745511,1.5666751912734098,6.28363594708101
2,-0.6434500309601389,1.279633827233822,-7.518466583330159,0.3249086969772722,0.39928505172888606,-4.106838693802714,-2.634070756573656,-6.615932522255461
2,-0.8798728674295492,1.4118443424189036,-3.777846013128863,-1.8016164756124895,-5.9062131474023385,1.4322338262145444,-1.3057814776229058,-2.824854745849114
2,2.478057808051798,-0.9596561995771147,2.7244099576216976,-0.0982679179708765,3.1811699696412914,0.8138743292653906,1.7448692457157162,2.4503005864669145
2,-3.1898235405713713,1.3894274519158283,8.096832319299514,-1.520609497322363,-3.56669070388375,4.607251414527228,0.574686513017435,5.331069474119476
2,-0.616112597138883,0.4810018414038353,-7.343925327295819,-0.21476754216516894,2.257666644170141,-4.067092904749403,-2.8037524287596547,-6.192296758749921
2,-2.7596432538677838,1.1102643556349079,0.10797175594873545,1.0578482109257037,0.049189758245145696,-0.14187709414465882,-0.5094810835026004,-0.43933068863417624
2,0.8234914512496633,-0.3078615362715147,-1.2808014256022728,0.15383120046367496,1.4440414658037586,-0.3304274204552722,0.7967613589285341,-0.898104130798082
2,-0.9269450311570384,0.4417603175327002,0.7043166088334472,0.9647611505882365,2.297641288813225,-1.4324974243610815,-0.1443550507012824,0.563303368977008
2,2.6362810440809294,0.2763163769940638,3.809103725146637,1.8977671532201517,-2.062321843373059,1.7531795432823016,1.4410235893295291,3.7030198551527076
2,-1.0531302342681033,-0.13650107109306697,4.157294828653746,-0.3069873120562086,-2.2622323556240405,3.2041012397339625,1.7380737849641128,3.8604105808635394
2,-1.046112671912158,0.231814404414484,9.139224869066577,0.8994198629020075,-0.07994067629452875,2.756726770186737,0.7888914332837135,6.873683262820979
2,-4.404469773377275,1.532197725462995,-1.9853846001634474,0.8997253761573227,-3.089422946249337,-0.43515751628346405,-0.20601803251976938,-1.4673915756801301
2,-0.059376434735608254,-0.1540001279899901,-1.0496850014807735,0.30583246708611805,-0.47981483263339514,-1.0057126831833487,-0.927544456158204,-1.3706093657158005
2,1.486028998678935,-0.9926692215557457,-6.72795162953828,2.164464148922642,4.624277194448062,-5.569372793480546,-2.8773666115614933,-6.433227337661673
2,4.254554856618058,-1.67368967426568,-10.079124628707588,0.38180225948978375,4.5509689872861285,-5.60641941845306,-1.3457680527625306,-7.661382233662798
2,0.7036975601693786,-0.4891309315013576,-11.844871457396533,0.8352316593565371,3.9825590338414307,-6.7389582937659025,-2.500086407824689,-9.18423083895978
2,-0.07485125621851131,0.667892514116094,0.3499962443023838,-0.2224856657230902,-1.2214244009136335,0.3852787831922565,-0.36251190261516875,-0.37289253023010027
2,1.305322464350866,0.6968602963752875,-2.5319821461613765,-0.38174757408451326,-4.300596554684563,-1.3278130161380426,0.30636696044593714,-1.122688209120823
2,-2.8328223638494374,1.1329272902831578,4.888070181458173,-0.2583585547049466,-1.2762065614860396,1.8804556810825326,-0.023878485968170916,3.118570037809109
2,0.3824732512199006,-0.1481473757187865,-4.865562699562272,0.5958259457225101,-0.6842320944917081,-4.284737735587028,-2.4742900283070233,-5.475525040573597
2,-1.7295881341734638,0.1332996318934827,-4.196382337873661,-0.6750156483231223,-2.389591307218578,-2.839774252216043,-1.8534863238860608,-3.830840370390454
2,0.6533155577071172,0.4543090993791828,-17.743333964582266,0.07712706021149628,1.145039683212288,-10.001199831738456,-6.394098848139529,-16.1770508276063
2,1.6275638175823544,-0.7891010838134259,-5.90990053605514,0.9693815417073932,2.297230494679994,-4.785324991896984,-1.984158470297664,-5.277357948544197
2,-2.6679698351312044,0.6094815092740156,-5.373146141322376,-0.34639986077090723,-2.924184333047269,-2.5155077223958666,-1.7225799369143369,-3.9239259050223723
