,0,1,2,3,4,5,6,7,8,9,10,11,12,13,14,15,16,17,18,19,20,21,22,23,24,25,26,27,28
1,-1.3529062903849716,0.9436882139617185,1.479055587775203,0.12106100650487898,-0.1670973178304716,-8.714235476979576,-0.4336412678819271,5.239367668371068,0.2345239313522113,-2.9749570566019785,1.2135133441830805,-3.214867804336551,1.4338019432964724,-0.05319137092314115,1.0019040850496825,-0.16719674859997583,5.209772011965253,-2.957654550762398,-5.273416785771974,0.45884982310705813,0.5737272258705938,2.9341182894539033,-1.0407742576574288,-1.8369760032416118,0.3687539501025468,2.4375124827371772,1.546856414315315,2.1219585650134976,-2.1425254362171757
1,0.5272862968089248,0.8311656693323414,-1.0332659271021827,0.5525504752318636,0.5061728828018682,0.12996773285239852,-0.17041729438874892,11.561126817617648,1.2588477659291388,-7.833995534494798,-0.5925437202488486,20.7159544986863,-0.4094825889141901,1.5111437196912714,2.0567348292294585,-0.4272358219150279,3.3025223542356965,-1.251178818765896,2.2403692715169927,3.435348752943813,0.49466911804112773,16.57740941907233,-1.1027697891464152,-6.894759368210142,0.13026603157065417,1.3451970537706446,0.21140662768384919,-0.879712572082392,-1.2602345791367124
1,0.21941847386448207,0.21872770724973023,-0.47175555107980877,0.9136225426606023,-2.843027750019572,-0.5624352107768326,-0.6869569136441085,22.81635063433383,-1.2993026021193188,-11.369972979178886,2.1865176313652332,68.985808139218,-0.6187150408351364,1.7641714710007517,-0.5224564218342193,-0.6956206379964407,-8.205630644259282,-1.4889984007357089,-0.59202619082407,2.6112593750606305,-2.1609092826621263,35.313529782746045,-2.191647524231091,-12.888513138305397,-0.6509966809809307,0.728504650630012,-0.6296628829134135,-0.4767100306887353,2.394141404790714
1,0.6786842400308801,0.14344064695212366,1.2227275239024897,1.4586216094184938,-1.0020808148904317,-0.44211807957871313,1.3339762506535058,10.125214464532053,2.1681328021867796,-5.064788221984528,0.9978768205459477,6.86084722913547,1.3477037356878814,0.739877527646794,-0.8724706816084037,0.28278622586937235,6.78250714598651,-0.8533089203133423,2.589245938360782,0.9277696483495765,1.6266319072331288,9.457336906129974,-2.4492601813785657,-3.0047769377576623,-0.5558789845366526,-0.5431056229846642,-1.6129493173924991,-0.8535948906165223,-2.4897227599053955
1,-0.815886979758964,1.531325006497721,0.05574553805225874,-2.488121850919097,3.793126907446524,1.1817354359377277,-0.2766995641255723,-7.0887722789778165,-0.3339173884032752,5.955084345229333,-3.787690282459423,-48.04010579708369,-1.9319049109052029,-0.4943370697926511,1.2717605714400886,0.392730958154811,-9.014011375760692,1.6915398763354954,0.42710682886174,-0.4747944418460398,-1.280663935099602,-34.48512118572741,4.8909107272815495,11.267103971020923,-1.356966134165072,-0.24704803598235203,-2.622857286951414,-0.2624686582668251,-0.8013983062010281
1,0.538521320035229,-0.7348763071267124,1.1025206459964176,1.3034858952480652,-1.5644148102834377,-0.8755688125928305,-0.9820624763956726,-1.47105822092117,2.3859218879547375,1.159558926123897,-0.2922116486533926,16.183163035900527,-0.6517835825979429,-0.4469302399817102,-0.19276397606282097,0.1876356224186046,-1.085719717324795,-1.2438718470335424,-0.08459841625372673,-0.13129207168250956,-2.854208447471644,6.466348574489684,-3.2481366670965963,-2.5328335648148075,-1.205307962782642,1.375870527885403,-3.434442717051941,0.2315584410652942,0.8038407830844038
1,0.1876076237743992,0.9268505110496174,0.46896033858922714,-2.1098299708575476,3.5716714700654593,-2.2438280643432242,-0.5614281693536007,-23.290606379482032,0.247673243805585,12.902848156752198,-1.411768370962613,-47.451935191103054,0.41255488088148307,-1.6630550936887176,-0.6295639881436812,-0.2753214134981547,-1.152568604157947,-1.2013880150172016,2.210326452183741,-4.09284887006635,-0.35408511553235306,-28.39349688727564,1.7014411637309133,11.739727335790828,-0.5535133924685449,0.6180931980993475,0.8863133833560883,-0.715942167522119,-0.1829098084438296
1,1.173727700819193,-1.0020657294399127,-0.8994045895479864,0.9811032729633912,-1.9944605047229378,-4.53526565585723,0.5171093989578073,2.0771865348134724,1.9602556555264306,-4.213289109596468,0.39861691364682256,-34.21555512151604,0.9726988716959679,0.26746099238835147,-0.4177895589463693,-0.32969767387951526,10.831033005639373,-0.3386476148779527,-1.3294506312539027,0.17997369653631526,0.5682402173196062,-8.887431346121367,-0.016876721400125815,3.5274284274198866,0.8577925273318677,0.48181441825015686,0.8686776861979,0.6129879055316174,1.2762765597808243
1,1.0495448439256947,-0.5926552286363761,0.2764207008415718,0.8101526050016277,-1.0966009819052862,4.232255113279848,1.4237441538247702,14.937032522322156,1.101904443452914,-11.373505614384298,-2.0368414743080265,55.67069680250093,-1.4187680777750233,3.1770867600694728,-1.8764848115453507,-1.063140057367305,3.009091513500896,5.864621670528411,5.526477432319086,5.706206066311661,2.068267712828188,32.439222708262136,-2.0071211529148374,-12.958949119857062,1.829954121526961,-0.5412172949073126,3.200973128507853,-2.2426759910848952,-0.4016402582982714
1,0.6482736029860284,-0.2957415907561089,1.1732217297404197,0.11359631527792116,-0.1694751850599507,2.4004055237023847,-1.7310948793363998,-11.07465688914314,0.0586038860981147,5.074748532026116,0.8872784959746646,12.481957111599046,-0.8033940546860284,-1.9965305829512348,-0.21785121511564157,0.025497478334753427,-0.732194710327378,-0.32005953206101634,-1.379841307352113,-2.181158310163121,-3.9483239882689825,5.604006762022523,-2.604157499599216,-1.7048575680837845,0.4143882151517091,-1.1119304429355932,-0.0852009546968806,0.1584710221615868,0.8745391546909531
1,0.10202641060122744,0.7029598832365521,1.3773688245857298,-0.1257762572980131,2.649170943181488,-1.1768750731640323,-0.5339207950176517,-25.371838711533844,1.0306044996410149,11.792272760225647,1.5364046950387609,-33.648450909917926,0.04061003472199422,-2.9116809681784575,-0.4621820604481319,1.9247622178384327,6.556051232983027,-1.3131143279268596,1.2939326212414624,-4.174931062729647,-1.080085960711538,-12.415486378805449,-0.7723864938646849,6.964650002104482,0.7231618115436961,0.6657072646390854,-0.7202224789804444,0.3106187625785759,-2.873341394102917
1,-0.12225614771052944,-1.1071514750107065,-3.0251846413102026,-3.2010330554550808,2.9268965403941998,2.096369873178446,1.2405995815504884,-26.841406208917206,0.3002801791721075,11.307253469212903,-0.698212651756773,-83.89889014765235,-0.45973668832674564,-1.324216848200517,-2.144316761429122,0.6811277406881315,4.432828068798153,4.401357906481614,0.25807544269384836,-1.6731622582876182,3.256035797719306,-44.436871848136384,6.071290763341053,17.71954833627977,2.0062002238330745,-1.171820887982429,4.268833159475162,0.06076686902071922,-1.4714467200256007
1,-1.816825397349175,-1.697545846335612,0.3444375906259241,-0.16039304273459476,0.984315011351718,4.273950745457419,-1.5072192704869223,-14.955579835225457,-0.9157048769709247,9.895211871548632,0.575419501315106,-38.595730589343866,-0.022472292252689756,-1.224000341916791,1.1913386271698347,0.8729383035027345,-1.070390299043111,-2.843419706054352,3.7080722229131524,-2.3384501012335916,-3.1870579352837343,-19.608838180249627,2.936447610448951,10.896592092526499,0.8746701601770477,-2.3162945935743053,1.3342141977697441,-1.7351845705393862,-0.16475153771490703
1,0.06966175636448114,-2.8360890929400573,-0.42329973444986324,-0.23558523399883594,1.2614638230020405,3.4015018074287453,-2.380426250312152,-4.383236121996328,1.400258832039812,3.112735908450327,-0.5759117475545509,-20.629710499824668,-1.6511318163498458,0.9609412788759314,1.6500816295756462,-1.2055754750846226,-2.6820322558452765,-3.453406240058835,-5.165817849130054,2.2621515190593477,-6.703667305005646,-8.585401473965778,1.236957661923672,1.4288284313549346,-0.4663298980478234,-0.17047087920585288,-0.3207614881152977,1.3919081979956358,3.622138582871232
1,0.4474059900083854,1.2410048576821222,-1.9307456127076665,1.6937112588962933,-2.968456282820246,1.0355923717269369,-0.878113743547597,44.78767766835962,3.3087774930949334,-24.395239565737945,-0.6654583410473078,39.20104419892765,1.4935869436761335,5.340968734341415,0.3294480546640503,-0.8021431044775639,11.41971758162535,-5.93648878276389,-1.6790995576768615,8.59454574998823,-1.4289211455738395,39.98877224973178,-2.9850062315412464,-18.10184405077971,0.18178143337956976,-1.5713879147264287,2.1107406757086333,0.7313491273949381,-1.1320555251147264
1,-2.455916619906692,-2.600464231533236,-0.7939117516189955,1.28733519907885,-2.1914493464992395,2.40766773178154,-0.25141192413882935,-15.872193755529207,-0.434864565042614,13.56899713979833,0.06349414237270865,-21.667219226074987,-0.5346123432921851,-2.686868554658202,0.7239369099124966,0.7582482178963862,-6.330722968346825,0.8965434193312718,2.9364302933810356,-6.0778142563665085,1.340438079141998,-24.576119697754628,-0.9651786945970325,9.99819113579982,-1.2535901201769126,-0.2876239978042517,-3.018069377765311,-0.18913082061705302,-1.751966643319023
1,-1.9322715235808139,-2.1996983718935983,-2.3429370045432134,-1.680841584784289,3.815012241017261,-3.845860318127829,0.655312142682876,-49.49598626757719,-1.610164341073652,27.005442407068497,-0.3622521817179151,-91.39041874437281,0.4441652381933077,-5.456291658788396,-2.1095535280637296,2.122287700613031,-2.5658150511287725,0.9449571796044096,2.0370413805366274,-8.937108402817472,2.989831319644114,-59.915817007271556,3.390531674846841,23.338292994400472,0.6575514079640008,0.9394227523286979,1.5019728962210468,1.6233183273369889,-4.031447906929686
1,0.10472359516384365,0.015963075270438325,0.4398726948603896,1.3031363727603824,-2.7406036415499955,-1.6088825667416262,0.23807308787848694,-10.244164081348597,-1.3377762571281808,5.086314359248661,-1.4034853778300698,11.919681755996436,-0.8692865003992086,-1.574021923763161,-1.1806287852256745,0.9789658253392455,-4.5819155533313305,2.0991004474255326,5.834294887510803,-4.962239453138697,-1.0176704444260716,-3.499173299341658,-2.744543809880882,1.8590617606596744,0.03749248035279178,0.7621592857463052,-0.4851495173129304,-1.591254659596756,-2.108071688816167
1,0.04241138368987873,-0.22398459792093683,2.368676901272683,3.1089976198577842,-4.926743329676972,-2.3233241219265244,2.0747671365098084,-0.6411857466509472,-0.1130732943703924,2.0062047542671353,-0.3028451298855182,31.12110239342244,1.6820676930609382,-3.552687685020768,-0.16202201095653285,1.654216631800985,0.02585903258816128,0.9295026090503072,4.226126335390868,-5.859107837080212,4.600822410053822,7.214488077836362,-6.618366049788875,-2.203216750630484,-1.053001487969422,0.4252600946887726,-3.112466483259496,-0.18537610712134617,-2.48220707972682
1,2.603322832450735,-1.1483519592662301,-2.41094033857363,-0.27066800977950745,-1.4626872074874162,-2.3105883596333046,-0.10133921398806117,-0.2979852930495916,1.0425118281337236,-3.378701201584759,-0.8672616727585284,-7.44159506378895,0.567331653031056,0.6204831360879878,2.053273376535592,-0.17871109633481277,3.6206517528886635,-1.4198713910656782,3.403248483246537,1.4424633370869813,1.7687921679739218,1.667223789202364,0.5383789364097062,-0.9658232159001116,0.7758594841110324,1.1647438522606712,1.5929928389658066,-1.0202518372060105,-0.8439794694005072
1,-0.8212978995870996,1.2059160577934016,-2.581504675545782,-1.6062652311531782,3.2674168445896608,1.0776318552913886,0.6808286532138387,-12.556624002079944,3.1423720958813726,6.523806631561815,-0.6063081832733448,-85.87787948471754,0.059243885716559724,-1.1973328151272733,-1.1865047499307293,0.5583475091245389,7.505641623301155,0.6637445707600399,-0.04318017519262636,-1.483697429956154,0.6518123314246158,-39.73210084248542,3.4387128771707896,15.372719029092739,0.9208844640784986,-0.2845018786207755,0.9713030960266374,0.5896159056014357,-2.7546981549060185
1,0.9008263948264779,0.18471252348098252,-0.43624776767516893,-3.0730445754051123,3.757967481141006,-3.263072896420382,0.3797317584664695,-24.679964930282964,0.619301785098937,12.554110286995316,2.2536669420739366,-84.81468367208878,1.2830369354953302,-2.6802836643809855,0.08012535744038125,1.039134301508044,1.7522557971874746,-1.5814981274397675,-0.9004283221439134,-3.778080912253184,1.4526415196727374,-45.18079137760893,5.272002100601506,19.17076509580153,-0.9970431488781968,-0.07980994344781955,-0.7905989013694495,0.9475545514776065,1.1539798152133889
1,0.2319739873805093,-1.420578938060005,0.2286610056187266,1.0299877557709554,0.08021326789885758,7.438190697490838,-0.5685447496625082,-18.417732197204412,3.8422723383236854,7.795365413324181,-0.11827047355561959,-44.80776923162546,-2.2980883234029936,-1.6808635797456137,-0.5004201213284962,1.02550348650613,6.6680076007777105,1.9306497384017975,-0.6499692634597128,-3.0621478448395574,-0.7532072454957467,-21.154317415937047,-2.5778829895840274,6.8472121072897725,1.2837661881983815,-1.3080848834685381,4.33157690924487,0.8123576247955899,0.03935893193882521
1,1.3432156710086967,1.395583011269002,-1.7674841404300623,-1.2884722275752998,1.4159115512787024,2.2068067968394467,0.01383095057633114,-6.746037211541245,1.3316694276151173,1.9253555917042746,-2.0825541821644857,-65.38776840510334,-0.3898923606230969,-3.130668498337177,-0.8462145340213213,1.6504261020565585,0.513159619928549,1.2114993327865142,0.12946221104269642,-2.4629322334256383,-0.22806808051451144,-37.892288941407095,2.7798388841741577,14.323985918167086,-0.29498736491931904,-0.19015933895272857,0.5605584208182606,0.26468870001555234,-4.889241418972614
1,0.9968239803010619,0.6723285928389243,0.6348698606907602,0.18841697595023726,-2.110459420555573,-9.837241867347615,0.4310636689680686,46.301094010845844,-0.36101072257941585,-27.018340538941686,-2.0523621640806726,73.81656127767904,3.2271208326041076,7.495252211231889,1.038090078361378,-2.5929530156183254,8.125188880573031,-2.394071075312201,-3.70192211099298,11.212676812001316,1.4442874522654683,54.62303569082785,-0.7607753439603299,-24.99147575483762,1.4011386219381758,1.2751964125899458,2.884130447110929,0.5780285694522213,5.454369887572675
1,1.067107237211962,0.40616408693537026,-0.046079669621182734,1.1251236528637798,-2.1156336420796613,2.871729742940035,-1.1951733251871104,14.47005241269502,0.45096732743235673,-7.551903735128699,2.7824414019977004,46.194040280558866,-0.5593819163775865,1.609966419376156,0.8547013259472861,-0.9379038197237102,1.8513356441460216,-3.401415678205618,2.8429006774121435,1.6524900862318548,-2.9606397677398335,32.75676982888657,-2.889980817233522,-8.873298991781368,-0.2709092348806199,-0.42025077387401044,-0.007493796514377817,-2.30850931503865,1.0701716137594859
1,0.3358866241391798,0.11869123570210513,-1.1313412277299595,0.5406518958099994,1.3817350004858773,2.6239029828522358,-2.574784626540987,-24.687482137509868,0.28716356287410993,15.227292744543917,-0.9204777315404151,-39.69224817592933,-1.2187819813258465,-3.8358578608553504,1.6559132756750339,1.108956707859438,-7.009909909978172,-2.801794290166546,4.368056700100805,-6.4650185195846115,-5.40081493999592,-31.251967140510537,-0.8674622879417245,12.582989148908334,-1.4573985780498517,0.47043143014622973,-3.983637166676795,-0.8197009402736191,-3.7356118567908334
1,0.34915168689716863,-0.5940498855381466,0.5996019498620612,1.682580621725573,-1.6219138079175741,-5.704946562736473,-0.9378684194654462,-9.435578184954936,-0.760824954651972,3.5922070429547857,1.9267124580774215,19.397567415816514,1.0951761740289994,-1.8432595655807658,-1.4002404517351195,0.7195717669268105,-1.370421279023946,-4.954807491087912,3.031683301969717,-3.5136696601178095,-2.23550411571455,11.388777393194363,-3.317069984014336,-2.5107525201236633,0.48448982041516087,0.35684906127424865,2.3674518700844365,-0.2829920066613075,-0.18582973638164357
1,-0.7176811214169986,-2.276694040878888,1.3671325182754148,0.038072387128276916,-1.090439404917939,-4.144180432090991,1.2929504418731326,11.756986580208684,-0.6032260222468843,-4.257156647372958,-0.10847917717113087,31.467600146819503,2.4258828102178,0.7314058293245721,0.7638320390516709,0.25029994233234987,-0.46102987261817296,-0.8495694991080215,2.980501320994726,2.7422918427407494,4.052673491470433,17.97956419554075,0.04025845108597772,-5.917260728832765,-0.9233422809538561,-0.4157239249729105,-1.865831268142055,-1.1623367134129285,-1.608533477991391
1,2.6752045885466593,0.4639679245175186,0.6259328158429968,0.0055964516736527374,3.0952093044508104,1.723723435435955,0.26465479894592325,-18.990254203372352,0.8306906490402693,8.633225905863233,-0.07956844522296265,-20.127982061477034,-0.2319743892088333,-1.418406928165554,-1.6148641111206878,0.1502128045732562,0.3291568898941753,1.1694490983196457,1.9668206189884645,-2.0925503347301557,2.1738438899020918,-14.751939383008903,-0.6770011288079856,6.600998657516948,-0.5063185502145728,0.23433925617782103,-0.2889110637596888,-0.9731977594606821,-0.3142013523735231
1,1.1825734975001478,-1.9885627856488544,-0.2578336932819522,-0.26109802886235206,-0.3043868167624667,0.21347588316667343,-2.201243160503257,-9.774974292929848,-1.0849277675029032,1.9728558660540787,0.1613093250313087,-23.864659637160933,0.05806665393791313,-0.30123136608138334,-0.059365894364898385,0.2757209848901367,1.8388361207700017,-6.7333502676037735,-10.94452406813966,0.308082980397134,-4.278227248233561,-5.031245862080976,0.3040395295634328,-1.9123370227781482,1.0696985498824176,0.8781749893888643,0.5301803171933603,3.733556234757219,0.8879489532204456
1,-1.6128103456919114,-0.573301536404035,0.3893151418947464,0.7811935775570632,-2.490434057029157,1.4858082230184617,0.02233703020247214,21.413152053664273,-1.5602076174600714,-11.335840234387545,-0.5586165500386164,68.80521629728574,-1.1291078117232798,2.1119506104438757,-0.023277839781975913,-0.923213423621843,-4.003201274666061,0.8253579729099872,-3.628691317931379,3.816724711080147,0.3383372662803828,37.30234944309348,-2.063333452569917,-15.575634840157301,1.542391375307644,0.9497603179716358,2.4240585012663245,0.6475631009135523,0.9900313300346525
1,2.5052718391252777,0.51401341136729,-0.3499981504553956,0.1729043738217617,1.0467864400606703,0.08625427352288213,0.20370617911123667,-0.9040369832153872,0.9982757668993408,-2.2852579181637203,-1.617115552747867,11.041017615592795,-0.7796894453308844,1.990056361812019,0.03676801347679741,-0.3067648197960751,2.712311588282892,0.595957803152433,-5.133825113574627,1.9089985501591356,1.2827454515651135,8.36129466857135,-1.7892430997739102,-6.400172372632604,0.251109405410463,0.8561606699703581,1.2899468923319475,1.5316495964251031,1.0910099463616825
1,1.5677623559889713,0.9161779580148959,0.422104692588363,1.561060883792458,-2.9064264806727627,0.733491438571961,-0.4359799949941103,8.167417867481067,1.7293717206723664,-5.9588418444404025,0.6133796888853789,-13.916854460514871,-0.7172462139608428,-0.9713499672648919,-0.6264333823863593,0.7770556426177433,4.9935402950315435,0.9483041304073168,0.11016503561371156,-0.6057018250157437,-0.861630945415532,-5.322873863752752,-1.1941013046815525,1.6390188031369892,1.0393980289269353,-0.19638936605448779,3.2147946590527963,0.4960170217194522,-2.335831566371617
1,-1.2274490197141463,-2.3201741364737316,0.9360733054934985,2.1719940855963396,-4.0942059765648375,-0.48636982109669114,-1.23759215261917,0.04616131145182759,0.9941704109555448,1.0714514345899044,-0.623025487603087,-12.43146229888824,0.15127010400898117,-0.9316747879539361,1.0778000730227983,0.3474874122723281,3.7211391592763987,-4.322936262253355,-2.488495629459961,-2.7158295655545444,-1.906058263534769,-5.229443974573666,-3.6026157141391875,0.6017976203839491,0.24630213312320975,0.5214969520398792,-1.118779730963881,0.17652359994063088,-1.6746280982174524
1,0.9601113521307357,0.837509594436625,-0.4230683982523784,-0.6108371433460241,2.563800240792929,-0.005862362482238907,0.21538394815168624,-9.923148053776758,-0.3084579790283293,5.529394921147729,0.9291585341484893,-23.8523803114645,-0.36259610926302677,-1.116505544663811,-1.4577691378898212,1.1687843649569138,-2.9659855361684504,-0.46149947146527126,-3.5985606224672986,-0.7834053570545676,1.0980833291633618,-14.0938254216404,1.7195615316348574,4.972173886616118,-1.1070715820273096,0.2700634091552476,-2.3484555014008834,1.6048458041676277,-0.5951030432430388
1,-0.7064124493438364,-1.2111530335767644,-0.7017330405075771,-0.6258654207751821,-0.951775401621744,-7.144379340253932,-1.9125917660880325,-8.519991600400846,2.9778968110599675,4.146610195286157,0.4680735076101013,-46.70864635300518,0.46887801498672327,-0.9569800533277446,2.2521947707678636,-0.30695302270776986,8.179421234315592,-4.238012065289752,5.177353989693126,-1.413977559233273,-2.968433299506869,-13.807950917825544,1.0714810181406997,9.472140343176305,0.5288526701118091,3.2534435923808274,-0.38498453287939827,-2.434630804690234,2.277662032595047
1,-0.5209989136608975,-0.5691032747619049,-2.3277295135366702,-1.778976050512125,2.6567795842304074,-3.813899929339765,-0.33171384809402316,22.68185959390049,-1.6263009746605992,-10.151346695492093,-1.944951975763316,75.02942888275034,0.07510674152869676,4.850721995048469,0.1224456827683722,-2.6022748326213287,-4.9431333420371715,-0.13433324526832435,-0.9552981162351791,7.217004221030705,0.27883397114742936,42.10884083359494,0.6206354411410087,-16.793693971982073,-0.6668435186439742,1.3641572591041233,-0.9673962699110391,-2.196012528504765,5.756418988817681
1,0.11478059094254109,0.27817194239670573,0.0709889704672395,0.9607948489964724,-1.7654008933770906,-1.2828203131738298,0.1221585231787416,42.35858040611046,-1.2927770595907422,-21.84038249469203,-1.2244503429790918,103.34986123054989,0.5572914801178153,4.376616924606603,3.1941285740036145,-2.1743484766608683,0.450955528766575,-1.922465306919189,-9.536389531532327,9.033488663271077,-0.5569720986523751,64.85156387049472,-4.027152863524063,-29.90745039143761,0.526884504640817,0.37499904816129337,1.0276259589255088,2.6171183824168835,4.30499082940272
1,0.29668296017441237,-1.3502017176494119,0.8906490180876089,1.4485370528332038,-3.411190880005365,7.414802901649077,-1.7542315533861828,-15.901134695816115,1.7053164863243107,5.7429081041058625,-0.24566224689106303,-41.124069006265806,-2.629359267492532,-2.145441101828137,-0.8239686202015484,1.5468694204231657,2.623057727576893,1.0008755797501714,2.4559982133970464,-4.9436938440991005,-4.751634259960892,-21.80662462877946,-1.5078435082272714,8.286599784385063,1.6221178695735177,-1.1918073812660759,3.2781813667862245,0.3384166204363634,-2.1757795854030912
1,-0.8421165506183508,-1.0672744192767722,0.494446189593559,-1.0557216640298084,1.8741463166146404,2.7381259496101684,0.009707619503476204,-0.7464151546166629,-0.4302903786146583,2.9252694669335795,0.23491928473991108,16.47768089120501,0.19222644667977304,0.6856115762405736,1.5831455232946863,-0.6051767366736364,-2.573211953667309,-1.267378816361247,-0.7117258097922157,1.9486186122457045,0.04089554974602588,8.303623945613479,0.837364542479478,-3.1436158089269384,-1.4060865123513344,-1.8278393750302127,-0.8883850017642129,-0.37616716807269396,0.9521175890235185
1,-0.8828798704689583,-1.7039334483921311,0.4959647790399092,-0.7401531975700362,-0.6350165091100671,-0.48660288537537777,-0.9468164485322323,-56.18682807570275,0.18489969208906462,28.856141694504128,-0.4590524680477955,-112.87376138255559,-1.1493391958102017,-8.58820269906084,2.335716738304685,2.89736538943055,-0.3304737637540471,-1.3299568331357354,5.730342515099015,-13.657292062947075,-3.450147111263293,-69.02078154458361,0.227027404682477,28.840560184818113,0.992235503121898,1.4276703626117666,2.1424506911919186,-0.9940859171239158,-6.338303203915502
1,0.871605654411081,-0.6887587343041227,2.2971850561614087,-1.9517498273536222,4.757652709323082,-2.3433135424247205,1.302487451744073,-20.04455596598188,2.668176600348754,9.01938215997261,-0.40621045489573165,-41.256411887670446,-0.36699434723819985,0.984151453262991,0.7164968942918439,0.3925876384270444,3.7537121205862785,4.569987582982448,2.9277982375025213,0.26471070581704037,2.240139985027679,-22.5345911660675,2.310663454934858,9.345540470567077,-0.0078051415759186685,1.1084793586832924,0.9701551314234632,-0.46614257561590244,0.2632967888786116
1,-1.5956295528309759,0.6241142917430303,-0.6432866526059646,-0.26902629616267243,0.42131121257567944,1.9060780781366276,-1.1285968906192734,-20.67043291013569,1.6057862189096836,12.163254797027756,-1.065268470978787,-59.07704412741246,-0.49077927730685245,-3.5445651681685075,-0.21792194598200587,0.913549108642938,0.4417753967921101,-0.16006228665733435,2.909825503929585,-6.6437080881662585,-2.8749473621841686,-37.74075706596087,-0.41112673713075315,15.349291290426061,0.1067314858114797,0.2699100269807285,-1.140882206040353,-0.5695058540202637,0.7494829603642728
1,-1.7577984236345139,-0.5146723856793632,-1.0728946163277535,0.6573729961500924,1.418611578551942,4.514153453213198,0.04106777646122545,-25.720452775207562,2.8321153677047626,14.857663274256351,0.19592240627589774,-76.57387209878132,1.07361308045153,-4.034617820263195,-0.5322786061165419,0.9520465237233529,9.189115122204617,-1.0620768934581033,1.548857291431241,-5.907404049922999,-0.36031569699358273,-38.56225616372866,-0.6369076388554229,16.551183055161744,0.41314308726953897,-3.3179352693184927,1.5176733190709186,0.2884075992741481,-2.829347626925905
1,-1.1587088252792987,-0.20624875836982612,0.472863466854583,0.3726324309524551,-0.7056137815267267,1.0502958714108113,0.0979037321459848,10.675091729726741,-0.11634978859661262,-5.228726398873258,0.3313237365062692,42.703448923179515,-0.31815726775931996,-0.23585301521385946,0.39537950255910215,-0.6980374669660802,0.5792057960050788,-0.6580766363463066,1.9313002492181943,1.8885528803235223,-0.44763314086532807,26.813249258874848,-2.0147442929643,-9.791043288071487,0.05286218285946819,-0.13580950474952921,0.46837423007144136,-0.8603246435601016,0.4258112520225929
1,-2.225328832263492,-1.4240139672400964,1.8109063407598045,0.2937338248257647,-0.7819690957954025,5.527399007878759,1.0662642731819316,-1.6792745974131555,-0.5036842501795614,3.354459203992697,0.1923968019511217,26.235348679496845,-0.16473414000720346,-2.303232256010887,-0.20331515890889193,1.1504193483198801,-3.9460013512588077,3.5163634832756725,7.564662753559466,-1.2107844863952668,1.3536999687204083,7.160311388956706,-0.4022296981282944,-0.7202326766026736,-0.36536823878146885,-2.613079539813754,2.653117656648204,-2.469801305884297,-2.9995546880017177
1,-0.9663545858722927,0.2986045791537322,1.6012206132452687,-0.36591313417581706,0.6420074971528809,-2.2987855499760603,1.7491875723037273,13.422583846958215,-0.6370146037551634,-6.874327439809456,-0.23361173745298683,19.711524476878257,1.055595823665667,3.274756218818417,-1.6617941631546986,-0.3786360903584131,4.884693624619312,2.1218867946331863,-2.866649272456296,3.3839951814330975,2.1928946508837956,15.030947013442924,-0.204120587481026,-6.294258921865583,1.4378219343308265,1.0306057998859866,2.49239276333451,0.21859418619924006,-1.782339791298457
1,-0.2982832580536487,0.9809848229081576,-2.586215754844591,0.1914369082669888,0.4372286290573418,-6.437139944846177,-1.0610012921915708,-8.919540048550724,2.1738802484653394,2.568125924590101,1.914301878442409,-10.48205610335254,1.8864700675042763,-1.6426020168393203,-1.465632195098448,0.30708743461813043,10.107095538492517,-5.94835914497251,2.498582402317344,-2.234629765769371,-4.124403466911279,5.748353222308268,-3.1115247033016646,0.23972421706528454,0.9189962380055138,2.0681431479769876,0.21359567495005152,-0.5785800879739488,0.881649063916506
1,-0.6222064709995712,0.09033763824730373,0.42044567044695275,-0.988000278246536,1.9309703488636238,-1.9273322588705701,-2.216314174749287,7.690738580646109,0.010515394420442085,-1.9159569369869192,0.6957405409055257,-4.8944957768342325,0.1756567708680835,1.1939371787570126,-2.9192262596592293,-0.43005811799467475,-3.259967372014122,-3.9590351866942335,-7.210638528365372,2.546287085108871,-3.6446262601373407,-0.08470953803847109,1.8662923544060344,-1.5662393404312234,-1.6701819396385977,1.154231941342632,-4.71203967663748,2.527408469710016,1.201371702892261
2,2.079809666463551,-1.5332247557838257,-0.35126692778687235,-0.7485831580692051,0.5685884307000227,5.388264504669391,-0.6243408758962029,-7.394527670238223,-0.6961183850832705,2.0082956735412894,2.3856247906928125,4.402985964770972,-2.393571646379379,1.1161119289762143,-0.08424291971718352,-0.6254770222729351,-5.323511825223822,-0.08422817344575152,-2.8371840548326226,0.5324464639355146,1.66771072110905,1.8639744428484886,0.36305430695411933,-0.9023140571627656,-0.26849018304713385,-0.18972492761859727,-0.7540620543363988,0.8051382315584574,0.6812807817789132
2,-2.259991571683641,1.048844828932146,1.4818363282710125,0.3882262152605144,-2.9427807941916546,-1.996369435217451,2.4412837247428896,-9.909501933411379,-1.6456274883496234,7.487459688432349,-1.3142202906299627,36.917525699317274,-1.1603545535900248,-4.5326749285944885,-1.1608140125700177,1.755614230982901,-4.583973669855193,6.961338556332541,2.898603676211687,-7.703485953994258,5.007773636083316,9.031196073719862,-1.373501343128553,9.76320798157827,0.6187839695355535,1.3996627859290192,-1.5005563238970396,0.1940084953457033,-5.390634877892968
2,-0.7182442126911994,0.4773217789159966,-0.49242542486478025,1.8216435478591004,-2.428659248936452,-2.854057368394528,1.9508292326111143,27.23429905986766,2.052105839758108,-12.30711905486189,-0.1676629577171998,-17.72850299071118,1.5222144879207495,4.133483137480103,0.34743504662516383,-1.3846474086986822,2.178404870209389,2.301727250672389,-4.969775032300089,5.383242057483675,4.066553234195106,-16.348836378108537,-1.762277367971671,-11.238920351965216,2.0275678484940407,-0.9089776982089431,-3.188315450359106,0.6600578118149125,2.4431843125243513
2,-0.20252369640587714,-1.8090212851740406,2.00663377617554,-1.1767709890881963,3.836664714580605,-5.382532181238927,0.3878913063484098,11.344874132943469,-0.8045519958721282,-5.451563461900289,-1.1622979926049228,-35.61719953625219,1.4990255189704234,5.600933441289972,1.6572002708229328,-1.321928294645023,-0.1320931315048543,-3.26005994836319,-3.1720291544090538,8.751640631627968,1.1586877705369316,-17.44933066394055,3.0871392181871853,-11.187366282069606,0.9972313502332414,0.35722012612796067,-1.8751165761824344,0.7547306723371786,1.7468595886724274
2,-0.3125045133855262,-0.22450185921799912,-2.2120524121684233,1.4244105951042652,-3.1533290127393627,-3.4687553820792947,0.5014022870911322,30.358198145217788,2.538856378338139,-14.46854707614248,-1.450865012051473,-28.406490143017926,1.1617882003270394,2.0084009931921565,2.6680554514418144,-0.5275161605438236,4.604004475111398,1.062439481894966,0.21856208003977898,5.78876864408323,2.7408945166523484,-18.785200067710928,-2.219312758863826,-11.929030655117932,1.4502241180826796,0.821420550018285,0.3393075005343407,0.1918060175381706,1.7173631169383816
2,0.07460820289524421,-0.5853686746975334,0.7098265936847977,0.8443914568441088,0.0063946817888392935,1.113353443864938,-0.4337082030272024,7.18986986860953,2.441263021615282,-4.255784707372586,-1.2073711349783853,-24.41550870690291,-0.15031337505627926,0.5711242962611904,1.447565254466468,-1.2078518196759438,3.6199434695315826,1.3452450125449926,-5.992881729998117,2.0503423646368453,-0.5329335089786011,-14.847115522719097,-2.1604679834243052,-6.0738123127017145,-1.3349809670235684,-1.5037966822156605,0.8795397841581372,1.935684055500361,0.8769681676479959
2,0.7002331323995167,0.5910499614500861,1.2178671282662055,-0.20567512844012378,-0.11257376068666364,-0.04715127267893586,1.186835609049485,0.9489919501647037,0.7704471961673068,-1.0702169306978158,-0.34989318132394276,8.337263355342685,-0.842546055578969,-0.10512474695211081,-0.5244936047803697,1.150802827513848,-0.5373546418852618,4.488669530727462,3.8869585200255345,0.33600387395977727,2.21531371352469,2.496617990310746,0.6554862732503205,1.2949005731766228,0.6284868897488023,1.8039963778144374,-3.5249851849033815,-0.8727605064219295,-1.0150449303972775
2,0.036760058851390096,-0.8811551553547066,1.1490868641731968,0.8856260826564893,-2.7770162847010162,0.6465696617645703,0.04614763548936109,-0.21785466529677244,0.128292260678362,0.7671601945726029,-0.10086090596455922,-8.486752672962108,1.5648852526947534,-0.7323674432068874,-0.22525281796990004,0.513330076918155,3.980967690537338,-2.368330353953735,-1.0333590509933552,-2.8954872387252992,-0.20909301065063432,-3.713243969436254,-3.2799422346896745,-0.9421831355326288,0.225871194677782,-2.018058404616462,-0.5454204235699094,0.5085479221736019,-0.1859835961570847
2,0.6124064679069204,1.4391473853155197,-0.9014881692295875,-0.9685067334483245,4.364639753236684,-0.06430337500680476,0.8746527496887914,-12.035093429848022,-1.481038611856003,5.795772783138039,2.235571774595894,5.344398276785573,-0.7074981105900514,-0.5163190572550013,-0.39284740972636195,-0.8824029028245887,-4.252294624880822,2.813532502759702,-6.7629901052015935,-0.41812641517779486,0.9189622983860218,-0.9379940665461775,1.485334975092706,-0.5945680855841767,-0.6408492460787576,1.0742444781113776,1.7645365399632074,1.9809897606053082,2.796973766418352
2,0.8881731123732648,-1.842481719060412,-0.3805178284222073,1.9595008156511082,-4.657809631252984,-2.1582082157635614,-0.02071864087833215,-8.657594192987409,1.7059477700551153,3.818131997702178,-0.6595016536107638,-1.1251266501240806,0.5876324211322143,-2.9498993436059164,-0.9138081505179358,1.0039891923082358,2.88381848464853,-1.937506911634231,-0.47043486621422514,-3.9627315273115102,-0.8725963379386017,-1.7689577634799687,-4.512876484645042,1.4298690834077514,0.04710566227054843,-0.22941702057706725,0.2808787375132844,0.23793399599112716,-1.9072581068583874
2,-0.28866915105504776,0.561012112929332,-0.9717677072840247,-0.8321725034655783,2.3062993507141836,-2.7830646670477024,0.2865638824346994,36.144936990873894,-8.557834758858508,-20.475163799802562,-0.8175139749886705,-43.53283015891351,0.8930143002618931,5.811318367474289,0.8499168696956289,-1.992660484167868,-7.496893227459236,-0.00218870174276977,-3.900545027191236,11.387067606748687,2.7452350812888286,-36.09362929993077,2.719660594353681,-26.28532535572054,-0.27177551187107296,-0.15971202019746228,1.090660863844478,0.3150128486518985,5.038003254854351
2,-1.4565205533489456,2.30351867940771,-2.8080267894686575,-0.4207533517127275,1.2787030174872018,-2.591793797939455,0.03539937683139369,6.8214395680845,0.8439720802642665,-2.853253503634256,0.34183409673063797,-10.08116093106108,0.41689528743444176,-0.21291905102101766,1.6535511851901186,0.11555173309731759,2.693998841435358,0.5538657372594934,-3.7666408961972757,0.1522975322695142,3.528698651590421,-0.11264694502810534,2.188085184446881,3.6434192277376045,-1.9261446911387399,0.4047029647680093,3.302591101207152,1.7718324881410135,-1.7813180129087387
2,2.1872740866890172,-0.7364509230692252,0.5258928603115164,-0.19587690834449942,0.517756905633521,-2.273112497283047,-0.44015350648324963,-22.59773909049856,3.368138234500967,10.377315418098775,-0.6521540155881808,13.752059177707922,0.7828689912562394,-2.832493778675116,1.3046311375612232,0.1627094416822598,3.8205033322151327,-1.4247948541567381,-1.563417630033397,-4.423658739144716,-2.13273689380392,11.230292147814147,-0.6790754827621589,10.521017929134173,1.3907372698812401,0.007248118643712456,-1.528460240591724,0.7898465928532371,-0.11999509447071682
2,-2.2507145655430056,0.4979816687545513,-0.6388155591165308,0.40098553817352617,-0.09561023168836211,-5.914610327727538,0.1655430588150443,-15.136642441087188,1.3831276487187423,9.407351863746818,-0.20591034967464417,21.096796794961712,1.2572268952129388,-3.1649720133172874,-0.6358625963793804,1.0420248215171841,4.991843702346943,-1.0307066757183223,2.9524459700788515,-6.056909794082294,-0.7133840435203088,21.126297171204357,1.3633858883407628,17.55074503287792,1.3687487995738445,0.041747451700838496,-2.9680722883981883,-0.43832879330855073,-2.481033936844883
2,-2.305968125984641,1.426049245185365,0.33309565166098504,-0.7401048182957064,0.21903159412115294,-2.983374272823918,1.263898654782586,20.55128985927229,-2.277970491395904,-9.334575523190294,-1.0739028348460624,-2.5933934429940386,-1.3211618261340203,1.9696127409446298,1.5004179477147224,-0.3882337921351712,-3.7489293616650445,3.9432274928064444,-0.14456710247567292,3.0998080541940682,1.5038410608014636,-9.221625977440741,0.6740100146200385,-7.959867764311227,-0.05401935240394268,2.2887908977900455,-0.2386545821947414,-0.3353816168359197,1.9992559353727157
2,-0.9440952732187492,-0.6603980000865886,1.9022599899570274,1.0993323521122507,-2.034381988230134,-6.479974261746873,-0.16220370531762,10.768333073366497,-0.15540394474898764,-4.0011456294994465,-0.04213875041689642,-11.97637163234113,1.1324435339024652,0.704945357064309,1.0351149274168983,0.0012873731003544505,1.8078019056123982,-3.974192102419393,-0.7565498242810987,0.5739691874293551,1.4115713092549176,-4.103353153627749,-1.1378665829875063,-2.3360785282200576,0.2155315150158758,2.2244196716209896,-2.5583739181053207,0.5229450730249768,0.5250113137965423
2,1.1956793552877234,-0.8575098649595111,1.3117489957616788,0.1748044580511602,-0.7865831664941113,6.616668523220618,0.011869483308416381,-9.21022369944056,0.7506524917539982,4.894790344990304,1.4161914059597946,38.134414663204836,-3.305975981310772,-2.481793521931146,-1.0495623225447128,-0.02148362094806436,-8.125316959355214,6.318149811055133,0.9634213202389282,-2.663129617605264,1.2767145238927058,14.07635851711484,0.30688382741842135,6.71883700822737,1.6117504660239543,-0.944195259315956,0.33458755754246794,-1.0099910643785601,1.3354122118072647
2,-2.0203017218083663,2.5363229151817195,4.296098008433941,-0.6847159831868038,2.275614423096036,-2.0933307213334715,-0.04122179545495484,-15.196368762348554,0.947694429022532,10.04726401287149,-0.29981381342033225,16.536857769077923,1.4644271879085569,-4.053844312606729,-0.09192556296785372,2.111856599697417,4.713073705729207,-2.404982826395648,4.6576905612674535,-5.835483151982001,0.23847244064626136,18.75424314142148,1.0560717111488915,15.126931532797933,-0.6736695365365462,0.020223742105826885,0.27229958790256775,-0.08200134505954232,-4.968008544439298
2,1.0419917731144603,-1.1575469743516231,-1.1325464859314232,-0.40024531159999466,1.564680175337258,0.6736029591001719,0.7417849349479846,-11.738999672414844,-4.61798776810605,5.398252139762604,1.1091340415939601,7.518084979974295,1.9333487500258266,-1.1116795247944564,0.8641263652974637,0.3319628115806686,-3.344155123762138,-0.5013714111458285,-2.789307861090211,-1.321567689404379,3.5927385087372916,-1.8031757058250772,0.576181971901893,-0.9460896309507456,0.7892609807589175,-1.5198302944868212,-1.45583242888376,1.0976843637162927,-1.5823371037914737
2,-0.011894754548404876,-0.01308928490995718,1.2579847153373316,0.44294631189363265,0.12707490329130275,0.9212798387422211,-1.105721863872711,4.814739263084217,-0.9769864128901403,-2.340599530436716,0.20454072560770725,-4.611506912339232,-0.14596786346162272,2.319741246854617,-1.499703906488849,-1.0454173498465311,-3.733380105657372,-1.0504691300327076,1.4481472135543902,1.8913249205154932,-2.4072584807491237,-10.680824590868388,-2.478007315273225,-10.443530525249287,0.9545708879502699,-0.4864976086195109,0.7988914575281708,-1.2607295433329255,2.092510348158528
2,-2.203968141890399,0.32673867253983196,-0.3134827956457372,-0.8109704497843219,1.3280154335147043,-2.3838951709642067,-0.16867585077363714,25.589428731724038,-5.10138006518405,-11.664366044742147,0.6368371875368553,-19.859227683002597,1.1209938550991623,4.15592064537252,0.12439917612557727,-1.6170956311452016,-4.596282045965258,-1.5985983683996174,1.8906735221441515,6.9940908954860435,-0.8536100649708217,-15.550352145785366,2.4734062738970684,-14.898829795428359,0.8350507622998221,-0.007757360623585958,-1.332564203885378,-1.6809945836678593,2.3701316595397746
2,1.468281784447499,-2.4362853444798414,0.42869002462843997,-0.2634544262856853,0.7929417969536039,1.4194737318223911,-1.486516561824502,13.796276563914436,2.311447861907774,-8.367501534775656,0.32623663537105224,-47.715850047918025,-0.15080764778943798,5.265346114503674,-2.136684811287868,-2.9685670614731805,4.332387611948482,-4.530113088038364,-8.852746582404016,8.069357645031355,-4.802346326370896,-20.948244163807075,0.8311881846380392,-12.722804439135148,0.5136999749290294,-1.6784787565596286,-1.3727527294944064,1.1922934277873023,5.101475512040819
2,0.6216628528888133,1.193795487719242,2.2302308343829598,0.877755118082695,-0.27702606561867293,-3.8820770386915617,1.5456925611335115,21.859315936410987,-3.9707107329056583,-12.897499019239842,1.8165725083258415,-7.828556884486002,0.8221155256873757,3.278418600555434,-0.5935040497966128,0.026791830122107,-3.494018175398891,1.298850079099625,5.7276692009452566,5.869330494648789,4.562894546790659,-15.274756653824294,-1.6134594346311757,-19.922107273597273,-0.9286775817492847,1.0218772081916296,-0.019466802226483032,-3.1065076248890864,-0.8831882073579966
2,-1.4172963574847262,-0.940629601795786,1.9166217401245504,0.9808779542219345,-0.7306416014371994,-7.926984872954267,-1.123310640874684,19.546488325044525,-3.106675757568289,-9.600267837621752,1.7397621156609004,-51.55226813017333,3.256561120718922,2.1524783000124024,0.039400604697641624,-0.7603044750807544,5.024990446929043,-9.065785049781574,-0.6189774952318203,6.135507040995461,-2.6341656978535863,-25.656980678379455,-2.0382837885663596,-23.310961423152325,-1.6771368628998922,0.9935957172597597,3.0310164489837246,-0.3999701657933224,1.0527225072344824
2,0.6149954408014551,-0.36879817957536143,-0.5123995971338114,1.375838986463543,-1.698283695246378,-7.984580680118874,0.214144438857167,-9.308696149260657,-1.006878188570805,4.596093766391177,1.617238640321533,-5.663205115966579,2.0630092511661,0.04138692411846366,1.6677540934630632,-0.24732696807128984,2.6888569276742955,-2.935015152012287,-3.569936671912522,-3.4309113827857813,-1.9191613625024113,-2.558131802833822,-3.0439116455091617,-2.122610829164171,2.0456646854684206,1.5103772633910886,-1.6141112887215554,1.5407354036738856,0.23806664220220475
2,-1.683894788749302,1.1017030488842658,-1.1490744283822327,-0.2773498869286992,-1.0473911770367272,-2.754475699654741,0.06224541715099438,21.772733492184422,4.388666130842315,-10.261145365041026,1.322418888965091,-9.745390709038205,0.6377096899937581,2.4889338306311233,0.16863939627137012,-0.6785009886015965,6.9506563634742085,-2.8476533996604867,-4.11514990152904,2.9074094517191065,-0.24841591223880238,6.152234430891717,1.0680730649140648,2.2524608020826817,-0.8564706965408231,0.6520985648298998,0.9562815275756611,0.2399510486951487,1.7398049866104182
2,0.8886669181755921,0.9877091800677494,1.0055147993502322,-1.9300476373746303,3.011711250551379,5.988494657547779,-0.798533468656102,-34.888805227514034,2.4795111764700755,18.94504410517255,0.2625028007545212,49.293724632825786,-1.952369619776994,-5.312988715891974,-0.059366825656818945,1.3417083049412033,-3.8232214816971166,2.7037828718871837,-0.8120371693376627,-8.247551038648226,-3.8906046948702304,31.17708425180877,3.246377683529808,26.07648552227566,1.429301919815435,-0.3623422165209419,-0.5688405780394787,1.4711327950866488,-1.7063410150161615
2,-1.078979243761354,1.19666748055703,1.104522695583082,-2.0861853546162266,3.3482264895369473,-4.864561534114018,-0.7786675482545001,4.7786218566857075,0.3130905745536965,-1.6382348882519902,0.3463281541032737,-14.738429989347294,1.810928810337659,1.7932454517619127,0.1660095209099532,-0.2933678770619555,3.2261228684573626,-4.82763269771841,1.09955892463052,3.3473919037131696,-1.853361326703044,1.984034058556324,2.8868472975445885,1.1040089611732997,0.36013831580026306,0.06957038232287344,-0.3394936963022168,-0.029230340900996965,-0.6236876025149938
2,-0.5114781079059059,1.8340757729943475,0.05174434418503898,-0.5364579318350929,2.1094865517129153,-0.019833649152821153,0.8556298059424008,-8.531352679776068,-3.0941731415177283,4.118110758568451,-0.9148916194304624,13.03678608958412,-0.18569545588785302,-0.37267907408425127,-0.1787642780067661,-0.0636986273095747,-4.057009206624875,2.978512933449416,4.792674160926258,-1.4518360848710778,1.8232704751609032,1.7161694860937389,0.32604126087153257,-0.9818876360384837,-0.7053740906839538,0.7173329059165474,1.7524819356105594,-1.4966379809182508,-0.7819920663596457
2,1.5322044281859837,-1.7747543934432801,1.2123675149847437,-2.2061907409979495,3.645776974954914,-1.151485214387683,0.42808870879155986,-44.92087382577841,0.17345337654162687,21.56649367966749,-1.1799395851389836,23.325802715114538,0.44893283439942344,-2.6680760719945473,0.09589391359921479,0.4284034455347866,2.702698530848419,0.7895693892497543,1.7048581960846532,-5.912951395827827,1.5007989515857907,22.038187054408436,3.417782184158272,19.854967725181492,-1.2303814043532044,-0.5520108884373716,2.3107171938591162,-0.37148645275185066,1.8209343149852182
2,0.25624419173533747,-1.2623389188989527,0.9679002913600953,-1.7980590135978514,0.8844808078041261,-5.662390384903698,1.2734934701015366,-3.835747917770144,-1.9122210249514808,1.3756168951209198,-0.014168801721673825,6.8063093214653865,1.2374156186664829,1.0502061377831302,0.5085271532090144,-0.5534271449126775,-0.37518490648907765,0.9137323127869604,-2.8665142464173714,1.694292952516675,2.150111559063214,7.902251048977498,4.558850699100184,5.162154078909831,-0.7185392143446392,0.8800178210019137,1.452973110015711,-0.1201654702008966,-0.9483174086248026
2,-1.3234216135306798,-1.3434840160432675,-1.6221496088078122,1.1945372670822314,-2.307075398303647,-3.9640800774272567,0.13277904948097394,34.60174354628715,3.372084304885023,-16.973050319052273,-1.6976922265581142,-54.55699930024722,3.1720485907008684,6.09341683954082,0.3082136710569127,-2.0788254870104264,9.5283034904672,-2.9315410122301264,-4.783416161799551,7.919261830852101,-2.076885763682853,-25.726501908604547,-1.588093250920821,-16.237792931274864,1.0693661497619462,-1.299215823345343,0.9189782139915421,0.5104402485942172,3.9134645189948563
2,-0.4115013118175879,-0.6265683130543689,-1.369445263912124,0.14799433379221924,0.1799462730450703,-0.020967216193038197,0.12485387064004203,22.153098470949725,0.6148084974112644,-11.516512204620934,2.188581166043325,-7.810073320337768,-0.2982346622645313,3.4431670360805096,0.7422995989406858,-1.3371258100273422,-1.9184460594540274,1.5056542078658806,-3.151446841881727,6.006204996515324,-1.6887461003257045,-7.530489288142538,0.6069341543441297,-9.66805989658097,-0.029871093288852835,0.5736174388822368,2.888158156618093,0.5335160226084186,2.1752584402100403
2,3.143547265066474,2.937649671839047,-0.4739401174136063,-0.12785929415528727,0.3212893522769059,-0.3084043943046138,-0.6490843065008166,-5.201417804720731,-4.528181360501366,0.8178650799932994,0.011019959023819179,9.387940406871856,0.038506591724265946,-1.32473115609728,-1.838832408950821,1.572640399045853,-6.220703145160606,0.09485913586148918,5.203563946566432,-2.5710163173300575,1.058968244920859,-4.662800566461344,-1.964336934448335,-5.013029959398688,2.010164450514612,0.2717918525142762,-4.340549428340531,-1.2458345336703591,-4.088772279481791
2,-0.5185760879903378,-0.21304006093192815,-1.4523772606870766,-0.845646978705532,1.6639538338862456,0.5956547674065161,-3.0887722521220757,7.66904054142981,4.816220438907087,-4.06769560472899,1.1830251673827283,-21.79141249381458,-1.4501154128908245,2.0871437539579443,-0.367271057977062,-0.8751898070568304,4.370165759687531,-2.855442759690243,-0.9756153436257646,3.5710295111523487,-7.909570947027614,-3.301705538826624,-1.284465438781583,-3.138162368685075,-1.2332444291942752,1.5611956292767986,2.605016446803605,0.23177617597040018,-0.33083922022492873
2,-0.2662796767185563,-1.709083102952972,-0.7428657852114665,1.0495390016794564,-1.5110719379143416,2.4639937143016697,0.7795324959832007,28.385961312960816,-3.8874202523570447,-14.31918765874337,-0.08271305831541069,-35.96024571915763,0.20240045733404055,3.8312882535570862,-0.9264399240929851,-1.8186994865741746,-4.482883817126551,1.7336019156167939,-2.2673151810864165,8.401237329287484,2.1752292285683117,-33.05497068165264,-0.9166269167271277,-23.71575541584206,0.8889550191734304,-0.9021850141017482,-1.4881692553468788,0.514312980021851,2.8874586869008727
2,-0.007519063486445331,1.464680559684487,1.2720536816758738,-0.672095165396837,-0.4812687800493052,2.539473283361021,1.8441549186032586,4.799576236523098,0.44116476834317747,-2.983598375138534,0.1845295507301366,4.459182970927141,0.5630402737459261,0.419080884494055,0.49940235412439965,-0.49427835354345023,2.938722744910939,2.3267896154630385,-0.4297990203821716,-0.9888186236754155,4.948071311142834,1.4687760354101762,-1.0804730128729774,-0.34791047962616367,-0.8455150741356272,-1.9109647296223462,-0.28752286896095886,-0.7252546477599261,1.9353173827740497
2,-0.4243271807496814,0.7104073665444381,1.2597681259293947,-0.9544152958477229,0.807143110740407,1.1160987878017472,-1.0171795566469863,-5.800253555630773,-1.3664370520408116,1.9088103643634853,0.13718926958883984,-4.640724919709079,-0.41240388283976903,-0.3340689643936998,-0.643780274624464,0.34422528340961683,-1.755293224004307,-0.3683709333119729,0.8148998081227093,-0.12663344088972725,-1.649396486894556,-5.363495839105038,-0.6161796421771293,-4.8485802519341625,-0.569137202767361,0.3606210711896243,0.09536947358689464,-0.4539523034357412,-0.862915527509706
2,-0.08951210915894606,-0.32023760742497787,0.1820451096594702,-0.7433149508780429,3.2015775845817056,4.6722217559866746,-1.3789463177356573,-10.411913642618403,-0.5525565238872524,3.837225084869689,0.25829155119614566,-10.475065441994976,-2.1243217856815075,0.636898305762661,0.033815720730772665,-0.3973863705025198,-1.6227704874846056,-1.234939198343121,1.101356633182565,1.2810395600310822,-3.6586833348666206,-3.0615470204313047,0.560527754282212,-3.4023447777223708,-1.8964793993215694,-0.5923084109095936,3.969593985281951,-0.49912024462334503,-0.3026587276979934
2,-2.198211036270279,-0.7494482154546832,1.1996280694178916,1.6267834229451235,-1.8736429805658874,-3.1389364989186785,0.7449755971554309,-10.46855001840516,1.735514934801181,7.753356581531818,-2.5678282769177914,1.0644823202047538,0.7071801596588034,-2.1080993193459667,-0.03318232215290123,0.1332951424901954,3.4697798040079357,-0.32876831003320117,-3.5587460784660125,-5.8343551829291265,0.9237661883369148,3.251267494525653,-2.106811200511313,9.70592292459475,0.28986590651777144,0.5543978835519715,0.4002054044336126,1.5434669435581865,-0.112659490899553
2,-0.45690179951327486,0.5841791552748268,-1.3993752191311855,-1.6657248318190314,1.4991246781254906,0.393299056075396,-1.495104643566028,8.361295763356253,4.8609016363510875,-3.883716203202276,-0.10672655506003231,-13.656673138218373,0.14770403750687994,2.2851045565288812,-0.6948054356388834,-0.4917785059644751,5.977259344819914,-4.019659868932424,-0.4906437470119711,3.0595681013307785,-2.939678172105765,6.555849918697528,2.6792423285474376,5.937678595677088,-0.08734156666069282,-0.41629208568923104,0.7398630011714087,0.29493606073789946,0.7807344898295281
2,-1.4204103665038053,0.33338750881771284,-2.9450591596701647,-1.7511660259163633,2.3408832211714192,4.445206466693395,-0.5591836355289889,-13.546615459015275,0.38298766464539075,9.242939044410953,-0.9442484776139739,29.08098128009839,-1.2537711391219593,-0.9826964852853511,-1.9089356897650072,0.2856477641353565,-2.9862470362318674,1.4504896759119523,4.20168371715961,-2.778090131829371,-0.550630881166493,19.097652026335624,2.3023586399475655,12.095157093596802,0.7038070904605138,-0.4041456026331919,-0.9238751271852204,-1.500341937000965,-1.6806825395586467
2,1.109147527267525,-0.42334237303525246,-0.050846980723261055,0.22936602731087183,0.19342618748894871,6.468389891738043,-0.6451172190103869,8.072796550225814,-5.187846483564307,-6.563689413283868,-0.160545149065854,-5.933965629854376,-1.8431771734401727,2.450078768814087,1.5933712397139863,-0.961618027613538,-7.61961019360074,2.1232603856373826,0.4993527220880872,4.094904140418704,-1.5660476031407007,-12.39582525268943,0.25110926671969325,-11.854813208617765,-2.1201546026507083,-1.4146765944619046,2.2153050739865288,-1.0506730245221916,2.610527984055788
2,-0.2328531874693202,-2.1179896558352787,-1.5772900505822698,1.574292372732362,-0.6761971258800173,-1.943969391996794,0.012962050852120058,-4.284583697327518,-3.603949425548766,1.2631002254477153,-0.5183764478897352,-2.3102227554382972,-0.8281271236910257,1.5985916500984354,-0.7041959803825203,-0.18425816797743336,-4.413483754009449,2.338361702561843,0.8618976577357561,0.23417231087014667,0.14431097017470823,-14.041975900697333,-2.909955692297579,-10.980460023283113,-1.5055247478416003,1.7896818356118924,0.7530767231936386,-0.926981603020087,-0.1637160257158563
2,-0.28343763848400316,-0.5475026018506611,1.0119800823372698,0.09343453388639912,-1.4927607183215212,4.010075618129976,1.4699141304530001,-0.5709472117941642,-2.8033205643047294,-1.9265625268334785,-1.0936306018048505,8.142285297007644,-0.9606596832984946,0.5937052911060767,1.8538261501727318,-0.4760748606967891,-5.062064238501383,3.7505223581369984,-0.6211979966860162,0.3610633112884812,2.5735771871304913,-3.2563463397108303,0.3181590148868959,-1.5492253780253957,-2.499605370131198,-0.137509836276498,3.1161075718083957,0.04370926045495522,0.3321069590944516
2,0.6092708896254115,-0.6590738815145103,-1.4373879629700574,1.7484672882669923,-3.455671010885986,0.39754376033481986,0.42488724756930524,43.56067018303779,0.5879653950295431,-25.138604348328183,0.45304245717183766,-60.28774259270995,0.4668220790388325,6.81199417784016,0.23240199711216722,-2.0774744072788014,2.8829175249672225,-0.8812897001982125,-3.3473530127451516,12.46315930009884,0.2666630880393938,-39.97682457262021,-3.710367851583649,-32.499246985153505,-0.8271602432664115,-0.25021785401986446,2.581840254335672,-0.15495355991357151,3.0386800838036003
2,0.44603384138923474,2.3192757586052153,0.6004170163892745,0.19680563659987838,0.8629983572757447,5.466465505150942,0.31922829654163526,-3.9131964870514664,-1.6873579165495407,2.368167636722494,-0.9513492776592007,12.791029660635985,-1.9085637170256682,-0.7026945959338152,-2.2128184563243805,-0.3926168444099969,-6.613517417686321,4.2533849189730075,1.463459297288482,-1.773172629722319,2.199933798251862,-4.340654121214808,-1.5291388675022755,-1.9747608074839718,0.4221572542560496,0.025993392977641992,2.0712236233624814,-0.28939328601697745,0.2514438404928354
2,0.36486003540994016,0.44606318452447186,-0.007154670919358955,0.04716521252783125,-0.19471813605604835,-3.0392502883386356,0.4726020923417568,-8.395263782991709,-2.7778344185121866,4.332878524741983,-1.8256089935457278,-1.409772934744517,0.4430162241653418,-2.1122189496103343,-0.44760856127749,0.5924874785935993,-2.7510059999023997,-0.5603231114875509,1.0150109146417736,-3.441481003229067,2.1277678844648755,-5.461757081001717,-0.7846399422471155,0.18794574491908084,1.1146994772202805,1.9383765349951867,-0.2048597717736899,1.4761942248110664,-0.7031317406178808
2,2.210777935273144,-2.3401411079206187,-1.820397820173895,-0.6656802325171047,-1.4270766735284277,-3.409548548355828,-1.8707837569507124,-36.55273794161786,-0.3647755175617029,15.832620974553269,-1.5571936390300631,8.791174008104758,1.1796504559632177,-4.936967138824532,-0.4741242770258415,0.9343009171252286,1.5515626037306895,-6.158773774363295,2.5561500879421946,-6.715630133865061,-3.1636946725817037,11.464033070661824,-0.4152434520947872,10.984930718063511,-0.21106023557639983,1.089014580289407,-0.3776109254145467,-0.7427962144815321,-3.395748179116096
2,-0.4632299122626981,1.172288918637955,0.5533889172773476,2.154046336298394,-1.8953285278309302,5.055835874706926,0.9284068126943379,-11.814277218948527,0.8955318825664949,5.553062367889438,-0.5699462213738298,18.702993588530827,-0.4762982951559619,-3.4812466787025707,-2.5876205707781654,1.1635356097235339,0.38931912852643524,3.5400066485743626,5.395381179756634,-5.004625761200637,4.31808088620583,0.8433557018785265,-5.8587034693364215,-0.244276381544974,-1.507483105744782,-1.6554021254720985,1.196493822015362,-1.4021051936394353,-1.5837527412029322
