,0,1,2,3,4,5,6
1,0.4041607782102105,-0.7557185410325904,-1.8165756699534652,0.07772974430892406,0.9090360542204179,-0.6096186886077696,0.3615872964393828
1,0.3671066285211676,1.6974244432457974,-7.746268101224772,2.710270143533287,2.290586637932407,-0.27719057940347397,-1.4014073864838563
1,-1.3834362110203016,-1.7905374711742346,9.731682926943355,-4.302165020607524,-3.1374676827489716,1.7057733236313122,1.2023027137527507
1,1.415776324284733,0.9592039914371051,-3.9065592316395863,0.28184913239935894,1.330783638858986,-0.20492287109118895,-1.3801216006135373
1,-0.6412916445258575,0.1377164515336838,-2.844345586882913,1.054485100367021,0.834259492498495,-1.1262862551509605,-0.19476645437531595
1,-1.3300570149203585,0.9690554281683171,0.49905629518419853,1.764154347710428,0.26038516712458504,-0.8029148466208031,-0.7014950564900674
1,-1.9188700195097208,-0.3466733360963674,1.9411377152368094,0.316576845328352,1.8656353903240062,0.8332311232274446,-0.6013456239608495
1,-1.1539405748872484,-0.8162594170951676,3.160344995623872,0.3456809737715069,0.4577705927013004,-0.5592919193556757,-0.1206360899461496
1,-0.8235176606022291,1.4378396581008857,-1.6945832595753523,-1.1404731829670771,-0.902875918355323,1.409261761235627,0.8165935309490153
1,0.14890092874808916,-2.7347545610956563,-0.9401544519992471,4.6915398820475085,2.8799432781586343,-1.137946997527298,-0.285123353096701
1,-0.5415361734538179,-2.2510302232994923,4.375078280792459,-2.2873795667409635,-0.1787123502109785,1.0310379141597854,0.7362340025257754
1,-1.1220340098774195,4.588537635053687,-7.685134634857425,-5.1704478020502105,-1.2513886215120378,1.7964212020746544,0.5333012097107646
1,-1.3682212290413147,2.3537539699488557,-0.45356368547469805,-0.21181387182255443,-0.8480636703433291,-0.2704434183408637,0.20675404503568656
1,0.10676928441886042,1.3564534343358357,-3.4242194025412878,1.8800636078347404,1.5353704582698375,1.0801693596056026,-0.8439781508505216
1,0.9251509782658892,-0.7331793520264658,-2.550641131814344,-2.9919402966429502,-0.30354153050388644,0.8900164779320301,0.9534704280902659
1,-0.7858141583448413,0.243475066339014,0.33718653528662185,3.4544457521712513,2.461971456846613,-1.6196392871884588,-0.9370988481205047
1,1.246085403173715,-1.6714778553508018,-1.5202120549013618,3.7741091907409827,2.407290893758689,-1.5646946300088789,-1.1633969231984542
1,-0.8562037839255812,-0.4894456652617365,3.280688194882088,-1.0996774961691798,-1.0827276169912494,0.8740562700644037,0.2866708207831834
1,-0.23075058570433715,0.13472846700167346,-2.71029506124145,5.1864269533370395,1.8526012398296046,1.0722325709242795,0.45111099955001555
1,0.35718653186661664,1.1782876215477422,-5.778888139652884,3.2833238135906355,0.2561178772790351,-0.11024945963929246,0.4454835860806725
1,-0.15157330472663133,1.5782882350104583,1.772106346700744,-3.3244965947918184,-1.1645887558226093,1.2469133110013488,0.03951183463375285
1,0.5439983178333385,0.2294748646897759,3.5802263270816175,-6.03071719836486,-3.340996219135715,-2.509384328937043,1.2487432637489473
1,1.914961383869217,0.21112956588621012,-4.314043484472929,-1.3421451139604104,-1.022858645720846,2.5590316943616465,0.23716577154525909
1,1.5612183018720778,-0.8390522360017556,4.4334979336607665,-3.759170206884427,-2.7803461887354284,0.4922087347009848,0.8473503468594965
1,-0.6788445349478451,-0.8098548494816205,-1.7694702889671678,5.6910567890109665,2.632129387714755,-0.48031464044286754,-0.595324336181967
1,0.7432311494924468,0.7359375549101836,-3.052310278809556,2.4731128186049522,-0.014644160962338545,0.0739207085482981,0.11259291924670647
1,-0.5556619447140627,-0.7280129761779826,-1.8338213358817304,1.1944168040986611,2.3567968782920365,-0.7428233135083739,-0.4391662468330315
1,-0.5811517704789048,0.5760822481424861,-4.2350785837467315,6.513328756594267,3.8079845314451575,-0.6151162244805235,-1.8060767666328659
1,0.9912316387654686,0.06964239829381799,-1.5033509007975525,-0.7278473090321781,0.17522171728848968,-1.1287937455147594,-0.14534505418328053
1,0.09179749032158095,0.42352368970251814,-0.9627886572588675,3.5918657380254424,1.457422539801123,-0.14971245280193285,-1.070248361494278
1,-0.18922578199668483,0.731106555510491,4.943388427192251,-5.846721783981234,-3.7018588769655474,1.585116890113669,1.4542544987415966
1,-0.8471140844889272,1.1212317039322357,4.921669140219496,-1.3429991480049637,-2.806136183707492,-1.2000296206116636,0.14666993476300766
1,1.02120219915806,0.13418033457894624,-4.587463769032706,-1.7462936681018402,-0.8689946048478299,2.1358517404651405,0.5535718616636605
1,1.4067980075730697,-0.07588713790484074,-4.698176372340384,1.4091169186521553,0.8057435118618943,-1.013937963933698,0.4023210680755831
1,-0.5792297888661228,0.018779128652428437,2.4362369848364915,-5.064241674440049,-2.0026611699375807,0.5817215066635213,0.441282498321786
1,-2.1778067479671543,2.3959813475785463,-7.780118992538172,8.740744009209038,5.7834176721731545,-0.44780854631250716,-3.2879836354018885
1,-1.831109718061665,-0.011523892464871344,8.120967896950226,-7.019435674769537,-4.5364605777633535,0.6372285263626923,1.3017225323817954
1,2.029625488890853,0.31190600265991647,-9.063409326269197,11.295130323192227,6.7582370524237,0.44461755857821716,-3.8197863705442
1,0.27625691414568904,0.7116895897621359,-6.4266972941827945,3.5505388663140707,2.4619849790174926,0.8655130999737931,-0.3843596142447259
1,-1.389452677413222,1.1111095589739501,1.8239143117336463,-3.3079794987966062,-1.7256401287210603,0.33691782845714596,1.2640165801593481
1,0.374347879491008,-1.7294348632807472,-1.0033197011505326,2.1175796372208326,1.1333599751650782,2.266861731746636,-0.4682695554360353
1,-2.804410384919536,-0.5023213674530616,4.123418468376382,0.4467922836374748,0.6251530025651224,-0.9834716173620295,-0.2273106150105036
1,-0.3758857915628358,-1.055143601294005,6.053210235567759,-2.0137139941057387,-1.308136361308318,-0.38280031545207066,-0.34444417323263654
1,-1.0600634639917503,1.6636961259056366,2.7808565578898965,-4.577293776746808,-3.148643697446673,1.1967944166945905,1.0675191883921578
1,-1.244902680580246,-0.4038427693352242,5.175895063300847,-3.8357037007486507,-1.7245384685395169,3.0946388233100133,0.9382944731066074
1,-2.563497361806911,2.490929646039814,-8.777073449159257,7.857874549993139,6.282528397490281,0.7996979976680118,-3.1764216294959815
1,-3.0056527343955817,-2.1696784293436,7.275304261205591,2.3204493525198213,3.566336256811743,-1.2324074948075592,-2.2287594450347963
1,1.6274645425785101,0.15422371795510145,-5.777084942586004,5.557303382985923,2.828452695538827,0.13109969934777538,-1.3395657756191148
1,1.6312502301532317,-0.5393035206548249,1.8771212728982616,-2.292667930541423,-1.0533166601245552,2.002744877677482,0.12137105967719636
1,0.9455451827927914,-0.6186280898632204,4.250945380832418,-1.245571944894523,-2.3622218094331324,-0.5667911577469275,1.2821532055165756
1,-1.7531534469342398,1.7009861185710062,1.3303463552020085,-2.209416321804894,-0.76236938739031,1.1878834687107263,-0.18286896405175648
1,-2.080073632641996,-0.896056515100929,10.520230213082197,-4.745509243055223,-3.1733080560517504,0.7794432671881306,-0.283267159487787
1,-1.389892990778963,-0.6322256434890485,5.257672000353121,-0.20427682007983375,-0.018978968297604037,0.40275547519485855,-1.8210638906225032
1,1.375299439798426,0.7389114628734111,-0.9082262145102906,-2.8508007691008133,-2.734051005119138,-0.819029103724911,1.2263168064425103
1,-0.20343265437582175,0.5805054956029239,6.039862804652631,-5.525020367440381,-3.7777623076935067,-0.41286698294669855,1.2357046334486324
1,0.15380022750127922,-0.9563914657548541,6.778040494537419,-5.7357517800562805,-4.5515072870822095,1.5392585259106695,2.35771328785088
1,0.26163511543564194,1.6325653403545985,-4.365181129204562,0.5888686131212916,0.8629132438501759,0.913983903114798,0.21067109299764866
1,1.2036970548090904,-0.8206555251807549,1.661719747779367,-4.47547367817753,-3.7537358497121303,0.9554563590213921,3.1639278416633076
1,-1.0958714191366523,-1.3931001818004012,6.454217854557411,-3.8157895584643002,-1.5469798770235101,0.4652488641642957,0.4346708157290233
1,-0.3562976587742243,-0.6858932528758798,6.056824068565798,-2.646030478177753,-1.679033174923179,0.4380299357029509,-0.37070016505846587
1,-0.7417381510440307,0.5261312014221866,-3.7366341374844163,2.1084957971517997,1.5616861343902089,0.5855508448876332,-1.0231848731284814
1,1.0819134226708573,1.1141281426202954,-6.256436922238051,3.768144309030914,1.9933743479566763,-1.3368503204755633,-1.4483104020630622
1,-1.2242367508357392,-0.09231682669249491,-4.52539639500834,5.3540756692822455,3.834705321504021,0.018020489056063703,-0.9244547342606919
1,-2.455623902954465,-1.2512286986987189,6.514549928406994,1.0125983351104821,0.11894605036978428,1.1435551818862475,-0.18240205848145818
1,-0.7784637992707304,0.031040028827752933,4.630336113454579,-2.8239804802783617,-2.5973525011393437,0.9626213661356191,1.0195547156284304
1,1.1099361081919892,1.4779363604740694,-1.524927369625102,-2.568106014162333,-1.8985384049983447,0.15425504108925056,0.25935686511067646
1,1.4652781179803906,0.8994663431044951,-2.2644772420195958,-3.512149574239718,-2.4508336296717568,1.421199359001541,0.8634452239020497
1,1.2377346810405052,-1.616768395960593,0.9210496565126686,1.0868942174343128,0.9667795207735163,0.1797226794131533,-0.692714452950758
1,2.598786982947141,-0.749376678335507,-2.379594959801373,-2.851245479454546,-2.378481063402979,2.113110174217813,2.878788798246723
1,-2.4416851632987044,-0.37820770519548913,6.6129401118420725,-5.165831578219058,-2.9283136462350714,-0.07117615803974664,1.9995492558649177
1,-0.029226760770923135,1.159638268477097,-1.2612730964026935,-2.2709005405542335,-1.3731406648384006,1.248061099273519,0.9056917602015906
1,1.591556972419748,-0.056766947934550366,0.2580234509979664,-4.101439619555305,-2.7720563100120623,-0.4263298881435209,0.4551186385562367
1,0.7099104623121353,0.44460047059492935,1.9355697719079197,-4.438448334977732,-1.4857903895450848,1.7827000461219351,-0.2577130410335445
1,0.730881807270221,0.702550751961056,-0.19592496580734817,-1.477919244984155,-1.5799105634528778,-0.5536818788565381,0.7306808070117458
1,-1.375643746160155,-0.07248945117632061,3.1191216287815666,-2.2965080966279157,-2.25947349160182,2.730251284010429,0.40765897625229575
1,0.7333660708792822,-0.6010604581230045,-7.069916536683214,9.27024757995395,5.323955870818987,1.2190745402051055,-1.8676678498463912
1,0.3567626735118548,-1.1597604850824714,-2.281261170944537,4.772048193394164,2.3939909776899526,-0.8754415542468024,0.1244741847304307
1,2.305525833945385,4.064623613333082,-6.776485925973738,-3.0614647267382407,-2.1917216568167466,0.5962980224254766,-0.5634851718158029
1,1.7182880779222904,2.2833673774819396,-4.996052437074379,1.137066560912173,0.2210440892697423,0.8972483623846694,-1.2932899661718582
1,-0.36680203037312686,-1.0164111781458165,4.1134308792982575,0.10988368527295803,-0.003958594627425691,0.74528930358191,-0.4233487668395097
1,0.7242439029779085,0.27764838930828134,4.842514703506835,-5.262522540390728,-4.446933307723293,-0.5241075929052027,1.5625592429840836
1,-1.576993340490154,0.8165104915036749,1.0554606797055468,-4.0764839179655965,-1.5047646946809168,-2.565422869822877,0.9753789440387384
1,0.4391469406511101,0.9091683729763391,-1.7128687624349976,-1.422995478902635,-0.6851657169267767,-0.9449588765491066,-1.141565420838265
1,-1.938137791239967,0.4922329937152272,-0.17879050507944655,1.3856898975537308,1.4146710157751312,1.4097731122442176,-1.4437681743793815
1,2.233679198182817,-0.250940015847878,2.4142263134217568,-5.68159875646612,-3.989724104533042,-0.7089373499532894,1.5044430297271327
1,0.30527324222208124,-0.9624508179715834,6.160102220745114,-5.8345863479255815,-4.637806847416836,1.7622228836538927,2.1298045464440865
1,1.955219353425098,-1.3595823409762529,4.497584609773491,-2.0534441466225615,-1.5014455658442287,-0.4333919135181152,-0.8817054993993938
1,-0.6586974145548438,-2.3798508318328184,12.64383083238628,-3.8994309765223556,-2.6847143626255603,0.7723486069811039,-0.677970840908024
1,0.7162831629533206,-1.903766558969692,8.221680254420953,-5.887289246232834,-2.8419060686016198,-0.4387519219026825,0.3661523195077307
1,-1.317247512398043,-0.12022920802281711,1.8803118650433635,0.1714455094312615,0.8651402519615767,-1.8788277762855428,-2.613413015576313
1,1.2845275076020257,1.1704566771599647,-5.681428484073395,3.5293588921036614,3.595487255421582,-1.6806748730033363,-2.2646271462990133
1,0.40878426619256114,2.050331283987605,-10.88025814041935,10.360994691154724,6.624358208539494,3.3720441053623977,-2.9601914349857648
1,1.7068847991036384,1.070783633229689,-0.051466463325999176,-4.520242090868019,-2.846570402075451,1.4115287321027572,0.8956319597921083
1,2.100391738753684,1.575213407639347,-4.7896447972076075,1.2785581907481502,0.3069062843241095,0.10484388571654883,-0.6661106442843189
1,0.025425862658138204,-1.5665683938475117,10.013553155792051,-4.056468617835107,-3.08448435359864,0.8780592814384228,0.9554429377582755
1,-1.1788156918960389,-0.5938908277048985,0.8807004877286221,4.922470088111939,2.6105702141846736,-0.3666124147713622,-0.33621898550686385
1,0.2603051409841395,-1.2317037929009642,-0.8609610209391735,4.712125704239807,3.8752363105964696,1.5139254417113461,-2.3337425381986954
1,-1.5426552815131658,-1.7236304230316397,6.589539252893493,-1.4965243451206705,-2.771239029658051,0.6293651677489367,1.2904782674989788
1,-1.7080686025854939,-1.0411118433520934,7.815595952373069,-4.003659160655998,-3.566006080924186,-0.17485653289844058,2.55852440985464
1,-0.44873366064222403,1.4774614926155982,1.1569172574372608,-6.579514078169371,-3.202083582806311,-0.8282891430254544,1.9580125870410157
1,-0.17975408814455252,0.3073594141439651,-0.1709991248003622,1.733729616746895,0.839905497791624,-1.2570243493615367,-0.44060789069436074
1,-2.344725775239761,0.19993754866488478,-2.662637121971036,1.0023501048563541,0.3502516576845577,-1.3320607177630297,1.224115071681876
1,0.3826503546594414,1.3666037009303043,-3.9422929546065397,2.082151327622208,0.8607150524935855,-0.9159301386796013,-0.8244001310311716
1,-2.2906699539963555,0.5736568981236981,0.860517014068932,-3.735709168858309,-0.9069232049458871,0.538478632815473,1.0991148006764118
1,-1.5274829284897324,-1.6870266012950466,9.262765359152569,-3.964446537793007,-2.37344008669036,-1.447985968625198,1.3543767027747347
1,0.09439156151092533,0.36979795704462626,4.813414699069084,-5.140018376454877,-3.5226120749127072,1.561842432606066,1.295221207457739
1,-0.11982175275795202,-1.0439281334074482,-1.754139250791323,6.033375601644911,3.341195788383266,-0.32305661709413735,-1.5821712826274306
1,0.9981362892990748,-1.2587241326061274,3.554626910912391,-1.499376771545141,-0.4018629808971646,-1.8662049045836646,-0.5365463709738079
1,1.3851360961268637,-0.7364725494396436,-0.9379883156181773,0.303766729774698,0.7329434334348015,0.3083891463499569,0.07007574578247694
1,-1.2094807738901752,1.5447933361345847,-0.40192963195371934,-2.130705089186526,-2.460453422722554,0.34082702004969356,1.4444678218409492
1,-0.42296071131220353,-0.9600854904842474,3.9069404999820865,-4.463674120400136,-2.807193155237373,-0.24474578491814733,2.299074572559136
1,1.7155064123010424,2.2154191777977372,-4.458248754372815,-0.08749005881271102,0.4820982839494418,0.17354447085852168,-0.8867021034240979
1,2.534194625003753,0.3728010595098251,-10.217960052953265,6.757517878530182,3.825296759849489,2.4367426098217333,0.3053504506081533
1,0.37585793569244125,-0.5018530963957089,1.4196532486741724,-1.7000128007823785,-1.514165973238806,0.5904115515267209,1.1237388692731596
1,-0.08003642899012164,1.1081417192611513,1.5890988433754607,-7.015005559017766,-3.999572867979903,-0.19289487979197964,2.0780637609985484
1,1.5336198796811222,-0.07772446899596523,-0.5918283282274318,0.8428941358644276,-0.10112352453723988,-1.2804040253694675,-0.07908752828565711
1,0.3168144644729478,-0.25921202747604144,3.850520599405459,-2.706441164760589,-3.747773406079544,0.8462608759892177,1.2908028611992188
1,1.2423538497024313,-0.7726038890703842,-3.8148440527543093,7.010266473050215,3.6536772748680404,-0.8320336512225645,-1.5032561760704175
1,-3.378812991195348,-1.3609690252498563,13.701570149313271,-5.750074427625107,-4.6284247009682264,0.7408383719844394,2.1580848963649175
1,-1.4209581772511248,2.5158118099048163,-2.4002322795281135,-2.3425197809046145,-2.341439312646547,1.813353503742102,1.8507421586383175
1,2.3446473383981843,-1.6257462776316445,-1.4347617225503713,0.47388087821181313,1.0554616903268714,2.1203664971220357,0.3634871418100136
1,0.8227733580386788,-0.11240128138508221,0.4680856675326805,-6.284391823394365,-4.645485918520386,-0.6359974366542128,3.6630676108208235
1,0.6439542400308935,0.5277854994677957,-3.539486366900638,-0.9548173409888546,-0.17371799145333994,-2.2321265100331202,1.120983599721999
1,-0.49956842735761237,0.4915683447877346,5.1801657193095725,-3.8509251451584667,-3.58950064401054,-0.0819256327279688,1.503875586254904
1,-1.01001333679604,-0.3114242964831371,2.462842280164321,-3.8444662878150844,-2.0248244230195236,2.9323445577379954,1.0911933701757575
1,1.1150232720925248,-1.1790897468135375,0.16702166330258017,1.661732057940696,-0.512449158251538,0.9710352918685302,0.006708498060925938
1,-0.4156644632479014,0.40799488100886094,-0.457696484631728,0.9209439941824773,0.018679981186597156,-0.2687757457906788,0.1392691529241193
1,-2.3102804086223774,-0.5490010118532165,5.306530325282624,0.3346099212136246,0.6521343915778576,0.6269093852506326,-0.32651624392934203
1,-0.47294849041513404,0.047312810307954506,-1.8762717338876438,1.8616871833340256,1.9786627224406474,0.21510482220986402,-0.7816702605496813
1,2.4340016904426633,1.9776306578301497,-6.7162527440418724,-1.277753606550971,-0.7848260185233676,-0.27130837652616446,0.42792301297240126
1,-0.05588573751761297,0.12757909181869775,-2.0161977110654896,1.612762616722893,0.21082046006678415,0.9437323626977269,0.3395023382672411
1,0.07984159269902705,1.0907817387052785,-4.531435482587192,3.0114888656009895,1.4839028341138125,-0.67984084733951,-0.45461219259929403
1,0.01318740071235882,1.2962552712036681,-2.760209320230278,3.3564127733922824,0.8247383755943505,-1.5085397359265609,-0.7948509483402105
1,-0.4598647499476848,0.6180654252230855,2.5380597834742167,-3.5827818087135808,-2.6158245459560217,0.5493025143468676,-0.01775070584106503
1,-0.9214864825501321,1.9264541042480365,-1.1783284783832244,-1.503990729875302,-1.4477019413890737,0.3982314140172238,0.728906084749121
1,0.4520042607303182,0.28334557159339663,-0.852601838627347,0.6904677359900181,0.5593515753971633,-0.4382525043087397,-0.9141075076555665
1,0.0815785297706712,0.8965244474362779,1.774856279184724,-2.110411419206728,-1.5665106764789711,-0.31129694132917135,0.8023562498817555
1,0.05482299675242763,-0.9101894237755861,3.146115479828419,-2.6198237291418653,-1.9575834894120214,0.6432675836150294,1.6332412144991568
1,-0.4625580108698082,0.1004273693790046,1.5078734267744172,-1.0810879576425712,-2.3502332268936312,-0.3757549893011714,1.0963752009665353
1,0.9580195948487433,-0.44725897749513516,-3.3723775751710385,7.013546350717438,4.631424087587521,2.711288857236207,-3.7103075428125436
1,0.6079928005284756,0.7813452203709498,-3.6373930375355386,0.2900923084954569,0.7308052512165875,1.1865603361203172,-0.382206371639266
1,-0.3138104028494353,2.885976352865422,-9.159928687520948,7.297520014974312,4.516652901706427,0.4252998561169727,-3.7035308152444135
1,-3.007818298098997,-0.33287784306883217,7.49357149144494,-3.032482583529411,-2.1934169176957306,-1.6473428574707925,0.4927874774055051
1,2.0810420021741787,-1.8124100307811393,2.4520333365960743,-1.8305617351528798,-2.0893640262310784,-0.47258694843318283,0.9540637954866943
1,-2.982694669821436,0.03179325511757425,-2.6060695091767956,5.326356735400075,4.436013598840031,0.835041562479732,-1.2994519800683106
1,-0.5139024257669355,-1.2819208440949623,2.477980178144308,-0.1465039075107135,1.3877371050525844,-0.7905913730705838,-1.2792064524268618
1,-0.03286297413274315,-0.48031092797281827,-2.3901747952195707,4.133796394390906,1.736382674533722,-0.9727515611715162,-0.1380972489186707
1,0.12523224868480287,0.7255413401859803,-0.20166139649143972,-2.514015002364186,-2.5525242758427735,0.6853942220330773,1.5761247798876636
1,-1.3235407426233912,0.268229870329984,5.448225644020262,-5.462157145912671,-3.3112417089103094,0.8910642872831556,0.908157620854813
1,-0.9023343614092647,0.31651387377140844,3.921806450063924,-2.412837172483954,-2.7183147728094217,-0.7796384935562843,0.9870908138527968
1,-0.5211069871261312,-2.36604030282681,4.068147300256726,0.5454992633172812,0.9923692293896027,1.047853498835585,-0.378213992001002
1,0.38121967233645676,0.4408194419855259,-4.731431982749851,3.294026886168797,3.108488579419465,-0.3938734187690631,-0.7509100707530382
1,0.9112436285805389,-0.2108888196843237,-2.75362825489128,3.0027304274646993,1.0920029771145663,0.8359894317614339,-0.249328824402074
1,0.00932493404622197,0.22352239092318268,2.1155255333318417,1.446549304518908,-0.49029757895408993,1.2012918852553942,-0.6197138754977114
1,0.7947267443242945,-0.06293258579413938,-0.09550568860781164,-4.130994669674029,-2.933185167241392,2.957065955193028,2.383982288756552
1,-1.9298903645719268,-0.7094867145352415,1.4514201859564286,2.5088077497743857,0.8596272972350282,-1.747250916640987,0.20012649241861696
1,0.7431706286813288,1.0774050387919536,-7.494719556970958,1.0349575469234755,2.1579549231229396,-0.2584714535423585,-0.9639014034269657
1,-0.8509622494547302,-1.3752232161197415,8.015400735504734,-2.9638379663180365,-2.4135375508109864,-0.9557147531099344,1.1171133608656836
1,1.3909380137467457,-1.6189006638216155,1.9837012612915323,-0.6001289497122761,-1.134201313381468,-0.8650907972747869,-0.30529953438551877
1,1.2958700365789413,-1.269887160334546,3.486497845113313,-4.920941059845926,-2.595571226726602,-1.0015665261295872,0.9432952559944197
1,1.5362159007477771,-0.06365588790633105,3.8212850953331485,-3.1377075677645268,-2.93613946826171,-1.8959269283210856,0.118158191600961
1,1.0937116180119635,-1.0168913162129394,-1.3181271716427077,5.739327510858344,3.2929382224636683,1.5262455687353909,-2.2850687933305016
1,-1.062848595476764,-0.9994273041619006,0.5733046746097652,0.7996734109872137,0.7627140433067465,-0.4179642683141174,0.6958145681470677
1,-0.7534559615173895,-1.3851106681045993,2.0113791589385617,4.511140270669061,2.8581533006015607,0.10133928105653674,-0.09130825902383966
1,2.983281032735923,-1.2498280388690466,-1.8800229916289644,-1.9455603197808296,-0.16483599136767646,-1.3843463613452582,1.0263402342060597
1,-0.06253844823679491,-0.0798097805506282,2.126323991790583,-4.435915348446346,-2.951671857588706,-0.6288252250641143,1.1315213657276528
1,-0.10214071469073499,-0.7521636449789914,0.4967012907101015,2.21369514674149,0.45967266175204846,1.192517032306199,-0.3482514745351475
1,1.1883871182395367,1.4483062126199888,-6.654432572960247,5.920922825849272,3.309498979671967,-1.4679915684704063,-1.2784272523122857
1,0.11423041508036483,-0.2817642623778076,1.2176545877799734,-0.6190823849277985,-1.0855594517836158,-2.939600915568686,0.8924269175531709
1,0.21844232724309587,0.9003513328018167,-2.98812221466805,0.7696447397575814,-0.6557579548947934,1.2055457580359135,0.3123015064638679
1,-0.4157869822362841,-1.7761861715490985,2.938955027686133,0.6441889922391403,0.3098007623393413,0.6988570528332962,-0.1221166238653632
1,0.05574646640898704,2.6965201503351977,-1.6857447899095106,-3.4195757236709032,-0.6733884632874755,0.5666601833012793,-1.4901391065146359
1,-1.3808917234976215,1.0349814343205814,2.6108050667053546,-4.04271754002614,-1.7290162906924946,-2.0876828353028944,-0.449445834462081
1,0.5360486401917194,-0.3089047707256143,1.3315587370930309,-3.5825404828835437,-2.526242463479593,-1.287456895757715,0.8852172519420979
1,-0.531791474825475,-2.440915250722346,6.047985335303233,-0.7722780344893089,-0.4084669263804064,1.1345368509776415,-0.8397161606864767
1,-1.2453372410547845,-0.7650808576157914,1.9108999930518022,-0.22005725950065194,-0.084018479977777,1.3572704751384215,-0.23704285487139462
1,-0.10544671956282575,0.07889846801093572,3.874721811544135,-4.92626172181097,-4.026281342690031,0.7958158793016803,1.7130427918108473
1,-0.04440283415728019,-0.34249148328376566,-1.0966329461416033,1.1148163215892888,-0.02008900496465338,0.157840225775289,-0.20387996787786453
1,-1.7026602203277865,0.40516906391634483,0.8783505037284688,3.4825877203261375,1.537484894673879,-0.42849620550360923,-0.9522105343641831
1,1.7853258969646328,-2.5004413675561397,1.1517803043271542,-0.5966683045882589,-0.5051346559920997,-0.849356142131341,1.358720458385895
1,0.34498432657091105,0.2272522719509041,-5.242170366888934,6.245157585050731,4.7457202383054655,-0.42282665684570436,-2.8639193136688403
1,-1.1015234155888682,0.8234462764463476,-5.957620757262901,5.512347270852521,4.376171253209024,1.3264134191719898,-1.773583806333848
1,-0.3139192730643254,1.1354237032373846,-4.816413089908141,2.5712400784555074,1.4045865581862318,-1.1906964255527277,-0.462295124362879
1,-2.342162954991211,0.8181119445413434,-1.2249193997892798,5.316088457312032,3.183128630171782,0.9348453324736651,-1.3112679804201546
1,-0.6879840182721267,-0.45422575499602824,-0.1720819392270712,3.2365405317140725,1.5934748509594923,0.14045579018561227,-0.756040058505037
1,-1.2722848920873395,-3.855290693393673,10.906699349470177,-1.844335214034305,-1.377650918473229,0.13263129509505162,0.5554209114410225
1,0.7016344163516743,0.6647070477047706,1.0563528855492192,-2.150452359060819,-1.1554683953641098,-1.3285957727900266,1.189223276809595
1,1.1860950295462749,0.4073422353155395,1.5510253459664458,-3.071873797804392,-1.9617889802443786,-0.3447841582814519,-0.538159851543765
1,-1.0674751000063576,-0.8141872381567081,-1.8197463898319979,4.674845353742978,3.9308075705127252,-0.2726371796229958,-2.4068447126846113
1,-0.03155818992824216,-0.40510677615365764,1.8453714355556887,1.9840498760851961,-0.0011839486015892131,-1.1714666657326622,0.09813161817037866
1,-0.9174488206097742,-0.04246739159241099,-0.48937883919622394,1.7733076294908046,0.35316364646410825,-0.7708966695315979,1.2237749780662242
1,1.6769315632391102,0.8592127708361431,-11.817167857081763,7.2414496974899665,5.895186851107975,-0.18278896196052713,-2.0471949125786795
1,0.2147288189246459,1.946266669761739,-3.0508879918394345,1.582001177020081,1.3726994773161212,0.1825064563369839,-0.723125924644326
1,-0.2021498537973757,-0.08047793353261802,1.127545905261883,-2.563016429269617,-0.7222199288425237,0.3965064574615006,-0.2762805983666115
1,-1.92552459160226,0.5533459843373825,-0.5642341753242871,-0.36756133384798917,1.1720373108254154,-2.682299032365323,-1.4398306513680894
1,2.82323337940099,1.021459378156416,-11.692427379446514,7.735058326971339,3.4345471033541086,1.8383288005947884,-0.39023873993597247
1,0.29114369395074496,0.23573217800423096,0.774611045816251,-0.20838292116458318,-0.5985490551524226,-0.9656989533858678,-1.3974698062497501
1,0.2133232517428343,0.09104048317449492,-0.603393935151508,1.822375665889321,0.9836769950080246,-0.39718046321702777,0.035018743532843705
1,2.6063565059850076,0.6948397111213089,-4.124509070328951,-2.6464526094962273,-1.1868918644347042,-0.28903086701117,0.7649170557532089
1,1.4453474460228233,-0.4067485968507318,1.5436663962483856,-2.057256284972715,-0.8387512735139054,-0.7859863022272264,-0.15094947646149776
1,-0.35276396432537865,0.2973627827114145,0.3169108173360937,-0.2818375484556685,-0.4555282744946809,2.4554896819207794,0.13130854214941926
1,0.6171724556969036,-1.1598885451807992,3.350424987111916,-0.2168277164429117,-1.0021007473056698,-0.7880774531875967,0.6228449287412603
1,0.9304816969819566,0.05500829953870329,-1.36929133538834,-1.3449553380334751,-1.305879716899246,0.06436074834845068,-0.15063324195682365
1,1.1323372571340373,2.2978075432470826,-13.447086361922906,11.435296266015651,7.258315670632242,-0.08696537262176711,-2.5885131594987483
1,0.9871426273150514,-0.7941230888285074,3.2001826636095365,-5.923080773210058,-4.475884259647816,-0.34256670388987887,2.697947246068335
1,-0.09150419882506886,-0.10714716602047913,-6.352726708711124,6.601453860863312,4.747151595779273,-1.3713413512461345,-2.1977447260195535
1,0.5766452134858224,-0.3997200573973576,-1.8794505870758391,2.811889578107259,2.127703002457387,1.7495939119819108,-1.8694566389317497
1,0.03325557765926213,-0.57302886298269,3.474861835014497,-7.862047568487571,-4.600867928336505,0.10879520415180012,3.077400375143863
1,-0.20103618702158269,0.40544778435785345,-3.322787813501554,6.523414139752217,4.1136659990969715,0.2685454613420946,-1.286622348814036
1,0.35329082519231203,2.1270250554691374,-4.6948298481866555,0.6350182534500398,0.5837270668439238,-0.4845454687194453,-0.20053082030506153
1,-0.4770607915767286,-0.9228210486068619,1.990069126415182,0.6839051226590079,0.8392234542972674,-2.3250359713433,-0.6012140079262277
1,1.4380416766188462,-1.7987226975817703,-3.4330483673796865,1.5525201866731395,1.313717524136251,-1.5338676124145278,0.32454073142021234
1,-0.41854144290728057,0.5547778592896631,-2.0621384448430655,1.7622892187085553,2.2349944787945493,-0.5653287872238103,-1.2491709710066994
1,-0.15399092667300857,0.4739179865407456,-0.48468772465105936,-1.7621262308049228,-1.5280694802898636,-1.264620676689087,1.5583968330350728
1,0.6459908013587141,0.9857206247602324,-3.7412278508203407,1.3050353356611326,-0.3596225286896874,0.24185709510281567,0.9053816641584828
1,-0.14923611522964833,-1.6215547750991195,2.0839327835952535,4.47550291646733,2.6417630545681785,-0.8011088286356199,-0.4224339725894318
1,-0.20574006879286344,0.07512851219258647,3.7839771274986815,-3.837713941139192,-1.7577117606782182,1.4119745206718877,0.2232006751053927
1,0.7151760222919936,-0.7334935326139782,-0.5268600394006412,-2.248004840344122,-1.7577220371518179,0.5222330930682788,1.0535004600001943
1,0.2477060214464763,1.1984948038859244,3.5869372496081615,-2.751353876203907,-1.7019581674116346,0.8715039534710223,-0.6847942379329648
1,-0.8025329023235118,0.021524248640182778,-2.296514689863476,11.183871189615815,6.134224869534405,-0.3088253252725463,-4.148494585087717
1,0.4261155991682694,-0.6384188505088613,0.21311812015872172,-0.17257686492357016,-0.04776407602783287,1.4224096904596304,0.4225179846363857
1,0.31577280710298833,-0.7370574552312098,-2.1299766392418205,1.0871424297705525,1.772865170252253,1.9247134912044885,-0.6612700434732149
1,2.520227525861757,-0.11176773314591752,-3.5432683180334075,1.1005356507106236,0.6708696650913564,-0.8061056245068443,-0.30995950072925094
1,-0.21411976314824355,1.2862460147962258,5.7199075477388535,-5.139265249359926,-4.493969750323194,2.7967084721859528,1.2599347469275557
1,0.7020770105514121,0.09565123392310687,-0.8642673117600275,-1.0397882832628307,0.019858291858167343,0.49937609872796596,0.3507502905982175
1,-1.0259396294238878,-1.6281035941473376,1.7078620171503813,3.212564794478451,1.5491268819843254,1.5528994189787257,0.3873919846641529
1,0.7541459504457956,-0.5509276423360405,6.2844548292188405,-6.930204973881507,-4.977314793806889,0.4432374124755212,2.087876139577575
1,0.15755547643508477,0.5433212635183093,-0.638185161069781,-0.2531759735630628,-1.5895755119485944,-0.6070732649218209,1.1050511174639703
1,0.06490167476248476,-1.007483559047443,2.3797161818383508,1.8144854559725518,1.184074960444319,-0.966417842612797,-0.2376092004931128
1,2.3891182896724206,-1.1331507058964463,-3.7701378757753186,0.7170603362569887,1.2192350428487284,0.3067823753020191,-0.22484422446814445
1,-0.17129135865920148,0.06208083531582945,-1.0333474205884063,2.1145989415216975,2.058163664595281,-0.34378639186082405,-1.8067915199307836
1,-2.6158032042023858,-0.15972634476015235,8.354048109600999,-10.91148234947784,-6.2774041087604395,0.03346360427310858,3.252185054504534
1,0.6027458467221064,-0.09513708433192908,3.2470165874387464,-0.5933390595584813,-1.34363724325678,-1.2570888871952581,0.762124335897781
1,0.5286069861508612,-0.6474871363456427,7.204956390124702,-2.317520224320052,-2.4756373304688193,0.2886168582501725,0.44448334738666895
1,-1.0677261868644183,-0.007558016203895762,3.9149001937791823,-1.5237447870111096,-2.136554367036103,-0.12015899253099187,0.6752245226031617
1,-2.281764659713147,1.3061226593110677,0.6953834375458287,2.498980518095061,0.21851508488364263,0.47643721556943314,0.36928330683199834
1,0.9174563799757839,-1.1679625013586625,-5.597981207131062,2.853491549199138,1.7392573447837667,1.441032932149663,-0.43510299302619726
1,-0.5266192655764991,1.669318506416312,-7.9507088091182485,2.095544365315033,3.2939832531672995,-0.3533390647556866,-1.5328198278449208
1,0.6712756529892379,0.6132678235678135,-2.714618422818777,2.5184952158306166,1.647972092055717,-0.08801585051132196,-1.0139383969996048
1,2.240904332881321,1.3438087729245722,-4.77048216466277,-3.076427550340775,-2.0725737954542485,0.4727808775390705,0.948238079770185
1,-0.9263055717667319,-2.482487056760296,6.550124818368698,-4.7506833885738535,-1.0686450470958184,-0.34316186112175945,0.05164372017269392
1,1.1661211765053339,0.9555974086245106,-4.485788969432375,1.0951722979996739,0.8235041436970413,0.2920479158176161,-0.9182925022618375
1,1.01000078369153,-1.1077301543777558,1.7654331538091201,-1.7605397136832408,-1.2861386984432863,0.2781722615953785,0.565706461627574
1,-0.5129145712572872,-1.2455139706843175,1.2133206601346045,-2.3570779390506793,-1.0381921370782687,-0.06490694853780357,2.183924379323618
1,-0.410156076268017,-1.0205922184798444,1.666648282004589,-2.2729834723734954,-0.7884563476204869,-0.5919358119315563,1.8866871355655916
1,-1.5931013435507677,0.7283975428937736,-5.760431007330796,5.874461349683719,3.9286728079469055,1.1344700352436934,-0.9754637984240151
1,1.3325344830469146,-0.6864213599089971,-3.834547328116911,0.9603895256476412,2.6471965958382317,-0.2266254633787025,-1.3314824444374707
1,2.127776486093942,-0.43560556097036873,-1.131890715356105,-0.3275299674139427,-0.12692206277884904,2.22190449962635,-0.6191784653375901
1,1.0509150619110679,-0.17262362306543916,-0.9945128857881435,2.811441729629153,1.9886654085447804,-2.380540943192758,-1.1178296222541253
1,1.485426602452223,0.6385068166593928,-3.626524249526182,2.4561624979781636,1.8152351135783018,0.31863756177144176,-2.212731416221784
1,-3.1456503601044266,-2.3862432431713727,4.077071247742127,-1.2187294968117044,0.2927119601542412,-0.9124358984594158,1.2298802572441745
1,0.009981471465989072,1.2126365694502417,-0.1739316199919359,-5.159146711191199,-2.273077025201802,-1.1008243378941092,0.48638064795020713
1,-1.1933481807175668,0.3494880696431575,1.179798606191296,-2.548204950007982,-1.172623906822553,0.610535090055158,0.7851444682012326
1,0.048813952998197775,0.050988275606306074,-1.2272142155669048,-0.5806877154464221,1.4408622185930242,1.3964695540092795,-1.3754306506452
1,-3.1811808220701496,-0.14552269201504203,3.16481985029887,2.9065582361051563,1.931492121184217,0.44980625496695076,-1.1782353927487503
1,0.49878732311747953,-0.8100007608915506,-1.1528948211928762,1.1628694726425608,1.1664492058284097,0.12425656530032272,-0.28933148100369166
1,-0.5867639302401084,0.9262940677979287,1.5495705931925146,-0.7064099707157192,-0.7887763221226823,0.709942993744302,-0.2171200934348333
1,0.05336901409818728,-0.43490180576675663,-1.1048682369917115,5.738394924965664,2.4476716911279075,-0.10878422706483157,-1.2778748874310653
1,-1.6729607667888649,-1.0479569706766072,4.5839821558625164,0.30498762353229014,0.029881844753324213,-0.9021547920643402,0.13885494342350393
1,-0.38038426789685553,-1.2473718692462508,1.0658996032050116,-0.8575949745026854,-0.9322451129599632,-0.9400750765270375,0.4067339755586385
1,-1.0850330784945565,0.5220669321516003,4.090237223176587,-4.110403293387841,-2.6310623199821586,0.7093450775598126,1.3446067779065451
1,-2.747796784490842,-1.6238215224781838,6.6383457968992285,0.840167349263737,0.46810558328011487,0.7999425917700345,-0.3116486165641884
1,2.373038682446312,0.6996278442127645,-1.4485714542361874,-2.567793210233027,-2.226227495018269,1.9017587560508304,0.9776671811417182
1,0.1479185400735598,-0.6733057689781972,0.8934008985614622,0.44781942229738275,-0.84071692557333,-0.9823783098967459,0.5247890685090095
1,0.8764857097446417,1.1477262596499347,-3.1096060930338694,-2.8905736943276237,-1.0956906857563897,1.2160101186644345,-0.20694945970953862
1,0.6757447161534806,2.773392383319685,-2.7104865698774776,-4.844060951777595,-3.824291459763438,0.451389379377426,2.3794040857428107
1,1.2825698110398616,0.757232035085631,-4.971800867678444,2.1532820975571463,1.238588615249539,-0.1872051216996836,-1.4265973283209148
1,-0.5270125854785626,0.10481541859309636,0.935748610980821,-2.048642091511663,-0.22624729237352587,-0.6728195384879608,-0.46655481342037464
1,1.6743531483723029,0.6446005873826983,-1.2650280537204155,1.1176746300225513,-0.3322521681669491,-0.12141663971139345,0.00226176696059463
1,1.024486532406853,-2.1533962432935496,-1.2153160765479778,0.33432448465684766,0.6003193538493172,0.2938420362675598,0.6071000747756425
1,1.6158025969829493,-0.27721531744103534,2.898229614322826,-3.168742515277341,-2.0847015886701508,1.1707290581244967,-0.5630513606280705
1,-1.2237473145563664,1.3589091324201747,5.333872016789845,-6.642680149867086,-4.964487413389388,1.3767799799708478,1.716219247535795
1,-1.9726366580512742,-0.02573804998984547,4.892797997342071,-2.311687483589455,-0.9992182527089033,2.0169515271545886,0.7242850586995063
1,-1.2969084642602746,0.8052519528586451,-1.397901849626056,3.7851298898153276,1.631000213857615,1.947036402382772,-0.08670114051356376
1,2.2941336040651272,-1.6255500105088716,7.71003456326421,-6.948285759481284,-5.805494251683797,0.23596543008812187,2.9844539019959417
1,2.694965694517299,1.2402371416704026,-6.851350923243304,4.798213190998375,2.0894833694105035,1.5963611314790722,-1.327499749837107
1,0.6677512850209184,-1.6565931513489789,7.549231834801286,-1.2130927048616904,-1.1818113019656256,0.6889526707123911,-1.0531614000363665
1,0.43256047879333726,0.28554277427236047,-3.058246303913608,2.423831268537171,0.7737199162959352,-1.6057061895170202,0.1587095697433706
1,-0.9626301457732142,-0.7948664290864205,2.5903020160510115,1.0017148245598975,-0.16687379813570646,-0.06515265055631039,0.27456675620215054
1,0.9583225782790211,-0.17976326803466547,1.978808104198806,-6.894846549532332,-4.365970669441688,1.6636938867004978,2.718294441489208
1,-0.8546618580055292,-1.324247962654327,4.228303025774131,0.7981556223690779,-0.20791133509383813,0.4129465714877285,0.2755249367213445
1,3.2883904949412748,2.4389126509203796,-8.474831335465216,-2.163666824659555,-1.1021048648120777,-1.1816867868022607,0.5324115168592791
1,-1.7006518638882817,-1.0317545580405993,5.844799203407233,-4.544853915569329,-3.528656554483278,-0.5003752455547323,1.6375120726551784
1,-2.6013757138953166,0.17736736150087748,4.693450836218187,1.6859226725299084,-0.1843104462919381,-1.9631960351037323,0.05713022213621866
1,1.1044099553412612,-0.20604427617065005,-2.580071295379897,2.298168152806826,1.5566232561222288,0.2665022769524648,-0.6859614210856169
1,3.25267822519693,-0.5944845326450438,-3.60766797189239,-5.176130537543182,-3.411429514745165,1.4745995770860585,2.3349508882059045
1,-2.566036435356928,-0.6910853819374756,4.713597661226436,3.419689497018489,2.302618006238149,0.26555814967992786,-1.353038868066237
1,-1.4381547835188953,0.7649867503825599,0.4891275793714024,0.05572957130884265,0.6475921009455011,-1.044431317193094,-0.31264399532849957
1,2.0026508991051912,-0.595319013481707,-2.425633531622959,-1.6349050291350216,-0.2838198279938218,-0.19838167744513602,0.4124665933050084
1,-0.3421490814958287,0.21378895790407337,-1.563789650791137,-0.18462616000544116,-0.6024057192356401,1.7596985955145847,0.23424213934585875
1,-0.35020251846852035,-0.8868811405884206,-0.34024082454825866,4.243375225067216,2.672243039411427,0.3903233432794606,-1.7866590262521191
1,1.4348869466629592,-0.7418794723731794,-0.8736521508994334,1.1839239045702965,-0.07799991637952425,-2.969386433243965,0.2086260844855812
1,0.9895342655244571,1.0213734956241183,0.38132814372272206,-3.9371285138381835,-1.8571072021600137,2.140820687713212,0.8590538649966394
1,0.30122323189586486,1.1997818045893667,-2.2940507820435676,-2.9205486868021184,-0.7920163981122331,0.8141444506326606,-0.06664425620108448
1,-0.08160336629731374,0.695287150258772,-0.005528989742569157,-1.9750933149462602,-0.6579164914624495,-0.5759134494916859,1.1936297086904215
1,-0.4435493160409025,1.2382714984589187,-1.1875201965082034,-1.057822003867388,-1.285048390675392,1.3089260458262633,0.9605102980963109
1,0.31757807664099685,0.19215397124952915,1.8480867024750391,-5.317482436769082,-2.2572091822712004,-1.0215018930863458,1.0067386261824702
1,-1.2253965517698686,-1.5687743488412116,3.04307449080935,2.255849492897336,0.0289367612962686,2.1952082325542746,0.2727223663516324
1,-1.157915799845385,-0.977296996029179,5.357374711129608,-4.450304381269166,-3.150056343669885,0.02214630770104691,1.5826763592678779
1,-0.5979697385470746,-0.4876487701039836,-2.806841836651589,2.931584405645104,1.6264333155425525,2.3756284944443373,0.5367874360209749
1,-0.4173157196555104,0.7065633549792358,0.35530740614576745,0.3620719383133061,0.979175305462276,-0.7292857306197522,-1.6342767725871483
1,-1.2746054397170032,0.13645950959568548,1.0817290633767565,-2.6669835556797237,-1.1355028666734752,0.5084898210898389,1.1479506232663177
1,-0.5361561786162078,-2.6300365306232094,7.537147840123244,-3.124598480839506,-1.8012025993987246,0.4007364551919029,0.4904749257879404
1,-0.3202801038216743,-0.8138294031671925,0.3300478852492996,1.3220580001617488,1.9847403993274635,1.4196739783290828,-1.1515680323101367
1,0.507375066052223,0.8574963327938431,-8.900048154861425,2.8638061205567222,2.9191237121414697,2.703815340283655,0.09958742087544609
1,-1.3817611337976132,0.9090510112142651,2.9907535593056593,-5.921342037857634,-3.5964513092517603,0.36226273233213757,2.500196689852734
1,-1.7085229292062853,1.694554516970979,-4.1430561677192905,6.604097624235928,5.083232755003247,-0.3248813667508595,-2.950904937173995
1,-2.071568341696639,-0.9073386381298758,5.007800446773188,0.9465017112518317,0.586562995476493,-1.769535002371975,-1.22891675190526
1,-0.2586921875331919,-0.8850054303602708,3.0273390510372096,-0.6879179506206887,-0.45959917597959654,-0.14094095170683998,-0.812192763629363
1,1.0283290983695297,-1.3142742522631505,2.985057697333889,-5.204923122851772,-3.146643071306693,0.5579028420327184,1.548275256160405
1,-0.4625790368727919,0.32381016723493034,-1.7244257613633762,1.3199793517220069,1.408783050433218,-0.05507612647168002,-1.0899006681530758
1,1.2685622367034695,-0.15144705243911308,-1.5619789230652008,3.1531587944270867,1.564791982107981,0.41641605115232166,-0.42070891259602505
1,-2.8147732758225636,-0.00340117989039318,6.902788100455682,0.002358721546353068,0.3172952661379598,0.7740443601446637,0.01764068704153665
1,0.7060020810684234,1.1880061040593188,-2.387160554989126,-1.3081159007941319,0.22303421666226556,-0.3813226998917356,-0.17506578470696452
1,-0.1589790900397362,2.6128471987688897,1.3476723161228221,-4.419573872987391,-3.6845729782211487,-1.0027833943235658,1.4210137881511309
1,1.1958674877658668,-0.2754358041511898,-0.45815864479370555,-3.852640597986171,-0.9536072151066046,1.1294760153996952,0.7237981534356194
1,-1.0937682375995725,1.6858094146562128,-6.484861021589165,9.77948178659335,5.712751493963442,0.8169980331706715,-2.928418748975701
1,-0.8944919586186442,-0.3084460541089976,-1.0617293138085728,0.800491348845169,0.6042266797725646,-0.1632649471072567,0.22268679646973186
1,1.3001341275701221,-0.22784059397633794,-0.8208287565777799,-2.582603393604408,-1.588268338340606,-0.7955944007949584,0.49293301258749134
1,-1.012347074563982,0.6477118858675228,1.0033365444897326,2.0801073249426336,0.2946074116060932,0.7976172259503861,-0.6825867653576558
1,1.686750065478947,-0.06506250311160737,-3.5906120893998663,3.118023498400426,2.462066496946884,-0.4164335102327815,-2.239306067144252
1,1.3332712258073585,-0.4233708109506473,-1.2049620752873984,1.8953564657818174,1.037300788962461,0.07800287360334027,-0.574503094759792
1,-1.1941629818606219,1.058794827067609,-3.1898919376914314,5.277475665080595,2.980628335741904,2.122744618267391,-1.9458318029425516
1,-2.618862518782968,0.09277420188462737,1.145632439400572,-1.2483859816294183,-1.2439609760764405,-0.20067699071563264,2.231583669535814
1,0.6457901230130736,0.40713897801737,2.2152813889326763,-3.368376016257155,-1.8377323414743505,-2.4369256500617413,0.572631922879387
1,1.0938741767227882,0.3525567881563908,-4.268809602083439,3.7413425191321816,2.1764055123246804,-0.22740943006547543,-1.2293435361529153
1,0.4816463429329563,0.0756012925525676,4.208483565223323,-6.381836673821966,-4.152518386296951,2.0728643554591173,1.5995423570306173
1,0.18830886586518839,-0.5216315785529546,0.6825963547308245,6.51272300047693,3.8421885844627477,0.2677717070439521,-3.003709015098401
1,2.0203479513470315,-0.22410680291115959,-2.917951561962361,-2.59050889140389,-1.488965466694227,-1.8414702012286854,0.8851441226765183
1,-0.3264183094936089,-0.46659363337492576,-1.513753980008662,3.912463013598711,1.7862633974790558,0.39367273227775107,-0.3821930745871247
1,0.9418477267970168,1.726978333052448,-2.728104914425763,1.2773904472724922,0.03631396414478384,1.100876156771354,-1.1582915477840272
1,0.922201849789597,-0.28099806876869415,1.0614554378390157,-3.3862030547802684,-3.128109030463054,-0.40361064337414154,2.1222173054268643
1,0.2536242211040901,0.2908277945161136,-3.408471148287486,1.6192300127705248,1.8384542075047152,2.2889045520684834,0.06174194243862749
1,-1.0433756690655978,1.7331307754265493,0.5116724598363941,-2.684797937626075,-2.6001480122159637,-1.0394035888188418,1.7246261904295752
1,-1.8863010814864516,-0.761631672495573,6.328730189053551,1.468640343525701,-0.5241256106257939,-0.8947883843532324,-1.3143243020043633
1,0.0037721626937212427,-0.048863383757463186,-5.332440934812197,4.4695838271843975,3.3753372950968012,-1.7612487374770882,-1.7521000436813792
1,-1.0188023802893658,0.9023942588972852,-4.021613204868468,1.946913757322452,1.2853038051177987,-0.40647125695216485,-0.5199913109906091
1,-0.5415050581142433,0.24009795578146062,-3.5025977569456317,6.84084904930959,4.065245715156347,-0.9382438532787141,-0.9251276612544619
1,1.6172030410597389,0.01236408711447929,-0.6510606516429536,-2.17876278033442,-0.9001244008570193,0.28294103364024065,0.1788448132547444
1,-1.5392042899952634,0.5750537298681756,4.309880012484485,-2.3622993934878167,-2.4878150029280626,-0.43853628177968335,1.4503108128961049
1,0.06265727918875055,1.1559946394944085,2.0610980302852804,-3.303282990547723,-2.879444984156386,-0.10926854009430526,1.5916290796669508
1,0.07160745836319875,1.5175198778427423,0.5638732756104701,-8.503615621914626,-4.521591479911376,0.12461739264926285,2.2509398919621013
1,-0.5368957907359341,2.824258225053328,-8.191288415916492,5.7294435057538085,4.128083709041712,-1.4606889481785867,-2.2627315790420126
1,-1.6026325512630506,-0.09200325294416258,-0.31591971681142766,0.8557858306663916,1.2377505061070024,0.10535610684452854,-0.26595803616447133
1,-0.727816816211372,-1.6708745693101326,-0.14456090935511212,7.370870779639119,4.2535231686180195,-1.6397580786226382,-1.6681076225727314
1,1.2596018640889084,-0.2680173416400621,-6.314682354719736,2.1289179397073137,2.573116011439976,-1.8181047124140686,0.052224480231872594
1,0.5107361439577427,1.1721976627182573,-3.4283911281534047,-3.772761688870009,-0.813611738651552,1.527639228255746,0.8969229260699122
1,0.38311750513127624,-2.212768997116833,2.8556163047272807,1.874935822543415,2.460840833535112,-1.8326562760117104,-1.8950780211348903
1,0.2625984698107359,-0.5182696130576808,9.620666643734829,-5.640757642294435,-4.782632052876558,-0.6518978713078689,0.8099819854855903
1,0.7799952754921767,-0.25881824672517306,1.7969096522333,-1.4862326027448542,-0.9133580960718447,-0.6441861699855619,-0.02933145241135445
1,-0.8360569937793034,1.7977023558436078,4.198257249997719,-8.325913060489142,-6.111175491291605,-0.16532696305575031,2.4918430353034617
1,1.0966738530801874,0.6298381948823882,-4.1017216723247865,1.121361252624405,0.36137699620577146,-2.3872552005518606,-0.06350459608197612
1,1.6153551953604885,-0.560263238700059,3.459879615150432,-6.22226739503618,-4.805139490738374,-0.3639347720036732,3.2649576055210696
1,-0.8572003465802552,1.0050869525107573,3.085359296421364,-1.297570696605057,-1.371736558056218,-0.8186865655950124,0.37072888812327315
1,-1.4019330253956797,1.6859106018058798,1.047543913241579,-0.41036166971892474,-0.6063809007382653,1.6286421960473971,-0.7976784382991018
1,-0.051627917526031006,-0.2727498172703361,3.4267140035471897,-4.872401538799671,-3.5219183402298078,0.33339246833013286,2.487181935898244
1,0.01020106802154809,-1.360351215821165,-0.13783267165454277,2.2704887648891146,1.9243687256745527,-0.6277919095547748,-1.0814091033272055
1,0.29947333955916844,-0.6864199074076109,-2.285174521221846,4.305403929033882,3.5087344824124598,0.5614868081314532,-3.108847859579705
1,0.5143018844036165,-0.501108021795757,1.419314176166138,-2.130917791311347,-0.5626478099010368,0.16099828835267582,0.4212386885475481
1,-0.47054747408708636,-0.6166593684618501,0.6229481136522733,0.8945137915735915,1.449615036048234,-0.4511145076310975,-1.0629345730295165
1,-0.9375334318283243,3.010019346666342,-4.549840692160325,-2.5097937261458987,-1.6931517751421712,-0.1534471273890212,2.2118415199829893
1,-1.5606798096010015,-2.0992690470525583,5.663058243661847,-2.5778375059187364,-1.068017113595814,1.2121212932458265,0.6688293889350788
1,-1.3130426449456034,0.4310413159304249,-1.8388226194581465,0.387881513005324,0.5972186278978762,-0.657133489212498,0.23463959570747184
1,1.5764726647801808,1.2598616651612173,-9.72889765706464,4.308000079644816,3.7681893127504145,-1.1996106341123713,-1.2457270998105825
1,0.48475663179383116,-0.3701750316747576,-4.663858855619424,7.1922218666929885,5.007609343259417,-0.22637246148926018,-3.4247158016809123
1,0.9398906505431629,-0.576704360356102,-4.008685144581622,5.907505689381696,4.007306339859509,-0.6588804173334497,-2.267207325413642
1,0.2980405390562013,-0.3053987218922064,2.1249399661777204,-2.5528702177979534,-2.0259776426513803,1.6354645788544362,1.8158070224929894
1,-2.4572240104881193,-2.631773121925262,6.268113623813906,-1.0625599970154997,-0.3540448660752718,0.5244812510228646,0.6722500294363238
1,-1.2844507314780766,0.6461779360887183,-1.7017085043803553,3.433641804823785,2.731174050009205,-2.04640542917423,-2.1015421226210576
1,-0.22567411324614403,-0.6654974527430965,1.352425932785799,2.395356780625738,1.2738058952822464,-1.2734317343824182,0.018677251976779358
1,1.166694270091354,0.25105637560196037,-5.766813192948286,5.38078723232522,4.05764883923788,0.6230356281336873,-1.6770338247359349
1,-0.10692753500456563,-1.1134608616874981,7.131757460118037,-6.364740239850869,-4.475177798507676,0.6173691276222758,2.254717344996564
1,-2.8359787379170243,2.0850981847332277,-1.9457554667176662,6.1284801803836295,3.464241443769879,1.9859523442398428,-1.4654628891739057
1,-0.07067196535940716,0.5715084544620967,-5.182342596605715,6.1397735892076035,3.7456393793314104,0.48217192891593735,-1.6822945232343218
1,0.9164140927707517,2.3834836999984295,-1.625232781592083,-6.037395213096989,-2.9552140925832413,1.0480474403526159,1.2207593091165905
1,-1.8115201720734286,0.889087621570452,-1.709280130776798,2.1815550208590233,0.6431179445581452,1.0460764193672651,0.6035310165883035
1,-0.5615237782902706,-0.3233476986976677,4.993483967869666,-3.797599155038592,-3.0047146265845095,1.0796894306065712,1.7555682432914217
1,-1.9305066745123078,-1.15222116654763,-1.072172308047903,4.723272725899063,4.076066181496871,1.3535293768573844,-1.4180583893939578
1,0.623583555466219,-0.39221495702622666,-7.679902563176235,6.741365641115416,4.598532189136562,-0.10227244464306126,-0.8498454534617981
1,0.2873493107190821,-1.7095027374099292,4.545443050534227,-1.927034748012366,-0.3328994882948967,-1.4369527027556088,-0.4363454934195582
1,0.0781520768680527,-1.4112290020702092,7.23673814977554,-5.836750783608135,-4.631033479230064,0.7996095233459057,2.2555421637076396
1,0.009734279374315008,-3.3199523857155167,2.737552291414031,-2.7288487913911093,-0.7479474177894494,-1.9294813474882768,1.3389166043249987
1,0.9969670492979036,0.04787098956854928,-0.11175877834930369,-1.2535714386586292,-1.6613455948929678,0.5299599930497777,1.306771684615436
1,-1.0307692819477066,1.4351536078837097,-1.7957727038329934,0.17792476947624503,0.3578367516040095,-0.08373641003713837,0.5813208849505751
1,-0.443431543985148,1.4099386233723443,-4.19763267169845,-0.6996981009154085,0.5814639726314428,-1.0741412134935835,0.07093650406509636
1,-1.2379384004363607,1.7026903288751156,2.484234117502613,-3.2848609488888254,-3.757216636707347,-0.2675721956048665,0.9065949409780021
1,0.4308504323058886,-0.7008251811294101,-7.510023493204667,5.4039336223454155,4.459083124345566,-0.11321764862670022,-1.372608875329782
1,1.5702230499075538,0.4961368180390199,1.4038454065988593,-5.679089024686873,-4.009938474484894,-0.04025066238746028,2.185703104266126
1,0.8206757608208933,0.23108016801611306,2.6021902443639973,-0.28298918166356024,-1.6831492345527852,-0.8972638388571788,0.09635093075886142
1,-0.9234891380303404,0.5439514332433386,-1.3088494490235085,-0.8274928811685126,0.6670038752463406,-1.9608005024635937,-0.2686085834320099
1,1.084142885955596,0.857787625614613,-4.684469864376117,-1.4616261122054757,-0.27085598733127336,1.333769678865072,1.4389762075851935
1,1.4975048559725883,0.03613289502287663,-2.9501405546684976,2.9606027441399885,2.0233974541479327,2.8590033133918693,-1.548153051101334
1,-1.8813606578840614,-0.1210256102708899,6.802765629518168,3.4900581162646,-0.6970529266222366,0.5428896318193698,-0.271026456211267
1,-1.3468793481892385,-0.6549470312840634,2.5362696002354665,-2.264354412474653,-1.0417820593700173,0.8208387123295413,1.4036431661178044
1,1.257091789367241,-0.8730038299588734,2.228484482637967,-4.716920511158902,-2.919469392442621,-1.041760679058257,1.2015883680725923
1,-0.3737797953124939,1.3883718336098294,-4.9192102644633025,-0.8885978741768515,0.6654956669784191,-0.5857473073690362,0.5658422358875135
1,0.5879080157112567,2.8445973655221017,-5.721296506677206,-1.0640502693891982,-0.05067914088610499,-0.5580881620569331,-0.6441287632569221
1,-0.8486727690537429,1.8761810118031954,0.20540740421418457,-3.164818569827029,-2.3635553088913692,0.39621715518532247,0.05843785326534606
1,1.3024275828814658,0.9616506419384127,-8.081683818903983,4.716736579760206,3.909158319963576,-0.11485287028597219,-1.1401790344832266
1,-0.702351444242503,-0.8395002211490074,4.7033630819993535,-3.7285580147410373,-2.5205997971690395,1.085513789965008,1.3107475992081599
2,1.3548336033974504,-0.7405819357767913,3.217117513141082,-1.2789927843063649,-0.6702882513305822,-1.7325327794504632,-0.24899455309066493
2,-2.009382962698457,-1.461773711543067,1.8062746148497197,-0.3299512694467499,2.086105429921028,1.4094215993834138,-0.35191874154045033
2,-1.3881733000407497,0.7996111210481647,-0.34733336743752075,5.302435574428324,2.7874642468335002,1.0364811754139365,-1.905168376249615
2,0.9160776848868445,1.042361032324398,0.6919044479149926,-4.401138244753352,-3.023639637448891,0.09843872173710054,0.2959694727194646
2,-0.5743824298507607,0.7018137509231341,1.3223338347153593,-9.310396475430707,-4.16599266931543,-1.0192214250351859,3.9978381732994306
2,-1.2945487754327403,0.4154017222857023,7.380101092272065,-10.193327843650207,-6.083906312298855,0.7432011125129364,3.6669130371162675
2,0.6839366934119144,-0.010073155965619904,0.6304721899830069,-2.803999027423257,-1.3471996429513595,0.35312358998771975,0.08529455832059728
2,-0.6600431143959742,-1.780967768229979,3.1333459863864235,0.32170059111373434,-0.3013642226988021,-0.5594884199294997,-0.24406378487437436
2,-0.8408324915980714,-0.9468468986244044,0.6259348312956282,0.19645461048037657,0.5495677965218663,-0.41074660321408507,0.31954094934687605
2,0.5491379576090293,0.29734958445277054,1.2878180286845975,-3.959247911224823,-1.5778488577288305,-0.2610866506950485,0.24902898990550318
2,-1.2841205047149105,-0.19505421182291363,0.7681404817722839,2.5717978941483093,2.4457951723282374,-0.4147298578426349,-1.2308428633341955
2,0.8071649197345723,0.7217162277722751,-0.9397407139006074,0.4948017611712901,-0.5909355967260846,-0.4535437709945121,-0.4891537271557451
2,-0.03222031525844151,0.2763858365230556,-0.9318146747628524,-1.7645300501259,-0.5758918193556422,-1.0068475225762321,0.7599350655627756
2,0.5225602787750452,0.6321734693126805,-0.7492065739009748,-1.5139203994752766,-0.8571895429396357,-2.5654600662314375,0.47778258454795236
2,0.3342567823723568,0.08536512081426587,-4.387973840022033,2.573181122307203,2.4248672246937084,0.5877676245261039,-0.5149822822712676
2,-0.5610228460434552,0.5348032733494342,2.9634296205021027,-2.343682334117587,0.05025975905536689,-0.8092828310293186,-0.11290724998007445
2,-0.2878247264816253,1.432868255452021,0.37141531435459396,-4.791062306864173,-2.767945818117914,0.5048026082274071,0.5282139810048281
2,-0.2672974850479714,0.2441435683551377,-0.7198931718817247,-1.0237728442303566,-0.1741941209873139,-1.332682548366555,-0.45367288889533297
2,0.22831734724019354,0.19635700453445779,-1.2324835574652615,-1.6795078047455865,-1.3780810513735635,0.48995416264355535,1.3622123577886298
2,0.936757521232987,-0.9997938243966021,0.4697441040273124,-1.0856522495374135,-0.9749337549119932,1.522975246110078,0.9098020444928864
2,0.11789072017389843,1.3467575635581286,-4.994536135614503,0.08278435655418095,0.27109681917714146,-0.3006492405293484,-0.19750695256642176
2,1.6951820374958921,0.3439924656175233,-8.3126049239366,5.393080844445952,3.3299759160136833,-0.9720948831625824,-0.704404847546448
2,2.0712543931035463,-0.08528594029905787,1.9003151753353231,-1.2478514920628119,-2.0048240915292563,-0.7062661707786095,0.6946953389833925
2,-1.0595218876503556,-2.066957794248028,4.411786109690652,-3.0287390699007264,-1.946677534724674,0.7887784557762584,2.868287184493418
2,-0.42139616812858216,-0.9624261873788105,1.1149160647743064,1.6496149230484607,1.296555585425504,1.4128689794573221,-1.3956370314348556
2,-0.8151964229768782,-1.3792880364917601,5.483185625483518,-4.224903905529247,-1.775976499401516,1.0548562605705842,0.4414450246500178
2,0.8363480835232323,-0.16460264219871562,0.5680310771528488,0.6677745375224808,-1.4820302123207065,1.013619245720381,0.6564713620499132
2,1.9463481480284264,0.1635674025686869,-6.3802611534667415,3.3103565410316005,3.113525457085556,-0.9512692887519348,-1.589539700899768
2,-1.400844353822962,-0.35535233786890386,4.238782453365606,-3.6526842696690496,-1.360529680495125,-1.2639478951777086,0.2889219337868994
2,0.3472227446479752,0.9656344846386301,-2.8309351839541392,4.24117924332119,1.941642566934639,-0.5918593512864941,-2.1964130530436456
2,0.13219018982668582,0.4582344454270699,3.196832607352676,-3.574194123604549,-2.387716407396599,-1.6823425131869543,0.0301518912900519
2,0.6088072639120042,0.7185081015885514,-6.77876457048269,6.816422824417291,4.033233918740003,-0.5655168901883444,-2.3767165238977603
2,1.3313086925622681,-0.062063759421338405,-4.430377325834049,-1.3869597673664185,0.40400868905170345,2.096554529359494,1.6152303815912916
2,-0.25956534316303453,-0.9580569513735422,1.5815342185950272,0.38895723066111837,0.48401099604498077,-0.7973798099052983,-0.3127789093906998
2,-0.58536682220108,-0.8047355848998895,7.896864123992822,-4.83927551511416,-3.9980556117137374,3.581596275980484,0.8535163059454299
2,-1.4136697950063069,-1.9381379452104186,4.117470693561487,4.560240163054287,1.723821482021343,-0.6617490555313725,-0.8342137188559495
2,1.1480466279524653,-0.47927385108714693,-4.352678843494149,6.941782588156571,3.1162585630272863,1.1367581369243625,-1.616429777650422
2,0.8348578676989639,0.0013132263062292787,-3.603075724985405,3.2460844229908146,1.4783560008882017,0.8646028055840069,0.03435794234750647
2,-1.8670591324837256,1.7462293592463378,-1.5640480160325556,-0.003973199001334967,1.1834912448143862,0.7207861616859247,-0.41344154908763187
2,-1.7911111124530328,0.5938253393597172,-0.39495690180982673,-1.893905686609758,1.3597011918523243,-0.49641726381310325,-0.09421414347217064
2,0.4683491820622909,-0.3923907597210451,-6.068295325428895,5.139528618960977,3.5431252090128957,-2.0281149089177877,-0.847720905863224
2,-0.5387599177239202,0.5759799083445236,1.2106025239842841,4.8762261602575565,0.9964968041926688,0.6697477122006126,-1.8946902417231157
2,0.8249145674617844,-1.3287965136007434,2.8155504432692013,-2.5945607556911265,-3.4656695088972347,-0.9819368767623188,2.1171115496275315
2,1.6063406638620619,0.3283067866700695,-0.24981806859258363,-4.347889350073525,-3.3774096817902515,-0.9420231743909336,1.9158296940782376
2,-1.159856042187245,-0.4920471773410801,3.2412242706524936,-5.35579184672128,-2.3547429957352177,0.47100585321522526,0.9414717766513715
2,-0.3466810842024354,1.8470936427327236,-5.121799364885552,0.10439689696779748,0.5713888389831012,-2.2397876519833364,0.7656781573987255
2,0.18321755665001324,-0.5952107170505733,-4.534024989997561,2.4165904698886624,2.1346900351230054,-0.4850780576868892,-0.17417581036209928
2,-3.3216840251927073,-0.2328239331869466,12.11514005684217,-9.22982339319997,-5.536823488633063,1.1417604566777753,2.0216930597665494
2,0.7636416155567537,-0.4470522473378985,2.425909010243683,-4.655147872825996,-3.446737422054067,-1.0063521885064857,0.9816499977074249
2,2.535434868510824,0.4567713108957109,-1.0133074385371912,-8.698998788529076,-4.719923883047948,-2.7967273113405153,2.4463685033576152
2,-2.067822331770522,-1.7336374383399376,7.397821674875574,-1.3203855089971201,-0.6006526280892466,1.3983052735309478,0.9952894753068513
2,0.8562591567096329,-0.17920275877955383,0.4914367663495928,-1.2100739982259394,-0.41471771370371213,-2.209896446741902,0.0009756869829111031
2,0.3156867795041517,0.44396380982428596,5.0465760967888516,-4.9334736551755265,-3.727242771627258,-0.4999317357618042,1.3732293494031402
2,1.3059846170263307,0.9127506908582769,-0.45269421245761304,-6.1766377841384985,-3.2945047927344397,-0.9134067213964944,1.0816549573215668
2,-0.7929459997619791,1.601059374000412,1.0652191095628891,-4.541138584245015,-2.9759063560208894,-0.2420763899110649,2.01565341482263
2,-1.427329020783216,1.1839753199460772,-0.5568951031617684,-2.356318657515777,-0.42457404498773055,-0.561515478591416,0.6756459677715981
2,-1.5976786025189544,0.08790435986694062,7.309292587893073,-6.47606360119058,-4.897101526874098,2.734786758649742,3.2159257305355635
2,-0.07827524052633528,-0.36989285582667936,-5.413895014512759,2.670741621642367,1.6626527153711468,1.9897293854153502,0.5939056293667669
2,-3.247173481720731,-2.582607666900564,8.245978777772878,3.00668453995409,0.9932864272960221,1.4773430623192976,-0.04888297545455094
2,1.0038823511940111,-0.1015691418838221,5.191004415001211,-8.608917418582285,-6.291031567234171,0.3182192289119982,2.8352978409300764
2,-1.611267366982647,0.6858947644128074,-0.6780387065625861,-0.9518350554726457,0.2534420830851743,-0.4688855251540184,0.035044080719973655
2,-0.4489218597497582,0.4787397557605875,5.295007760464438,-6.959932047180366,-4.2616248358326825,-1.9356065031030825,1.676651836208835
2,1.4626603547933061,-1.0431343409199563,-1.6073663017156203,3.9445187541994273,1.5858056641603375,-0.37517593604394406,-0.21413674226261295
2,-0.16179023541667364,-0.5532765497147869,2.718546230848836,-1.727188440731866,0.9941137384914728,-1.5327448812854905,-1.7870213499651315
2,-1.6937498628822436,-0.0221361397282623,3.1256654638150936,-2.3792383267910213,-0.22618860862814155,-2.4832994090598457,-0.2815601585941417
2,0.43356167303359877,0.9503952564244033,1.6484891588937787,-0.26465916262165606,-0.3498424162356739,0.3284486452332397,-1.1584091692791694
2,-0.5062770812472207,-0.26771857029988333,4.948406686722991,-2.056529392728173,-2.2334552102047365,1.37395752317855,-0.07767662935721231
2,-0.393927918520658,-1.2425278165283469,7.303845433779052,-4.571202421607909,-3.762072612012139,1.1645372466607677,1.1118319249820676
2,-1.0563954728661902,-1.072091490841755,4.817589363637324,-2.8165345592209814,-1.2335407734062618,-1.4723928084323394,-0.2922645242971127
2,-1.8144190530785265,0.37670710873408986,2.1384036446296935,2.087043691063611,1.4546449768154301,-0.17077247667589474,-0.8330496696812082
2,-1.2798331871284352,1.4125280212867333,-1.0689649526392107,2.4287375641459055,1.0763430525722286,-2.2072188087588276,-0.10069164641296613
2,2.3905839745484343,1.29106382145624,-4.995522938313771,-0.8131601033036203,-1.3807891075085719,-1.4735945881725174,1.4283883837596538
2,-0.9856581505041726,0.7109972922396388,9.598187650637724,-7.920485200381539,-5.247285970070947,0.9762879329540481,1.3256940621232478
2,0.024651119726672843,-2.227245379641187,13.006620565035082,-8.617762551574256,-5.768845291676294,-0.14928428302185323,1.7645367687715097
2,-0.7078079609533138,-0.4402372983485898,-0.01110052126925969,-3.2103440839850212,-1.809318351761228,-1.026334949953939,2.5024512685938687
2,-2.663682070497881,0.80402896336893,8.126999674773732,-2.965679523266498,-2.740483815044999,0.936739974274001,-0.04971255436042514
2,1.1757229858495952,0.24064186043082905,-1.1819339808862137,2.566240087764021,0.7767206853346202,-0.5176577374517699,-0.5203475551342742
2,-0.5797748396023565,0.24629837597385734,3.290216935012189,-4.854933672308119,-3.4725559040403438,0.7923219993116604,2.2006995463385692
2,-0.2895594635247666,-1.6641881103135538,1.7287972947553583,2.487833289074029,2.0959108277419505,0.6539854777135491,-0.942536143885543
2,1.3431173380409966,0.18126616825544356,-1.7140250192380893,-4.4133801616709505,-2.7592786300684127,-0.13908047172010835,1.6183209001378043
2,-0.9752262982031945,1.099496970787033,3.1783776804292545,-3.6724485623413003,-2.9486797584596234,0.4396839120648832,1.3064045385680718
2,-1.253376653770081,-1.6731421117408243,4.577998290694747,-2.1145108845663056,-1.8714822935542634,-0.04778061535833948,1.9510524290461144
2,-0.6480542605658369,0.03033218763383222,8.099969145776836,-9.380497655153537,-4.778732512657552,0.5951240088059953,2.508029165683908
2,0.8884039731465252,0.5783107073287788,-7.223080380794513,1.0330780431825357,3.0023602170748984,-0.6771963968787115,-0.6207384294185727
2,-0.14571825563548457,-0.8984662552275073,2.7845236413087924,-3.0949012619789036,-1.1533553172052782,2.5966836407705056,0.6547500245861175
2,-0.8691837084414693,0.6315488243660385,-1.8432211251931456,3.5862928100194007,2.445027238940338,-0.47473059383207955,-1.5812087858387134
2,0.7770836305910848,-0.05509844268232206,0.4264377393141362,-6.762768604444739,-3.122928161785615,2.9493611007892686,2.667877359105164
2,-0.4067763760655478,-2.196041315432879,6.613400720991074,-3.254073947566583,-0.5524434577990195,1.8840823281253616,0.14195468393062463
2,-0.5221053052296998,-0.8366293963907897,3.3670608595108478,-2.685351122523017,0.12802575355079182,-0.11177994105821491,0.04094874033110768
2,-0.5499379514243301,0.6722572230305636,5.127114527023756,-8.910912157690332,-5.1522624340406935,0.24539302151884052,2.7115587537742054
2,2.203518984984647,1.94157137202591,-5.94111610746261,-3.8794032330195707,-1.9875490583530628,0.036750540505658374,1.7942628952506068
2,1.8848922495540827,-1.3072003917564112,10.175028267525311,-9.084204488249837,-6.285240623766384,-1.0052363835897875,2.010134156599185
2,-2.5402659057235013,-0.19783421611187385,2.905345981471704,-3.1937799694020934,-1.8448510182627798,-1.148017067548596,2.4524187631639633
2,-0.5175680138558041,-0.5153451076378623,2.67804314508827,-1.6105573822260661,-2.5627152281986367,-0.19491164451646248,3.088792641655653
2,0.6541026241961301,-1.7853131108208724,-0.08083026079294504,4.403287820664932,3.1771224946417798,1.0561245820003955,-1.1776096853281768
2,-0.486347962093529,0.00824798197351545,0.8194033101955668,1.132335411925253,-0.09493520635590708,-0.3443037094604308,0.681154684216396
2,-0.6434647141236864,-0.5487341046495778,-1.212224079763917,1.7209730791271056,1.906349291065937,0.8879986434468315,-0.6139885660998086
2,0.754346627739932,0.24143205759248038,1.9222146171915397,-1.597178775375107,-1.6426736597837115,2.5431101819600994,-0.5022449240911134
2,2.237764850774396,0.10192244780999764,2.5165056404096586,-3.883647228382933,-2.6500596578287636,-1.11220853729288,-0.2871113780820748
2,0.46394320812347817,-0.32476876961507045,1.2348304056126287,-0.4045817748313979,0.918035690923654,0.5931226087449782,0.07849857495222451
2,2.414856190741634,-0.6075730568423543,-5.759563376443551,-1.3663603516954657,0.9258203528083551,1.7950803279656449,0.8070587381948932
2,-0.8444064575226402,-0.8962068903382777,-0.9623957191755267,3.799180330515505,2.3597722517065858,-0.5097854295103454,-1.036422081629146
2,0.3511999749029566,1.2007376602202455,1.1071855674994395,-3.0705714607287744,-2.122183251464109,-0.2527791698104802,-0.07771913222051754
2,-2.067090757445109,-0.668164249379774,7.217415007428324,-2.052452559496022,-2.4042617524286416,-0.753261599874757,1.0480104614293495
2,-2.6882884769285704,0.8561260459697912,-0.691129551938584,4.155967692679724,2.1379302846959165,-1.0889667363048718,-1.0121959502608933
2,1.4291801618904434,1.0616525190759365,-12.438287540833642,6.929354983965564,5.383336595865773,-0.3916124008581883,-3.003141943368365
2,-3.708660807360526,1.216134574023215,7.460138798683534,-6.535676768222289,-3.519771760884399,-0.09828013836738778,2.2238036479874395
2,-2.1468036080660857,1.4619341308410325,-0.19584610987635576,1.5493628375911614,1.0564358103104672,-0.17385433590081503,-1.3169394064276567
2,0.8415870028110325,0.7592741928305384,-1.141034383222266,1.3242369049848774,0.2674807020417218,0.5434821442142203,-0.32262023794994776
2,0.6884131090279627,-0.6232170301811819,-0.7806361030192509,1.497491909966226,1.6149933989447487,-0.7711452221004932,-0.8640891299402247
2,-0.8949389291421175,0.7829693686011627,-1.9675094425022799,2.111672333809092,1.2057648772950709,1.146718946527209,-1.3546598071720632
2,0.21606155886151743,-1.1846704671905766,1.041016433755691,-6.667998733875513,-1.986140252890351,0.7091808405628821,0.9288315862029852
2,0.08170620329326346,0.4922804345190833,-1.0765034750156133,1.029260402649691,0.7059307087819569,1.019577423933365,0.10207407766903645
2,-0.05977308231767829,1.2990828195455375,-3.742425022350046,1.1509402599367158,1.1627363039500522,-1.0850009697826264,-0.1753566207835737
2,-0.22597139332726116,-0.8429374637916444,8.992221572638586,-10.028538151103819,-6.84025593984902,3.3457826976054807,3.6925018985115967
2,0.47655048736205063,-1.0161028707006516,-0.9967175580074854,-2.2859568521075957,-0.3269753940801776,0.32457243622035514,1.675594242830591
2,0.6946432697007662,-0.2112351741501572,1.5688088376263678,-0.06628361880573996,0.5486277476835779,0.6239041594787399,-0.9391907442794629
2,1.8750297769580884,-1.7652908210069034,-4.291792237738627,6.7892228766115315,3.7576690645942348,-0.955698290971985,-1.0666161359886919
2,-2.3235533101550794,-3.2361644413146964,2.5817857587687856,6.6824258821331135,4.502484300952472,1.1595912868512002,-1.3343738626299713
2,0.6489088354607908,0.4266375010128976,4.845002522785337,-4.799641754043741,-3.683824533995899,0.3926584525651428,1.3146171856053828
2,-0.700891718790975,-0.666766995454227,3.6550818450667912,0.1675523998812986,-0.5651340273070968,1.3678964180770086,1.0988512842985516
2,0.9979533553028862,0.1894963826261995,-0.4385971929198016,-2.5654004161166193,-1.9945348332812987,2.4776278511876875,1.2505937923224655
2,-0.589665188199265,2.550406761697352,-6.683909744936575,4.678296699292418,3.5897787018218206,2.0896789606253234,-2.667001797140841
2,-1.2482888865194957,0.46719022854184167,3.819130922992552,-6.180969687868563,-2.534461210910537,0.2206271635946369,1.7902816410916362
2,-0.19883481937216324,-0.8900701617331493,5.3125715002143465,-5.186287873528901,-2.6609239487646246,-1.184174168792849,0.6317520068481005
2,1.0325939605363643,0.5397985997505454,-3.731527732104853,1.0825489314451402,1.405545853000998,1.003851218045722,-0.5374960589838653
2,1.5429255474126584,-1.465292362196658,3.2468434775175594,-1.0069687271891339,0.2613116837795031,0.3923135878887934,-1.4899309582800997
2,0.7179114643951054,-1.5344651613331057,6.667515118307237,-4.108646916317097,-2.6651118612107036,1.772410059808688,1.7346168264479787
2,-1.6901183289849653,-0.87482940695644,5.9801004116405645,-0.8000795019295383,-1.621994974739393,-1.9985762689064646,1.8547950554309354
2,-1.3955285538523428,-1.6079028830509907,5.15024030344351,0.12501006276256063,0.9912021770248424,-0.09547360757255655,-0.6452743868276665
2,1.9308020958953394,0.6260822321904415,-9.385090398265929,0.6658080044525191,1.679569694772857,0.32511552090650686,-0.8958882662824348
2,1.344031518174593,2.1752374247991444,-6.962049659265702,0.3032904282234164,1.1025979461012565,-0.31758001747134135,-1.3416487681609872
2,2.06722086399655,-1.4995588496739105,-4.703988969601411,-0.7395158389301991,-0.040960484093083865,1.1925049583444518,1.3370703531371044
2,-0.3052729289924143,2.0990815374270446,0.4761914225435246,-3.136190912345956,-3.1461877251945545,-1.0486094543766986,0.9950888433986901
2,1.9263695793904718,-0.6399191339828737,-4.218790686200444,-1.7518138291840555,0.31782036301612554,0.4949940552663406,0.9157469422242203
2,0.24536858034156384,1.4262724292148183,-5.227931195996751,6.426126975032639,2.863130953898581,1.379957600689208,-2.062964024108805
2,-0.12189529298363455,0.3195495028601263,-1.749034144926369,1.6516779694492574,0.1476955342076179,2.1385972852441655,0.20670661228693438
2,1.4460021902833256,1.0917336089707055,-3.7998870951723496,-1.8604514636429084,-0.2687158636841467,-0.015128764443998211,0.02348685435584969
2,-3.7014625499738907,-0.4182466265236099,11.278497754869743,-5.329405589086064,-4.151942837534402,-2.198482025038859,1.4964077185534195
2,0.2604888893654881,3.4090966710282817,-4.924027562402032,1.0999575657966796,-0.8480626651298075,0.6915819123227962,0.5538160199879276
2,-0.6442009544910199,-1.311069411686442,2.3994181755204127,5.697619102519637,2.5207038128239434,-0.20862520230929063,-1.2363935103101495
2,-1.2567955014582055,1.2933924954253802,-2.3524603730965223,2.256700608568448,1.9939707781969669,1.7108912391794628,-1.430068898170944
2,0.3081277684829458,-1.4446884817289798,3.509480449435477,-2.9316547814506233,-0.3263966421989376,2.311294023770898,0.6161093413410446
2,1.1589151330840204,0.7347341292277475,3.7107474426783478,-8.404460597867502,-5.738867509655745,0.7839605303666864,1.952925541508813
2,0.2155939575367115,-0.5024049736616363,-0.5999012217067081,3.684647652507806,2.2835129704072332,-0.7727072204387277,-0.1611951412192107
2,2.043251275088724,0.19569383757548953,-2.617301214060941,-2.8919794658251665,-0.6347787009957158,0.034052464237677875,0.7780817533142135
2,-1.2739005361970752,0.6667013199754083,-0.9430232581399504,1.3844687699859626,1.1756545045900944,0.1223075958942532,-0.8763285354148092
2,0.46494158755148446,-1.4502917447467443,1.9003556173564888,4.4461264447278435,1.4852467420479964,0.5877710933305147,-0.15305282383268615
2,-0.6086256438916108,-0.20214799763978902,1.178846418794043,-2.315972053053994,-1.861694026200924,-1.8496445425303336,1.966349825964241
2,-0.676540549672431,-1.263965700158129,2.4621768352201148,4.79122891248572,3.007569108536277,-2.209096166973256,-2.213370076729104
2,-2.1237911757090244,1.735691989941347,-7.021140405005005,4.999267428888395,3.076157099287157,0.8676074768312098,-0.2902879588888677
2,-0.41551455572711726,-0.2883615405483457,2.480969451434465,-2.5257898826842733,-2.2750407476028984,0.8733360591930888,1.817949307491208
2,-2.1902440022300707,-0.411005521740883,1.7287961173372126,4.119881811794288,1.9714528583567998,0.9991560691954939,-0.7945333428693874
2,1.113301595932029,-0.8473337448318305,-0.18376036041412816,-2.4408477960422346,-0.5727682180262115,0.3004956269420156,-0.2346449320693038
2,0.8864946719662876,-1.0688746086238177,2.8677835931601736,-2.6573139245903565,-1.3100104062264575,0.8704751325340027,-0.18977398415244276
2,0.13172970268888637,0.31377462272331524,-1.9983942989423742,0.9807444286536297,-0.1314171707834844,2.091609597586158,0.7662030792962936
2,0.46437161537711164,2.22898024557825,-7.042385731471226,2.596370438435098,0.7188116785474471,0.9937900961475569,-0.4466832510591159
2,-0.2819787074480973,-1.3816470611589533,9.485712175419106,-11.038007906207698,-6.8529386717993805,-1.43939372132434,3.9522059139888235
2,-2.3539470422689504,-0.28263268265270314,-1.8715068846268323,4.317563566267766,3.733276370664723,0.10961926376827774,-1.1126923605417163
2,-2.999216030656244,-0.09165230808914598,7.234964186118936,-3.2717467243436134,-1.8629963531902098,-0.14930260451800667,0.258228600007537
2,0.4892356603542493,0.6112569930841902,1.4756057317431708,-3.9188513052275944,-1.8933134962954796,-0.5156945992552313,0.5729940316068483
2,0.493356080712011,-3.4072057294760327,2.0250824938551606,5.985720967030315,2.1851415775345373,1.7119843813626812,0.014095900823033525
2,1.3244884547777882,-0.37614858418697666,1.1355410049701804,-3.8643552307724187,-3.2728738962630737,2.533998550341461,2.1486953747739697
2,1.3921584795707649,-1.717899994227696,4.081647780389449,-3.805130563477923,-3.5197147950175856,-0.054345797307676316,1.563465546733592
2,1.7179147911053623,-1.4634788341593565,2.5575788623590436,-2.5811549967292313,-1.6907728295419975,1.6468090058741949,0.6955268970391267
2,0.7600059530527274,0.7553490073127078,-0.15057281190104166,-2.8894705114381734,-0.9164618212551745,0.6210691678943538,1.7037169020374867
2,-1.4724549116101153,-0.08658612798989851,3.1928693684182163,-0.9526913253022323,-0.852149883594643,-1.153722133442673,1.1868062663982228
2,0.4169836985910795,1.8875090493825937,-7.091767730484803,1.73689238342493,0.36877833376464125,0.22927605922763375,1.0236227624484
2,-0.4876822917319028,-1.5743851859121931,5.905962811413518,-1.6686111482223855,-1.3843592985582296,-0.5801401563859483,0.3266928415166981
2,0.8438635308859999,1.3325182803964262,-0.12537267911649053,-1.3641539464589691,-2.021811245999489,-0.9238560703435135,1.9361856493622667
2,2.2096928388016077,1.4410627369552915,-4.919302636242182,-1.136787744142614,0.1708783626319476,-0.43872898574417685,-0.5705798824565954
2,0.0625206429741983,0.29943780524712027,-4.794757751537072,5.205259097141498,2.119239761380491,1.5403830202722548,0.034052217308591176
2,1.0411296477655714,-0.3477334402589279,-1.840828071169428,-0.7634453250450038,-0.898813260390399,-0.5278198277937609,1.3016396200854192
2,-0.865037347182932,0.27985044195747405,6.763701136100544,-4.4167144124431355,-2.4337636596111167,0.37900540945394684,0.46636765566379157
2,-0.26527481883167164,1.5478828555802338,-5.099525257752022,5.0636116675015455,4.004124768552286,-2.043464051404492,-3.06369109260569
2,-2.007210923393647,-1.705838501729945,3.6802449120974248,2.2317563147577735,1.8690198803093845,1.8332605768195351,-1.3521999760218264
2,-0.9914580169948756,-1.9757146329744426,1.7030994284352527,4.677194827938219,2.659826365583673,-0.2784770381748536,-0.7979357489315203
2,0.9589615744077756,-0.16234238908605847,-0.9690181182084131,4.4317906267204465,2.0648168683379406,-1.7543092605499828,-1.384878549465101
2,-1.0637031297426902,-0.8870268915413215,1.0186366103663684,0.5228221032371949,1.6079061260636498,-0.053434816639930716,0.009896967614077878
2,0.3210556808990678,0.6094306387742311,0.8197274548710903,-3.3033542543471506,-2.920031203431658,0.48071634722221324,1.2767932638905393
2,0.8028300630920386,-0.5896732150729792,-3.446836020986618,4.2069639400909615,3.135360088942213,-1.8824743731112745,-1.579026401823678
2,-0.9016074613188054,0.9044918188279392,1.3828883600590887,0.17651029796094708,-0.023007943318806123,-0.7643115745699758,-0.49552425694697777
2,0.7439055542082381,-0.20541916281351677,-5.425874427066746,2.2589149907612374,2.5216224110888357,0.33996419719280235,-0.7212525645399522
2,-0.4206182398820532,0.10509472276408956,3.3652020795229522,0.2629932132185882,-0.26316319944574673,0.9147209953809265,-1.0213393401587088
2,-1.2176273685947514,1.0436079945368464,1.2773492822901096,-3.16124886555044,-3.1704537537070085,-0.8467818286651694,1.3328563995108302
2,1.6676661391688052,0.11466178455937708,-3.42019626684801,-1.0530540691216281,-0.851110313528441,0.7780766541207292,1.5511438707279672
2,-1.126806381537648,-1.942186981853049,3.8462150582286108,3.8665866547199865,2.0767957350192408,-0.8048482342492923,-1.6596921237085591
2,0.23991002043595636,-0.023656341676671536,1.580620745313884,-0.2290142420527647,0.04112152187182,2.545573916514815,-0.5753394562476823
2,2.1013183538477387,-0.6594071238177399,1.0135902118494682,2.4689870699610497,-0.3018196910362277,0.33498588362709536,-0.5842814468768854
2,1.5394859737103397,1.3453817137434636,-11.17929099486591,7.563980724023846,3.993265722397613,-1.6251841907048892,-0.8707705771880372
2,-0.8434543820203994,-0.6067478535760942,9.00430397060995,-7.7299249158629415,-5.172540496513569,0.2558817435438415,2.269691387084451
2,-2.166948748752995,-0.6471567293617909,8.047988059070473,-4.819988458990807,-3.2352489075768047,-1.2163627793031553,1.424526214620647
2,2.752142896649561,1.1633352537307193,-4.08863040667734,-1.4846407974056803,-0.5508841825343098,1.4491632502325023,-0.28479876737528564
2,1.5501280038895482,1.045569582792749,-4.300329548110261,-0.48871294053146064,1.4328909061645638,0.7250219685795397,-0.8884371517447778
2,0.8791823799404862,1.0997316527528194,-1.8883171656967432,-3.0289675932949103,-1.3573909580335775,-0.4198087409777601,0.6688295414585606
2,-0.8034831481923843,0.9005837048310327,-4.3921144025734655,2.2840649247310223,2.0512519555823094,0.1218179258272147,-0.6075490509187168
2,1.8961326351598942,1.291467784747761,-3.9615511927146003,0.7318049780572843,0.9412010871040011,0.115382809042351,-1.408926504698889
2,1.31281027139286,2.053504528643813,-10.354364031456575,3.9071481650890103,2.837284275826919,0.14075102695561215,-0.6606801413864554
2,0.6982840377107624,0.5281197363347955,-4.530407777473075,3.240930849141586,0.9113012616995977,-0.07250428144804777,1.070970838612656
2,0.43654287275117265,-0.10392147079946709,3.732101944688622,-2.6697489953178444,-1.6127254824830608,1.4630195987945687,0.1579939400603803
