,0,1,2,3,4,5,6
1,-0.04284398201286242,-0.3055506720383946,0.1805082852915511,0.052616598925340936,0.25527933868204455,0.2718063428934033,0.7003821146510173
1,-0.0015862400665473952,-0.8739488657756571,0.19662266005528045,-0.24351962560701976,0.4109925175142226,2.7997031784503856,-0.5962234920489962
1,0.3934081663803204,-0.4293150164500499,0.0017007433198798771,-0.06138197038781025,-0.379641710827749,1.3183479585263613,-0.6618106321569293
1,0.523330382257325,1.4761213889446516,0.4087591612073826,-0.16371510393502248,-0.48290199711154513,-0.921983354926085,-0.526868918798962
1,-0.06691063051444046,1.9844760294187573,-1.0967835256314604,0.18579388282815698,0.338753174169868,-2.5801942075338196,0.6889440783377645
1,0.3477245502033015,0.8982886101453953,0.47842459478258187,-0.4037898589197879,-0.07459626782648925,-0.6453340169153169,1.813149117267794
1,-0.08316532754496747,-0.22275078575954613,0.23239730728683108,-0.40049807171364166,0.3460220703092114,-0.9511575379172961,1.7212717879018773
1,0.8376352384316899,-0.17835882847818843,-0.020334905596664843,-0.23317219424725888,-0.03253699040963062,-1.834288422726359,-1.7935920655698476
1,0.304281181168711,1.9255101680891402,0.14918424274631226,-0.49228401156930585,1.0013052945055654,-0.1887243803283698,1.5996531330202557
1,-0.7187234591294231,-2.406333232855311,-0.47056542116483857,-0.22221823643204328,0.6741156314186872,0.09928356886082193,1.1430308975149088
1,-0.6977912489769516,-0.7416660514540754,-0.4947646435385925,-0.5308497575500272,0.47316746874176624,0.5603457737073856,-0.49252769841479677
1,-0.6093043973230355,0.8565595975949882,-0.5220853702182798,1.0684919926407914,0.7472871290745543,1.2364473945125596,0.29945629504411325
1,-0.018043843651845363,-1.0626430330942915,0.0944985498037027,0.02705509048538185,-0.557183052040573,0.001588522650590114,1.8552439827774478
1,-0.16154635425392488,0.3373685941485816,-0.21467947227866013,0.33901605049008005,0.6910397393796034,-0.08507956834953204,-2.2228792465998075
1,0.7445010306065483,-1.8492499972272725,0.8685137562724478,-0.12221416941478343,0.16030840646046537,-2.071802681559348,1.7850189213812229
1,-0.44229851791529834,-0.207612781989588,0.598077251405041,0.01257187932169307,-0.05553056363839702,-0.5446396296015941,0.6624307937723837
1,0.6870776004604765,1.963845614140105,0.8639221583028786,0.3674574893871285,-0.2917001150984191,0.87536467581796,2.37358118517169
1,0.41358364127138375,0.9860283367872675,-0.5192739619345733,0.07858868678376733,0.7662846222659006,0.08937448883650911,-0.6812555649600052
1,-0.26033391023455166,0.015539093821185374,0.5717905757851883,-0.3568470996009291,-0.3593633422258126,1.7476895914489503,1.0717996633695954
1,0.6556292858450001,0.44017787967250155,-0.3031423364375664,-0.00101520500276325,-1.2623418957607997,1.4018092536629156,1.0127958006966944
1,0.7757125074477955,-0.015248850698502119,-0.047624159697153966,0.10991407693261337,0.45357746083816836,-1.115941441691517,-1.8955736109689925
1,-0.183731270446227,-0.3925270818447566,-0.8362999566093037,-0.8246946143752875,-0.6094584685372357,0.7227757708954785,1.1211295664394627
1,0.05375782585521033,0.5817310750462522,0.4642189168877247,0.09977237980223778,-0.38174198574874,-0.6684073934512655,-1.0188815992130096
1,-0.3444670483453396,-2.339526204853326,-1.3597838659549766,-0.10004230369011202,-0.1517372483296603,2.3984158209077235,0.5560157126715431
1,-0.17847848724220228,1.9579760466887515,-0.7724675737216803,0.5305451602576076,0.3255140579075278,2.539370508604054,-0.6214520460721769
1,-0.716011462617157,-0.500094443762708,-0.43267220497422837,0.020844902451353425,1.244254481912754,2.5589329562834155,-0.5654169885723597
1,-0.26268880660350724,1.5514335657922076,1.090814880015466,0.03019620335445337,-1.4066107694312033,0.052296998960928556,-0.26601566637219204
1,0.327623998048166,0.6524426630457937,0.08953427004691106,-0.13313694999143533,0.6306832028807617,-0.6423320367053329,0.28887710526366467
1,0.5370994114079453,1.4213062512783738,0.3389234366413924,0.22504779044297787,-0.7088832364804629,0.17636174986023437,-1.2733292411810726
1,-0.07277531693232125,0.20030777220657553,0.6769288922872122,-0.3597340559756739,-0.7184192485142796,2.307827933849421,-0.5453771310237975
1,0.4130899527739348,-1.0208080870947764,0.6682376193262262,0.20891901586842251,0.48554051362735084,-0.4558722575655161,-0.937859035409666
1,-0.3564634259110281,-0.6900181779430413,-1.1380935780680494,-0.3939954895349537,-1.1247611583048964,-0.5104295505156345,-1.4839167869805736
1,-0.32291539684510423,-1.0734200035744768,-0.21884212767961286,-0.24323279085817948,-0.9369937214700225,0.6126067168026502,0.2709957073693633
1,-0.8734216687182778,-1.0016183521991031,0.2407800717351652,0.16380664604378925,-0.05583027868091908,-0.2772222790702236,1.886483422815328
1,0.2998946699445628,1.301552606057464,0.6201138256862775,-0.556827586810643,0.33281941428062545,0.356983090764985,1.5360543774752813
1,0.05710937571835856,2.5681827470285894,2.0145051355424295,-0.07822575757065045,0.8508539142237488,-0.7038677883590295,0.9469620815965141
1,-0.2930271159707457,1.2702463184705368,0.3184999630864873,-0.7881750651895751,-1.0787576139083421,-0.6177208305353998,-0.45444966856457897
1,0.07136985239422676,0.8175095566434986,0.5670891932580129,-0.5176597184486889,0.3744226451647579,-0.6122332263855386,1.3764497971532759
1,-0.8250245387647736,-1.2605722855703168,-1.2152347702864452,0.36591640501086065,-0.043147735404212795,-0.0013760175145182407,0.8488711087213299
1,0.4639946076167703,-2.4531559627829975,-0.7988030958134856,0.04928692639674669,0.310067382076804,-1.2452516749411995,1.1355389139905112
1,-0.6438177317961691,-1.1521910220810299,-0.7193777329749135,0.06982256247987968,-1.4510871885940024,-0.9342608610053565,-0.44710130827223776
1,0.7980948502612395,0.3101871816032151,-0.28620537891650283,-0.16777249787789658,0.015364082680748478,-1.1021581243962846,-2.3602798872291473
1,-1.1322309623795377,-1.4963450729617833,-0.8432977509964276,0.5586085752655825,-0.7344471587030252,0.7102525644591358,0.07947014751512006
1,-0.20735246414713182,-1.7029021915502718,-1.415013452791928,-0.05978294921468821,-0.45270134313014887,-0.037952034153197825,0.4168076028125493
1,0.18943468857708828,-1.0018552941552894,-0.14109993939207993,-0.3522989736397609,-1.0908295982520166,-2.1540298459508533,0.6364933605614994
1,0.00549297313793424,0.6041658336561497,0.9053119944886401,0.2670751522381238,0.6395814190086628,-0.05067949733640486,0.5941330974589564
1,0.5641776380524876,0.775693608861564,-0.16063324959283304,0.13223407900038375,0.08117952161015488,-2.0914244085596243,0.9001793571658883
1,0.45484407618189315,0.8219030321674763,-0.16357983405934895,-0.17475214366233793,-2.201413734640578,-0.5542432939188959,-0.4685643977941321
1,-0.10457222024438262,-0.4044793571841585,-1.0285429410770968,-0.40488532094290036,1.407408537285925,-2.275385419461644,0.09327174318192812
1,0.1959460961623983,-0.648649236858013,-0.18617993282948614,0.5855700708104399,-0.2310750606100113,-1.679388750255617,-2.427017483497385
1,0.9521555484371039,0.7871987506455805,0.7670700342976497,0.1047961229684081,0.026238758587900073,-0.14760119916929512,-0.76005970647901
1,0.11755566545096913,-0.900749241300624,0.6989680175043591,-0.039362417237074884,-0.5188775919580565,-1.045195564742394,0.05415378653569026
1,-0.5444788249481316,-0.8977830237495409,-0.5283900253734211,-0.15747484718698104,-0.9629528422541178,1.618871743836016,0.3402537552246801
1,0.13626800553193133,1.6753149873409918,0.7688180394461639,-0.0569475100243141,1.005929503923089,-0.046940698647492146,-1.676053329851409
1,-0.01075299444120556,0.2946811948492328,0.07446901153237379,-0.0799914998617259,0.17664475992368828,-0.38528609076188874,2.386726830906249
1,0.14553219594965855,-1.2062981622198135,0.3087404328526548,-0.05618013782217383,0.7958794559203398,0.09647323669200991,0.22971474202203415
1,-0.3560784418919504,-1.3426231860572835,1.1033695079157937,0.5881378368191167,1.1096034271170039,1.3390956255697788,-0.9302560424640196
1,-0.5067580470938,-0.46695423686684856,-0.5740679963376856,-0.33578568945421317,-0.10784969444687803,-1.257233233796126,-1.0039282070300897
1,-0.2526884996105071,-1.9865559723512667,-1.4680989056668057,-0.2721843742131613,-1.0958273586366274,0.08280671228908865,0.9831812293950917
1,-0.15016149907949128,-1.7672675646838671,-0.897831233932104,0.2393173358949524,0.1824241377900965,1.1799827125792892,-0.3132849936368029
1,-1.4087876669023398,-2.2956480749927817,-1.7870447623738628,0.4196941410879728,0.28655115981286916,0.7340174694660446,-0.6687890826131861
1,0.09208244060511209,-0.6068781240972362,-1.1055162353554429,-0.3045628803154431,0.4070640501506688,0.832779223203494,0.034224634569115946
1,0.4632597864933673,-1.0043382418936033,-1.0610110826901769,0.7103868424168677,-0.9580998344291978,-0.6034099162047343,0.6233313166275082
1,-0.8060867314605404,-1.0697310698729547,-0.6416208882670449,-0.2825055051654427,-1.4356267008623356,0.901012240082446,-0.2256520362064168
1,0.832289050346526,0.16317133655460814,0.4182247441987714,0.9170839263876168,-0.3179939506054691,0.31501722720764536,-1.6097203780250096
1,0.7065829770393495,-0.03596999173419857,0.39919100606254093,0.11943338907687595,0.16941859560911726,-1.278504719845079,-0.9646885592149526
1,0.2769085953787723,2.2556918740645564,0.8016340847602801,0.4550323864916395,0.4778001689522,0.6096422192563906,1.371076009757811
1,0.8767381556864742,1.543118443053446,0.6871374366158144,0.32279126850309026,0.7502076193781266,1.0994199347887021,1.0203166868094768
1,-0.3629054735887941,-0.3536398979939061,0.0706382126564799,0.5839468746683479,0.633670644667599,-0.6686165578154886,1.6382918300278557
1,0.20504319110493607,-0.7020785451335028,-0.6345141669126809,-0.20698686864650562,-0.5110284672910672,-1.2260627118502039,0.48669243054197825
1,1.1619497194983706,-0.5357534290593893,-0.3074837429546871,0.20925900807693273,0.3519414591983966,-1.5619015720285427,-1.4465758888384739
1,0.00846294524898017,2.4962584537614605,2.211281804796755,0.12101271901010076,1.9365381639688644,1.939640438473838,-2.068635343069397
1,-0.4287154860391554,0.878301343016832,0.05768793485052309,-0.5817751244065795,-0.6435015448335778,0.3380451318261952,1.5377957132319013
1,0.06240747289708887,-1.7162725614562349,-1.7600645734836569,-0.5397750327208833,-1.0437468538083532,-0.16941782439644315,-0.6044143779555997
1,0.11532494065965421,-0.2153705851089745,-0.6040013885172879,-0.006139681531187192,0.4186285215423936,-0.1741602294104431,0.9864497520867177
1,-0.14400078729321342,-1.0098068511177687,-0.6362837709836026,0.5443556868713078,0.4808541947987374,0.11115981449107648,-0.205505077518678
1,-1.1282641265054092,1.1321856536283075,0.3069407735486587,0.3691918655725628,-0.6933489158417678,1.1544926416863384,-1.3566394538121032
1,-1.068528048895786,-0.3518644214102583,-0.6788075076683301,-0.6501617875794312,-0.6080377392061871,3.962163101891515,-1.8245647091377912
1,-0.6174661842991623,-2.9038408799362436,-1.5320031992810157,0.20119517753499078,1.634999109644032,2.5488017612544986,-0.6480391249852415
1,-0.32169287410684877,-0.33256485751330567,0.9723568707715986,-0.7688627775967021,0.43199202411495913,1.933304200788657,-1.5638586871585465
1,-0.986085193206008,0.5138796627018192,1.3417198844316296,-0.6329901845829006,0.7981604339679403,0.310728128416388,1.4513056872319183
1,0.29840730037307417,-0.15797727857084676,0.5009043693068134,-0.4690203434964519,0.7592764804926819,-1.7966777914789425,3.188459251123896
1,-0.9566893282964213,1.736135428363496,-0.8266175904035236,-0.13745334554062158,0.6474576043089881,1.5254433176897435,1.8971096042230526
1,-0.08395450714036798,-0.6745388853602933,-0.2506905062188589,-0.4484623200844603,0.05003782550167684,-0.2674129296033804,-0.34493661914823825
1,-0.06775256009630114,-0.5386748032589106,-0.7963522611082098,-0.1970490030519423,-0.42907033798789856,-0.4743868357922798,-0.9417918756162633
1,0.07080073957573568,-0.45995791084960413,0.05457107309722403,0.2969347201383654,1.5790172991081568,1.1250768502833726,0.9838370476778859
1,-0.5587082982225348,-0.4518243921743014,-0.10477041824287021,-0.08752792161662284,0.7181996622895682,1.4044409283844634,0.4863659382790638
1,-0.09717168848736568,-0.9019100483759714,0.3350104355453045,-0.10431949009354231,0.530078337545074,-0.718145173030826,-0.3213116991323996
1,-0.01893494334039328,0.47983685083906696,0.3348875411029126,0.1655177679921336,0.04167593032682227,0.8927270590227051,-1.9875266323964695
1,-0.3676481932481968,-0.4070064787432101,-0.4029776306133227,-0.14130418571548448,0.5142467435271337,1.6310163056618607,0.5008033551159966
1,1.1814826922062107,1.6093421533491985,1.1583547144226758,-0.2447789674593666,-0.5616625157310668,-2.8313206376489104,-1.0379116003830973
1,-0.3895180801864379,-0.32906943900644625,0.45426021409767786,0.06653573430460527,0.35727569869436504,1.8388648207786666,0.12793900400596603
1,0.12924568533489394,-0.48157221552676144,0.7545682165015778,0.05425715689708197,0.4805813236276594,-0.3273496332554809,-0.7611863587053344
1,0.6160856893522282,1.3247132142174673,-0.4596586909898561,0.23566752775869546,0.15056901295071157,-1.4686767203835707,-0.45617782518200406
1,0.28621278111515924,0.6375162956846296,-0.5249048060307197,-0.01746703222334573,-0.3998562996182188,-0.6517577414329898,0.8122361727777994
1,0.4768622136966158,1.3356768477436083,0.5123302917591394,-0.4654976398776975,1.486342977396374,0.2875228616363975,-0.10285957338638872
1,0.7080422065743897,-0.19219606676829204,-1.4166263399844237,-0.6533758194074345,-1.1081699591783838,-1.0793141599732776,1.3965435838289635
1,0.07055649933460667,0.5464682895907752,-1.162444524752129,-0.26919975765802584,0.8614762764310271,0.7260335861420248,-2.016317851827034
1,-0.17539457324327487,-1.9510924361386863,-0.5333155145633387,0.013225715793689436,-0.7742986734415896,1.542508381488104,-1.0640229147377784
1,0.08917009527304388,-0.42832895692098266,0.49980727904181055,0.6575649299562231,1.1841834037224959,0.5108657805210216,0.5016248659281909
1,0.8558745408261967,-2.0018193242406306,-0.6429486573552554,0.12401377392837964,0.3174035847919409,-0.5537020509540326,-1.8369780216859968
1,-0.425364502707385,-0.10297690343287186,0.6056895931564136,-0.7525207097172297,-1.0510381064880037,0.6347726296247601,0.9942405268897042
1,-0.37086372840098764,-0.8806197138331013,-1.6349912556382105,0.14852341270485925,-0.11643936312402826,0.44427849255368235,-2.0416113316438107
1,-0.47311518618686604,0.5007010457148936,0.6546135333141417,-0.3573602398170976,-0.2140482276199014,0.10382235988382467,-0.0300025258951732
1,0.09875985436681539,0.29715588043458147,0.2931214507251788,-0.6488941535270668,-0.0025170163662847156,-0.24111621630167152,-0.5633906051124499
1,-0.3393595722853727,1.4003664281232757,0.5164147637148332,0.2276531549167699,0.5631259600495265,-0.028426291043025055,1.6653651754567258
1,0.604269229487887,0.8454149385774097,0.22089223746322245,-0.18346688925455665,1.282908541658119,0.8947580122126287,-0.6256381255862643
1,-0.17286095739980145,1.6110789859688814,0.48965754704066866,0.4691615335616263,1.2772673955769,0.7251109892246844,1.0247646227717948
1,0.5422065850205224,1.1397647294330517,0.4930333705167086,-0.3646075313316005,-0.7347287382515788,0.4703914086344596,-0.9786408614532368
1,0.48908729029428005,-0.1231442401429854,-0.33272301736363274,-0.2710859852075711,0.2228911332269633,-0.8734367532683749,-0.29119658673634846
1,-0.007692550604405754,0.47289687277284675,1.5820688372095262,-0.1143473191502417,0.8865795623586549,-0.27101496451100887,0.5050789758463399
1,-1.048043885864395,-1.4190612223585903,-1.3595889756093666,0.3203853620273096,1.3836563187399296,2.1595558092681193,2.1717706975185784
1,0.427491543376796,-1.5447166053270478,-1.2803563208077384,0.49030705373280536,-0.6579479555630162,-1.8060361418471897,0.895722649429464
1,-0.08836820767286885,-1.76612901198152,-1.7399730852913935,0.4260668887678878,0.15194919856414138,-1.733572608711859,2.805162148839522
1,-0.5407504863754982,3.563503112564301,1.4970003136841719,-1.1171877485551007,-0.6813365002209952,0.8251408156997188,-2.998415436974907
1,-0.7918558368290018,-0.10131571049660686,0.13728440608455367,0.20119440270945493,-0.4381916531442884,0.437585588748179,-0.7457241807099453
1,0.21961399666953152,0.6906886812301113,0.06453029695962745,-0.8729845175147551,-0.2805880130999576,1.1713354540534653,-0.1525204214413336
1,-0.13295962888186894,1.223099064149349,0.46021971170647924,0.48108752659445775,-0.20964862274663054,0.32418923328635024,-1.0178985017710507
1,0.19629611801928054,-2.4919580559439285,-1.1787662453593295,-0.1735273337890579,-0.11187489816323688,-0.35112991066738125,-2.2855582467438578
1,0.5379158006884188,-2.0512168324562903,-1.4691156345857683,0.13012258360743098,-1.0311389881937756,-0.775707151465401,-1.8132438807528517
1,-0.458285416696308,-2.258212972615734,-1.195376705889912,0.20427938797198336,-0.15027542406938849,2.0801363523162,-1.0664464670530065
1,-0.8668521168842811,-0.4951822550225237,-0.4860382874733634,0.2784915427316382,-1.0793683510106626,0.004784933848589745,-1.0326026953224365
1,-0.2400490277301306,1.8805912348657448,0.2976792799572563,0.17006002884326135,-0.05400771045278276,-1.7417433431290068,0.10746704342119663
1,-0.19202979606847792,0.14604015775853263,-0.14011903274758533,0.4169878526575907,0.9880438572017993,-0.9715838062840755,0.1835957480249479
1,-0.8005028161047409,2.33228321320265,0.10527851864562654,-0.29160033843663746,-0.032556705960713736,1.0707494537133844,0.15695146193541176
1,0.6825518318558912,-0.6344235917965828,-0.07946356898457493,0.07194181043863392,0.2658412055061258,-0.8461220344740585,-0.5970660618737613
1,-0.9439300521980203,-0.5435955353575335,-0.013759483900507269,0.8453315415223587,-0.9514763237768814,2.0075274378748356,0.4716299161677601
1,-0.6356758909600416,0.9459101198173012,0.27734432837333745,-0.015393869445296728,-0.2800354281609927,-0.35604445315226435,-0.7153184967041979
1,0.43212978344941827,-1.0323077733008257,-0.30062293712175675,-0.555986408292001,-1.1007738263218514,-1.835290804773098,-2.3452503005769274
1,0.3374672428986828,2.004396392781432,1.7069904189447405,-0.24778266442144375,0.6428179303292304,-2.3389396132699742,-0.5736874967271985
1,0.6617559704751511,-0.8265864544191661,1.0906684933838284,0.5482938304112003,0.16515270351802797,-1.8644370322524,1.3221026553615562
1,0.6916824683019198,-0.80738384180322,0.042301956464692814,-0.3619121469377598,-0.1561822433862698,0.06325880696940488,0.05193986135127204
1,0.9637451963718053,-2.865804572911288,-1.449428650399859,-0.16885310738408804,-2.2301188923019675,-1.3020417174417989,0.5295314234343257
1,0.33790551358630866,-0.925155457775747,-0.6381000655240439,-0.08191015452602159,1.2016663092808597,0.5896340642714546,-1.3170146368384252
1,0.6681138623290762,-1.4434146289118674,-0.646503386887112,-0.5076073208936928,-0.7758677915585984,-1.3075308929453648,0.6586601952792208
1,0.6339968981714375,-2.859284642789532,-0.7361472703831853,0.06482452682283742,-0.23552081678788114,-0.9635738222970033,2.2115361246520098
1,0.17565686280605658,-1.0606534498185134,-1.287152473975325,-0.6948573726463203,-0.9622646535779183,-1.7403410537835613,-0.8449316979568323
1,-0.10607791361653579,-0.4214760947862093,-0.4761494561779447,0.005520800742756107,-1.1608215327260054,2.343105755296733,0.19001211502911033
1,0.4534702936690699,-0.6062957863996116,-0.3127881528678105,-0.18309999282857845,0.7209838861888205,0.17889695282520635,-0.6823306120728503
1,0.6086402377134754,0.942656413144759,-0.25012734227815075,-0.07655962330166804,-0.4643819948790127,0.007140319088551977,-3.012242715935947
1,-0.6207024718363233,-0.41254210316545814,0.41811687803198383,0.45655784038028147,-0.28431460319471014,-1.1797942318718353,-0.13345832474683733
1,0.47793291757384615,-0.3374286274882944,-0.27283162251992155,0.0738063670534895,0.6652350888633531,-0.9009435388773301,0.6036999388565151
1,0.09672593403138147,-1.0720279030104298,-0.4645115822379428,-0.056867350601699854,-0.18269948164265368,0.12594090855521606,0.30115420861804154
1,0.1757356570850933,-1.4374094181423982,-1.3137311535806184,-0.004673779779012887,-0.49663778760364635,0.1223040464204377,-1.4528628994452102
1,0.06144578563597081,-0.32711884199692587,-0.22567187628385618,-0.052019245467510376,0.6710057503082185,0.9640008593002997,-1.269540308076457
1,-0.7374908964379028,-0.6910700314449639,-0.15584070053666776,0.1085361243314825,0.4666164114012173,3.0713552955405694,-0.8349158225321265
1,-0.005815470538647616,0.38624111950535356,0.39779092248981684,-0.20350835614188115,0.8207236365459993,2.2150479376035137,0.5370419735384525
1,0.1287927094217654,1.5357274306738367,0.8147260645114689,0.17511390048785225,0.36289157973876035,-0.9663601507871027,0.5117412801937669
1,0.030555926436833553,-0.7372279520062546,-0.369775994451942,0.3320934075786901,-0.27922271707318996,-1.1636091861843063,-0.8958612656884928
1,0.6851308187346283,1.6453079858155382,0.8791848456464739,-0.037365521783364074,1.1232448473927614,0.5654317477710941,0.5671874579313478
2,-0.4252967896565124,1.342942660827408,1.395413370770171,0.28009590034663934,-0.5905004433192933,-0.4003591524797398,0.9576816345615197
2,-0.09224871411093659,1.0826093220843735,0.8630893733804873,0.12215879185523297,0.06096291647852635,0.8951393912594447,-0.3384531898372189
2,-0.03888302148565026,-0.6172470196448961,0.9174007153631418,0.22971125710517587,0.44276183164253335,-0.05882943819344117,-1.7066411623152085
2,0.6198370871167758,-0.7266392874619605,0.07641031534907988,0.22262223836119843,-1.169875590840119,1.836169700070642,-0.07240063069966625
2,0.346148773217355,-1.3521898157518104,-0.11697104385266921,0.20890257461920775,0.7948864856832832,-0.05787356808064417,-1.8105221503610578
2,-0.14107935475411956,-0.530144237718267,0.3783628497788743,-0.5321002089460544,-0.9291982831514024,0.16224474196095742,-0.6950280375570841
2,0.17051396484326953,1.1429718755338698,0.5050636945075778,-0.061628998499487754,0.06712713517543152,-0.3802179806835036,1.0356632425938355
2,-1.1644684711525821,-0.08260054032613867,0.5181836576208053,0.18151413149993836,0.7173055623310339,1.1460160583689225,-1.6215489402738095
2,0.5306818663007973,0.6185968603946621,0.8978421604570688,0.12638618711506133,0.1743149957283522,3.0846117090586835,0.5768843335924464
2,-0.13878966580035285,0.2534922086765831,-0.9617547034419889,0.22060435726233033,-0.09813428276898682,2.226205820088176,0.2712490504590058
2,-0.45230849317376354,-0.5748475498593292,-0.6085819928902367,-0.2054487411396038,0.29510027826393415,-2.90056088414904,-0.6844730221061905
2,1.1215770091940849,0.6551251739805932,-0.12696487702868617,-0.15421249699956863,0.14426803480177705,-1.454353714417458,-1.0324105025972352
2,1.3251263295136935,0.6639123959002721,2.152781799614297,-0.4998451481713122,-0.9112381849432255,-2.341865881526156,1.0045776584098736
2,-0.6046671997331874,-0.015096944553099886,0.3005064445625443,0.4613703956707777,1.255757908271835,1.7420399884048179,-2.547873048056503
2,0.11650749226505847,-0.23543576867144816,-0.15042265013504483,-0.2599338178988033,0.9115868140352029,2.100894480795182,0.6756347033203666
2,-0.6824497262309155,-1.1526430913728078,-0.34007993974991957,0.051148890074749286,-0.34394636107382615,1.3610459677307292,0.6135623232210405
2,0.7316119349080936,-1.70163726841584,-1.5498526036912412,0.2871046109920553,-0.35351350756165767,0.6651321549036976,0.39808517322088005
2,0.6677746102806987,-0.8649359579949386,-0.4963042034482943,-0.49345280734345254,-0.21054600748288685,1.7522795674204863,-0.3903728775964086
2,0.9982594192786284,0.12624936235325648,-0.04683903703334465,0.21947555622645326,0.6087248349044273,-0.28663299047165613,0.9505969136659871
2,0.6669591110109644,3.980958851733736,1.1627380758745178,-0.5315281924549031,-1.0609597064731655,0.15040922731686776,-0.6201183825769102
2,-0.050804532692929505,0.08869949015414312,0.08967852062376039,-0.07856299893788177,-0.20883268352570897,-0.8420848126439822,1.9909966419956728
2,-0.2478230633489291,1.220971494383897,0.7754371803378889,0.19855717504530548,0.5217335504530004,-0.41451827517458595,1.583673958629553
2,0.6518577908757246,-0.7908451571133929,-0.5715536169929317,-0.2591093268252907,-1.2784716467807795,-3.1235569791704942,0.4216086576155054
2,0.3750282729187676,-0.27202457503752986,-0.3542741457365557,-0.5308983753843565,-1.2436871505407996,-1.8076886668823577,-0.9802888203817679
2,0.6739151577817785,0.21687410622126221,-0.4497354929983014,-0.27973792217998183,-0.8674499038455329,0.17439431262879945,3.0246043806191993
2,0.18623786791924285,0.6194048547958546,-0.6199779202761742,-0.8083346975526449,-0.8333794440578479,0.7114983380062585,0.7490558015986465
2,-0.13397153280613613,0.5344573224046075,1.2142089918688734,0.12350248166808746,-0.21109027944597286,1.8242098423618736,3.3762609099871277
2,-0.8732715977872515,2.403850277034558,0.5280484381059771,-0.9952664011778672,1.0367692129713977,2.4201910110683826,2.1819725323242265
2,-0.48618512577688183,-1.4884549186829994,-0.6622422097598636,0.17115943293119823,-1.227979372344973,0.28904194285133183,1.6576734176885763
2,-0.9151096567314329,-0.026499155916434092,0.6140137561729687,-0.018120908341410384,-0.12096266417550681,2.731366123507689,-0.07960739470925507
2,-0.770335134709134,2.2110067950742534,1.4610781945080429,0.5383642991296949,-0.5543913891512029,2.6416880012660457,-0.1907848300556387
2,0.004427520110391492,0.595272231466555,-0.005946340726315891,-0.22167551291203727,0.0407114513408644,-1.7388072193592976,-0.3580831313299711
2,-1.1221546601122185,-0.2290929083504373,0.10800891735567823,0.07035818947315381,-0.6714487229247036,1.7624846673780723,2.337292651619739
2,-1.183782753442561,0.336163510108957,-0.595738211241339,0.20583458850138203,0.349104919064642,1.3793826171920698,0.26715405802764275
2,-0.6829770646266409,-0.43817709800426047,-0.4941077780915226,0.14325661170280515,-0.3771236981855339,0.7460802825035269,-0.037074665040802104
2,0.01667954403985751,-1.26657519435647,-0.04870721970756586,0.31660067933036173,1.3227615045558083,0.16833350363294564,-1.3581150635397552
2,-0.2858979633456919,-2.457346011829529,-1.726697971482679,0.7547303910193287,-0.058823513423159994,0.7835273625758915,1.8243989521186295
2,0.17198582861145714,-0.33236499584832946,0.5367061519273637,0.25839328329233807,-0.833473779249505,-0.09834535889244754,0.25719711513504323
2,-0.09305553282404426,0.42194705353376516,-0.30910470974450427,0.4238658589952193,-0.17325631954813697,1.1597791032672882,-0.11965209794381063
2,0.40911422332207514,-1.4818537734260722,-1.2661328822729423,0.36832523318147425,0.14547022661309025,-0.7614990629023011,2.2768326475342424
2,-0.813062177964821,-0.7121652726653459,-0.13914524290866573,-0.6292688124156208,0.94363011792514,-2.1932568073763163,2.072235903616472
2,0.31922215829341605,2.4440829665076533,0.7178428732840261,0.07014601012500235,-0.03829852305300481,-0.4635323834992801,0.8655002950494882
2,0.16581247857574066,-0.4055590221219825,-0.3032323436426713,-0.2032432703363079,-0.7478562113295626,-3.454704205088852,-0.9266389107133034
2,-0.44348340595186575,1.7873253740084425,-0.24812837431556745,0.2537759754143586,-0.4578819705287869,-1.3335859494930897,1.0478800186216972
2,0.9113088880248841,0.5298513843212582,0.1692910564076933,0.2741769850705648,-0.1298073299779178,-0.40745401911773593,0.5959629375433071
2,-0.32092420929216214,-0.23686485907405724,-0.8835252125734802,-0.00852459920238864,-0.34813834490478823,-2.267976268463351,0.55344568456636
2,-0.6891851884820661,-0.7489429654691335,-0.8699130099701708,0.5720088410416106,0.28472519906715765,2.267576377550619,1.0294398304942594
2,0.6697062509031935,-1.771260135639783,0.07528638531954734,0.4992621153127733,0.0013514957703183578,1.02422496025226,0.6391152881500686
2,1.004835117450991,1.216117982317581,0.8445372681068928,0.370940434727995,0.6538180738932676,-4.440355628875434,0.33835228617105934
2,0.5769810042230055,0.3070096045961111,0.026538680305109877,-0.36495455235656676,1.8931454813919462,-0.2724756676856386,1.9328688190707637
2,0.5546968009775066,0.9951927990453595,1.4002389683622833,0.5158618289804745,-0.17493089738026404,-1.2507780750132,1.6244815556927397
2,0.5428634295168064,-0.88325251454678,-0.5551988640268526,0.19367724426687355,-0.3887749912551762,0.31405268400150205,-0.31476440175546083
2,0.6848098196876767,0.002644519188568756,0.5673975822963607,0.1487046938321007,0.050253912681346685,0.2894061389487727,0.990347732377294
2,0.9955241021420382,0.07827209249715776,-0.18159395417510263,0.1706312594075495,-0.06248787787524047,-3.3899763672431473,-1.556380785875249
2,-0.41580239032819916,0.8502425442843814,0.6793072565472682,0.38322435501471236,0.26088798165117194,1.7923859327784422,0.3770715590349111
2,0.26481545354621316,-1.5882253140681564,-0.9341749111491007,0.33179908292151683,1.105635314073902,1.4399337649034893,1.4824384246336406
2,0.02350521892577606,1.032829306116938,0.4917917564633173,0.1792958072783298,-0.16986876053482572,0.9002139437421653,1.0915465500053856
2,-0.3836679418787131,0.4268078993519952,-0.2936350827400431,-0.023122738469890297,0.06407332403332822,-1.565872262954109,-2.1091949449776624
2,-0.47147131010609533,0.21535455636621478,0.5778595793050681,-0.20110830644241515,0.6987622621130336,1.5319519031014586,-0.2792777273001408
2,-0.43895420084360726,-0.29124936398069556,0.9598458808476519,0.3264244769937268,-0.8891070298813618,2.061736305702115,-0.07342962956989853
2,-0.6121077158585599,1.910543323278064,0.7061082132451358,-0.08887940630627261,0.6236387164781622,1.9909712971238915,0.6809396730028436
2,0.9418907496037352,-0.9929646855153587,-0.10991122255661745,0.23877250425456936,-0.7852677099092927,0.47230594330513487,-2.2682462895969224
2,0.04787117423396705,1.3819023607786034,-0.3619723264211348,0.5945275369822632,0.05499909691574213,0.22279821315423542,2.1657752911079537
2,-0.027076209209644764,2.543158178996593,-0.053184741756001186,0.2740682743201267,-1.6635007910574715,-2.9365496621740768,-1.7842900423592853
2,0.007199869755722704,1.2036250859863045,0.9627979633903248,-0.6927154358144016,1.6939065558878268,0.860943829626413,1.5937378035680374
2,-0.24385011721906447,-0.9007609343642897,-0.06905091121733109,0.016808345049303734,0.5850668992576488,0.1692190789013601,1.9570569335647874
2,-0.043205180017342026,-1.5518675649281506,0.1064621061331471,0.4658278362071537,0.20132758362554468,1.115581790690956,0.45501228056372295
2,-0.3171888981252442,-2.298902710573651,-0.3492257104664467,-0.9211549748201957,0.746597058775757,-3.27894942430256,1.0762796766494418
2,0.33069312620491664,0.19841098764860188,-0.9981863858180878,0.16679050918154892,-1.587024580651592,-1.977414303184977,1.5112739545675438
2,-0.34493204190135096,-1.0780581626878092,-1.2627997341314483,0.6745731693460446,-0.918597436843077,0.7372872289248706,-0.7541095048594599
2,-0.12001811910944488,0.28974862767722953,0.5978373595680455,0.212990479695784,-0.27871767555191806,1.946539001003731,1.3243822306420885
2,-0.7265644366213744,-0.1588845499388346,-0.2112962804421725,0.15180741293198735,-0.04122765639233741,4.775784000799833,0.1635554396898049
2,-0.5512486624296227,1.65183484771566,1.0304137253103025,-0.5889982557263219,-0.5802418060213619,0.8390124422711325,-0.05254944452796317
2,-0.9753711341714741,0.4628014416787696,-0.769655476572641,0.06851683788569811,1.4470267024323265,0.9681878330991583,1.6099794772534954
2,0.4485258614424379,-0.8573016263251474,-0.47721161883896057,0.12538457802908304,-0.41882470737933053,-1.3175668699607936,1.1086067678172187
2,-1.2847250656703597,-1.276795658936128,-0.5347517256848789,0.47809019487869014,1.0735664630656836,0.5523143634626648,-2.2203369338305556
2,-0.5764802110950256,-0.09077354220876514,0.346093535970945,-0.4006270431520419,-1.11865553589457,-2.101408076618585,-0.01654839128786483
2,0.03786592513612169,-0.05455265168540441,-0.6267633902434723,-0.6885682789341081,0.7385652519976444,1.945097177334824,-0.6602835314692519
2,-0.5462602246341984,-1.003539588535936,0.61099001550648,-0.15377554241593447,-0.0996927098474636,1.888341873640336,-0.2358271745299485
2,0.5643696178012741,-0.4024127156326924,-0.6069072452939945,0.020446394074914366,-0.592031637873026,-0.4191546326007811,0.6112922192170399
2,-0.056311811100332204,-1.514701142203773,-0.9341164231421054,0.7483452433620154,0.11242457211464534,-1.0729079484546302,-3.7907706207067866
2,-0.3012851676785498,0.4306471062405284,0.6309621736301323,-0.6557578840528856,-0.5564870604759994,1.2647884419013764,0.6228041910624703
2,-0.020035987695289616,-0.5836597283322158,0.05413387063870162,-0.146398653311761,0.7215826566320156,-0.05519711634609091,-1.5166075309569713
2,-0.31893046256098523,2.1253087019840495,1.5066115122111712,-0.2171013804689613,0.370876131804329,3.6514394152848686,0.23817211870411015
2,-0.1944772194707096,0.2886234547828279,0.39269402416914356,-0.3207449207600283,1.9745514654688767,2.579047247960039,-2.9188778473791857
2,0.48969273332595775,1.6868471405234122,0.22561318455004364,0.6223795153383759,0.8689728593241086,-1.8236934932610296,-1.9554587071760003
2,-0.0030775588870050608,-1.970710338251145,-0.2996990936912688,0.19779977271830335,0.08953068898115235,-0.8862972090329954,0.5894914822878075
2,0.392692861785702,0.8967636145305646,-0.3185812505540324,-0.16617267592199342,0.5756874157901308,2.7547428447599063,2.2028531961046185
2,0.21696287009971116,-0.4706173823626405,-0.6333641048352794,0.2058933252960637,1.2727654519401381,1.7897174405669964,1.060535331189116
2,-0.9563214482829525,-0.07986769543801389,-0.381614243297937,-0.14203123036987686,-0.9595795077667881,0.6990059120455459,-0.9495573027248749
2,0.8838151362128476,-0.852308883927395,-0.9944997452938298,-0.20752835940712114,0.04600847816804459,0.09595571253367699,-0.2483100548965092
2,-0.08156990699741061,1.0070745390740015,0.9743437324197723,-0.16053897240419837,0.3971944716213181,0.7845996293751547,-1.7755640527665097
2,0.3911791175633055,-0.16242307221233124,-0.016357642320943597,-0.2591671928292102,0.9316902150485289,-2.781340151934176,-2.65827071271922
2,0.5820788674092471,-0.5288519070744643,-0.6681003083809951,0.18401119689139078,0.7054775036525566,-1.7342619829693073,0.7790853080276477
2,0.30270011848417067,0.2089651517754087,-0.4271486018907841,0.5841904841950963,-1.1515189065881315,-0.2703185958999028,-1.4650746787805775
2,0.480051060149573,0.6963044803172915,-0.19980160851555537,0.28341137333286354,0.5291134226003187,-1.2097685024787244,-1.224113016024133
2,-0.034756296433613054,0.8502765372614015,-0.35152294244530974,-0.5753333107530864,-0.3076507177826911,-0.5905956096206052,1.9120824828631802
2,0.17419532479845568,0.01537452592095645,0.513344619275467,0.4298364707683055,1.7260933476977216,1.6750899976617262,0.6010568060859258
2,-0.2949941442118782,0.022718857702936107,-0.4812183596445587,-0.35073099053562184,-0.8234513003739317,1.6541983254498858,1.898017788585367
2,0.6383457102252541,0.9065528024646738,-0.0952321907906094,0.3083373178245993,1.22673819099996,-0.18223091209204212,-1.049485769925891
2,0.29333737471258164,-0.2657413860582692,0.007935259191420144,0.3190903095745668,0.20683161728339852,1.4272989145055088,0.6042974056690085
2,0.05680444658727177,1.7744719452226265,1.4625690570411507,-0.13080013629008852,-0.3485969185062498,0.7121018476107382,-0.5815080976879924
2,0.4264650973204306,1.0276677110953327,0.5901467050550828,0.053525545998983355,0.4157742544442486,0.16466303428343212,1.5278000761855135
2,0.3828270330097796,0.1361550235922686,0.6688577339991237,-0.18747406805824737,-1.210154554122841,-2.429565166912154,-1.295786433146553
2,0.3652106805547316,-1.407449868823972,-0.9570797917959774,0.7757792432859376,0.9197203317585984,-2.6920820069640508,0.315300481002015
2,0.5121439291280092,-1.1743018878232991,-0.42730867164441827,0.2991766132914495,0.8230490542134136,-1.200333907548294,-3.0844147119533627
2,0.45900619688171923,0.14379848122393218,0.8314077267223193,0.06075187358604416,-0.6579143405456166,-1.0986417932767891,-1.7256954395721376
2,0.2755696898102266,0.7659026286700972,0.5390372096080628,-0.06707316958979269,0.4634727903409429,0.9522972597861494,1.661904006830372
2,-0.6703759605289008,0.11206187404463253,-0.30011677010609256,0.4393220752378378,-0.10070871765984278,-0.3397001506751359,-0.5338646302775358
2,0.16417684947931105,-0.7449490470555888,-0.03353613466865879,0.31083952098026385,0.5467739230418172,-1.5753596708350797,-0.0772350034580785
2,-0.31921584260387087,-0.3883725707404158,-0.08715926423712556,0.5118265396505276,-0.928316955379271,2.236885605694327,0.5744783820134103
2,1.7859174962330595,0.3463745388105997,1.0562262782242051,0.14196287052018844,-0.5502640055363899,-2.6398247386937164,-0.7871688921200324
2,-0.06410933783729364,0.12461247017612004,-0.5650366497357722,0.03227331327681245,-0.12057412465471228,1.2835307791212789,3.4431942131888373
2,0.09238425270559059,-0.589131177072102,0.702268060275081,0.1727845276326331,0.4171953134192664,0.5801413030935758,-2.322010443452836
2,-1.0019865276072513,-1.240203875106082,-0.40515190745495633,0.5327095683062774,-1.0159087121832537,-0.19125256045966804,-1.885956268668818
2,0.46099844516906097,0.11249466632091792,0.34141148104194097,0.31622237983834717,-0.14201364231025124,0.6782073081600805,-0.4756662227996788
2,0.7972225732076992,2.305512910976761,1.47188876424642,0.7864909772138114,-1.1589146069272651,-1.2082724274163783,-1.424037519833674
2,-0.5994123652144967,-0.09649015061016969,1.0000158832403359,0.14833579058654972,0.5760254188127323,2.0537058045428496,0.218264564165377
2,1.164524689227441,-0.7506743830729086,-0.07371113913807831,-0.3085234853187861,0.1988490287450707,-1.5000255480873845,0.0018338988296407613
2,1.4692181725054916,-0.3187700573236674,-0.09938661511621014,0.6062371267184964,0.0573413396878278,-4.28842176863408,0.662752618843639
2,0.45987982444393877,0.03883188670534039,-0.2711468568035633,-0.5048135610969072,-0.4202900884003932,-2.3394543388968607,-0.32139310240681607
2,0.6755356569831503,0.9940308295490601,0.3580805923120994,-0.09190366230097165,1.2109692089835244,-0.8717184037394846,2.039865822800217
2,0.2050947260219602,-0.23933008204631545,0.9771775999420979,-0.12737336590858803,-0.46798061238581606,-1.4493931404083333,0.6901406540941168
2,-0.41959542573888137,0.8450723714143429,0.5737876009463816,0.1340806231297813,-0.588535727001563,0.04063901537690397,-2.1901180595115486
2,-0.7695498182580958,0.0030274459535746673,-0.3066235917720491,0.21495793846846045,-0.42556314536238343,-2.933621250410791,0.6756849061921945
2,0.2218046265197053,1.7109747093665526,0.9727906332530211,-0.574980602272084,-1.0074594354460167,-0.8902827823153305,2.7780592193158804
2,0.6565836855299612,0.8465574748219054,0.7027404180446116,-0.5060365527764171,0.7954615894819448,-1.3017468311934974,-0.6093557461577388
2,-0.5156519336681326,0.3032166003279711,-0.13759803538389792,-0.3880784067334615,0.21808384449642923,3.976314671616571,0.408698804416686
2,0.8654960973745273,0.8094026127662135,0.3499302041222983,0.005272655854602573,0.06474668751224841,-1.6444122484733728,1.885364552976858
2,-0.47669634846854136,-0.1603321610248749,0.2090305709209947,-0.07407729818173611,1.090482733939543,-2.7707350270584383,-0.7161783392728232
2,1.4931717574107688,0.3676384444013519,0.6532804152461438,-0.5308122615791063,-0.021609703203889784,0.8461316994216628,-0.5323391555603743
2,-0.06354456349651433,0.5817693316435889,-0.09519000799103028,-0.016740398984514814,0.7524551984069705,-1.7535569075744766,-1.2357935139193341
2,0.3598616315296762,1.9683970606578094,0.04984787616766162,0.2123400194791331,-1.0387885021029355,-0.9666627941349145,1.0318986413706766
2,-0.003504380724773302,0.22352956297474938,0.39319148312150276,0.11781996384963397,1.0443859343580129,-0.0655220877389949,-0.4840391628004613
2,0.12213284924325812,-0.979246521093113,-0.09776991111810768,-0.22809234789593497,0.25282331040219924,-0.9451059181551061,-1.107095870385858
2,0.642144420164331,2.3663550056919895,2.2119953055671235,0.39947702983963157,0.002855432865062422,0.161586913892145,-1.8920721485179344
2,0.20397651725128657,-0.4888342494506569,-1.1473214626932609,-0.2126688614604083,0.41441995399115045,-1.459234405304982,1.3359232166599517
2,-0.1631631588676263,-0.066666163832554,-0.23260660479681491,-0.26223591848828404,0.15833487958558035,-0.18973999340548248,0.9438452275262706
2,-0.15822200928530544,1.183981269595738,-0.051483073822318315,0.022227678928044493,-0.40103873412410196,-0.758871605252019,-0.5069986683513272
2,-0.45853039489074654,1.039670528165721,1.267827803231715,0.3002360331677969,-0.7852271610032551,0.9784122698260443,0.45279723731341215
2,-0.07770185336500797,0.6496670473551074,0.8845534833177768,0.0780407034799497,2.4237721804902277,-0.003734225078292833,-0.008658620760763175
2,0.5290378181823389,-0.29467621292093127,1.3051135880104057,0.30918340672209865,0.8007506453242981,-0.22271757499915412,-0.44743547574936726
2,0.31921057403695785,-0.44373679113939635,-1.987531879913161,0.2770450708155886,-0.3996738727593827,-3.7986056970122166,-0.5909788712597779
2,-0.17865795414541524,0.4973242327124379,-0.02620826048587463,-0.3858434123222055,0.16191670084824017,2.31737175289867,0.9718607961689146
2,-0.6797520740132722,0.2996996996074428,1.0048895714729411,0.6953692829421396,0.957645621726481,1.0792003932774266,0.30713339089788705
2,-0.1879247495965221,-0.04863618987907953,-0.3929003185641307,-0.003706918010191241,0.029619688893766406,-0.5031185272004307,-0.5835984493755033
2,-0.3842484922931806,-0.19842191362650402,1.0989279102479828,0.06616169893412499,0.2572908752277849,1.7496948356816686,-1.0335653603748118
2,0.07930589559700632,-0.9651933423047386,0.0711975319615043,0.12667713267760888,0.37705020638588194,-1.8599907607735116,0.12453510308841802
2,-0.9004221187401309,-0.9032611727395776,-0.7835647150858386,-0.348986389198013,2.8371890318576596,-1.3139993720504521,0.11456513006124906
2,-0.49425099998430544,0.14157671461247634,0.16791834590817173,-0.20901233909206032,-1.3275472062465858,0.3441534153186297,-2.3028090959870338
2,0.7286567407577149,-0.15706927704045165,-1.205342865671156,-0.008863667274321996,1.5907027130720042,-1.4816161520192859,0.7950102547163364
2,0.2678884746650372,1.3246550926202352,0.41860882261514165,0.08790612430722428,-1.1507901182845803,1.1115270857193824,-0.3358314849023085
2,0.5372844683736513,0.7421687196068552,0.32971676967463354,0.7648385273683509,0.17952941358475288,-0.2453702329858366,-0.3600947292605142
2,0.008972194624859792,0.5287977035735056,-0.9506160326490449,0.31702430741088905,-1.8759517919136295,-0.3362245408839041,3.1451476523958055
2,0.7009636252036198,-0.643260556442634,0.33513598232230235,0.0992515878962695,0.29211817254924705,-1.2967168551443131,0.348963353420986
2,0.03886748606420101,-0.8198174807354527,-1.2225871266216235,0.3417503575874238,-0.9787485341513459,-0.9806072018523309,-0.6335948440220581
2,0.1463341200924679,0.9780063679489122,1.155215473860042,0.25638777477730224,1.7060227026713715,0.9784106531113869,-1.1016118403762305
2,-0.8985413019476154,0.29275858666219373,0.5470499195325383,-0.6324345486350463,-1.037557886111333,0.12558710165052311,-0.5721390881877354
2,0.38476984661548297,0.036218669530924674,0.6182515363239092,-0.044573978724946825,0.2070567662090698,0.8495209947121485,2.9416643227142196
2,0.4056218009810978,-1.2942733667155404,-1.0382808248395023,0.30028186836619086,0.9325571448125015,-0.7561273773629426,2.027473993135711
2,-0.05331261852027985,-3.0087578753096174,-1.4737072925045929,-0.2069900113141419,-0.12967079907599963,-1.2427553799858884,0.3615276123636773
2,0.5533259044362908,-0.9119822380474899,-0.25627099383687146,-0.6348907173870658,-0.39840469183754346,-0.5393816566155342,-1.4983494923863496
2,0.33404467132331633,-0.4837281597139242,-0.53494360647383,0.09550341284113943,-1.3706226633524439,0.5745911380360018,0.22823071847038173
2,0.8787295165584379,0.5961621019308,0.5761529320822655,0.06527149322081888,-0.8846575528088693,0.22923182732472006,-0.564629548894837
2,0.16208445685887973,-1.4273296657508103,0.3753510901449666,0.41663651243780203,0.3985859888571018,2.417293477640736,-1.1859305313302997
2,0.8551523038767744,0.018381273205011886,0.26992097020142847,0.11962411812698294,-0.5491237703597185,0.769794334429254,-0.47963378485259717
2,0.38237448714505246,-1.419967115713202,-0.46109383360938144,-0.30226253316065754,-0.42315491956527623,-0.03688877192769058,-1.7442278506460114
2,0.09743402716413502,0.390201566536169,1.559714619932317,-0.40941547960670094,-0.3795833582094746,0.6400956050847654,-0.4082903882389993
2,-0.24320197914378072,-0.7677483253511007,-0.5567358088584963,0.23737583790376815,-0.288232888630311,1.247544101996976,-1.9966071245960955
2,-0.32710227732961566,1.3555025518536423,0.10108254220009333,-0.4363788530271939,0.024191105884045643,-0.395795148543734,0.21929786461023862
2,0.3390868713324223,0.7060459888598182,-0.03135728493570672,-0.5737718153785832,-0.6238141499424842,-0.7732528775214421,-1.167137169164212
2,-0.3181182066581508,0.2555234659485744,-0.28845540929270164,0.3683981754629823,-0.8609876305892871,-0.021718731170232666,-0.2305376655035016
2,-0.34712858120790446,-1.472312843541257,-0.6498562158208407,-0.24046724938227335,0.8384108985276485,-1.9759125084107787,-1.9801938166420017
2,-0.13991753376902769,-0.7855370492096592,-0.6268242542294727,0.7811226409401156,-1.4272479895797165,-0.6263321887876291,0.7252727723483539
2,-0.06914858982257283,2.2842587828038794,1.5403154242738666,0.5289939173189897,-1.204916784595604,-1.266264979092571,-0.9150727958437208
2,-0.3892742999281438,-0.6483927613449232,1.039083944330235,-0.3518082166934042,-0.12160585736728145,-1.023490519060762,0.874310355758839
2,-0.27534651744601096,-0.8054485561458614,-0.26627060049252094,-0.3293190143953931,-0.1776019856535807,0.9028737986759894,1.2924050221252863
2,-0.23495324652510013,-0.24272090461519166,-0.14680944804851956,-0.06743813518110678,0.6158532632532181,0.5877551194473554,-1.4779757329864855
2,0.05858108143498919,0.4977577594149969,0.5757993798289758,-0.7773095943909425,0.46154232677019086,1.4022467394961804,-2.0327882161208843
2,0.11021923607200607,0.12504350380926205,0.16718922303942824,-0.07106289480093171,0.1762470849563818,0.35552419401896856,2.5059048038511533
2,-0.2526846846793001,1.7263537934672413,-0.423678092176087,0.29956138268599164,1.9003834435996168,1.1480809050999277,-1.2700755931521983
2,-0.6070181319438461,1.2363631245317932,0.1416849533833442,-0.5384186719843292,0.027938132114600243,0.4983185634754745,0.9776401438085902
2,0.04616672973328956,-2.2471939688003877,-1.4297467105150963,-0.5238640514386387,-1.511989564401683,1.7516537548793727,3.7890093687960915
2,-0.6019403615344802,1.2402292142762847,0.7676037451114255,0.3690476426541918,0.8151079147088195,1.351920978473874,0.24106948636882167
2,0.8115751088441755,-0.03736083291142761,-0.4498964458195114,0.4278286561412445,0.4061752450037451,-1.1725027259182383,-1.3123079806408982
2,-0.4409252978719048,2.208874704368126,0.034870937202992947,0.5096336906450971,-0.6381222373221642,-0.6196111307203712,2.0522711355747125
2,0.4227051474517291,0.05417504062148773,0.19953244500602615,0.481595065065649,-0.2209374164878283,-0.3267533598863561,4.452696319334966
2,-0.9220595104232586,-0.9831332091463496,-0.38784108174647036,-0.6063774183897946,1.3628484008216868,3.461394647108024,2.3901584926187995
2,0.32748353488037485,1.2239864735893473,0.6418671759378825,0.08959703922657741,-0.8360010625237613,0.37238911086335236,-0.688682220249597
2,-0.1239248821454817,1.0372716753430509,0.7069049305353207,-0.7203854476083514,0.2411099910466403,-1.9098742151801524,-0.9057454020436272
2,-0.48408936231703004,1.5841069688207334,0.7483057078473538,-0.08641992040789104,-0.15915398380199136,0.8129698243872325,0.6795539894643696
2,-0.13724938864073688,1.1138986176083743,0.5805541501231849,0.20403884320651933,-1.203772753941335,-0.5112412099137628,4.676275241481783
2,1.2765797473280949,1.1691008925623962,0.5970057875013784,0.2239028011332107,0.5708909179060149,-2.0748080073570025,2.058777841605281
2,-0.800965185011114,2.9316096543607344,1.268789472507703,-0.42174810518808215,0.1727010229236466,1.018197308371722,-1.532604964943207
2,0.5224247541804357,3.1104990993063146,2.118882182353492,-0.13731338156547296,-0.7601232584933137,1.5264073576442239,-2.1824969963518766
2,-0.5695847055986654,-0.22223654491719705,0.9188182694438464,-0.13439169421335787,-0.5196556737592946,0.21078461265548168,1.7174534578645808
2,-0.3928590477888558,-0.2531266541085922,0.46279438334766443,0.016369742234964124,-0.20134658478038361,-0.5381639460924361,3.871725225135601
2,-0.7896210738730163,-0.4093073875370879,0.24043099077253122,0.6681170664035928,0.18960546518136004,0.8818691330411081,2.473870523571709
2,0.34979916476401096,2.6460591352867446,1.754670839578753,-0.13981387072508508,-1.99311479891954,-1.0717981957988876,1.9570234141204839
2,-0.3457110544145874,-1.0866086003802757,-0.760702760960294,-0.3070059908747855,1.4914174535368447,0.0837064623347255,0.9295830967487568
2,-1.0803910119027074,-3.6920861748784275,-1.7441737479939807,-0.4101084611204505,0.17843921391609943,0.3986326441575852,0.11778485354673926
2,-1.0705271227885513,0.8889806447822508,-0.16827865279682686,0.8091922548729423,0.9984475976836849,-0.27283904625788963,1.908890554435278
2,0.08722792436749069,0.32406402107271104,-0.3510805415541386,0.3377004129920189,-0.13275755877010473,0.015716553881950066,-0.8588957363154852
2,-0.11530200463156882,0.7267238318792302,-0.14984663891440386,0.07908354768949663,0.5604705075158756,0.03908184705010985,1.0387655348446583
2,0.39362457801852785,-3.2033424280275384,-1.568846022162098,0.09294999894206983,0.19216430670027154,-0.06211561873301223,-0.019716445631849
2,-0.3776292476438122,-0.2539816073525665,-0.1539459082974104,-0.5317675495967571,-1.3831303012312894,1.2830981335037634,-2.0360943032788654
2,1.041561422435057,-0.70704736287199,-1.2113264385858524,0.027920634031097274,-0.19762374980236797,-0.35344625881875336,-0.2989016693339819
2,-0.28209603583178106,-0.9013878131867935,0.21298026968956196,0.5407619563378924,-0.26137510347608695,1.0116392942496595,-2.136744580721845
2,0.1435848228911093,0.621536751040972,0.0360058537751671,0.6790845662782821,-1.5761797234410146,0.8229258563021322,-2.9215555809589793
2,1.0830263130800388,1.39209522184465,0.8536225212740605,0.1915873575111116,-1.8558431317851163,-1.4403136474119635,-3.6666431281850653
2,-0.6992742292378675,0.4545100999657119,0.5609859825344619,-0.16448924372229629,-0.16009963338497268,1.9332890873111765,1.7801752528529053
2,0.10539141945891518,0.5986714793160051,-0.0377399875295753,0.05374289624131554,0.07839597706982682,-0.8015120211700952,-1.10188133476587
2,0.5396220466016703,0.9383644966753901,0.27709770614160534,0.37794845735784677,-0.7164773111228608,-1.6294665776866994,0.830925348189713
2,0.781985604539225,-2.2672859676616053,-0.7701087339192123,0.5233462089449818,0.24087465682738907,-1.0300580099955339,-1.849439294996157
2,-0.5457729454718133,-3.066305434250509,-1.2253705381554094,-0.3844567889331291,-1.5770327527483388,-1.796677423454484,-0.7734466500101401
2,-0.27113553357758546,-0.5254323863457276,-0.27744627997495314,-0.37208483732262554,-1.166577614121682,0.9122808939049665,1.6238815516620337
2,-0.570790893991463,1.9553889821332113,-0.18875380601880676,0.24442754030992353,0.7258409567919829,0.6842439909633006,0.9431011278743544
2,0.5518032778427455,0.3483070780112437,0.3428973593984905,0.3450372768744311,0.16203805576010302,-1.6820504674515127,-1.034437440077636
2,-0.03637719803348281,0.4003487518499219,-0.739967767708715,0.11043501656044794,-1.5693002517732793,-0.1459394384921478,-4.279351991216275
2,-0.02144134347177304,0.6468824098952015,-0.25939401695227027,0.6827468968900439,0.49685185378395164,-0.7526696067384256,-3.6902216343989025
2,0.01208921931278277,0.688265756445231,0.40851390553622247,0.034547908983384036,-1.309024402202996,-0.5144371761241889,-0.9477613818861251
2,0.009913345597038048,0.04761469906845777,-0.14209122094137222,-0.6275285994639114,0.33484834781556694,0.9014298025770976,-0.7928406666497182
2,1.067760552356109,0.3927000023378485,0.8533636172539018,0.5126452491890552,0.6803069152296952,-1.9689391944095567,-6.8106985292179525
2,0.26012099572717073,2.148710800903759,2.0367400097323993,0.38457701484549256,0.16961204887396092,1.3390838001151983,-1.2268621542949254
2,-1.0117815215604191,-1.2835170628188635,-0.5503646928853138,0.06605833959959376,0.34222522856102766,0.498681269449963,0.1832369418070526
2,-0.4416378417968743,1.049580765888252,1.3119981047282256,0.2572475522565386,-0.201413134591582,-1.3729307224902234,-0.4724571646397545
2,0.04618023374687259,1.1477195881809383,-0.4147447539172944,0.04483008968305318,-1.2118961329943052,-0.22752174416970788,-0.24072275070955862
2,0.1644694506527901,-0.09096537764712948,-0.5061715917294884,0.09443603647172596,0.9871991620281421,-0.24652136516762416,-0.17670691642450242
2,-0.1385876675116539,-0.8744350348881282,0.9368008588147194,-0.22691476638970753,-1.2596234619123194,0.8453516381339127,-0.43036337331473834
2,-0.26437346291152014,0.2245175100633675,1.5219921321361332,0.2552340630949591,0.2547190952493851,-1.4064697146374279,0.6925713215414661
2,-0.30004033364635335,0.7115956565791376,0.22314362356913303,-0.15510718700056175,1.0201349212795605,1.3659725331038084,1.0184712431838856
2,-0.1696902673547384,0.22540603449667213,-0.07370744434011886,0.45448872110699917,-0.8689211503610799,1.800522414623074,-4.107351553121716
2,0.7044810528759744,-0.9306122539779083,-0.18538441818370444,-0.08785691285939591,0.40132943491042966,-1.170768426988138,-4.345190288965976
2,-0.5363255936455542,-1.7226502978456182,-0.03291085321607978,0.1955035999938405,-1.0551140688176046,-0.30702496376370864,-1.352889314550092
2,-0.5664621579936444,-0.26801704532587245,-0.3629869585136183,-0.5506908079087486,-0.1093386409114972,2.6535026601226166,1.0488815036733674
2,0.4102089863327054,0.18217974582027718,1.0607769403048835,-0.21708242068969508,-1.029756660891782,0.4428392216902083,0.8494283343658214
2,0.231123496998839,-1.0721466353541942,-1.5880422268452108,-0.35410141931179756,1.1796467713658743,0.3069431655685356,0.4044510070160435
2,-0.5295974117849795,0.9849226907019982,0.43991597056187215,-0.06240060713877963,-0.4436158231237272,0.4832931541793949,-2.436465885179397
2,0.2168560354711969,-1.3016640659499163,0.16953508325567962,0.2061645848924512,-1.0867239864953802,-0.9643863069935829,-1.3122450657250813
2,0.43756494836724935,0.9197086778168738,0.35578884836250896,0.41265852434860767,-0.5426511227375669,-1.4165061446936815,-0.02042370088108438
2,-0.005764951940224361,-2.051492339107467,-0.09614708536705363,0.369190129769527,1.5836200368162754,1.116071496465133,0.6021505302623447
2,-0.16280157392283934,0.3927023204681067,0.2017801445318146,-0.14151712942704237,-0.7690829403887061,0.9092525354033036,2.315245900866256
2,-0.5023709968835535,0.055876476038426895,0.1784520274742985,-0.6294365786838899,0.030501482010008515,0.35734052742454503,-3.215185958142305
2,-0.24822175288662024,-0.6669073516682217,-0.023499146056410847,0.09247698895427925,-0.6254696076725546,-0.03490302327427961,-0.47796911249786167
2,-0.020800588041208434,-1.0403549225543078,-1.0227441059718703,-0.4436995653374901,1.1955215120512392,1.1780650995097095,-0.11871650523818993
2,-0.015008507629334228,0.3351733647212262,-0.8505555603352201,0.3174396937423159,1.5510890961961794,0.3377531115322814,-2.2467996521204814
2,0.6873535549499551,0.4989956982619209,0.9407141976095618,-0.7653648114012135,-0.7162860386482028,-3.186884088906929,3.2154125861694256
2,-0.0992108288853946,-0.046071480903213724,0.42596321956132766,0.8113695880748282,0.08035058419982972,0.5882968709399585,2.0958420682849113
2,0.4966908633259085,-2.0082961974145563,-0.5187134417940895,0.02059041236134047,1.1934793108877109,-0.750338669276181,1.0496681035013882
2,0.02577509522709881,1.0372167906677874,-0.8248374849360778,-0.4615291675231505,1.4855435424484946,1.8903486726660743,0.633989578204715
2,0.27032955132763575,-1.1424021344023567,-1.3924334844760016,0.6335764357615199,1.1297353809187092,-1.0756803794245198,0.7092940194447513
2,0.007470881968330095,-0.9593871398951768,-0.6446300812168525,-0.39287247271694,0.20642798954962535,0.6709078914324654,2.8596988548913864
2,0.5545868612905153,-0.5710017261958614,-0.26225958503761354,0.35676869884462165,-0.5992864155200605,-2.1211867916341656,0.4963174730946204
2,-1.4031459065827765,-0.1942360580982829,0.15166456141454665,0.29095183960012966,-0.47676887591020156,3.4478796948103,-1.2243011515188198
2,-0.17488725669046118,4.1466163894691,1.195279958515842,0.6116260636955319,-0.14640110844924642,0.06563837042119877,4.282655942806812
2,0.6923488943854147,0.5127242894641287,-0.03513263177148951,-0.2535253620134092,1.0422385273551813,0.6439020227908054,-0.4267876217186103
2,0.08217397749395894,1.1405480287249334,0.9833856524170341,-0.12909317268937157,0.3701661766853288,-0.555949492448014,-0.011965525354459503
2,0.5993303107682457,2.5401731941423797,-0.24764532180469667,0.36549085266072456,-0.2816716024347711,-0.053596713412079666,0.6421105762300519
2,-1.1168146187381485,-0.674936917583419,-0.17342593573878018,-0.1362956537484029,0.7336842926933228,0.9950081247076156,0.44294223383175435
2,0.2963500342976443,-0.014306768227090125,-0.01578700419325988,-0.4554913688423645,-0.035628846287376136,-0.43094095052446085,3.809221532221364
2,-0.8435278403054508,0.4968753420329518,-0.30229547208439267,0.47837354719114833,0.7073742368243167,0.8929365753225119,-0.4167226512201751
2,0.24746616398431195,1.2369555579732534,0.9977940170279589,-0.2156622946647966,-0.5590841538094637,0.04066695325993991,1.744147843175132
2,-0.6040950551458043,-2.9187386435070817,-1.4318073542703076,0.1877155020594411,0.2633662414408999,2.620961170569596,-0.24568189741999047
2,0.2297139637263968,0.9904161567988152,0.08938795141456496,0.43799177243021,0.3160924630094298,1.2688129090486222,-0.9244123078470196
2,0.39013042450647883,1.627332970082807,0.800191035595538,-0.5805125148103659,1.4669411368347771,-0.9071743817433172,-0.2254799698629992
2,0.5620897968005574,0.5508989408275551,0.1328704641080134,-0.778474505033053,-0.05992868109356778,-0.7364224457077163,0.42677349502455936
2,-0.39115247573907563,-1.836637149167379,-1.1094096786744043,-0.5580059561151454,-1.0797401184155053,-0.26765034028097445,0.8499305368803474
2,0.4987070049771647,-1.088232507812841,-0.18771282029456526,-0.6461347472569515,-0.4361813432311618,-1.1442516874220356,3.536282417226993
2,-0.03825584328567737,-0.2761099722089661,0.45055370821550716,0.7632606210115996,-0.1164558444406909,-0.49936888780925986,-2.074570289404142
2,0.06202961065730121,-1.874769745961677,-1.0409418584687755,-0.1874486518275879,-0.2413894207218502,-0.09648642313349945,0.7718309171499406
2,0.011876269570563258,-0.43271762513878154,0.6750936650994872,0.050461892647282416,0.131348439531964,-0.21414974444291196,0.7251606276677625
2,0.14894628959575984,1.8314336011741836,1.1815873907776246,-0.24620507625632587,0.4107995627806524,-1.6268128936155049,1.0928283959148632
2,0.17196819717374623,2.0759808993216042,-0.004437562715784327,0.07717040596951483,0.696376270128536,-0.1938889488288339,1.5360456381863632
2,0.23312205342873465,2.250553109832072,0.8557425020733564,-0.2848308119750107,-2.191135852539493,-0.5919347346846008,0.5765906513465968
2,0.05703353124480909,1.3092181413273205,-0.10859596952114925,0.16170159191949296,0.11849460304742003,1.1227684706303798,-1.8886795994437504
2,-0.03664161365281276,0.6071546676686201,-0.03857597228368706,0.5251801909809773,0.43720281950455997,0.3432688309497279,2.0709633262286693
2,0.3390967241715771,-0.7213611594586982,0.4076043267065733,0.4591571424828043,0.6586235707004309,0.7838835556904595,0.16906187568384035
2,-0.3123632205283825,0.15277220743115782,0.1525733499841085,-0.21378953761644914,0.1717460504294633,0.7692951893985936,3.688205770339755
2,0.039033537690215725,1.4087579674471025,1.1314617133110716,0.6161071148200944,-0.06163613924236748,1.1172566874478003,1.7346912993142363
2,0.46014944681623443,-0.031945210482194536,-0.0838834438824833,-0.9493808872373674,0.8366143152920812,-1.2145129489981876,0.38702858441427035
2,0.913758708483262,0.8960872824344874,0.9813386024676144,0.27018129371425187,0.43755329329005005,0.13546950147806325,0.08205391847728069
2,-0.09020353859359291,0.663687526508888,0.025155513186363776,-0.39766426985236963,-0.33025342982299777,-0.23363143885204454,-0.7013414430505412
2,-0.5540762003444206,0.12745417908242182,-0.29990775319110285,-0.3499765126253518,0.7121160203405578,0.694411258527941,-4.847272075251566
2,0.9639140591730496,0.45213683220631645,0.38433832608836466,0.06316633502807406,1.3368591415875655,-3.2127298081051205,0.9886391229848431
2,0.1334903608032983,1.0194432189059721,1.1078590862105857,0.0732995329068656,-0.3116361931441854,-0.35749541169440324,4.572055379871189
2,-0.5990886012033388,-3.2045568960383015,-2.83337100540023,-0.4222237423404827,-0.7744314088881981,-0.2509296275015066,3.4140351831220843
2,-0.45006995030718155,-0.5583707187964683,-0.3879471631605902,0.3515355116962434,-0.5421792900245772,-0.48749716009968896,0.42164445824459146
2,0.6767772496869089,-1.6795392797014272,-0.03824188879224666,-0.2858446077722258,1.671400271659779,-1.0060824479391743,-2.6723125106850505
2,0.6656834947107613,0.6197645944601785,0.2926318904092694,-0.11428673314583758,1.0148803462903766,1.2801586906651832,-1.0467322139751174
2,-0.3055795895829264,1.0959471091443118,0.33868613592046026,0.6808191560021148,1.1449932535900016,-0.9982690674226468,-1.5577830957537762
2,0.19455308059916482,-2.041216104425963,-1.7700671166976072,0.18253196413183745,0.4411465312147542,0.17890541081521086,-2.3132790918741755
2,-1.2040448398657249,-1.3599080534097603,-0.3889783273612708,0.12731432581669325,1.0062257468090379,3.2705258708284,3.68701230622859
2,0.19930053791591915,-1.3951471226406786,-0.09299952678780776,-0.16185511258984905,0.7646696153021308,0.7002384437607604,-1.657866839593353
2,0.7736850110679974,0.6033871220252093,-0.07328368130520982,0.9020760562878748,-0.45836912544204816,1.2679976988406196,0.24922569256948282
2,0.013106358080292882,-1.3596803557794523,-1.1978234942292278,0.04670093962228264,-0.3440660284321649,0.018440135123440317,0.594088830489802
2,-0.4941314100885357,-0.5442396369110403,0.017708216682754185,-0.2800773178646618,-1.228605487933582,0.33756372044360683,-0.08431382553755157
2,0.19964612933001305,0.3576681761403273,-0.8079061557097889,0.6368287341174664,-0.06491814794691747,-1.4823519131524254,0.27009120297149875
2,0.8983552353742804,0.24184639636792782,0.48459520922056554,0.09770615320039172,0.2643954173830585,-0.6414176355748027,2.4630198944857726
2,0.3308580981233089,0.6519219932359086,-0.48384671675783814,-0.5340863959987876,0.44590191351290415,-2.3146977710826464,-1.0103250092221723
2,-0.5981503450548862,0.3451400925690919,0.8101378153569572,0.15098634673624353,-0.05459156483134452,2.3966188892607505,2.797060754217794
2,-0.6121583335809431,-0.29266028856277465,-0.09105603621943997,-3.329679660870157,0.3179774188132481,-2.0087817030340007,-0.28618602250931796
2,0.6886207864193471,-0.8152478079363282,-0.5976336822495818,-1.7709447773578684,0.5668197792232357,-3.0639814840123307,-1.3727642890651874
2,-0.038953391911757895,2.3570730311492003,1.1363086552411363,-3.2148840216026295,-0.5318320807731478,0.778898812075962,-0.599003588796342
2,0.22231268530142154,0.11424143193720102,0.5594248731902481,2.0270896679128585,0.3364382566788086,-0.7150410487291224,-0.10906447503757244
2,-0.8002457046856931,-0.4757273143024716,-0.54603575966925,-0.43527462957431756,-0.6755415970067816,0.8408809961376846,1.9507259745256633
2,-0.6149485428533076,1.2310085895944,0.8187644939906827,4.230254921907797,1.780459602042952,2.179883228100613,0.5962737326729821
2,0.09702572918256369,0.5474990537504818,0.2486839433867012,0.23177426576163607,1.1334130851951674,-2.4980804995334585,0.03650701572084275
2,-0.4682337947709274,1.178972007882928,1.6039521701929433,5.071427247374256,-1.2706132375171253,0.5063291531167801,-1.0783683931002406
2,0.24724316882850392,0.4761639804909691,-0.2714647455907335,1.486540756197557,-0.07467922580209312,0.046274010186645655,-1.7418730404216802
2,-0.028411930472600655,1.9785344305286703,1.295522042964871,0.16100976438275488,0.8965303097036141,-1.3119955829378263,-1.9297451175041576
2,-1.2338025030131219,3.34973494482037,2.5015410786725223,1.068283387651498,1.4137338500852175,1.4200005593622744,-0.5601297924577162
2,-0.3794900871466785,-2.196198651361152,-1.2939251444719906,2.48971673216537,-1.1912551124547488,-0.381276368057261,-1.2175798506999813
2,0.5251041107454081,0.951287051458094,0.6165779213501474,-0.2693577780559128,0.25175625607844915,-2.349379025835261,-2.4993819768439565
2,0.12127404081597973,-0.6198640989795543,-1.0061641172638152,0.5129286497035593,0.783436556622294,-1.333314352585523,-0.4608693586149748
2,-0.12721762834984324,0.039116236978449494,0.14561750002350723,2.3240438422723675,0.758050539238521,0.22656213585062157,-0.132952589358107
2,0.958496391843314,-0.135806832794916,-0.2490047562717116,2.360603462899436,-0.23541370927415212,-2.7900713849655108,0.37233805868223546
2,-1.1910801645473117,-0.7069969325060776,-0.14457986122439748,1.5364221429211105,0.11331754904193915,1.5711453322917275,-0.693312000848527
2,-0.5042490407913873,-0.35990794769742424,-0.28527098517110755,2.2541114378041005,-0.389225132754948,3.0823044588014192,1.7605041462830031
2,0.43328266437625307,-0.15073623448257664,0.1870928123228659,-0.47291413297242874,0.6984683455611347,0.38046118110455235,-0.026623843203257568
2,-0.49286453581236755,-0.2546954551890963,-0.3256198933589071,2.7510018202025184,-0.5676028390464024,-2.286350513775945,1.7279999839914106
2,-0.841024046280219,0.5912656480637757,0.4640254002916647,-2.099566839756178,0.017892119403989482,0.5437619473542241,2.994082247075005
2,0.4150760724945004,-0.2857225705059959,-0.5880423212061479,1.6070883445487143,-0.5228723257772351,-2.7333037801834146,1.1718089713358892
2,0.4475775990564512,-1.0693373608220655,-1.4235887482485872,-0.1629534370699477,0.20917851574141794,0.3395106298619203,0.8394238152275898
2,-0.25928477225091334,1.400127410580175,0.9001161788335253,2.601825668218373,-1.2756316371609997,-0.05978577111409118,-0.24158905543233425
2,-0.13733251907591432,2.3326715880998385,-0.0024072870691774773,-0.11460188238925093,-1.0194658716660323,1.2383034292587658,-1.351601647294826
2,-0.49359595230049447,1.17064194446665,0.6060687742762719,-1.4558035786636108,-0.5445534473643597,0.9112007491179306,2.0550432151963265
2,-0.19049149301791757,-0.028331960922018423,-0.62313077545786,2.063948697876997,1.1211788560225784,-1.9580949479418013,2.4748122108882145
2,1.5271646200375368,-0.4360712359861909,-0.5807326325407602,1.74313597631604,-0.7013735095580601,-2.6168541124452616,-0.2561309698994029
2,-0.5513708470125862,-0.7452033462898817,-0.8886094178973631,-1.6674845265846474,-0.5798908809846898,-1.8616009601339611,-0.006680222509848449
2,-0.3422241225752932,-0.4819463227996795,0.17455382542705922,0.9571323366146778,0.6410180368008048,-2.4956292379669556,0.5383453137024542
2,-0.0003801430592456495,0.1299316957386841,-0.7745057231416267,-0.3010971896779077,-0.7177636873409822,0.16890017528763548,0.2974714635432352
2,-0.2771671984630748,1.3580024604467202,1.2883054568445642,-1.1232487615978743,-0.00902686403009993,1.1986744369947806,-0.10620391086237709
2,-0.18286997674404515,1.2830438710484613,0.20407704519080616,0.2798778533951054,0.36408248892150524,0.24891012739856333,-0.05692913175764362
2,-0.9996675249880509,-0.03890400949367612,0.822194704374819,-0.8109876655660231,-0.5077748422186952,0.40920215285394745,0.26548970880140726
2,0.5847569224533641,1.044142617716177,1.0519191684435951,3.1451035997665002,-0.36975874103653955,-1.023414236014277,-0.3564443362584828
2,-0.07720105876226943,-0.9433412724815111,-1.1874644857301346,1.573514060998703,1.2431630464353944,-0.8239043163834298,3.1412275596448307
2,0.3724136259082296,0.0191960612813194,0.32380921869235785,-1.5755841683458773,0.4801695367937385,-1.8046600479164319,0.7331768337135439
2,0.7221834567030342,-0.2104464344647929,-0.035280683973225646,1.7149479844859585,-0.7080305212189301,-0.9580270689941145,0.34334009807500004
2,-0.3180844510334012,3.277225154653951,1.3536822870250083,0.6930840567510617,-1.1109584324285044,0.7919355637456383,-1.5341906124564515
2,0.049496378647436716,0.7469379709699908,1.2608094086580732,-1.834885333485175,-0.5245230616983032,-0.3713267926991156,-1.6209974545105157
2,0.45496241362579487,-0.31315761684688737,0.9092365073188655,1.931103647689703,-0.3343352489918717,-0.20460802132503259,2.835583495026386
2,0.6772539671586391,-2.383101562325887,-1.478429418304814,-1.2172688035770358,1.0520955455564323,2.0345321458456453,-0.8772616983947871
2,-0.48064004160886786,0.5250440266100203,-0.5624835085866055,-1.74552016492571,-0.5365515936626573,-0.7368661296130362,0.2917230275658988
2,-0.14610448128666045,0.2148660048530828,0.1986814635066614,3.3188542246956505,-0.18164690264879624,0.9014309421724825,1.492650593614402
2,-1.4414355609664258,1.5179050236254936,1.2951827622402063,-0.263163748326129,-0.4103726973379496,0.9698921461831095,4.355989263166915
2,0.08419473454341911,0.5907678609879169,0.21408925828431397,1.2595656194102482,-1.0387851248839544,0.9842180288525131,2.313017103811567
2,-0.3686328950378912,-0.06182457270110406,-0.575692079847291,-1.5372391920152315,0.2754244950204305,-0.5304038181073766,-0.08907038910025594
2,0.32403744773480503,-0.45252975693271996,-0.4382318026454347,1.8404944888500339,0.956653637386661,0.3187538966472834,0.03570037659856244
2,0.19165454250275324,1.4440351373394322,0.9357241033251973,3.3355690249456234,0.9400730359771245,0.1242573264125538,-1.4841623054629824
2,-0.13069153646907966,1.522240826380826,1.2114891105633647,-5.575028527980558,-0.45792956330984325,-2.119486921366091,0.28133176990007175
2,0.8761257576081236,0.4006399685554708,0.5055639356511985,1.7564728877926694,0.3569911908529993,0.3612569508920984,0.4003464584211041
2,-1.365129971395556,-0.26989181920409633,0.20795341982716908,-1.7400286074647522,-1.058709359456356,1.3100344156761903,1.0252902346080273
2,-0.6567374755319323,0.9871117630043846,0.6544892796215152,0.6888904644801104,-0.028587111884488123,0.4497789435003072,1.2732047928818522
2,1.0388420645432233,0.44774012998653656,0.37607482223882255,0.7409948586809864,-0.11973782220542246,-2.00582447009145,-0.018074232760852488
2,-0.5310634018092713,-0.8497429366276039,-0.2577565912855554,0.5568530006304278,-0.1987769219801589,-0.43791601256579715,-1.3713103122920094
2,0.3380853316633176,-0.8143319170717326,-0.20175779753508266,1.1907084778880355,0.581516090081941,-0.22151689016009163,-1.543436052136709
2,0.24476279556773303,1.4251400187224779,1.2878480517783435,0.5343065037788379,-0.16108810565683299,0.5325647809563664,0.03413347866043842
2,-0.10078952740156649,1.5455893190433585,0.9831197067101954,-5.0701604682154,0.08534448566502967,-0.7366604341294649,-2.8983404434265756
2,-0.9543673145103228,0.2134861035619633,1.0335552850581626,-2.3419365689174647,-0.16516663681722385,0.7291887627769251,-2.043426202673838
2,-0.3181879557375237,-1.0536071025284703,-1.662115444941488,-3.838262387507765,0.6517845202320615,1.371345906377752,1.3077571260575618
2,-0.11868240117089482,0.7417936808926078,-0.471121274343112,2.516705736551239,2.581547067895227,-0.42676976872048866,2.1391693921820094
2,0.8243029771912219,2.1508212814833927,2.125610161141916,7.529129873100623,-0.3398523921556721,1.4677059071852403,-1.5381202476270273
2,-0.8197756235018064,1.5736492155514974,0.6180586102576504,-1.2158599940047643,0.30363087588536547,0.9336919765430165,-3.262182122338894
2,-0.23494042875408186,0.5807514170589183,-0.21790163893469974,-0.9067225092704856,-0.27775013971483653,-0.021701954298682775,-1.0995471978134845
2,0.32461164902447925,-0.741545683242107,-1.403433767249998,-2.09913715176169,-0.12852854562224236,0.34352078158610105,0.32001010489939213
2,0.3680025619549917,1.74943912027946,0.8532751423074493,-0.7467502293803364,-1.0800750360510145,-3.8969638886084064,2.484691544234504
2,-0.20201477836361018,1.8952035968598355,0.9266417351438297,-2.069004865533455,-0.4755252259352931,-0.5633696660195705,-0.3760233272817478
2,-0.873462693078613,-1.4617901044870212,-0.8441218755849592,0.8597524419139269,1.0871045876195418,2.1451616579629067,1.1347650126847846
2,-0.3821606224818236,-1.5058491713146052,-0.6781776930444757,2.079813564178373,-1.6111593268174145,1.804785471775388,0.8687629342331471
2,0.3987550256535181,-1.6332253495400475,-0.3415836315478898,-0.14469609085177085,1.8138648114376215,-0.5006081775132805,-1.9896413663240982
2,0.14526010774367248,0.034458213851175076,0.2015678876008068,2.930662251687629,0.007376512286137558,0.6688163036682062,2.418448012189334
2,-0.7966339069384,1.2154272399686739,0.6564226643253174,0.25541214076062413,-0.5869232239618684,-0.17398852451978414,2.0974756933689696
2,0.47894747726700637,0.1436970334007702,0.3385595935503901,-0.8025416772125719,0.6996983881373371,-0.2039167681946533,-0.5494850635424247
2,0.4053810395921634,-0.6013077624188425,-0.5359155613637845,0.011457396870169743,0.1323370716650993,-0.37394257928818525,2.479227374993689
2,-0.6300836596657983,1.6594292373073458,0.12001788356261844,2.6617652073218028,-0.427684032326755,0.8665229811241302,-1.5323409364196123
2,-0.6632502084481579,-2.013312098241341,-0.2256736805837437,-3.2322408962594933,-0.8021907680082978,0.38876128246981667,0.3850988630050762
2,0.6656662728467816,-0.8868206945115723,-0.4070038138770576,3.694262247060013,0.030005540566012782,-0.15304075422976995,0.43698005077582963
2,-0.09401857326392918,-0.1381356054965931,0.361013560713089,-1.6036445373943802,1.3175773601595628,1.396887992249947,1.3833423284724111
2,-0.44755116212313406,-1.3109783279924996,-0.3231224833413467,-1.187572024750905,-0.014973329237504884,0.7777749344010007,2.354397477868227
2,-0.1302593369405524,-0.4007292242321676,-0.32617725453472934,0.5425308672008675,-0.24276284032545653,0.45926374144988313,1.0475759502547797
2,-0.3459847019889076,0.5444844509855636,0.1514578777460876,0.9742775597300516,0.7797936597142919,-0.5728798583165262,0.4002530364556882
2,-0.6282014819047824,0.9408526877454917,-0.4874476690075824,1.15355376546548,-0.26148758084788015,2.2385701458085134,1.8909302677155349
2,0.397870925591195,0.49978518444040215,0.43491818193030746,-0.020899262624435994,-0.3836579475442811,-0.15750289774787218,0.7841507949564391
2,0.39329868786426936,0.2865979457280705,-0.8888582617928009,2.4815714877722073,0.12711936804804766,-1.6240950682059998,-0.19704640185133734
2,0.010072110408915369,-1.906348468575946,0.4819697477153234,-1.5472642049995096,-0.5773476415072779,1.8004704122828334,-0.499537831532995
2,-0.378382480212955,-0.3149719300049273,0.5625033661470195,-1.6779244555221817,1.098061546947452,0.2141043729735777,0.8011054131193052
2,-1.3821164248282924,1.6496025795063074,1.5484513433604739,-4.403578662646011,-0.1385603209955305,1.101553782834906,0.8111402325514269
2,-0.9858601606051768,-0.13646270119599574,0.17846257842590932,-3.146062251711044,1.5745426059928862,0.12554097251563007,1.9354842763919047
2,-0.14749096447597387,-1.1212301154235051,0.04929648638431061,-0.5884221009719729,0.3623088049554288,0.18612134962643026,2.2758591353282758
2,0.8300630853803439,-0.1906995591997167,-1.8425328787689872,-1.2060170862189186,-0.6886316548574082,-1.2102575388309627,1.6299398921459742
2,0.11503766429328037,-0.16418890141760278,0.2116409200018138,0.44627799119816186,-0.7289989999121688,0.4631882381409461,-1.7811559326988848
2,-1.0944001727072106,-0.05856157229868875,0.17019654453597055,0.280123897498823,0.5561282631817288,0.8002655106444515,-2.3675420151921056
2,-0.3781600005483542,1.3678683021400955,0.657956471818087,-4.81391898926286,0.2641517832606777,1.302334361926276,0.5596707958407395
2,-0.07624001999760366,3.439788056346346,1.9634358357767077,-2.3353011892364064,-0.4378495207662586,1.1810015630049524,-0.10124035056142985
2,-0.2823289985655947,1.0886172454032053,0.5578739158021166,-0.26128509108458686,-0.6832393882781248,0.991429210227883,0.31579531499420754
2,0.987045065062405,1.0370858681743254,0.5854304619112011,1.8203366581282987,-0.7676557595693861,-1.7633320911731634,0.5226470156460189
2,0.22840772065983098,1.8900904458322365,0.6953971021696213,0.5004257929001433,0.8458117778684822,-0.9379912525337595,-0.34902067773756307
2,-0.3151320568304004,-1.3823528787784365,-0.4422095389327815,-2.2703545720598783,1.5664970166066408,2.5949678159886354,-0.5425017491912848
2,1.054238469733736,-1.8528450525503881,-1.4079592131861987,3.287408836424935,0.6290680077163109,-2.277712022689737,0.46202764506089516
2,0.44654706255199234,1.6023544798197147,0.02230392937269743,-0.5590281119716406,-1.1266288060368177,-0.5927837575498226,1.0324898918417564
2,-1.0730729345797043,-2.6850420332825555,-0.2211293510470136,-1.5431210640417634,-0.10937700148005938,2.115965809826183,2.555629394780692
2,-0.5613734665414459,-0.4548587996997079,0.36721766862420163,-1.7377897856216737,-0.051670572459433635,1.3559565985192485,0.1696358868818193
2,-0.10297604068363758,0.2387621970495351,0.2880889274225405,5.841270719873687,0.5320610194835543,1.2330747011802898,1.0010402068619588
2,0.6134873719288785,0.7258477056310557,1.1319250928398266,1.1820502271168774,-0.09950247476987423,-1.5195067853987543,0.3837470598763861
2,0.18500789924451985,2.3144667004683934,1.732300164234997,-1.6332030322563105,-0.2134138156213788,-0.5527816288307048,-0.3020764714605626
2,-2.302553357540851,-1.3115675078636735,-0.013315320423510468,0.07941943935484916,0.07257493897251564,2.7918520360069983,-0.6175524940849193
2,0.6427149076986779,-1.1257591910497915,-0.31119874617702925,-5.216251429615878,-0.0667898120651062,-0.8614499370033353,1.2716654251203316
2,-0.13644835180769582,-0.5095561832188905,-0.030732052092789036,-2.488177943726436,-0.10360866049198668,-1.1756834165246275,1.843525676098124
2,-0.11896739036441728,-1.9567657089688955,-0.2545085227042839,0.28944651617799444,-1.054075439513407,-0.5140309660784901,-0.5525434302600754
2,-0.4034913869216237,0.08224192254237866,0.7248339606183136,-4.084122090807009,-0.2745368323785913,1.0624900578290783,1.2405487393310808
2,0.0992871740980033,1.4073922647519557,-0.12323492187139673,2.0524070536112,-0.11623050723265609,-1.6294145656021095,0.1898549849321928
2,0.318820889523359,-0.04143553265450106,-0.5818335086954376,0.595858640141269,0.4903016656412624,-0.2688435279756837,-2.0562284506764024
2,0.24180012546734936,-0.9062061748693874,-0.45322007269983355,1.8582961237478262,-1.4499161959324034,-0.8387093456008335,-0.4716760208151559
2,-0.30896376393091285,1.1985167630088984,0.4095001263697168,-0.16201850550151,-0.18432283653267026,0.42209242070868125,0.585487944922333
2,-1.4742544102704511,-0.5329048499648777,0.020498678133921172,-2.3267226150888445,-0.3004519410178209,1.5124933974869788,-0.28770135564707694
2,0.12116752692120802,-2.341621432112165,-0.11212768063378764,-1.5018848856664704,-0.4785470443945401,1.695660117745621,-0.33044348955451797
2,-0.1952602611938375,1.2619883468910538,-0.9590936751601963,2.3274326604762994,0.45934321602545863,0.31819052254547586,-0.06269314165045288
2,0.49682706865024906,0.01947760917599202,0.08048094879327655,-2.5119338495283774,1.1770897603469601,0.7814209702051071,0.03622918106273379
2,-0.6764019142413531,2.3418080040136977,0.8926190822122972,-0.6516147322836205,-0.06664468330378667,1.687272175678037,-0.2337160593468373
2,-0.6834238367720313,-0.9752968369234014,-0.5728196526034552,0.9986481180785436,0.42602583631008434,0.4052976396884864,-1.972980866451524
2,-0.040610600682128184,2.837587855769563,0.9805788630352197,1.5976636926767287,0.6976852963358483,-2.1693162873856693,-0.37446741872726264
2,0.4333740857651136,-0.3642795277539385,0.029031413670414702,-2.7802135839449753,-0.21695928660982422,-0.7922782489951313,-0.409894326245027
2,-0.18718700128237492,-1.7522462454071788,-1.1361484901857724,-0.8462129847904338,-0.2385737422942201,0.022685319771485093,0.7754782185501711
2,-0.01893704718376482,-2.0616110393257645,-0.47675458777875324,2.2017552719771842,-0.27631998943926234,0.9088935107334017,-0.5696304637695676
2,-0.22848355606955834,-0.8548106045070252,-0.32708043114087976,1.2841833782217869,0.3496610330874435,1.2099558673299955,-0.40441606420576937
2,0.3034040924053416,-0.30465237039980453,-0.5486936316405162,0.957970247615038,0.45415091546947806,0.8034278731868517,-0.34490124899046926
2,0.43100810873773415,0.5461837639438616,0.7275353006657289,-2.5062103308472317,0.673479599385837,-0.6434904390375321,-0.35769322510423207
2,0.5843245016171319,-0.728886835530955,-0.5785285544707385,1.1891034453880915,-1.2963918331080917,-0.46197966025090687,-0.8495423415911317
2,-0.17677698015552498,0.38187019795649896,0.6145287528936871,-1.0026233154841224,0.24577730846508233,-0.5074702178440406,-0.9316735884475691
2,-0.8316356940183878,-0.6905267367056929,-0.23198139913262816,-2.442850736676773,-1.111888857720413,0.4192885383239985,0.5085806423820208
2,0.10847998353204513,-0.10493396477765084,-0.28726219182189855,1.022493147633741,1.2527516477322262,-0.03381253940708004,0.2851995287895763
2,0.8900224073448023,0.36317440131843204,0.16016054009324787,0.14076763202344136,-0.5317072122127877,-1.5908545324571468,-1.7412119403258675
2,0.4945688494207176,-0.46871814283139757,-1.1743231957696423,-0.6506154057112089,-0.5287008814386255,0.10198633413741232,0.3968314092869191
2,0.014425712225122622,-2.2708271384198966,-1.567976072398102,-0.004744247879626788,0.5410628129171147,-0.6225655102961305,-0.8634913870669017
2,-0.33584138193641794,1.8741971119300112,0.14909896066812434,-0.42697761014658986,0.3581006589954465,1.9726192453240785,1.1212141017492183
2,-0.13352579316920887,-0.6790132979644592,0.5650079215211894,-0.7598721751686068,0.3918441150549389,2.2411230015727055,0.25581755071754875
2,0.6308881847422001,-1.3518921643757758,-0.15286634589453402,-0.05256854121246468,-0.6160045066615845,-1.9194181089492246,-1.9115358393293087
2,-0.15405195519439258,-0.37763564054150955,-1.1581985266845205,-1.4362412999293104,-0.13102241547488108,1.6212626739371432,1.3316693871787053
2,0.2929418213567455,-0.21879575705320148,-0.7290910842378014,3.798811401800901,0.21928579698142495,-0.18685417991580044,-1.7141957184797911
2,0.4096864977082887,-1.805163951419428,-0.1894021732612834,-4.819929565577418,-0.5542525316554082,-2.182270068840867,-0.1302568598472857
2,-0.3569461244969097,-0.6681797731840207,-0.6487812420124078,-2.4692225254097653,0.07194672715392565,0.5428857966469094,0.9392238337478214
2,0.7926876034022483,1.1175141617872675,0.5974174758083869,-1.1436571907930633,-1.4817367536707189,-1.167407045113083,-0.10298251507727262
2,0.03744601598963482,1.1026649131632529,0.2149700227925183,0.02430319725773351,-1.0461183563611813,-1.9747817924933178,-0.20679745828913706
2,-0.4597167871933529,-0.10533680420244984,-1.7233762360989218,2.5440271549718143,-1.005898299759173,1.8049548643532436,2.351985201462745
2,0.6059607103584584,1.1125784711427067,1.3095202458418151,1.7599590914777565,0.2888731411693279,-0.652871815673552,-1.5616982335747225
2,-0.8234767359026494,-0.07228501783558614,0.32122847476147665,2.74856906155348,0.08807387390331302,2.338105422809198,-0.27149525791632195
2,0.2380944710366035,0.48041728165254893,0.10815088012731137,-5.360538007369626,-0.12079035589104425,-0.35320692452579483,-0.5384703459641194
2,-0.1784802441792224,3.4028555017792628,1.4142346668683448,-3.1093993057881044,-0.4646252966254066,0.7073507826528287,0.6316775469724814
2,-0.9891565555616483,-0.02614192966852713,0.21852266363467093,-2.3844913564788563,2.205309354728015,1.1020267901249896,-1.9905752174957405
2,0.35864898221648855,-0.6943704461745149,-0.7721194776776055,-3.3511105074449987,0.5450736972262318,-0.6887584385652872,-1.6910508709786165
