,0,1,2,3,4,5,6,7,8,9,10,11,12
1,0.37780642304565626,-1.0957666189578834,2.9005537903746434,0.6293614567203403,-2.167728287953324,-5.3121296332054655,0.34164457438485557,-2.5020550917053446,4.952095662340351,1.1451639937594307,6.544609878283922,-1.3195479744772658,3.6618402836017014
1,0.5667494046052878,3.8220652720546586,0.5169653537435197,2.2336108918081257,-1.3270605664861108,-2.2378433611803046,2.6527573967190343,-0.7474341217100972,-5.93727237168784,0.7233631644459136,-4.162166744551824,-2.5156878359966566,-0.521126403732996
1,0.24167822839205697,1.8587180392775617,0.5037582285890775,-1.063808137539433,0.04602124974303483,-0.4805404070603468,0.6247787474230906,0.5663299353941819,2.3065224384385425,-0.365693203751917,3.0319736667690473,0.810144765658568,0.9240235469421265
1,0.06712925349582577,1.2548683353788292,0.5691570521248858,-0.26651020574776185,0.21410314378513692,2.7249070970102762,0.8288368753992844,1.4142195234740655,-1.4353507387910271,-0.9007055106094258,-4.20970615227022,0.01735099857463758,-0.9467104580468014
1,-0.4172748004308185,-0.29132498095796017,2.5539186335142325,2.8286731972365686,-0.8230879365798848,-6.97404364639099,0.17878384518890214,-1.715958837451248,2.21852256651121,1.9354818733326757,1.0027973530286607,-1.121294019172568,1.7969574346748804
1,2.0518095249809822,-0.9730528083448482,-3.7426924592368227,-3.3772076316919213,-0.12547416454961974,3.6599127045933675,-0.40650571008350955,-2.000124238939049,0.7050238000505,-2.570422013374642,1.050399738429241,-0.5888926545357407,0.7866397566387208
1,-0.5516802667622759,-0.549664436148414,2.6887550453396947,1.3942591915136548,-2.797653755747906,-1.1122306101747457,-0.9068792026141168,-1.0805621698596002,-1.4324460454295755,0.999057571037486,3.0700382225135274,-1.4266500643042193,-0.13068499024595834
1,0.767245538657622,0.9230820233413695,-0.38611658985877856,-2.7828752781367174,0.07957525568060977,4.128016497354537,0.6705569590098694,0.5899594350048756,-1.9421060490502373,-1.005062466943133,-1.269381582409561,-0.23529313286203335,-0.8875987989044609
1,0.6290477690574756,-3.848167985233618,-1.542619757652243,-1.8469315712992505,-0.11402021276851326,7.128264603485653,-1.9969191502291244,0.21293186325696611,-0.05464663007704692,-0.6877245740042283,0.012086662354623403,2.1978885439125997,-1.852335663776518
1,0.8634881390171508,-1.5104121132711588,1.9360752206906582,1.9589357754517411,-1.3711769928203759,-4.891941674027312,-0.41171278455263843,-1.9579743253704196,0.4197932863306235,1.2598525519436763,5.392844843303764,-0.8405373555282984,1.8007008550545114
1,-0.7113125663467047,1.5918614213420519,-0.6878891525313131,-0.9400962379206921,-1.0613000095192437,2.9424956823454456,0.8491683823684292,0.7016247813882535,-0.8466125284779162,-0.17485207500143635,-0.8173607106898975,0.9595949590948989,-0.28719142495750355
1,-0.3145317254171747,-0.6871248521479588,2.3471420380126613,-0.27215734311101986,1.7379708853968616,1.1862191981239907,-0.27398624732082666,2.393859756793578,-4.151835346763436,0.36751872372416483,-0.5702168009217083,-0.6507166613691918,-1.3759639408104511
1,-1.2296559925571695,-2.312395810528228,-3.609899510738029,-2.0001219019727117,-1.2322491414919337,2.5041699258687498,-1.2445028133014202,0.028845960539704476,-0.49161457545206094,-1.6314057175363157,1.4461765525875088,-0.07581958403786229,0.11862056503872281
1,-1.0538896391910586,1.0603666638660396,-0.6620547821259831,-0.30498991006775106,-0.8945015325092894,-0.09152955944987994,0.7127488500101944,-2.178350962651152,-0.875319572754559,-0.6474273043171092,-0.8585314625965627,-0.7448502680136265,-0.03088704782704954
1,-0.26338380911339265,1.2888839379911026,3.010189180974815,1.1601194026021149,-1.6423363987768838,0.021077005767506693,0.7527296006250551,2.0766642646586253,-5.236986353940026,1.1953070857497823,-5.361241366362057,-1.863668656923642,-2.308559553536288
1,1.1704079862297145,1.9320711934332861,-5.44807681002713,-2.3373631574076468,-0.419491326016754,0.9832516903450581,1.0588634412340379,-1.7079920635456893,3.9641028192965844,-1.881064684403127,1.543013698061163,1.52654129912665,1.7248267341606798
1,-0.06918146859267543,2.201934696354679,-1.1432923387023963,-1.2668168164422393,1.1010906346420077,0.7854675373937829,0.7845541942950369,-0.19719313096991542,-0.8730728401026177,-1.1483784353296596,-1.8289251981684704,-0.30272087930247354,-0.6815031658608028
1,0.7674177065034505,0.3265339110026308,-1.5365294073762756,-0.7274294426436214,-0.4042310419743753,-1.0130784593238786,-1.1674447778748125,-1.6887283290258068,-0.09943512535578546,-0.6474690008792908,2.379442730921124,-0.5698149237472102,0.5629548047400069
1,-0.8158777538633191,0.5988250074674457,-1.014757933676366,-0.8039752982269017,1.0800494807029228,-4.742209943821139,0.340451466742636,-1.5300481999113085,5.418004766848182,-0.8467015382958805,6.11449530177589,0.666263500900285,1.9708056772908846
1,1.9907903188786706,3.6413853940324112,0.4754822096578815,-1.2597656022161179,0.4773867821515857,3.759075069396654,1.885591680160294,1.809120716001537,-2.4038019944945574,0.06616058027789158,-3.2996198092935978,-0.20202265415332815,-1.0866090469005383
1,-2.109964926992411,-0.42866753169148347,0.11465182567566194,-0.7475164647693993,1.6939634446441776,-0.1351281131592455,-1.5584394130953494,-0.32172602823423196,-2.484851877436317,0.4548212747669965,-0.14617167971458997,-2.5829213079725286,0.34221702553595473
1,0.3573014407850208,-1.2430971918417066,0.019641055523981737,2.1057678275593106,-1.7777054518477076,-4.948562859944988,0.09928898150666797,-1.7123817643835657,2.5356790367737942,0.2138862058851137,2.0343489346377437,0.25964267222461257,1.629075595834983
1,-0.029621458615366948,0.26374207009776796,-1.5367015570367226,-3.3537101005950944,-1.1075413214738643,6.151843883355007,-0.025971808375934612,1.6581421159859573,1.4146552714290703,-2.031108350225281,-0.4009901902468549,1.2682631939674847,-0.3551584289565813
1,1.3870577005188722,-2.1806949469912045,1.0541753832544642,1.61052061797566,1.6674632087456545,-5.11849051516575,-0.7420513702842356,-0.5895389928802202,3.7344125902431884,0.6523861661453547,4.8050603613100655,-0.10016130727939217,1.8815084463086575
1,1.5573264421302733,-1.3783663803316295,0.7185789499434688,-0.945378715234059,-1.373242385642984,2.51836495749455,-0.6643515473091902,-0.8069869092630642,0.3141349631996093,-0.039016096121640836,-0.07735711050681168,-0.3985965362393706,-0.06051670512653465
1,-0.1954337992375344,-1.0074621139884612,-2.3247875484077767,-0.34620740687972285,0.2823414190139133,-3.1054290906799134,-1.5073342637103042,-3.5831691490566606,1.8668644705313315,-0.30387334635339897,5.520859372734118,-1.5102389305203832,2.138021550568614
1,0.6194521940220759,-1.093656698975492,0.528988478268992,-2.242724085572863,-1.204041196740576,3.5807576972926625,0.5977596537913297,-0.28603593453311227,-2.930561304593774,-0.10009330561312953,0.7648251991455393,-1.8767187380403392,0.1428175794877437
1,-1.5181580928127731,3.26804816417088,-3.867522902542109,-2.218330442360203,0.23328182054101004,1.6182448446285562,2.3670262746472526,-0.39023839425691803,4.121958987797714,-1.7038482176838403,-0.3462502883238755,1.4712910145917746,1.4700647216816338
1,0.46483904458477004,0.1624792110136312,-0.037433525332025805,-1.875564374109539,-0.5290700762611591,3.0197624800730725,0.19083145406272245,1.1336734405375577,2.0237891796248952,-0.04362332932542578,-0.146988819106974,1.1240551078167593,-0.05328745413190309
1,0.8045910226068984,-1.8819162535730216,-1.9350957113139338,-3.1188035956611766,-0.467882805565181,6.193932743162807,-0.08164679115312029,0.5640432810559457,1.4777895265101484,-1.112967767982292,0.7754848695117502,0.764135310825764,0.40163243261501397
1,0.8798861909604309,0.32158052858005853,-1.6454741006656102,-0.7188870317892184,-0.6934503004392202,-3.4579238962410477,-1.513169380550265,-2.8840808031439136,5.166985649453121,-0.8866140544166758,4.320234075328337,1.1706739596440239,1.9212157508531051
1,-0.20095217694001388,1.4265727070332808,-2.1246753384355626,-1.4467482617606684,1.5121443313089797,2.5190725224819843,1.0912412352383485,-3.0507496694929075,2.0969264682064352,-1.8971295964037547,-1.9638421545331344,0.6161820502253912,0.25770517392156417
1,-1.2028846273875886,1.232757387572714,-1.4426008951728237,-0.5890744746940471,-0.05863804861791367,0.38391732089253927,0.05891860575034985,0.02414484308578914,1.1003215063491698,-1.7305790296988797,0.5374426444754313,1.9034904155316117,0.34069124760873476
1,-1.336755546938937,0.7009835207395638,0.8173524300919384,1.056968504878782,0.6626179690079759,-3.0711869814905324,1.30178298548163,-2.3580120160644884,6.1615166038028075,-0.3959092301063003,-0.9926302239256574,0.7519801498514308,1.5606322978453273
1,0.3617825494479415,0.9371578758908037,-1.5519675315963035,-0.751569482297384,-2.2252114171490245,4.231184107934539,-0.49831523620625134,1.2149228626261248,-2.3194543357330697,-0.8146144894133535,-3.2249786716999447,0.688462912920041,-2.235328983711463
1,0.7234649871074003,-0.028441156851937613,-2.300757500474004,-0.9875068169153305,1.020186580659532,5.614732372551509,-0.8568334676065091,4.670724496953482,-2.3539977419535294,-0.6362486831579016,-1.2372334206614992,0.48868996393668507,-2.287253790179025
1,-0.15783246962346303,-0.13678750361233452,-0.32132405720895896,0.503246143915807,-0.3357228956146586,-0.5232424010186095,-0.7414295546446196,0.3061594636868035,-3.656154670445047,0.34165695078829184,0.6917180870302966,-2.077072929729598,0.17198066504042803
1,0.4305979265595138,-1.5192724802816535,2.5470082232280244,-0.022596601849402275,1.3311996661300642,1.8863260796473997,-1.3929038451940425,1.1720968758109083,-2.9693304776094167,1.2113726620505008,1.4850152051829433,-0.7799511380216609,-0.8623063109314751
1,-0.2709801475803709,1.3859131945533019,-0.7196786615841014,-0.18938467019188585,0.3704808046961754,1.6146409553690837,-0.39874422379996044,-0.9063866518920517,2.630585927337216,-0.3807548093322047,-0.08491354603375015,0.8633391354704754,-0.5955990024033819
1,0.7303647697392829,1.947749939347576,0.4715994170228384,-0.5019078111723626,0.661553185411807,-0.07819585151343805,0.8228245725533456,0.21726145266850105,-0.41450408302391323,-0.728247429640235,-1.0530538894854582,1.1062773725994623,-0.3766305125077499
1,-1.1917978450510178,-0.40070798454264706,-0.4894447852959456,-1.2081032988419769,-1.4312763242320972,1.570850857589218,1.1346623852525222,0.20365758961067554,4.2414244829819285,-0.6260720510994285,0.33234551395406153,1.2054801683237208,1.331477856719947
1,-1.4301018052192975,3.022379994734312,0.48678191647036484,1.3157292563039986,0.09506191858855277,-1.4548801729137697,1.0667207608309843,0.44014477848120503,-2.130220206423691,0.07722551070290716,-2.2898897476992963,-1.5103952560403866,-0.4714920796307713
1,-0.1560047986196378,0.8730179640412564,1.4675504286711096,0.05985248631025077,1.300703784940169,1.4641717669978238,0.49654292982545567,1.092097791327497,-0.7737557014655694,0.19469594513520413,-1.398195467639305,-0.1161690924183307,-1.0289391066907927
1,-0.18218195692783565,1.7466655408004859,0.5988369269267817,-0.4740271391612935,0.02438687910241052,2.1765351015860714,-0.43431444707439,1.6727650656669706,0.38617115000248264,0.774604777776935,-0.9872826516882671,1.013429069322955,-0.5527111289655635
1,1.7882091129674758,-0.8062373628739309,-3.4430778516373897,-3.333150952773754,-0.5210645511591192,1.134473745878748,0.5929982566922096,-3.1817759057382093,5.5692323829427055,-2.401067823078009,2.74175803930788,4.364225214247173,1.4663083553128937
1,-1.6489990568869124,-0.5685882529482784,-1.3184715194397698,1.6857031851577877,1.5999391010763506,0.3542323932415362,-0.848292792001409,0.04531143969222201,-3.0528951469769923,-0.20670121382179085,1.5595852993071146,-0.3601816244442417,-0.19038900672390402
1,-0.6696267521037723,1.9408815844300253,0.13265183419727591,2.5050186581507456,-1.4284708539014148,0.7043759825053759,0.8100544617551418,1.7444873142545094,-2.094973256553198,1.1966728344687545,-5.307630008373834,-0.32940090042580045,-2.3435802419770315
1,0.6549699612259802,-2.5650835397831875,2.064169931231914,1.0435305405235369,0.20435355862122564,-2.4903498141438636,0.014985998072665508,-0.41484683379689596,-2.263687168475798,1.5121607345809327,2.1958086695672594,-1.4606317834045768,-0.1310185555547861
1,-0.11085930675609083,1.3277119400208979,-0.34465570453815736,0.39622822332607144,1.1311936392315582,-3.4432355831540287,0.6878196178939198,0.39550334649745683,2.721360026112647,-0.13555320975372664,-0.04197210810375978,-0.032495534586064856,1.2016147258413243
1,-0.20404618930314475,-0.7021665408979078,-1.3735661120532165,-0.294402036713752,0.77118867055184,1.860447669001921,0.7032479062949527,0.47307628268573454,-3.797757942944373,-1.4497315252898855,-2.98177214793219,-0.32290849502562496,-1.2982960368466363
1,-0.06571553202253506,-2.5920721391683528,0.6478681566144064,0.3828262858752237,1.8314887352925426,-0.3814521120652929,-1.4932604446436655,-0.7642540385460183,0.7877146497451344,-0.93021885419073,0.7068125314744881,1.5284754424803977,0.2297805501290089
1,-0.7774687383151095,1.8266266442432249,-0.07777567256987773,-0.47648258009235284,-2.6698109536298262,0.21984494698148868,0.1587820894281607,-1.2934580781616707,1.6253899028602965,-0.3346067472510105,-0.3729969013341969,0.6012606086610075,0.05185118932178345
1,0.14196551936776447,-1.280875975078696,-0.8279346215985514,-2.2268353764434825,0.41352398243251864,1.1963599784318943,0.2147474294529654,-0.18622180452152506,1.1715434492651398,-1.889878008608047,2.098843459440899,1.8810540910639817,0.1885057042808756
1,-0.10228061201498997,-1.5296274899722,-2.275767937214065,-1.2499646353747507,-0.09237233071935963,-0.08243618323793524,-0.8103698491854922,-0.37679773241079295,1.8257342039651876,-1.441119472116095,0.9495022366251626,1.17416974570454,0.3738855830464052
1,-0.3135910149825786,0.12590351151764193,1.116991686806073,1.1428697824957852,0.36905569879982975,-4.609636699859696,0.3966033869546484,-0.3324366392241691,2.8926001781741726,0.5317108313936639,3.2059130343560622,0.72781607705739,1.1987406876452291
1,-1.0529608382324975,-0.8002184299495594,-0.6634732786494556,0.09973380466360494,1.3015460173042934,0.2125562932390611,0.3796472680484839,0.325375335081983,-5.247499381031218,0.22939392075399942,-1.4032599513584432,-2.936489429273489,-0.2013952797469062
1,-1.9968417880454097,0.8298576081869313,6.031888179869099,1.9574759366994876,-1.0438560080344317,-3.890171126000347,1.4461998799642097,-0.9107949799298013,-1.407512963937345,2.803905715034666,0.34834406758631903,-2.409230236398935,0.677961630836459
1,-1.6866358690785268,2.2721984180190864,4.090409292895028,2.411860932051422,2.0252509320710934,-2.5441421657093586,0.8937812096634195,2.3412110200502845,-5.7317264487812505,2.443434264043439,-2.3141139821136485,-3.9218850347322145,-0.6020242630003614
1,1.8203964183413899,-1.0977967961009467,1.4848120082552307,1.1896727714358502,1.3852441337237222,-0.9578723445544118,-0.8340995335155506,0.2451616743204733,-2.329315991394243,1.1665120390108552,-0.8099380459746679,-0.7039744581667644,-0.5258889853684758
1,0.9440826227512429,-2.027556128212178,-2.550588879415665,0.015842787385357132,-0.2966768866262544,-3.2374971512566453,-1.3198973996474042,-1.2814972322447495,1.8833984000175674,0.23509001037660626,4.6102469441783995,0.35539177162137253,1.81108592965226
1,-0.8526403789768878,-0.5220686400594681,-0.7325960332062894,2.0127754104074733,1.4043088882287134,-2.621381527585993,-3.4239181489302597,1.3880245153901667,-1.898098891857012,-1.0872147405832606,3.246277619171817,-1.3283422476407465,-0.18848213044070744
1,1.0062761641156386,-2.337085411091476,0.2484505299390694,0.41687474467278846,0.9065657046205344,0.5580669828115276,-0.6940902026513132,0.7382068014658048,2.1831176615761825,-0.9588412769424672,-0.610608278599872,2.6077947214271817,-0.5788945219167874
1,1.2287345524189517,-2.696343230211944,1.352135122050731,1.1093442832309437,-1.756399359575118,2.23160257970917,-1.5790494687881382,1.6179720136026943,-3.479666470647029,1.17239638941652,0.2769672175740847,-0.8402752705366504,-1.0235338866522152
1,0.41874072941724977,0.012348279406036392,-0.3926532735909361,0.23079975981828196,-0.8027802867634056,-1.682248360764477,1.0525529888084468,-0.761997813640884,1.6812666675701085,-0.2685531186597379,0.558826095606394,0.1764812172265826,1.3016466922075707
1,-2.0686354722364415,-0.7388268583437181,-1.7670534263202475,-1.3152837883523156,0.9785412206151627,4.6208902652989785,-0.6090050462223752,0.3810597424972205,-2.3156569334813697,-0.8987678084999935,-1.5457249518333682,1.1236877023715721,-1.575449682084421
1,-1.085533265254243,0.37351367535906693,0.09909011367359158,-0.6148925590948607,-0.2143491486188281,-0.25255813449395864,-0.7938488089466357,-3.1065068596618075,2.6478753146431395,0.6126069608409527,2.8655443307796062,1.1258705197841754,1.1801851546426734
1,-2.1217878370807517,-2.438421502853723,0.2305276492415362,-0.10533216809274135,-0.43957776691441947,-2.8906025000117377,0.5994403888008556,0.5329619979886606,-2.608501494815354,0.5170402954735136,2.6387720169298365,-2.693247997112232,1.2177890495628498
1,2.4473112524182343,0.10978668619729134,1.9337636287534556,1.488082896878766,0.2286784170554446,-6.534480312953328,-0.89268714259784,-3.4090848245320218,1.3511589585559212,2.0028290316148394,6.244580825922975,-1.4629001170347433,2.0574252010606804
1,-1.4988845226046132,1.2923102784793215,-1.5804587886417012,-3.7077336068900824,-0.6709822234367616,6.308299915069027,2.5376663720140993,1.11540900488324,1.1400481445966328,-1.0537719576884232,-2.55715586801599,2.5262034089423793,-0.6814623576825514
1,-0.4579690032665171,-0.1486772600415284,1.1636096450436086,2.02097645099765,-1.4470953347458855,-5.408636710795999,1.6048672252126595,1.008364590808021,-0.9050271522985898,0.8754115575680109,-2.263255672624189,-0.8978209046718211,0.17746326489638173
1,1.0514316679296736,2.5591775186872665,-0.4098464698222373,-0.6850770736624263,-0.07186540897307253,-1.6637014026889552,2.010748974413824,-2.576955425579152,3.244218661635826,0.6717609227594656,0.5284438142285053,-0.1864848032823837,2.1866963190773543
1,0.5950823615353212,-0.7783952215752483,0.5494825596420753,-0.29743937030029116,-0.3908224089909585,-1.0245834822169193,-1.4252231284781058,0.7692688511595107,0.14384119030654072,-0.6273648776376786,4.097446542923535,0.025877848894413153,0.8386818024244134
1,-0.40227216012415423,0.6145919868929777,0.44943072539537016,1.0669278157892472,0.4261909228615532,0.2967903415947657,-0.6621732918996093,2.569179537565671,-1.385096788069036,0.22829759559263166,-3.2686431129906253,-0.6392803632231954,-0.8939001068830477
1,0.755284181347285,0.062309967475888545,-0.13935704146454256,-2.852848487585027,-0.08625128856240032,6.873515742975529,0.048733601707876745,1.855222121065914,-0.7423070128436537,-0.7338764959568355,-2.0898677975867646,0.6389088750909497,-1.760686165926504
1,-0.7385897272517356,3.3348019492164473,-1.1246727045732894,2.0118311090539125,-2.4717373447909092,-4.889322333254032,1.1238258914312964,-2.251418294956208,-2.8535470957184574,0.27573703942574956,1.0566029740213714,-0.897216049448332,0.6076341202121276
1,-0.11873472436376836,-1.4079819552038877,-2.147675182667368,-0.6554270309344074,-0.4972282196703872,-0.5554990277494404,-1.6066195905808769,0.9301980707007464,2.3825924045046865,-0.3576872348002117,1.5528813004768751,0.5454784922416296,0.47453163421331696
1,-0.3012728209173855,0.6094397290462014,-4.540396989152379,-1.9821490765702945,2.6221697933363743,0.23540161873611362,-0.10131130474624049,-0.8910215742418113,4.428400332177081,-1.1996073452612468,4.714683966560902,1.8390419547563004,1.7690491073432055
1,2.1477274134042736,-0.8291137003556314,1.6998037844463763,-1.1365174014442383,1.4284357407290276,2.5853900367842684,-0.6780179683689956,1.4006336469329632,2.1777174556800363,1.1599409218480128,2.3115082255708237,0.3983960532157036,0.3723487903126095
1,1.8497211375702145,-0.9826659512771797,-0.3301955144123943,-2.16565137790508,-1.7175547061783794,5.253643534341332,0.7680597769056202,0.20669748881891817,-1.0191447196376155,-0.10761124381744476,-3.6529828903466206,0.8952461968146708,-1.5721442070698064
1,1.938313432237899,-1.4740527712767668,-2.355882590808001,-1.3119370593879827,0.8915456439482027,3.459306728243502,-0.898077506894965,0.34356628850419024,1.1489250266602764,-0.9328019321357165,-0.8708650555838751,2.375930084773429,-1.2500723537927865
1,-0.5096173774251784,-3.379149042601593,-1.3215967315723052,-0.4156819857469789,1.326527155090537,-0.5123633557990144,-2.279281148351631,2.180523535161718,1.9555182489900416,-0.5101366749260895,0.07816261235983268,3.0397985819288813,-0.9951302099930404
1,-0.7832619642328265,-1.575871075038166,0.8941612658354412,0.05844473292709742,-0.44301572859833144,2.0130337439407042,-1.4881002803778154,-0.6330041248464883,-3.9557931150386776,-0.39823005283030044,-1.5349621808053024,-1.3671465304648072,-0.9573692455890788
1,0.3444633327591446,2.0294893095899518,-1.467921846196387,-1.917852863631193,-0.6515648996372426,2.0627599693132765,1.9596981321279454,-1.6542567339272074,1.7672205721226224,-0.31540966450312696,-1.8642966226518771,0.544035197440314,0.38008733517644855
1,0.7219529066595378,-0.16803236176479935,-0.20185714997761534,-1.090024160737361,1.6397604336555944,0.49628255057279813,-0.746709013189104,-1.9879728245620685,0.860691483065631,-0.5069352498787084,2.597627833174736,-0.1304346056188453,1.2800248361607718
1,0.3151018819450349,1.6586262363386672,-1.0746463046096644,-2.040467945735776,0.6095143955295437,5.558504717212736,0.33906011220235577,-0.3766779933741146,-2.964105504512423,-0.25067110009882526,-1.8956782393827116,-0.2835396369500275,-1.0068795799799701
1,0.5782864914473398,1.3539248382590576,-1.8364990449621226,-0.5287652907168244,0.548708706031153,1.5321130457013274,0.37758080131129146,-2.8871282046381856,-0.4013866013938461,-0.13334961154782896,1.254056112223369,-2.002031183965347,0.8516389638899708
1,-0.7016908714408654,0.48596010133589224,-3.1332796732941985,-0.05887228713554398,-0.6376468867006211,0.5267095708992245,2.2582311687512147,-0.4743629905950546,0.4338419536478724,-1.7267907049467714,-3.8867304094176425,1.0564090194892068,-0.28216754279948597
1,-0.5606840506116423,-1.9567731673561926,-2.605379148903755,0.3709105409065576,2.507655400146321,-2.1029096650959747,-1.6783003212642431,-0.6272466468871449,1.5062821332355951,-2.4398789874812796,1.8908049181886493,2.0865776367107425,0.4812594632967548
1,-2.335352765234481,2.0724269663365407,-0.7421481981011142,-2.3601141744972485,0.37380935389533465,4.882308838071932,1.4875107821666758,1.3250684121812235,-0.3063519266071498,-1.239286772632214,-2.37647704406144,1.4377428419745262,-0.4995289130068893
1,0.6876048201472785,1.1753016361962287,-1.4301984346827186,0.4723929333943351,1.312365292275151,1.521162025834955,1.521741740183077,-0.4542034090839638,-1.2384647009507221,0.6571733217900052,-3.376314651134453,-0.13868494281072158,-0.7650618212431851
1,2.0876575053654056,-1.9605517332412352,-2.6673610931753697,-1.7838320076978498,0.7694994543880515,3.581778201733815,-0.6834551864857115,0.8331954792566292,1.8395030372977763,-1.1415217820363628,0.6874882051067824,2.306600321949621,-0.3649900526779215
1,-0.32177264881759177,2.609664531586637,2.334030384131945,-0.24536657476566257,0.46839181992082896,-2.3615662735035214,1.297395947600206,-0.9957241526646484,2.042784273342229,0.5578060844545026,-0.5763840872246571,0.18829824323534647,1.1343523718239499
1,-1.0754250088267867,1.9328423823474732,2.2429030048146106,-0.308289146351172,0.4368612261249382,3.829573779939096,1.6534931720924286,0.40335257713706874,-1.9143737275853174,0.05420735911959187,-3.04415332345336,-1.0701741745013962,-1.0056911265477937
1,1.287585708939728,0.22525843355342762,0.15336352053761637,1.1416524994634973,1.8896156003396019,-1.5613482395382068,0.24860218438085913,1.8338965837926673,-0.1266151604565411,-0.30908069015025125,0.38438761543793115,-1.0711956199810562,0.25203255547749853
1,1.0825296465926435,-0.159694713618302,1.8219919312898634,0.3933862054437295,-0.5814047268382846,0.048552532108953814,-0.8766960737934185,0.9499354196827859,-3.0458840718266167,0.6548155609441143,-1.776358884079975,-1.0388391387055798,-0.7078722393519989
1,0.7613730621618275,-1.428063292959138,-1.9984460690365782,0.15775661223382517,-0.885934405397193,2.147756332083309,-1.379270272277794,0.3303066339804172,-0.8610799565936865,-0.14567724146711009,-1.5461085777289565,2.566993022459822,-1.6228000266561295
1,-0.26971930401663463,2.362175643798177,2.3050139541878307,1.815218289181008,0.6073000366361883,0.032363716459212225,0.965912022397862,0.9623431557567628,-5.220014933286491,1.3079139942386406,-3.0236966780257997,-1.8892045475427017,-1.0771934482794234
1,0.5982051797627438,-0.7711572939857113,-2.9890224939195758,-3.302048184131433,-0.17575934638798754,5.005835001683335,0.12785765519243655,-0.20981614757896716,4.986401777549336,-1.5041287370825314,-0.7129379921544406,3.0131984187263527,0.043015007402714224
1,0.32260253155822427,-2.0988501187190405,1.4943636448018087,1.6084521840441393,0.29236066577867476,-0.35097718999557964,-1.3936011250901048,-0.5864919631307333,-3.7515941502284034,1.3171273149899292,-1.4804072676023878,-0.9347338534526545,-1.9412137020562936
1,2.5537024004855295,-0.09090939307715147,1.941893963584125,0.1861127306483164,1.4533287387342466,2.806472016522103,-1.4275865856637635,1.2332298120261387,-0.48605978351644263,0.5749186773377231,-0.2157883236469142,0.012666270469460086,-1.2669946992558807
2,-0.015428724306144309,-1.416788420446181,0.7285787455041917,-1.4306487304077653,1.7281027810584884,1.0777769569002753,-1.6610879566660959,1.205924106554946,0.008726674961425158,-0.16952391989165963,3.278921878925971,-0.5254681506214685,0.5303227196003424
2,-0.4946432355212348,0.608098349992832,2.0551788736666414,-0.9493827284531856,-0.2378301079701331,2.959323069262617,1.5472092243760782,1.5443482008724865,-0.8043087379660742,0.1598728086604581,-2.9269888009091516,0.9340921923745206,-1.2596136554404846
2,1.1293898826854343,0.38998659855091183,-0.4944434373372876,2.3211551511986723,0.8889742935680919,-1.2101541310145931,2.164387765699332,-0.23896992586163332,-2.955657594520743,1.7343281908176413,-5.8279816564752345,-0.24798002995965898,-0.6501800051551766
2,1.2189340640701807,0.12741460587653528,1.0198306683152416,1.6168361901773796,1.6436006153027254,-4.964094739953799,0.21728656300084565,-1.529213635850802,1.4258619719759373,0.9725922686022923,3.428607323285853,-1.4742221507143798,1.877287874087528
2,2.2137899987802006,-0.2397110390068322,1.234273237884772,2.9273875035271306,1.4691439715642747,-3.886200155885425,0.47923694831776226,-0.12566220764322922,-3.524805760782509,1.3494016773146913,-0.48270091792079567,-1.2412754734168143,-0.5797495059490836
2,0.3407360767554142,1.8378221353528215,0.40859420594699053,0.5811028845419473,0.20606369088289397,-1.1448293879073674,-0.09300877212858084,0.7125524087860793,-5.613854951665547,0.8958468913357797,0.28823526504589725,-2.317121689570906,-1.1593249863107364
2,1.2662390329383744,-0.5600519791684233,-0.1473647499833157,1.5457904384048053,-0.8639114995386683,0.1960325917792191,-0.04634634364086534,-0.9033352836542189,-0.25546833586069406,0.3588802257317282,-0.871296377907918,-0.1837403154894947,-1.0208618730478005
2,-0.3115359584801138,-0.6671990659151553,0.898992328778864,0.6551224474683963,-2.6515152069416024,-3.0513078552104496,0.3307691041442281,-0.5192801587391302,3.0104633455549723,0.11684395699121045,3.229987920185002,0.8011498694669886,1.1533042249136143
2,1.195817444223552,0.2658270769476791,-0.03687511905626281,-0.16381205671005653,-1.5042077830288,-2.0628250928018965,0.535560247525231,-3.264990739067353,-0.48179817249405316,0.9418883347533916,1.6671344085357718,-3.090790278589101,2.2403069895088086
2,0.8094985516525112,-3.936016402128054,1.788757253993855,1.845836231630113,0.4700835479888887,-8.29350057681551,-1.7715885257488326,-4.534192910324564,0.332344641871853,1.9685549362451087,4.852372268374724,-3.2964804910466583,2.9382195533363165
2,0.5968326856847856,-1.5062506162024425,0.9104173967520149,1.5881275442263283,-0.980546358232778,-0.034774184755005426,-0.5828173131688844,0.6816077735865136,-2.7366933525605277,-0.8615083039526338,-0.9245144885752481,-0.6842017291549269,-0.3831805413493914
2,0.8157583998374247,-0.028528480414708946,-0.2514957700889478,-0.3825759954855044,0.3310028270323317,0.49581045804605217,0.26434731587490745,0.18394624952093763,1.135598917541494,0.859359056635947,-2.898653964285924,1.9935106547847574,-0.6911872584502227
2,-1.6588299134165334,0.9887866105258907,-0.3742249005233384,-0.13635018137288976,0.0525126098231979,-1.0036765798328464,0.8588345490068412,-1.7066422203342242,0.9005682506680744,0.5539358956736841,1.7187187417602383,0.7598123986702602,0.7872938354022284
2,-0.371009613542439,-2.000473064374469,-0.26838521446818797,1.7934776466532112,-2.8884026776816847,-3.239128413156902,-1.213209424649243,-0.6617923843102534,1.4592012574478341,0.10051283768624111,-0.03955957687988699,0.820970973595036,0.46210263280346997
2,0.9013347367609752,3.268681630505018,-2.114883612475096,-1.8941102389780462,0.879177997030773,0.888588851452812,1.1364453634411258,-2.0733822377057183,4.228691653977705,-0.6921127598437001,1.932683967648741,2.6527978493994557,1.2209341949441757
2,-2.925805696202672,-0.8726527558489556,-1.721526090733728,-1.3032647236300505,-0.25401442155721254,1.0590596543702335,-0.11972955267182335,-0.9270589011128972,4.806752053091523,-0.75845843247878,1.1353370967877852,3.223946258002976,0.8528818751277716
2,1.0736256968229576,-1.513147627284965,-1.2181663203918611,0.45729561997257717,-0.970927898426541,-1.2987355955226638,0.009040757438618104,1.9457403695302213,0.5026371776184579,0.23919814699970476,-0.4153681107759006,-0.7709484361604552,0.5516859685434601
2,-0.7971763291142057,-0.6023174329991486,0.2793833746710553,1.3399081148084857,0.575097552614359,-5.4532978993678745,0.3191172871455746,-0.8780844633009961,4.519494919952163,-0.8271723305587134,0.8836502082560977,0.5372387088332358,1.1225576787681077
2,2.1209204919241573,1.5656749839660309,0.04868365754145759,-0.07082724674957877,-1.518839603277927,1.0351605110823814,0.5834656569948077,0.4668487226131155,-0.2694452701575644,0.8309420023211385,-3.0259073423226384,0.42566766613452095,-0.39589318555491754
2,0.7367552868247852,0.562812455159842,-0.6307726780262563,-3.5647322020811516,-1.4611910145613516,5.874819092227876,1.131832221955248,0.33584813781688433,-1.2051103162893415,-1.7720410861619569,-3.7019163071855634,0.7081916576170898,-1.0233860417470844
2,0.4019593775738695,0.6349216009106128,2.4025959775521857,0.4226390019829758,0.6072143071459744,0.9614633191685206,0.10346875566007693,2.0626755003114345,-4.886707559954754,0.577485388066977,-0.698377159795071,-2.4928801761304578,-0.8096077891912588
2,1.456652329116756,-0.6608493709775393,1.8998221493455931,-1.5573086154539446,0.2686996981378023,3.744934140714562,-0.34057785871255375,0.3612079363541589,-2.1347277297696996,0.8962359038408483,-3.421547287053967,-1.923997397641963,-0.8934782513009607
2,-0.5697679685477863,1.390461201332598,-1.476407972065435,0.3636075298647306,-0.9965855158455327,-0.3339180243379176,0.6836778529568297,0.1472891679421409,1.703863951744405,-0.7699220937670731,0.4592605204791231,1.8078327582668157,-0.379850281031322
2,0.4668329484924883,1.9733877887055793,-1.0322793827940264,-0.2710950104677929,-0.16264341949821418,3.061651431379512,1.4998192689896084,1.6870732267104585,-3.5645117197471206,0.36116582002733294,-1.9222199430944291,-1.8996855527064307,-1.5650874091479974
2,0.7208649011342599,1.7493817441431718,0.9592265660520874,1.9520900430161097,-0.06367058347183499,-3.4663425358576543,1.8955501600196498,-1.4162859606748923,-0.5579440753042136,0.4182050347786353,0.5654094554570595,-1.6657011653511404,0.6805670846922243
2,1.247339690618639,1.265168321124761,0.020372223698754334,-1.380765369920243,0.9966050061655315,-3.6249398684455345,1.161053679229441,-4.745115196537849,9.04094299208441,-1.055967614082143,4.94164210504815,0.8292200568918844,4.41822582732945
2,-2.4853503975682627,0.6549802430543746,1.5319603626484766,0.4527927585907796,1.6088854836104456,-2.149683857328952,0.26133038221257227,0.43399698681296967,-3.7326845229243695,1.505141826608299,-1.9500429467444282,-1.5779846885087054,0.6099776125390888
2,0.3983188737896114,2.278967948963713,-1.5493915450565832,-0.37422319649474906,-0.26023311085327266,2.45073042430482,2.0415542137439764,-1.4438029972795419,-2.4880472835311402,-0.5014938415747181,-3.458897916311399,-1.4760544169530232,-0.5780341138857084
2,0.5098453860098267,-1.2230921193476176,-1.4249978339479494,0.20782309143115646,2.0847887045633593,2.3830682334001976,-0.4935602644446492,2.339049307380136,-3.9282195216480202,-1.0166369600626717,-3.6814907180009584,0.4940436953046558,-2.0889331365083184
2,1.0635632959070402,2.4219087001115107,0.9900709859772726,1.4924635138907578,0.5095637220305471,-0.8366552830743882,1.8423484580579776,2.219659570540935,0.2357450637630676,-0.2924076383359026,-2.6605206423418384,-0.6215059727953509,0.3406318952853793
2,0.5356188925601029,-0.05457265626655802,0.6828551156850974,0.5400294913817956,0.8612660734540086,-0.530232382723647,-1.2178598536741634,-2.1161902806852115,0.6619485078920736,0.2079615370075328,2.891079387812277,0.8302282497367176,0.5469388438580217
2,-1.857824185774427,-0.5826710402450282,-1.7048267219937108,-0.5683158482392862,-0.5598662810521975,-2.891166826458052,-0.5931103813957649,-2.9000540498304557,8.743769868780209,-2.022443343961448,3.048958488266181,3.4059102527115113,1.8512153216881522
2,1.3779057926066707,-2.408536310836146,-0.853116783143836,-3.5356013545443066,0.7114336021213264,4.847675307015041,-1.0380099331054315,-1.0312792870534933,-1.6854128414176492,-0.062798039572897,1.7944790281009138,-0.049160683577358553,0.4463046808335279
2,0.28807562123857644,-2.151998067458184,-0.4674732309725072,1.9168869996007942,1.22747728577822,-1.5568499073475928,-0.7130326234232853,2.4303085131034097,-2.277624709856945,0.5381370462010571,0.48355814432197186,-1.0258271226428703,-0.5696808969686269
2,0.41867014760719207,-3.3340245443179835,0.02878714585620251,0.41430641832264364,-0.6786537362372385,-5.228560859581109,-1.7515069682726194,-3.218431168877318,5.663300846515649,-0.36681544399563154,6.749575936783916,0.7014803934426003,2.5903610786054085
2,-0.4651687678421981,0.7706702637898294,0.6782790245292685,0.968140391998465,0.9966105798722237,0.298899127749337,0.584161685916822,-0.6407539744961676,-3.963470270228676,0.3826363999861078,-2.2294711598169026,-0.6650121035816449,-0.887284558617863
2,-0.4299068674859291,1.5523994708497775,0.3311828312496905,-1.6177148821012148,0.3072733836135501,7.443406015402462,0.1587784245309357,4.081803886720424,-3.9619166962479095,-0.41722872273192424,-2.9370449819866344,0.6955693968132453,-2.827574265899931
2,1.3108811809569512,1.2727559121703826,0.042420473206766875,0.2506126900250742,-0.11135753352233999,-1.5879229041000094,0.9471868863037608,-2.6320907147967145,-1.6615568476461489,1.1146848422533535,1.1042995503316138,-0.5235896159678664,0.17447079103111518
2,0.11681271521099247,0.08363549883319227,0.8941908706596315,2.1740953461681953,-0.28225860026801824,-5.260457436156942,1.1581446159742173,-1.2727619602924236,-2.153401033956951,1.0347091527756032,-2.354174947852565,-1.279672461828862,0.3563374759252261
2,-0.37112410552422515,0.6844688043639061,-2.3232601197346763,0.20649365348346105,0.34114354927007956,-1.1317083808791184,0.8237837910353436,-2.6388872674132866,4.492457152294244,-0.7110243455743646,0.916803931346808,1.661367404038276,1.1225750875447769
2,1.6740987421989924,0.12781788083514475,1.8885951864638666,1.3823753758239898,1.1719492314948845,-0.24960510077343728,0.10613569889647127,0.1652768219258787,-1.799966031366716,0.20293144879275332,-1.661888427632833,-1.5396853760956306,-0.9427105713357533
2,-0.3642680801221362,3.4783887608291533,2.746193898118776,-0.36489919919626046,-0.8085040555078569,-2.230075582530122,1.7669348528449254,-0.8286318461793994,0.29949699821755643,1.2037262656571204,-1.0553969935472651,-0.6269466243962133,1.1597385003647236
2,2.589759185917446,0.9277673179865612,-0.5165061959512428,-0.3203356462558013,0.4200542233405199,1.1314330408808888,0.1223232087971048,3.513968073017971,-3.7737423550161338,0.030342572842075793,-1.9588958728720562,-1.6262478854914413,-1.5477852755344033
2,-0.8317623757759329,0.5531495950838679,-0.3631278570920352,1.236942242997661,1.0133219428553737,-4.753257785862743,-0.4490548346396737,-3.0297032091012253,2.6461706069428006,-0.019270223319221697,2.7304851809500854,-0.8826553047074593,2.1923579362895866
2,-0.030979721713769896,2.3990902757298658,-1.0304519436043595,-0.6064414250861727,1.4958657096615169,0.5959554057051754,1.6991555352140904,3.6120583094679306,1.8344731041967652,-0.88679746856199,-3.0752675563676473,3.3949614897633857,-0.7413033137725276
2,-1.5379275509285466,1.9464420346485023,0.013321328472495743,0.059151357194077506,-1.635274948064455,1.5014513798927236,-0.7205632653471209,0.9684157393497153,-0.7415781316220583,-0.19847013082373982,0.5863150577902537,0.8741058613368724,-0.8981648020722436
2,-2.0435342764635607,-2.6887059813658545,-1.7039725316358174,-2.429391193786692,-0.9023080270226758,1.3524930254888718,-0.07211167746207477,-0.26111983466901506,5.083530678269587,-1.590782475432408,1.0074859885332546,2.345667501907373,0.8403001521861279
2,1.0194454336724668,0.9952286144246718,0.3203042201614911,-0.6711213277248982,-0.06151592031177685,3.6330060284795995,0.2700019243031099,1.7849247785778692,-3.4769957708581667,0.6135544256148424,-1.8983257764707309,-0.11569410361648001,-1.3122168590488343
2,0.7826518078784396,-1.4921573202187288,2.1622432384957015,0.7013131250783606,0.4036213817171622,-4.55206339167342,-1.2146497204305213,-3.62556835805789,0.7808118561212927,1.19794651881648,3.584060891349534,-2.464566718973697,1.9959248332211803
2,-2.4604506207490235,0.8434664280896755,-1.6080021913398543,1.0048057730212814,-1.5961959190194004,-1.91628117181754,0.07570985711471903,-1.026775355359908,1.756106231556169,-0.6744317176075117,0.5951296166163552,0.5284212232614464,1.0354599794735164
2,-0.7619418094838059,-0.8344252103292943,0.576138412303016,0.5602725389280605,-2.5904137156691984,0.061738086112161375,0.12462967621845861,0.8641531148708661,-1.3723688988971987,0.3931110987577682,1.3126508085255466,-0.005714654809946948,0.41641713387449064
2,-2.351519792490544,-0.9065139147260085,-1.2270143154438424,-1.1258494893158961,-1.5844481385247753,6.906675261516076,-0.7461093721986519,2.30490630631764,-2.4406546750837386,-1.0533583609937118,-3.4202315256011553,2.471155638861424,-2.5535965607326334
2,-1.7413377767856109,-1.0272508980676858,0.16580672970670013,-0.8746325046513128,-1.908029713487724,3.486122306230452,-0.5165536849164426,-0.43478692480955167,0.019205545026889818,0.28898662004645465,-0.5740648164527289,0.5955255205567903,0.05997320989900601
2,-0.05030905112163949,-0.021136326441682587,0.35024184242278045,-0.7692271535808556,-0.38330903686200213,2.128283828197643,0.39960090810797416,1.4188649917151004,-0.4207608731662422,-0.3139665347540968,-1.1618518101997386,0.8017991082818893,-0.9491918591042751
2,0.29063928641225584,-0.9441030725290223,-0.278914254134869,1.8621670767005318,-0.37303059513216363,-0.7249979330285669,-0.2672224086929201,0.6090857443872214,0.369302874481739,0.6318313805697743,-0.8714944757256919,1.0895816891819157,-1.087559573426404
2,-1.0183016016036346,-1.1086005435727262,-1.7887353584372307,-1.9482582581854355,-0.8760451222368121,2.789010779398083,-1.8863731620201067,2.075210753495234,0.3721221144763447,-1.3198594109508774,-0.1440317732494035,1.1054069010058107,-0.8394494674564255
2,2.128825949125616,-1.224780033244621,-0.9559399110465696,-0.8087748850349616,-1.578926572409112,-2.962548610139701,0.013341962205499432,-2.1610380275721948,7.953131593858984,-1.0363889957681385,4.976291800930359,2.777532202344744,2.6560715083961823
2,0.6749725494525763,2.3259769591810358,1.4110432193971563,1.40160502139208,0.012424573636145471,-1.6985815659405246,0.3646073021611303,0.3276198107424504,-1.4089264621540456,1.0722404512321893,-2.485792889100002,-1.1803748758984283,-0.10320301624713613
2,0.52082210638479,-0.8187021504812052,1.1524046864635036,0.7476183247278757,-0.6453956314783559,-2.587160131373158,-0.32415873107306015,2.2856879543248634,0.32695719951073754,-0.1931818822739093,-1.5812507988815778,0.48359326864740787,-0.05373168104644033
2,0.8101553423868973,1.0313924369049507,-0.29525053634870463,-0.0468775415219091,0.9021154986139431,-2.441781263919788,-0.8087987417099117,-1.0802212519656,-0.5079896346238503,-0.4415647649352085,3.3414178675830986,-0.4674211637672299,1.3293303573448711
2,0.7796976278220716,1.0460335649464307,-1.099524526240989,-2.5111004550216385,-1.566111805401581,7.120674036398405,-0.12134930787724321,2.2569837115431506,-1.411446687104049,-1.7315628104950564,-3.5081466336705858,2.7184057693747565,-2.4217083294227555
2,0.36438151820589,0.5614445033311463,-1.0060617704290784,-0.9070726304217865,-1.2046136463941237,1.6601522250294207,2.14706504693081,0.8726825605579323,-0.0968245575574753,0.18075155619054373,-4.316520365649656,-0.29453141802362914,-0.6141319300765993
2,-1.4114856029616878,2.2197667089171964,1.1425440506912126,1.179166571176537,1.2269048372641855,-0.6519315630677321,-1.1722885749422018,-1.4139597590170072,0.9615223960903023,0.8479752521485244,2.417087811073901,-1.9703784833135924,0.9001852757303306
2,-1.128852972007687,-0.6415633239478902,2.3770725298891993,2.4985598133236895,1.7165153909047388,-2.646014731053495,0.0773303885809412,2.6570300317186057,-5.581722172930418,2.781070316177027,-2.97906513198464,-2.475724543019351,-1.4891797932319446
2,0.7525537645966122,-0.05025403442264234,0.7299918795145727,1.0588676225080018,0.05955650327237491,-6.689329734808925,0.6792545332035186,-2.0107522470203683,1.1115680984792085,1.9308739910908679,4.062895894302778,-2.7277732177336387,2.7715553132384674
2,0.2216982141795739,0.15467307675477213,1.9250228107009235,3.698929515399977,-0.6718002978610269,-4.474184837752183,-0.7471124661524112,-0.4699298654626976,-3.9375034907188375,1.51246312135092,-1.0392485894054477,-1.640412525353709,-1.0250857855975264
2,-1.362737017977789,0.9542851001991219,-1.0623924524290558,-1.1744578008296978,0.6475365192252395,3.500540685290367,1.0196018405597478,-0.9148680239143412,0.14512428527006757,-1.2870368192555606,-2.402074533436487,0.5284092937365602,-0.7690243400815059
2,-0.14244930628159194,0.5220211360940721,0.5688826146761853,1.6086071603351657,-0.2960420415141282,-4.861186904746068,0.5669120432915572,-2.4953224081284375,0.7206046805839038,1.8826498465771149,2.1310957980507466,-2.5132141722351937,2.2998004052461423
2,2.4316166618934494,2.522711232564783,-0.14458961615927785,-0.1704821509634479,-1.2911412254732704,-1.0767953386108056,1.52703718705259,-2.6987093595624883,0.5744624955501325,-0.2519917951621498,2.4709600282939315,-0.4944673596248822,1.5212317484038451
2,-2.159231712773488,-0.09132540813081827,0.6288127495682654,-1.3173451841473265,-0.06139038955351378,7.062456773970005,0.006620880102044476,1.4228441120259456,-2.154295482532439,-0.023935433271285427,-0.5896484257053005,1.1097372746814476,-1.9638494403966067
2,-0.5615643365357619,1.24903619907077,-0.5883599891215352,-1.5725124374955974,-0.46949714954929767,2.892220104415699,0.33636121894666354,-0.24961174779753703,-0.8714558591439191,-1.1642678984771975,1.3485830901530218,0.35045811005403643,-0.7567957864486183
2,0.914337785159999,1.8867193241142446,0.42409983803497175,0.8425461072186105,-1.6596629526572746,0.4943086195318403,1.221700891749832,0.6777431315170734,0.04582170163363314,-0.32998098006786625,-3.7354296799422055,0.5371149553753237,-0.7954342743877386
2,-0.04861138365642728,-1.6816790900654541,2.3174162534794966,-0.20556471351808459,0.6194169994244554,6.629763584898466,-1.4249709382015088,3.02639908838768,-7.669002865433204,1.7764709429792973,-3.582761284906583,-0.8382950966875163,-2.82755162394658
2,-0.2666714071676745,2.077398654146342,-0.7056912389978081,-0.3529964641062097,-1.3219356341658235,-0.6399923087149382,2.275730074290037,-1.9313065537387377,5.567429572955376,-1.3534395802090613,-1.3781061077138372,2.4021036631984294,0.8629401820651579
2,-0.691662593854004,1.0239957466314622,-0.5734073166870629,1.7764209650551845,1.8386152541067142,-3.728589518513391,0.8116866837716863,-0.7851197390947445,1.686035573984708,0.11806213304416281,-0.04193705858697105,0.8956444483863225,0.06359062425162693
2,-0.6496099336554171,-0.6973067242658048,-0.15554480680920685,1.3996680822973953,-0.21896700312986778,-3.164413632936664,-0.04772850242545851,-0.5017972818923981,2.016459570648896,0.5676846631106921,0.3711667184712596,0.9410023302137495,0.7287912796894992
2,0.10421219336645042,-0.03516709596887215,-1.3771523424921006,-0.8962146633211162,0.5031658282034186,6.8162487774681635,-0.10254145582993114,1.77456071856444,-0.3762633452097035,-0.9237599590344079,-3.680146691027417,2.204636639017856,-2.177618161723997
2,2.4967301335374414,-0.884231325172815,1.5138627719468143,-1.6971283801465586,0.012085617457130033,0.9248332321392962,0.9509388965685667,-0.8084988124843665,-1.6106919828688773,-0.07911155570009035,-2.8892401768407385,-0.61909090747741,0.13489512104845075
2,0.09994014216712924,-3.2722435546280173,-0.5981300337911153,-1.695112463946037,-1.9308273907776812,1.5170625254686805,-0.29137535666798775,0.6106803541596366,-0.9114047786330932,-1.6636126555036432,1.1554735184651705,0.6435245665761891,-0.5401469064421602
2,0.6016148701696546,0.5184893488716281,2.3198176995197453,2.548380512079678,2.1349593632646884,-5.638779865028047,0.3629528106932648,-0.4674923808944212,0.0652983233859934,0.9067804926035057,1.4566176493346106,-0.21236999797976577,0.674376114213661
2,0.04029413667734066,-1.385643872618305,-0.6721094094077931,-1.1126615992907283,1.6215273912257706,-0.9842922839409277,0.7116210898045622,-0.6838437374364699,0.7684735599918969,-1.229756451228819,-0.3200220486824191,0.15057722508554797,0.935029205870245
2,1.3289489120848872,0.8295407632132124,2.2339291260630363,0.923233458387709,0.9311869272857562,1.9485648608726516,0.0882131529723732,1.2780814129797884,-3.257898944730175,0.7922780357409763,0.4014231688719578,-1.1466534449010852,-1.1172135405572332
2,-1.4919401056405397,-0.48856297563893536,-0.011768673569492646,0.8311220877968034,-2.478319552578403,-0.970933316371811,-2.587036305569203,0.6709426280154333,1.5031986602526455,0.4152834751157908,3.9591795378824064,0.8517524033276151,0.7259989295402084
2,-1.9022559600045792,-0.31673133371862183,-1.23744559693436,0.7006620146428842,1.5500162524694712,-0.6608938600272787,-0.5053837887937639,0.6029992295009943,-2.3880408237081316,0.06663868931735903,1.838608646129484,-2.1339052467243227,0.4107564377303001
2,-0.3086992142892232,1.428782247197247,1.0862281566643932,1.8455757824540915,-1.3701123189665385,0.9690967353130925,2.184514922506831,1.049818765284725,-1.7264312233839199,0.8398693247299883,-5.007763182176322,0.050329757660701455,-1.6680091864719109
2,0.8760738187941327,-1.0028921850445554,-2.3982267954520387,-1.046178225665653,-1.1460986937160609,0.10756216651400596,-1.3975332034331656,-1.5083483992058926,5.774835843535401,-2.2420055495469198,3.2844202871888455,3.4221476819500234,0.725284441467109
2,0.1384872548192985,-1.702060854650014,0.42942511257539395,1.1446818979936975,-1.198073563065234,0.9663788246933004,-0.9630903113813781,1.9896019877751514,-0.586592372184206,0.7414846218234987,0.024354125348668394,-0.3390054496771478,-1.2653955170542166
2,0.4487180278871236,0.8462193913040523,1.417122854458484,0.023489086608538164,0.04155532425594074,-1.3729170830970674,1.430569664265137,-1.7346869244027254,-0.4626960625416526,0.790668448215391,-1.4526567713876866,-0.888621463099336,0.49491134031269585
2,-1.5786846617917183,0.5709351802847674,-0.9251545078105176,-0.018830916167112285,1.1290750932557851,1.8249657415005425,0.2507996817955098,0.5946222680607886,-0.6747474331217231,-0.6080886170176035,-0.4286195874747466,0.6925748720236233,-0.8511355667049884
2,-0.1636314000706305,1.0135133053227656,2.745954792119199,1.3391322600348965,-0.6465047632244987,-2.2380014411910802,1.4282685143557616,-0.47136061385669986,-3.5671714307572335,0.5244721978149713,-1.5947142796145293,-2.183135359651912,-0.37756289457273007
2,0.07885232264677931,0.8200242335039905,2.8988168533528578,2.2525249652106365,1.0345565761788742,-3.637020266928731,-0.3732357034176991,1.154821865525731,-0.08913941400037032,0.7451644898396385,0.18367465651189402,0.3680168374484074,-0.13766097252021453
2,-1.780949001202311,-2.696358166283862,1.9039401321948046,1.6511126608655602,1.7761228413289052,-3.503443973922844,-1.462545623454111,1.1007680849950863,0.7221469822081614,0.597309080261416,1.0318466687990309,0.48908831134854774,0.398899716289148
2,-0.7337765249336299,1.0626351361144222,-0.12316380343062126,1.365086682338119,0.04010984589458497,-5.489820896465548,0.5660026489597572,-1.886897338212872,3.2657085308263074,0.8180323246424176,3.6027197503363055,-1.9578670084011673,2.8361280049625064
2,-0.08862955312717347,0.5598163080060063,-0.7468661265955872,-0.9859849623859857,1.2693353898337485,1.8122463819581627,-0.379358751421505,0.6673615358964572,-0.6174547039588706,-0.8074566127139367,0.6269580740640918,0.17529620851338742,-0.7797480059958528
2,0.39083740460284766,2.7814255054250556,-2.074790059013145,-2.807386536510663,-0.018883079172813608,6.55915294566617,0.42605365997672423,3.878659909002305,0.03822532427787501,-0.6384068174949576,-0.8831848591216758,1.84267048221374,-0.8370600790137873
2,0.4364653327660012,-1.1633914711045978,-1.1433261575745253,-1.7493391673394896,0.16279476171441795,1.6457790968009947,-0.891432136218201,0.9402986010282071,0.8132771815983146,-0.35191026179855756,-0.25982149002734983,0.01916263420410753,0.4513331636827313
2,-0.9573812736606504,1.7553269751323493,-0.35625427274659877,-0.6355964582894851,0.7008129616576823,4.346300529653254,1.6164736093934842,1.550971758941212,-2.2334179819721114,-0.6033564966701844,-7.327318373244307,2.132963401514073,-3.1397760685332368
2,0.9052336327525412,2.1356135702846317,-2.281381904526857,-0.8322655930128091,0.6106095672822547,-1.0298335026465077,3.4706516960757967,-2.1446275103624117,2.6565166949976673,0.08139969479898952,-3.049873785289248,-1.3629029789465272,2.1407866094523893
2,0.47111637578230475,1.954609456538451,1.705644078566808,2.1328279886566865,-0.09202102093785607,-8.576755855188775,2.6428098256434263,-2.5233466436061374,2.425032793756522,0.631130732191204,2.808891094918555,-1.9982427873137798,2.772854162223799
2,-0.768581892450936,2.243612428247566,-3.9175331194085987,-1.7545912987370427,1.6648575728874788,2.359583063777757,1.213884299216551,1.5661580873158032,2.6119007559160723,-2.3581959845565614,-0.8746930845944211,3.238406305832434,-1.013187678232051
