,0,1,2,3,4
1,-3.1423971062521554,-0.14986209700864,1.9527563375446055,-0.7694791092629653,6.036405834793625
1,-1.1027105835459161,0.10739881623753567,0.18954020119562487,0.1416503843046656,0.9662924564581102
1,-0.052329337852561456,0.08073848624409927,0.17616394953678424,0.07542256457505528,-0.3277491367912179
1,0.42304233275298775,1.1435523278410817,1.1095573332470343,-0.3855995282941497,-1.2021872614148257
1,2.569578341302196,-0.4387837399302755,-0.4729468527518741,0.15395145031359173,-2.375991304612386
1,-0.06296285909801042,-1.2672465514485316,0.3594803711223785,0.7915515107534237,0.13609868245950607
1,-1.0091908690325928,-0.21272867305742676,1.5344042223514383,-0.4910409775595463,3.0542323655606802
1,0.8767340274766801,-0.09884534725760119,-1.0137315626538952,0.8867917914384367,-1.52631319097994
1,-0.3145441000794814,-1.499061047718067,0.12444887244492372,1.0197882297549294,2.3045060040918424
1,-0.6851712849344873,2.070445909372002,-1.1782172869969894,0.48075202873411577,-1.3309893299527737
1,1.9705219719488998,0.3731000137673839,-1.61502584084942,-0.8823937910633719,-2.6233016988592275
1,1.592057108708091,0.8421330268863139,-0.9330867001800862,-0.9159734390583059,-2.6816499390085284
1,1.5422293977993247,1.6171430775385454,-1.7452484510708681,0.9870791716996503,-4.881096597151918
1,1.085939869936763,0.3310801292815431,0.3532493845519978,1.0166618846674482,-1.2791711770487626
1,-0.6104730036255925,1.3497983299446648,0.307170408371392,1.075794351760799,-0.2725208134298316
1,-2.3382419591616364,0.08089631759384291,2.5938758340275925,-0.42641208354718263,3.1875353725341644
1,4.433515554981831,-0.16147713219759968,-1.85579851688198,0.5350472483105971,-6.356313247102268
1,1.2247938086699774,0.30066643960972866,0.3148916611442374,-0.0035874153024333887,-1.8659158734420207
1,1.4542628763527192,-0.9989764903566658,-1.0937846778834919,1.162277567939876,1.4666543053420178
1,-5.462814473733553,-1.8690662942052776,2.1929350376951993,1.103178846813108,9.07874237036186
1,1.42904680429578,1.1506587279179248,-0.32065739381773095,0.6608191759583051,-3.813311727405008
1,2.416939286813117,-1.3954266379034372,-0.7075034705505151,0.32654911890750243,-1.8129010226744056
1,-2.0742865544255,-0.7663103961667173,-0.2396880159934382,-0.8718497870688765,5.27360483744889
1,2.9848787273817066,-1.1945519345192648,-0.5586990734520154,-0.5446646120946103,-0.42465843812060955
1,-2.07138312476764,-0.319870199294333,0.6241117117064953,-0.8399413999304793,2.6158507668989888
1,0.9347565704474937,0.09263620974747043,-1.2149075207027302,-0.13664162591949106,-1.050670970822144
1,1.2305584987637732,-0.9375634289018043,0.9029555502698208,0.04284591035242299,-1.3073295696885798
1,-0.854290061860618,-0.6448215033584268,0.9092859910340113,-0.36292598679249366,1.3746695650594114
1,-1.1219872226806964,-1.0186055166079393,0.8130019727793946,0.404899044811732,3.266877529453887
1,-1.5692091680525224,1.121113462022905,1.3072754077676683,1.2873980340740425,2.283622928405181
1,-0.7074687442278179,-2.1860814627078313,-0.8967839744557349,-0.08178188421096892,4.658309067479042
1,-1.8072588871613287,0.7505855132905308,1.29674340545795,-1.1016580945065577,2.610733152212143
1,1.85698682364788,0.3447015792577096,-1.4554398655787448,-1.091475096954838,-3.020123832114133
1,-2.7159128762852918,-1.836374622655886,1.734994769300069,0.2949578661788301,5.65924313801952
1,-4.150675920917137,0.28202800541092193,3.0984210614822856,-0.7098519430402752,6.008298887764136
1,-1.911580814027969,-0.8059873891533332,0.22175911650796326,1.334356282009677,3.9445371981679855
1,1.622319127347079,-0.15218785231827028,-1.4060912865369657,-0.9369341041050963,-2.7220807225871217
1,0.321087587059797,1.6547309209877006,-0.4510477651627194,-0.6055151383807982,-3.7101307975822366
1,1.283902535791114,0.09313974331816538,-0.5971862910155324,0.6552165048020385,-2.751787750983237
1,0.8931479799746199,1.3156245398931707,-0.47157493019760466,-1.6822182174470939,-3.306672608782325
1,-0.8203894548197397,-0.3915129028007402,0.21417744642794873,-0.6957353214455049,2.7418333921307365
1,0.9371495509455496,0.43625291231216046,-0.8934121787985708,0.3359491286107185,-0.9067388406186034
1,1.4135672781980477,-0.4096465331165592,-0.40271876280935803,-0.13085975907728772,-2.484862678285587
1,0.1933711295287111,0.5339967884641481,0.4324606135516626,-0.38260475984044895,-2.8657837516297056
1,-3.4932132236581808,-0.9518066914007821,3.263507854168073,-0.15935013752706048,7.23074312909274
1,-2.336844416554726,0.9163390352912514,0.04656268756930282,0.9125548214449735,0.4372622734860033
1,-2.2186395760993998,0.6760891538212013,-0.1932109675420483,0.4667504143883282,0.9749564657307235
1,-2.008660155463201,-0.5309681303347193,2.8749134893542205,0.9338846185640831,4.387894135899107
1,-1.4924683059957744,-1.2405861815940271,0.2571096998586614,0.40497104834679787,4.233496217731695
1,-0.623962204323038,-1.3123642284934307,0.6196716374662268,-0.42700849689778125,3.7366476017881687
1,-0.05853354453412407,-0.2941382576777016,-1.330800720158887,-1.6241273832636391,0.45009996990897155
1,-2.6512268104363983,0.5048166248963966,1.8226990569612318,0.9453540475696731,2.2723073082673455
1,-2.317346046720587,-0.7076360169456435,0.6190982382410535,-0.5333614251257607,3.764994214877515
1,0.6341163295951552,-0.8681420835157857,0.24961330582941896,0.06617528233512862,0.5336745639933851
1,-0.1037618993790595,0.9854165084400797,-0.16236611142470508,0.26841284419871664,0.018790681600186404
1,-0.7238315528861186,1.8312208640718535,0.6421177847627206,-0.3442209123197532,-0.4179412813502652
1,-1.1483407574838196,-0.2772737241041945,0.11757080537350574,0.3028782740476605,1.7988879282762567
1,1.3781003922368271,0.4137160644648943,-0.20142502440163582,-0.7131688841743716,-2.5399090490609444
1,2.0574911196016203,-1.206039553440311,-0.5801130455584922,0.4753869232954971,-0.2421273686792593
1,-0.27336019416422475,1.430807870253416,1.7860989008649488,-2.1482632800778543,-3.377208113437218
1,-1.1181716795277445,-0.8735667653431203,-0.11468537611621507,0.5155176307993816,2.417554730252157
1,2.651525982731701,0.411428588298007,-1.1275652504238634,0.025929776726345416,-5.495343164136287
1,-1.52599824134552,1.0424515579502027,1.2540796792696687,0.8243726656487308,0.3979779671060267
1,0.009969694504734561,-0.12022470308993363,-0.5754561186859086,-0.28964353046682195,-0.3218119320577637
1,5.1726810459884,-0.9426297042885138,-2.9844456429823047,-0.12406207287283098,-4.7710880330212335
1,1.2903957817188612,0.3644901701755059,0.1540205074905602,-0.3292959602390753,-1.4671709780071334
1,2.7627608551972846,-0.059675559441471016,-1.0840196810882583,-0.9683144123049093,-2.70945460157444
1,1.3610422273716183,-1.1012953412615492,-0.6093044232766134,-1.1410574103103217,-0.45316613011783
1,1.2716704736788706,0.8004359947801305,-0.8410208302126488,0.0004717989945503488,-2.634749828981094
1,-4.897117904781708,0.12539601300128844,2.0334244796476098,-1.5650101587213856,8.867508390222644
1,-1.4161421781347032,0.20941847366786992,0.5081444308253821,0.5025488052114547,1.6333957776152954
1,-0.6516909612998929,1.8285882216839537,0.8388391954950696,-0.09841269985314983,-1.7281100394561697
1,2.5530582521852416,0.9024173520313277,-1.287220845703936,0.3884670656906785,-4.231081708982553
1,-3.0705127161366685,-0.12366095203945454,0.935648561308313,-0.22357550830118209,3.3563718033113306
1,-1.6781483817194862,1.4474455214611461,1.1691455614171185,-0.7242235317191432,1.1725061745039285
1,-3.3139593233908955,-0.7365109310862141,2.9955885347739892,0.6481219447613861,4.614421800531669
1,-3.5002420770347147,1.1250930340216305,2.735118993587858,0.0065422236184940405,1.866185414966594
1,-1.9722142844983621,-0.9295809484092241,1.2184859316396581,0.3735754996705675,4.628279579097857
1,-0.6344284355108784,0.23931052311860435,1.1585347591535156,0.0832454995885742,-0.21405609062089714
1,0.8930230532676582,0.2903258430777563,0.3367356876598928,1.208215775267346,-3.1557591062429005
1,4.849046918883702,-0.0423082658879191,-1.665539554351452,-0.5240426414793711,-7.886353479728624
1,-1.97036011988717,-0.6499804999570812,-0.4010252322746586,0.9311066195138601,3.4425707076361203
1,-0.8089786661730366,0.00794735699307994,-0.8598982196714997,0.8164897093371081,1.5034467373750329
1,-0.3112772913688149,-0.8398786905425313,-0.8708276374896355,0.4807225021572584,1.0050011140508393
1,1.798463350238193,0.5050177403427558,-0.675513348856349,-1.6461418701887252,-2.8364937717249203
1,-3.0838533879195262,0.5928275818287907,1.7047467211343137,-0.6975448984007628,3.293160777121747
1,-0.4425900405789315,1.9985136889299255,-0.43307799663726165,0.340699713826588,-0.076156176394923
1,-1.5214567386000506,-0.14267497990416955,1.4244657392313766,-0.11245584781404572,3.4441679040179163
1,2.3088519093120032,-1.055456732732717,0.018199936623512665,0.525734664341595,-3.2460038601320442
1,0.2117435899208424,0.3883857278841402,0.4288059066907062,-0.1323054506537651,1.245858840441772
1,0.40285241001478256,1.5410097208285838,-0.5096184131637714,0.15282661288364094,-2.447640097065305
1,-0.08884888184615747,0.13838668492788914,0.4789631041116512,-0.2247910804908215,1.6487506097808884
1,0.8866536933092091,1.293771842219095,-1.0964900097893215,0.281500242278964,-3.8069721735089046
1,2.4640893120974874,1.7017913596949854,-1.3719855610078007,-1.4524250074800664,-6.458609001553493
1,-5.69750351274788,0.3130819689136735,3.224965072973625,-0.17852738197160573,9.038111580917345
1,2.924176386552161,1.5826731523492958,-0.2888249980495463,-0.13785027518937804,-6.976248207986988
1,3.884648513442379,0.07870392712448604,-2.2658957671741047,-0.4297383806968068,-2.8775830414101016
1,-0.4670447068455404,0.23891962187137616,0.3344444385436605,-0.001702453210936687,1.703840404057646
1,1.8400395212004823,-1.0388501073201073,-0.19553210643440833,0.1395206636636997,-2.0336969040749313
1,0.27855166533416614,-1.5088272548984891,1.020385288519457,0.3531014285433456,2.895540921650482
1,1.1358162631771223,2.4364018519102295,-0.5765637301985241,-0.6274779009200779,-3.9026101615843376
1,-1.4009137532876283,1.0850480636059694,-0.7247515330573001,0.3459760110669181,-0.49290692183310303
1,0.5574565069138747,0.4980477287314471,-0.23909866841078406,0.6800604420945376,-2.3701539070133784
1,0.9302087501332531,-0.5622493447487455,0.18566065326024028,-0.3502785792982652,1.7577691198574321
1,0.6554969672977755,-1.993365450987103,0.5499237744059302,-0.1676976739661293,2.3494571973164375
1,4.6677583228336,-0.26119234626657045,-1.868628501754649,-0.21430271598910516,-5.9183432818542565
1,4.126259316353581,1.0210161488601546,-0.7566933639901183,1.7434152926162467,-7.1708457784259
1,2.3735070106061094,1.068223901231815,-0.14107703954358292,0.22630613648095438,-5.115248414995228
1,-1.8444011421603452,-1.3522760786985568,1.2986033828332764,-0.3063069328567408,5.87486768776061
1,0.44041501941830585,-0.8121637841372735,0.6388296512052198,0.41538276373602584,1.3657126424877575
1,4.31802458890068,-1.211209863026681,-2.215417013440516,0.3169406639562931,-4.144322976562883
1,-1.4583556739163337,-0.06383705746596702,0.9124957874933844,0.3682552696877001,2.3249448457924577
1,-1.5957158523278603,-2.124182744505205,0.1801039730416501,0.4473700135218974,4.58345642017802
1,2.220434313183599,-0.9997388594655019,-1.6128946081406348,-0.014093199169995031,-3.3425161117383575
1,-2.5010576244296594,-0.3274765397767918,0.23244758396257378,1.0102597666063688,4.200247765138298
1,-0.16805350956037696,-1.5584077433288983,0.9531403254273743,-1.1762928241588884,1.3901183753359254
1,-1.4160985298032411,0.045330225718873574,0.27060164519679253,-0.8473952995742816,2.103970673838109
1,-2.6120344363575727,0.6785980941009074,0.9327479387431391,-0.4402691509457046,3.6217075879483196
1,1.3761449767208485,-0.6365689715521159,-0.5096069777748677,-0.4161621514226643,-2.2741787022464393
1,2.9154063057633937,-1.2741682935715726,-2.3751496585227674,-1.2459746726005867,-1.441524538893827
1,-2.4763710068114566,0.4885950423898484,0.5436823107335033,0.5447355328359744,2.1043999387711243
1,-4.202661959965072,2.435972357825184,2.362058045643412,-1.0500070753481305,2.57493961749175
1,-2.6856998835403045,-1.5957093505690318,0.8119207686713902,-0.8015220924210901,6.223808958631619
1,-0.9333998155341464,1.4033168163514762,-0.21880621374838014,0.7594842553604515,-0.9036246179509438
1,-0.5027053116896599,-1.750756991565344,0.5589883767454435,-1.4622220249337727,1.7853267411423153
1,-0.24575155708768326,1.269084071284643,-0.5359679561126792,-0.5339462385008267,-2.5325080553468844
1,-3.9625175691435244,-0.06379576423520333,2.3032600258088154,0.3691794713677219,7.733242008375084
1,-3.4302470735912904,0.36424623352545576,1.7584139251522224,0.018742960801856112,6.7749973003326005
1,3.5123730333640664,0.48029695262546657,-2.891396163932536,-1.5771957333153253,-6.4393257224738605
1,-0.8999741276052586,0.45443081920078854,0.408759558102861,0.7059653922938889,1.3819524145281825
1,2.4432299603990937,-1.3479879742046874,-2.417652403678584,-0.13140144122813197,-1.4144759494745205
1,1.6840726112272124,0.5426452977289193,0.14010914064546534,0.018946405545673402,-4.159153558984946
1,1.9154561136672246,0.33906632607136317,-1.0783348164899502,0.8320098943721171,-3.4028156860473127
1,-0.498882323198744,0.4063855430114142,-0.34717433130916264,1.7021582935590849,1.822676522499169
1,0.330972688270514,0.16494309338526436,-0.8609747768745706,-1.7944381161001133,-1.5621291915609914
1,2.440825509110698,-1.0162613463819101,-1.1866524798747284,-0.05355256875660933,-2.02244819347057
1,2.177736056095898,0.7442359318270267,-1.0078495217891883,-0.8973036467433658,-4.735511015999715
1,0.038677882329699154,0.57519725056919,0.048249349150820936,1.017581820977771,0.08857247708401769
1,-1.8766708843833613,-0.03715626021683516,1.8837127654118464,0.6522418902402743,4.681675623142683
1,-1.1230684757362432,0.16956394863487875,0.8065599874766289,-0.22408834749388595,1.3441812356226985
1,1.2204043802440703,2.66553980953757,-0.7135615889357344,1.7140576475520384,-5.373455927476016
1,-0.3396690447024232,-0.8665467385529658,-0.29736904435774636,-0.9790125419268513,2.755862729082528
1,-1.301521566936958,1.0307051887468717,0.1752648708099674,-0.6675611696155734,2.3086242124152148
1,3.2559011146832875,0.3907668465564067,-3.095809694672223,-0.22683921323140682,-7.44365214855934
1,-2.063533376996306,-1.0937101673128549,0.5638772286835285,-1.203787371539079,4.180198209367906
1,-3.550376465169643,0.6443176167029856,1.8426928566241263,-0.24833718024039292,4.340099134432692
1,2.2136028304049438,0.3195861155217954,-0.5829004077013874,0.2886450631557597,-4.77600463401703
1,0.21303402874931443,0.5576203483945588,-0.6675475009011536,-0.6852679675444796,0.08300058018012672
1,1.1786646433488,-1.0423668679012381,0.6922335781921494,-1.7577844908319409,-1.8908579331243476
1,-3.375295274824332,-0.7450957045936647,1.6910458804096373,0.3387779501067674,4.062473009912623
2,1.7092401855329158,-1.6223216778590932,-0.6659088806651612,-1.5333461188048843,-1.1793275457327672
2,0.19182432146040818,1.390073678639707,0.2869845682649967,2.131493395792996,-2.9878698633842355
2,-0.5284896732437461,-0.6990577046389199,1.0399504688284782,1.959417622737767,2.6274531011694306
2,-0.1569520267248222,1.2193282709319797,-0.5434884992370766,1.9352048444273382,-2.2231564387826643
2,-0.4064346429768838,0.5850850018510642,1.5535368803268694,-1.4697803767661275,-1.3207373950129613
2,1.7551109614347498,0.5941230700171795,-0.7527504364147262,1.4851477351414273,-3.887002896708965
2,1.097074712755253,-1.429396155812322,-1.13367188248335,0.5764686577482483,0.10322808996704333
2,1.0536626961491107,-0.9929040259016702,-0.8754179633783106,0.10318696642994823,-0.1986058477693073
2,2.5526485517784128,-1.7004025268666239,-1.6031116569604313,4.297990674750607,-0.9971782503047859
2,-3.1849973643186957,-0.037603541231060245,-0.3765347386664176,1.4945157775758962,5.311597965827944
2,1.1654186109049456,1.7815043320181234,-1.4373635053670937,1.267801379189175,-4.658046804701785
2,-0.663358147738936,-0.2724710665158222,1.2553009891537594,-4.1776597666803585,3.2514140552176403
2,2.688935453422559,-1.3111533392872832,-2.942835331160568,0.567081733560891,-1.7971590680906928
2,3.9721678514894205,0.3233679942581155,-1.9459890507293207,-3.515733594711642,-6.392129965962872
2,3.415524323971583,-0.6724252190274629,-0.9311563484596128,0.039654158592167595,-3.8554786440942457
2,-0.5080658749066114,0.4715122705581615,-0.043766819112410954,-6.11560540462879,1.8514986264478497
2,2.0716583246632405,0.5688486210529466,-1.5068714570396309,-1.7240189268553774,-3.075129517561403
2,2.80173279979605,-1.1957747711099453,-2.8526038907717846,2.169717137859032,-1.2824953549486273
2,-1.584799269543594,0.6253777163173476,1.1184211103476822,-1.1857494049084216,1.4169731718460046
2,0.9969537136282529,0.7957258826063422,0.1783433684919277,1.0164906720501026,-1.8069245484635355
2,0.292322757999686,-0.4958223412973427,-0.3610845853351644,1.4457266759519658,0.7707909379457163
2,1.1515496701904349,-1.652054708408266,0.03374794652266201,-0.8378053929953245,0.08627917889247896
2,1.9857724477431404,0.4995755398413754,-1.1497340797979252,-1.5064482571862958,-5.864302698740457
2,2.5935190457012265,0.10883273668569475,-1.5308920092272524,-4.87579950672856,-4.2885288003652065
2,1.064975457681688,-0.8579818204336542,-2.042043066781663,0.7753595253037698,1.0218326311323942
2,-0.2455362578574467,0.3324661106075603,-0.6831314653953425,-2.545607790235033,0.23913193411935801
2,-3.4101519665044346,-1.389061133827163,2.1655837874991715,1.5138858942870708,7.8610350655994035
2,2.3282642678870475,0.5081265952323489,-2.0860628771654133,3.542449745531165,-3.4700789598485957
2,-1.461572237380792,1.0993460546841043,1.5133415534052566,0.9436070821480016,-0.35657382140402055
2,-1.3098259431024564,0.6034745424453095,0.41771626010481944,0.4572184051655822,0.7500445502309978
2,1.9816905217673186,-0.6974196713711782,-1.9559882315466597,1.254456796160279,-1.9970776123011715
2,-1.8063630954972871,-0.4612272153163632,2.0587901913425264,-2.304266128573394,3.5067443869757056
2,-1.3419977540427959,0.06612223532580158,1.1861599631722344,1.221820245423936,3.1022386897502154
2,-1.5023943044019665,0.18473432943781296,0.7902516886167195,-0.504863937802208,3.0050905956394813
2,-3.113549787614708,-0.8762677930151088,3.483159588073338,0.21514256841072749,6.7965457647811975
2,-2.7459742898530513,-0.31050634977462893,2.410812497486307,-0.9587516386901183,4.2929016653867285
2,3.738057606614456,0.7597731590856661,-1.3698456649296231,-0.5498433432499324,-6.831216865552818
2,-2.0484722646631783,-1.4954199849377858,-0.08060230238129307,-0.727348412137938,5.309843808122346
2,1.3926626011182022,-0.6067477011028238,-0.06162684693132538,-1.8429788155415427,-2.0390826124134414
2,2.3413138597942296,-0.7819456320572951,-1.9401093393293871,-0.7087620884883651,-2.8299413755809693
2,0.3773123351237242,-0.5405918566925487,0.6676129706830878,-2.246312918529389,-2.0954177066963626
2,-0.7916154980071897,-0.39700327471235586,-0.5494109355147724,2.1317190791415674,0.9256207140013202
2,-4.734991620788453,0.8336562184874055,2.834467249313829,0.581149582602964,7.619122283935867
2,-3.4842693273712952,-0.1623762030515003,2.0076701239215633,-2.90155963501318,6.131612213529436
2,0.23461839846524002,-2.343407419703928,-1.2126978416057628,-0.5557697764124864,2.6775198600714565
2,-0.6613715585524124,0.5493217253950281,-0.6992502622449958,-1.6695629513901689,1.313222268103491
2,0.4207789403863181,-0.24030273771277055,0.5997998074099817,0.4514223819262625,-1.3473484747141722
2,-0.5983082693258519,-0.19516983744569438,0.6798468088015298,-0.8305125033531604,1.253721626848971
2,0.3208821416395685,-0.3822365766459442,0.8355487007104939,-1.4668575805978465,0.018354397567488724
2,-0.9163111524057684,1.0309545981496033,0.6339292042555404,-3.033082961794214,0.43283880337963504
2,-3.4881121985756565,-0.08576741459957099,2.4318343967139655,1.7617857489849493,6.346886081128962
2,-2.6560494052268844,-1.552217438864113,2.0402338555494697,1.6952634065304801,5.787740209794554
2,2.976083702812769,0.6474130508564461,-2.271213420087504,0.9396590468929745,-4.789846556412099
2,-0.4086446043462193,-0.3363804795416766,1.5967516007192946,-0.5869050553327254,1.117660917258331
2,1.311929688846569,-0.8909796531556512,-1.5753455377655161,3.0793639227501344,0.29491859069868
2,-0.789289300345235,-2.938695398581257,0.6098587289445802,3.232430893361846,4.638607967785721
2,0.21013244632813335,-0.16231970780653723,2.323461580876941,-1.2070827442430738,-1.0569603972415267
2,2.29362871246097,0.2649235820627268,-0.35302591715511394,1.919556018023973,-3.203366727144985
2,0.3393253721759952,0.18526235968269636,-0.3300467490603943,-2.0477596082523206,0.2184073765640401
2,-1.3196559759098152,-0.2612481845748113,0.6522221010083806,0.037975323969195285,3.4831259963026344
2,2.2288086181867763,0.15161259850882497,-1.018397628382177,-1.1299585041793312,-2.101527337536759
2,-0.3622914092121034,0.2643409135336057,-0.4528279991305676,3.398991534314396,2.2802974505824096
2,1.2643441388744083,1.4282785891487502,-0.41296376444701677,0.5133896238915265,-3.0611022971247515
2,-2.4775675035434737,-2.372381595718953,0.9262638971251081,-4.88640850281976,6.8275855153947305
2,0.31082756845918746,0.6853762296596415,0.8091632611315424,-0.5524479351853728,-0.8631316774637877
2,-0.30282077447895334,2.046430900817013,-1.215357814155536,-3.1189957149220304,-1.372761800145672
2,-2.2417071413930127,0.16495274014629357,1.1616744874392715,2.5500565913280147,1.3611749562243287
2,0.6656714916603936,1.5772460819442191,-2.492676143657342,4.853922314318074,-3.4265250693467606
2,1.3758763982156132,-1.972985684190376,0.14533787918730673,-1.8363852189419085,1.2683167568521971
2,2.8509663507578127,-0.1510412935480502,-1.260764510127626,-1.1942170821361553,-5.781120160003436
2,1.8264722658983885,-0.3294409236661753,-1.581716058638277,0.945856745897695,-3.1645407256873574
2,-1.6560670193877824,-1.9200045686577365,2.28415575423814,1.1727892201153658,5.221763683286257
2,-0.18411484770142136,-0.8319905529568786,-0.5343384743847994,-0.5527468114672008,2.331561981293431
2,-3.160292096256004,-1.1325855033402314,1.2123060700473964,-2.39462342506846,4.772679078307646
2,-3.494636732821747,0.009302937025228053,1.458921376040545,1.4799147674267052,6.333572303489327
2,-1.9418632984743567,-0.9293296544295753,1.170573588686065,-4.093016927052307,3.054961097410323
2,3.020117058722206,1.3044894109239231,-1.1922370435963665,-0.53750870868889,-6.0470520600642494
2,-2.020494453879257,0.13886058748916158,1.5442477170705207,-2.6097559498869933,2.6796435000001955
2,-0.6362111583217719,0.5026117234093305,0.15233730372584647,1.9832899791237706,-0.12602643475411546
2,1.1315334371690995,0.6141301633025545,-0.4585971716521527,-1.463865281372046,-2.1646393976712264
2,1.5417152553325364,0.3486772432280602,-0.7610692950074395,1.7070273144347723,-3.034888306706993
2,-0.5490094075244738,-0.7421700036674599,-0.4106478530748899,1.0292658422516299,2.60840674564149
2,-3.9370968261763815,0.9573596653526681,1.0634033269332204,-1.0351538148835866,3.4324833682166833
2,1.6778712096601012,-0.0718397436999508,-1.7359477950747373,1.2592148556497855,-2.5105915518170385
2,-2.6387470263856665,0.30342177902769374,1.246899588051481,-1.8834844241419555,4.172109559593323
2,2.0536183006138238,-0.5773452271380862,-0.6374552080690867,0.23485442703796214,-0.42728041912514214
2,3.34399823550333,0.5052923523642074,-0.7515514791794837,1.289960894932396,-5.504811085374078
2,1.932091710310281,0.10899989214496647,-1.9225540363350389,1.1436871729760436,-0.7695073225817638
2,1.6170922304242823,0.39233932375655817,-1.7802908254115188,-0.1311608082790734,-3.690490107644057
2,-0.057414204027097696,-0.015922713113818196,1.659810694300599,1.2818405048959525,-0.1274211062078967
2,2.58339944449481,-0.13866777379847847,-1.801539042682925,-2.1916413533601617,-4.145154441486993
2,-1.8794405659553417,0.18118743524158654,0.39909206159999305,2.27182104303337,3.4043018900086737
2,3.811375775216132,0.5606560275815388,-1.4754504056683975,1.0017456515836523,-6.925024290254686
2,0.10645343040534944,0.7896644139876707,1.5803494610394515,-0.9293119810322211,-0.6741103790277436
2,0.4317923974793644,-0.5574330775060155,-0.7629528824294504,4.137987579285119,0.15563419026015723
2,0.6225186526102139,-0.4129298698747006,-1.051977906661299,3.1030711314568253,-0.8982114024692253
2,1.0566150979353641,0.23578668434408306,-1.7064809595242167,0.2957178090695797,-1.2511146945192602
2,-1.626182798773559,-0.04653251690884752,0.4061428141939763,-0.6217909369801629,2.153528079371394
2,2.248584031075159,0.02862132863822664,-1.8198776931211331,0.24996924551052252,-3.8771187050131166
2,1.6680782881874463,0.9493285231016567,-1.5382324685789253,-0.0918688692622165,-3.1354498106250555
2,-1.8397212457734051,0.5158244899599579,1.4140825167964437,-1.2184574877896586,1.0990362579331436
2,-1.7636540096827955,-1.4550060358729127,2.5343015893299268,4.619130175548327,5.0071746508495005
2,2.832431207773385,0.1684603094644229,-1.602370406071284,-0.10269886308683569,-5.37275249743322
2,2.7954474249914947,2.2183971795405117,-1.7006546372950833,-1.3010994664668172,-6.948158403807902
2,-2.466532172466938,-0.21588887516774885,2.2264131389582724,-1.9179465918993592,2.726045376776658
2,-0.04876188911263141,-0.7266472599606066,-0.3149945669352307,0.6045821529414159,-0.36126596797472343
2,-2.317640128061888,-0.3600687083739867,1.6293644688156141,2.8425943878289384,4.869198158877427
2,-1.533067698294329,0.012849874502816896,1.0169194444472773,-0.6234363580742107,1.8794628933751334
2,0.6930395121293665,0.37778394268360865,-0.9620717790952762,-1.5972893444258855,-1.3849032707404503
2,1.1596254356615503,0.18397436314781793,-1.1561509611810112,-0.32038159064939886,-2.8573136527461074
2,2.305486389166287,0.4835249979678245,-0.7489198188814687,-0.052846973555946926,-4.547548313569961
2,-1.3173376856444436,-1.1313051652327308,1.328709443025792,-2.7047987788969836,3.795263241960026
2,1.156445855161211,0.37294159055432413,-1.5708517496441508,-1.760992372927986,-2.6366130777088563
2,0.1502227686484369,0.13575985791428302,0.2518660481696193,2.146882848128458,-1.5605637920807856
2,-1.8681274946041313,0.7650093475972694,1.4377731197344157,-3.8828444408661347,3.3873983992503964
2,-0.7524646371168243,0.1902585113878522,-0.37557761666468625,0.054721099071241695,0.8471265466583364
2,-1.9702658847742902,-0.3855074159499399,0.42885472672360314,1.1305330843417882,5.624586975550758
2,-1.6580522770188337,-0.1697638762795718,2.273695486620193,0.8928814083817266,2.1794062480933807
2,-0.09960750620176505,0.7066292852133923,-0.7223233406284476,2.6684121815539945,-0.6708357883146967
2,-1.7474361018409796,-1.2388094216760763,0.5654044770472261,-1.6948675776678053,4.090254013950694
2,-2.1158301624165934,1.124948399486665,1.1981199470416577,-0.3024975508282166,2.138737868586682
2,-1.140528433612875,-0.8926388736265947,1.721242582242754,-0.25377611977127573,2.590961575302157
2,0.23692170113908273,-0.15618179640077418,-1.0671169138161405,-2.760614312992092,1.6774880446594802
2,2.2572371632116313,-0.6764441165573436,-1.37157998757048,-0.6478349474713099,-1.8408580650777902
2,-2.1674751513711543,-0.1588817765726594,1.3217083322195267,1.3424935468794505,3.5877592301970007
2,2.876017061222931,-1.9398049913685298,-1.4278414279476364,0.7204557106198713,-2.2756045307079122
2,1.5681749922139951,-0.9891733229139966,-0.6255202039140668,-2.5553182313182474,-0.010903470175651978
2,-3.365986111684385,-1.4425159692131762,1.8709884371814567,-2.570564214403121,7.954582113055256
2,-3.102804697883368,0.6898269757531298,1.1584479415914657,-2.4143699998690566,1.835679221334814
2,1.2760944541118764,1.0132707829246745,0.5987335951355819,3.264497415359017,-4.209836707250293
2,-0.8794510954101703,-0.6381800821281958,1.2711085371733144,-2.2162482474717904,2.026044868249078
2,-2.4909066240651736,-1.505751399368092,1.5487926158933736,0.39091861468432765,5.98072173504266
2,1.4493382295889539,-0.19152329909870813,-0.05528467714879211,-2.4663866304634445,-0.5981680443598745
2,-0.7165418277898709,0.8779677441391698,0.7183125966362991,1.3795352959231715,-1.4818186251815408
2,2.831473254499084,0.8060722249529273,-1.5323050033078918,-0.2538574553924971,-2.3933397246314643
2,-0.5534419720105906,0.05530640597893685,0.06102173365968753,2.7092422463566055,0.5817174033331735
2,0.7654765046331333,-1.4389335016711566,0.27864920753390165,2.66671827940137,-0.5310378647956517
2,0.5335853166802276,0.37019701908198244,2.040794179475997,0.5335671471657654,-2.181239918983994
2,0.9199736600722894,-0.7052913408933933,-1.1949540833135388,-4.390978661332709,-1.1496946303847806
2,0.4949972615113753,0.8931129523459392,-0.9152916865236975,-2.5229698962638114,-3.404008132999273
2,-0.5068140845003669,-0.6339228843563351,-0.6061026762450252,-1.0518542762403253,1.3740261612545548
2,1.0608987936273198,-0.19759864097830304,-0.2232869555859063,-1.4363522492856158,0.080183325119915
2,2.318826516837923,1.4736152311208275,-1.5888417576542244,2.2436942886121742,-4.318358694102765
2,-2.0995222699175113,-1.017364293865661,2.0469342245242403,2.1388774924031217,3.8172141175705727
2,-5.206476937524867,1.555834243258967,2.8224857184281142,0.40677563004667056,4.9709966276232915
2,0.468256493210341,-0.4585781301942027,-0.7606986444094803,0.8473522064340867,1.5036702453754978
2,-3.3188137758999687,-0.12740246933684915,2.251013503807319,-1.5771196049605944,4.423732251867473
2,-2.53092238047177,0.7091519108639048,1.2960256498883498,2.346468159806466,2.2266922419793276
2,3.495885701145085,0.9637484542176064,-1.876900950307644,0.08636193245998687,-7.50030005850676
2,0.3352477766301353,-0.499272519432082,1.3567892287118895,2.5263303108281905,0.5272215650335946
2,2.6038114890549138,-0.19281404694626303,3.7906028679948434,-0.21738176628048972,-3.905197000362331
2,1.4680778242664672,0.07645256677142635,-0.6913584338209843,0.4506759073429021,-2.6218458680562757
2,-3.116124284804769,0.44063645422123543,-3.327468345567303,-0.5820093778154882,3.2173549442477887
2,1.1921982761490568,-1.102890732161759,-1.4415155616044888,0.7469403177987207,-2.0395180195494267
2,1.7179657021276942,0.9271752697481367,3.134409010304147,-0.43135509231881414,-4.401794866798783
2,-2.2499760526654518,0.2519862645746025,-2.8943165660610926,0.0063588091756674545,1.7834975515037375
2,2.043762678508722,1.6855381220899956,3.2645220951704252,0.44279846810623297,-6.041112310328826
2,-0.8216722866937507,0.3266837058297837,-0.6645942611777,0.06624220360168222,0.42268404961651274
2,1.8379314187107063,-1.0616279303200038,4.085769291309131,0.17290161614179186,-2.200653884571592
2,2.546496979437868,0.32059809171930403,1.7349367371206856,-0.2203191833488652,-5.504448598376666
2,-0.8689306104029073,0.19782382152581013,-1.2143696671461988,-1.3159869507653212,1.1011322162776875
2,2.510881548273278,-2.607044469519341,1.3579664424818343,0.1547725235565016,-0.673524875756895
2,-0.3432874267027866,-0.7487058473379213,1.703579808388967,-1.0806215648970392,1.6187762452062635
2,-1.0933318481081207,2.0221456052119406,-2.1544085651955305,-1.4765034685851712,1.2755817988049416
2,2.328012925443373,-2.0970082862011497,2.203406310474757,-0.4901605966917372,-2.122182663789424
2,0.8978304076937329,-0.5769121592715302,0.7190147963069403,-0.11435758083368514,-0.3526338365093485
2,0.1967746234369116,-0.2586555391743959,-0.1749281314617554,0.7215201001704412,1.5704416747207735
2,2.577979727949445,-0.7341260745364957,2.881540159053682,0.6399590448877219,-1.225690555115344
2,0.27863075733583514,0.3098043876868644,-0.6278367123707518,-0.27901282818874357,0.10089022928637488
2,1.66490942626752,0.7463582237007151,-0.2806476224862994,-1.727428076809232,-2.990586397629423
2,4.5018448430657365,-1.763961700844106,3.357813365113939,-0.4557266032929915,-4.5341930143019
2,1.9591349523908146,0.8397353360854599,3.1123641181506256,-0.6192465179918305,-4.560663500591373
2,-1.4274195995399437,1.1803794032291908,-2.5167392730618423,0.43091386883243793,0.6990147730941273
2,1.4439963581436308,1.8788666246865404,2.513475128426502,0.23409471492199957,-3.859664153296768
2,-0.6043829895966013,1.4835770306504885,1.2715016708735447,-0.5268095967172705,-2.2231120047182795
2,-0.40265033812542433,1.8246892908483745,0.3009748028688517,0.005300047114532668,-2.7602792359578383
2,0.4297702197379122,1.128691294226338,-0.5775212077933278,1.7400449253740358,-2.7076796342677687
2,-0.3814087730249204,1.6460629985460007,0.007915246008198547,1.0260474203911214,-3.1472129429836304
2,-1.778197825584994,0.7304072319637314,-2.7680945277771296,-1.5990810675712737,1.2824912620128095
2,1.4316094456044526,-0.014604941260293772,2.4824799181401187,0.1749849481270443,-2.1565997134722767
2,-2.500987652039275,-0.8208607478405404,-3.6291042347484614,0.5584711306395311,5.153250664727223
2,1.345926550495231,1.1992834255407638,2.4819978239321427,0.6428929520562717,-4.151081563765296
2,1.3905435391819783,1.0644753716081914,1.361972030585804,1.2127746953993517,-3.2861969067089456
2,2.3398567752212536,0.8752232106443992,2.099805471565004,-1.5030711021984475,-4.654208907200598
2,1.1681219178358937,-1.369633023323451,0.9653367895204366,0.37257015907245067,-1.0791299929457718
2,-0.215613946929348,-0.5747431077642827,-1.3259009249448939,-0.7184602827708536,0.6481022487676209
2,-2.552847789520707,2.302286968482403,-1.503165253120193,0.2892937485874601,0.22123303687015397
2,0.04256583626993546,0.6707484768201543,-0.12372630161134246,0.21031699491958172,-1.1886472946425788
2,-1.7095444246324838,-0.5181193267836719,-1.41899910934893,1.2639024783299955,3.3388793704385824
2,-0.6369998853903072,0.706979147992798,0.7908363017202948,-0.8618344766518521,0.06853531989972816
2,-0.12907749158013954,-1.6611676843037462,1.216878289123546,0.5866649672463191,3.453637494805657
2,-0.18230758848696652,0.580155928497056,0.3207066567390454,0.6056938237731005,0.31613569628252564
2,-2.319203682469152,0.39911077136549056,-3.1752058627270774,0.3650984911319258,1.06040811669722
2,2.0864163941499845,-0.9914116177135611,2.8943110196008335,-0.7167724295003309,-1.8084242570141278
2,3.141285211608042,-3.353454087681503,4.761184094283987,-0.5792591948074142,1.569805237168635
2,1.065926180322511,-1.414202906783607,1.687986389389487,0.3619546424022207,2.9015645563637182
2,0.5982334102739656,0.31408741736698254,-1.627755602728047,1.1909474860370237,-0.7399749132292662
2,2.2805983585100886,-0.6892136396014309,1.7423618292917895,-0.6161520245352331,-0.9318949803512174
2,-0.5311711689263188,-1.0659509267418057,1.31522824560554,0.5664454691892219,1.7605534207343914
2,1.248063371518135,0.5377645970331233,0.0902376457086517,0.31980725531923704,-4.482427484744118
2,-0.83601025914888,0.2189688430495687,-1.9973535193040548,-0.08790046125021801,-0.7534075899384516
2,0.14466131495852835,-0.19076064407984838,0.8091537034353266,0.8070995255838425,-0.21545448900391617
2,-1.286011728582228,-0.6935487040831435,-2.1835975748439744,0.2723282973974225,1.6504187649098498
2,1.425514123927635,0.049996344146932215,2.7446922331141965,-0.932704966603585,-0.6635896239316066
2,1.5878973363544888,0.04194480539757306,1.7703902804669316,-0.29206938227836415,-2.7959920195558787
2,1.2183332853310505,1.1468982660542435,-1.5076255582935219,0.943323096574769,-2.8942449621700326
2,0.3036322841425123,0.5987188232962255,1.6800804672518692,-0.36323875183214144,-0.9058641290820421
2,-1.320943158135609,0.7871271057446165,-0.3110313367835626,-0.12460814619664293,0.5356459831402698
2,-1.5102748873947571,0.5278648983560391,-1.3802167986914764,-0.8956949356260293,3.4388922911285484
2,-0.2778182601594674,-0.8318750516205256,1.1149408489338832,0.02546100325911244,0.4026747140020313
2,0.20270381531177709,-0.8785477809107958,-0.1195921226103319,0.07867156138221001,1.315817337217805
2,-0.8234281490593597,0.6694912855373505,-1.6683276598699566,-0.4513200373696812,-0.816744272177649
2,1.1151323099649184,-0.22787340232977338,0.8410866397056914,-0.440108566176704,-0.5028494251189756
2,0.2950881597647343,-0.43864419991413045,-0.8656775735808785,-1.6241622142897665,0.5573581986683929
2,-0.04403050247314588,-0.6501705198045759,-1.486995862097076,1.0105291544476949,1.9196797721690744
2,1.1251232186707187,0.001803917078146547,0.393082576362633,0.8101214870011357,-2.1220911968222698
2,2.325993405036183,-1.7733714576914834,0.2528860708508246,-0.3605109561411514,-1.5092925942483468
2,3.713630322920886,-0.8988256511896386,1.5911555674261777,1.2299604402883806,-2.7599741549004415
2,1.3494756278868534,1.1277171514327737,2.5461635482805707,1.9524177425541525,-3.9241399066170555
2,-1.7781368895241634,0.06880562025749137,-2.98253703675358,-0.7455903035845588,0.2626530678411908
2,-1.788763170460009,-1.495910372688836,-3.269911997320412,0.22583034943170413,7.077648832145599
2,1.3850307591023403,-1.9129449348303973,3.1202129075886353,-0.11629435741357345,0.7086145953318365
2,-0.28121881437895097,0.3672044762746338,0.1977200679639218,-0.7548396570416567,-0.23618924190262855
2,-1.7326084614747226,-1.0786764970392988,-2.400455165352226,0.5256452379068096,5.116244369252795
2,0.06776936559884739,1.1672964928686547,-0.14723645170367716,0.16829333992045725,-1.600427281883415
2,3.9910354060362243,-0.8168012753105751,6.518989657903021,-0.3003455524600521,-3.863510595619829
2,2.439304528986618,-0.8584760619592532,1.9826889689508367,0.2734244961727883,-0.7962352606632872
2,1.868076615526357,-0.28106604021344617,2.9080808461063143,1.9539659072743734,-0.8849150089033997
2,1.995781248341485,-0.6300084285418428,2.5726442282266127,1.027362959909489,-2.062466329091417
2,-0.07654012549423389,-0.6515137921430593,2.121432770126681,-0.003925550335667149,2.5944613939054317
2,1.1737560766638968,-0.0030225172032983805,2.0719339450759557,1.779859021516242,-0.22034901358990133
2,0.3213096572350676,-0.5017385958052114,-1.8841541768692447,1.0264825140865732,-0.5911660714715178
2,0.6911055050508921,-0.9097571323978564,-0.918751795608846,-0.20162922406019235,-0.24728025917982877
2,0.1409094574094556,-0.6618354491593577,-1.5944810530155065,0.3124577082571093,2.659851497207399
2,-0.5771357216673374,-1.4316271985727635,-0.21161640316543848,0.45285637765732545,3.0164233771522904
2,0.309347864050489,0.34042489602615605,1.1754287536043693,0.4815685320686765,-1.0825619311014694
2,-0.12592312429971478,2.0337028644970614,-1.5256963239747274,-0.152032376483577,-4.2672318388039026
2,-1.1228625883333647,-0.1755929524892304,-0.333401963535918,-1.1206100508472017,1.5229374209542559
2,2.920553042877474,1.354500876834737,3.397550585882002,1.6438530256177049,-7.06777007485886
2,-0.032987355556365935,-0.3885531723365121,-0.892583062789688,0.10306490805754927,0.6922159868531504
2,0.017823519860413917,-0.9100302098851523,1.7773255231154594,1.4868945819842165,2.021733261103006
2,0.2906369810554705,1.5093742747423844,0.08696212663455374,-0.05066747583457034,-3.1885638713846594
2,0.4704753605324962,1.4489085546438218,-0.22344693268385418,-0.39060566705628225,-2.697516179740175
2,-0.5067916085523931,-0.038310419970647214,-1.2016107333781663,2.0769915637462466,0.4715095747823962
2,-2.0810749371792254,1.3333340120503387,-4.555510428673008,0.04129003271775579,1.9084969126010953
2,-0.4016925438378671,-2.193613099984624,-0.42484245672750304,0.008874907482089653,3.8902263398974863
2,-0.4058160867252077,1.7105065045236318,-3.45599446602957,-0.292698541437828,-3.3520068046033638
2,0.6110616846184608,0.542368831321961,-0.6770892946096614,1.990890067698678,-2.4045020589240047
2,-1.6342636088355746,0.9861014050934842,-0.8508594598932253,0.6704476684789997,0.6188996160212462
2,0.7357807103378836,0.6398516966868445,-0.05120522815917344,-1.6898170644708668,-3.166106468442683
2,-0.7046163301901055,0.6245446864356341,-0.44691272261078757,-0.0006031467152196794,-0.08145473779228095
2,1.5496483462826984,0.4075884298815201,0.6247755577227971,0.24133108851302923,-4.431255877386758
2,3.373280850215744,-0.22088877879905294,3.3589237350623393,0.4757103531047044,-5.5128254285347715
2,-1.5115055804369533,-1.041729563436897,-0.36001476316992354,-1.6321260340423112,5.8642333612462325
2,-2.469970583668946,-0.016573246549259846,-4.615557177837057,-0.9545393330727967,4.874126958940398
2,0.6086232035639805,-0.4579379043307821,0.6833759572265439,0.21283150783015695,-1.573358825305099
2,-3.721547658325585,0.340236421989784,-3.991886633443679,-1.3443343420923757,5.368718603937876
2,-2.2210334046743774,-0.067053911459872,-1.0991762492125403,-0.9481096116389367,3.0292722481740877
2,-0.7556920126129414,1.5564316507279732,-1.1065199758975075,-2.0227643359568726,-2.9046290013589817
2,1.692099879386651,0.9635404899026943,-0.7453342222639404,-0.6879478055258615,-3.4730380245072983
2,-0.9596733052568789,0.5394212012245924,-1.026353338548533,0.7988472203789599,0.12507223146637128
2,-1.638643179107798,0.8049523008168304,-0.272331558522789,0.34452510799112523,2.876435304013412
2,-1.757472967642514,0.14842612831938162,-1.902655757681328,-1.0250886815423417,0.43325761987732286
2,-1.692044880882442,0.11374661574637487,-1.5139849748043581,0.723321170679902,1.9523763243507533
2,2.4428292558026286,0.9950319855678817,1.6251160717995208,0.9339653859414028,-5.392714618230885
2,-1.475613270874729,0.7019211145959663,-1.3336993996213529,0.2576095984846027,1.9934084908357836
2,1.2208624786051518,-0.5777246573945565,1.4092401830929562,0.29958596100653756,-1.4934512457053248
2,-2.0631988719275376,1.8296879648476094,-1.623659229825484,-1.1153957476294347,0.14031618402866333
2,-0.29215091954149797,-0.3042261469574591,-3.1104746732938175,-1.2588427771018436,1.064375589375155
2,-0.9788350263405144,-1.5378226289698622,-1.80536503764338,0.6699677334414329,4.817368618044876
2,-1.1869441880578566,0.3178579701210407,-2.290018623379967,1.0084127122028756,1.4090063665387513
2,0.6338287080266123,0.5639182566741334,0.9854918771675101,-0.335758958125048,-0.41837897250144374
2,-1.8890279253493747,-0.2523402737964724,-2.278841526647342,0.0759752990457793,2.459436762402167
2,-1.296755625828355,-0.4950977193123307,-3.4079814085676907,-0.013543348765629147,2.01053471671198
2,1.049094476125139,-1.899857218591517,0.44362626709329295,0.2686812414773689,-1.5976281712113365
2,-2.586149522145784,-0.7341750496658211,-1.5063659357019663,0.8231996601164435,3.871103029370881
2,-1.3264042544310024,-1.3755004183202073,-2.586126640018766,-2.144074806377954,4.407951256630685
2,-0.48334089094929356,1.722912673925509,0.18628992082044848,-1.0828008580663633,-2.162318188501617
2,-0.39071652957583697,0.31685865900101634,-2.28642883727889,0.5250866342889605,0.8099344156999443
2,-0.7619718081185719,-1.4227541149041032,0.48509989248561514,-0.2540986425653121,4.616163600081465
2,1.5102353651653453,-0.6769705078875722,0.3032951488711098,0.4943894412007709,-1.2474235688281172
2,1.0655170231354811,0.10425381685495089,-0.1375324809953476,-0.7103389498962134,-1.2606977288650287
2,-0.2584709455757389,0.2813011815277239,0.3050767716556251,-1.0266542618471093,1.103259354253414
2,1.0562763036760405,0.5694084642646492,-1.0636445886613406,1.2108937660151944,-2.5411310968623244
2,0.9804371567202207,0.41307511960867344,-1.216579489548594,0.03341608926768463,-3.937056396094647
2,0.5498308266531251,-1.3668646758850043,1.12799131763772,0.4223262622401397,1.5847535597826992
2,-0.3878983876102361,-1.2340975694668443,1.1405228739985658,0.2201562429697647,4.042540219533722
2,2.2521493110611006,-0.3921700387538203,0.5633880042894459,-0.41640350280676985,-4.107801100637235
2,1.2790382755435712,1.9630624038098075,1.7433165135700452,0.7756154455179005,-4.882359091132652
2,-0.06309262977641245,0.7226503300204258,-0.6193042055885057,-0.7234494125797777,-1.7659869709683422
2,0.234208932848343,1.8236649407021024,3.162631334456978,-0.9133317448265462,-2.8937627087966447
2,-0.029461401441592094,-0.8379110645941021,0.37733151493288425,0.5234369400310684,-0.30687021959964
2,-0.6515810151689827,0.7588335621564964,0.5095455192311601,1.0347740062107247,-0.17099950718209134
2,0.586513227461691,-2.1096315422783216,-0.8913925614783427,0.2279803981360819,2.233103519715623
2,0.6138257015067439,-0.024044650955722002,1.4291410089703729,0.5138000155326459,-2.5913747964080676
2,-1.3036246952895783,-1.5115368112701713,-1.2239672244036695,0.8676326446108459,4.418076867710245
2,-1.0427827979841442,0.9603905674569989,-0.7830328426306635,-0.7133365516494098,-0.7017476511221742
2,2.537484051624794,-1.5876566988977743,3.283427457804598,0.04483627201985605,-1.8797036184769829
2,0.13586945349568524,-0.41594112115706294,-1.098886202257554,-0.005928979008333946,0.8664068048228181
2,-1.5491919786801904,-0.6998920106813022,-0.07531113375410263,-1.1539833394080177,3.9889137165425623
