,0,1,2,3,4,5,6,7,8,9
1,-103.14374091163464,-3.4611904294994353,11.659189571073304,15.155080633228497,43.58022734786483,-25.588956478498304,-0.6686023658206003,6.694391608087266,2.474148975832908,5.8698264515656
1,-100.3955752828781,0.3075361044254409,11.459238558898074,0.297429502215508,44.851244398095425,-33.44273609415295,0.5801313058882563,10.175012235282885,1.9543664634248363,5.84182803388998
1,13.807803216822709,1.2424368253356495,-0.2532700946492872,-2.3497642423025957,-5.299924002022861,3.0457694053530444,0.06753098034058541,-1.0175200411412064,-0.28400188374461194,-0.004354034339427652
1,20.20424380698781,-0.9690619438584452,-6.526377900348232,-12.812547551767494,-11.33456450812397,6.165463267076302,-0.39940917421509253,0.09195806064546291,-2.1386559273185624,-2.5512298224468353
1,-45.48659720121858,1.535761626048766,6.072773871902093,-4.421060059501934,22.205390589598387,-18.375009440413262,0.452934881240595,5.939780384836596,0.9796995156180197,3.014761662229519
1,-69.90472978220083,-0.7781566187318278,6.883055630945116,3.20707080574594,30.016303926682326,-19.48954893232326,-0.15327847622355062,5.933333064303984,1.0817004739841964,3.835544785210877
1,20.116035206836806,-4.772309144960717,0.1224741538521036,28.093521011588397,-12.75386314786839,17.836902602914783,-2.523705223656376,-7.478594519134516,0.5518742601464512,-0.17690989294280904
1,9.934595752376941,2.659860963206329,-0.2542273530438475,-9.239898472205228,-1.710857200049713,-1.8394561645544207,1.0917440155781242,1.3471923825074223,-0.3534238715407967,-0.5194361792935209
1,60.216773627649616,3.668088362427691,-6.4227910360864495,-16.34170743104316,-23.310507049311767,12.278634032051947,1.6590736335159442,-2.45550884968876,-0.6927617170189725,-3.411535505748354
1,-13.165301153103242,-2.182206085620231,0.17788138566141426,5.137022663871904,3.487257136352154,-1.4038078237365106,-1.0914507346803088,-0.036199337716982,-0.484799697299964,0.2192558582725182
1,-17.95595978966742,1.9523705624367496,1.1175892785452899,-10.643707053695673,8.997976686795319,-10.023090239678519,0.9156122013559158,4.354423980046429,-0.19162237484152728,0.4252526808703391
1,-30.954796988249075,1.3080689497992866,4.093225147999008,-5.745000312146763,15.326615403434205,-13.970561419828297,0.8442369537139318,4.338985946393957,0.8012836705150017,2.470465176840835
1,-30.52055150503851,-3.352907824223086,4.133538123003913,18.870258965458948,10.68797347739746,-1.822805565355758,-1.1795514513565994,-1.4999436576942777,0.8595681890549594,2.138112926400345
1,-3.500777266349606,0.27626500647510993,-1.7267920080844392,-7.265628778093942,2.0785959322286853,-3.0150136945286317,0.94735864760926,2.1126694142677667,-0.2983341467598837,-0.46834206267864925
1,-2.711081050324491,2.6680719151447336,0.9581267901571288,-8.408968112375028,4.952876694544644,-3.595126534457884,2.1150824657069416,1.919240673115708,0.7353385093546083,-0.20156585585346187
1,68.2444381484935,-1.638409221861194,-9.70285122821473,-1.3943398614505995,-32.162736738288636,21.925724788273815,-0.7754359630694884,-6.5174919858311755,-1.460614615783406,-4.437903914803317
1,-18.23801768538837,0.4583957456328245,4.527569527589262,5.126035073121516,8.705028479955486,-6.748244926323514,-0.5693830698836948,0.5115113508839576,0.8961869236567082,2.3304102485413587
1,-16.229859672671864,-2.053965582093882,6.040092210037106,23.428895577431412,6.949616729629481,1.0391476216844986,-1.7992550310222604,-2.615198779668458,1.5691148344717545,2.1285831345084913
1,-22.71706354117659,0.6864565241850267,4.068232883731584,2.510132159733679,11.002441791823058,-8.525272991437886,0.14729364372161732,2.0105315068982113,0.9841537829679204,1.66480794614085
1,-7.09185143146369,0.10274656592162298,-3.3542209140240424,-15.164620323156132,1.2699913178422624,-4.135129368999434,0.7258859914031723,2.9564836934899352,-1.1941057194992495,-1.1007348373298766
1,-32.33950792054649,-3.382829813519976,5.1218581787471775,22.53058549578585,11.642588644927152,-0.6054836418822905,-0.5155158617376487,-1.89084381292007,1.3507630115100495,2.218708499720979
1,51.02140220685905,1.3248454196027213,-7.10238033823199,-9.86844700015795,-22.250446337071455,12.918236619360583,0.11813396152383238,-3.0868724967686854,-1.5798144626238897,-3.638301888819215
1,-39.68266451988891,-0.7554658611261531,3.797080179780201,3.558083766387126,16.66943425981466,-11.396163850544896,-0.05806344454252507,2.799428242208462,0.7250202660299411,2.503123532379903
1,47.5129760485116,-2.792790774117637,-4.5642237633567255,14.857106170030256,-23.316689959423094,21.543345510292404,-1.3404166810822316,-7.948080966915774,-0.26197722659600364,-2.1793610882411207
1,-16.07267124392492,-2.260225345816908,0.47383969373372736,5.606152507332175,5.047809293260181,-0.1461546559665563,-0.4144289636806851,0.3811544013094117,0.33426290298599787,0.5979771725454139
1,13.314366432475104,-3.43243586506,-1.112984761249536,16.602720396087964,-8.901560533986576,12.615705388926648,-1.5299738761872776,-5.309097808294611,0.20580686674056226,-0.016092214874989914
1,32.209229789297524,1.0566653822766916,-3.8302813197384524,-7.174621399112241,-12.643391979566205,6.597550175929278,-0.28227331966771224,-0.867445670645612,-0.34065730133132593,-1.0762959330401893
1,-31.572168462822013,0.36733130209649034,2.8881704985148633,-4.288038690696516,13.54508778433358,-13.629326119621098,0.09353702144123646,4.189847481600856,-0.47902815931232456,1.4721372808949973
1,-38.18429734349108,0.5356415655654402,3.39380305627676,-3.5922759208466233,17.15717792295951,-12.684451305290382,0.6939005589418734,4.340710582199753,1.0434339357222655,2.422271325935361
1,37.167678854988566,-1.84294632704117,-3.504506173915233,10.486160058207037,-17.74165097929247,14.26529366036845,-1.2268682115511829,-5.231142815704705,-0.3881191352360349,-1.7329178887851353
1,-45.52584410224927,3.2731153792096364,6.922613704403366,-8.355496222424144,22.91260155045461,-19.72515414483827,1.5373639455999015,6.226636341309465,1.0578748479312177,2.986521537721607
1,-31.86417665789661,0.4611286520326314,1.9609968647251248,-7.263559720976754,14.364604615066403,-11.790081207243546,1.2709979165133314,4.424692261042454,0.4157837489826407,1.1070427683248032
1,10.536921549677501,-0.35475024644294767,-3.0614734697835484,-3.7266735065151484,-5.240629458011809,6.1478036257115996,0.7766621936983488,-0.9593914585073552,-0.5102176718712441,-2.2734723179010317
1,10.03418933938394,4.80552451524,1.115265753505654,-15.4243386432899,0.3914581800174453,-5.285241766278665,1.853213157497205,2.313550849591727,0.3580607569032937,0.41628272263097094
1,4.415779028354003,1.477752311030642,-4.065603917388579,-18.637237297902505,-1.6474819893988992,-2.8446268849028113,1.411209826427435,2.4161000543999265,-0.803436620345486,-1.6087003012720142
1,45.474232114377024,-2.81990693713955,-5.6735458217165355,11.174844489401366,-23.907322485097787,21.267634883808086,-1.6466686324249298,-6.809514725892721,-1.0365076435495721,-2.8106032761236333
1,66.4890591589306,-4.060932796724749,-10.527907240153699,4.645149232923757,-33.86564565254215,24.873596500637653,-0.894669575796842,-8.010689335340519,-1.6023952807498132,-4.475178115821729
1,-75.32703839104786,0.4335973527518311,7.7233050326022425,-3.6005506520344217,32.66397299878372,-23.389689854679144,0.48238478562650366,7.433575830067554,1.1100496628751624,3.594708570406096
1,56.208492545687,-6.892313419396466,-8.892243686009822,21.859479759471363,-32.09363958435357,31.43001200415222,-2.5494223465673236,-10.269984637119563,-1.667186231308706,-4.424089423089534
1,-70.42443295126344,-5.108168487150564,6.184950377280793,22.160706822424554,25.788169280903695,-8.468693006141597,-1.1735780004057195,1.9516903704563286,0.9537049819777816,2.6618290292303386
1,11.001501957654895,-4.066436350730505,-1.0409936443002592,20.908020198877868,-9.262920703427216,11.25372127996309,-2.3364385406986674,-5.3392928361666465,-0.18671204338040928,-0.3933747800943348
1,-22.11143025650862,-1.5964899640474977,2.5426373397555335,8.185375410196261,6.783108491413425,-2.416694869562076,-0.9929169815596958,0.1654578313011483,0.1557645134982828,0.9403142825224148
1,-62.282455536975,-1.0774747332330916,8.854913630926134,12.724795134137384,26.140068066729985,-13.694313591319585,-0.4228344532155435,3.1766837018608007,1.1999933188814293,3.656061215789433
1,-18.380413361636666,-3.0137990254819607,1.8579095882566328,12.92045933420527,7.244902747912906,2.3551500414391975,-0.4825525435220249,-1.6373566114812679,1.1217102214328027,1.431189296344449
1,-6.895820023454997,4.053883325160509,1.9867199473147419,-12.487851744010479,7.178638535197565,-7.773903765016941,1.3219916538218983,4.189751005370425,0.19201837629930724,0.47026305177971367
1,-26.806895948966588,1.6331023674194698,2.908450344873975,-9.74175157995609,13.915999703138827,-14.52038212109313,0.826097844028659,4.144730454429718,1.327240818967882,2.595300252493776
1,50.50929476886152,-1.1489268428329142,-6.859623877274435,0.4904293874068343,-24.39554856882472,17.48560693372581,-0.6546428402565662,-5.090203972190773,-1.4056080882731345,-3.2652307984077487
1,0.7828596074477997,4.4996701805405115,3.2774784099629954,-9.1024358328842,3.4535477364498064,-4.682899038984473,1.2324310634670135,1.8961120295199918,-0.29856228967111664,0.28110372248903964
1,23.303577967689048,-1.810097225767779,-4.5136572655826495,1.8430212248962137,-12.431195378509939,9.325473668243609,-0.2618224055798225,-3.5998696208726177,-0.9397448202028038,-1.957468666627289
1,20.87341348444762,-1.7518756813865546,-0.5473760878209117,14.188596606128746,-9.727333494117085,7.8328306904128295,-1.0149832901269886,-4.281329336334182,0.2364605683815407,0.0589995093503249
2,-10.24443311167221,-7.298602425418982,-0.30917650680829845,27.478424745572244,-2.4270419071070912,14.864280829187324,-2.5432673658375315,-5.723555095153922,-0.4847951443178,-0.5257885907702605
2,19.64846192401596,1.6036284837564199,2.7479700445135946,7.837958291832411,-6.106924711370584,3.2210997215777075,-0.6707621860575641,-2.400898667603071,0.4768869607564977,0.9188781791291124
2,1.4575108852696212,1.5517159063355297,0.20520364000851177,-6.299504436291527,1.5874851680898385,-2.2904914767858098,0.5171568418071889,1.1056372190105601,0.6526610288684912,0.1637019639582002
2,17.025200482683648,-3.4068170495954284,-2.181477563250241,16.043482235831785,-10.507481135985024,13.336033497911925,-1.4758003518569602,-5.222084798658532,-0.2765624059334527,-1.1066330979060282
2,17.312168592771503,-2.677436234821803,-4.188877039720873,7.029798213450728,-11.559425253583969,12.777927100735836,-0.0816295892737337,-3.9080158899359874,-1.1073556154641302,-2.0803520128338127
2,60.85171102437477,-2.5581761736286572,-9.511861511841891,2.193283933395776,-29.505069542198676,22.315586315220486,-0.6438466768543134,-6.969982010276395,-0.9350465839484856,-4.221028452047883
2,-9.672749972855032,-0.794419073210397,1.7606681647882114,4.843467839278805,5.548959183300935,-3.290265323249831,-0.7739768142593417,-0.0024267757607803605,1.037941848202859,1.3453270650190963
2,57.824335882824606,4.337896181109012,-5.3472230800376,-18.08214250790773,-21.625582353090298,9.381943879335767,1.074353209906286,-1.9670039631055771,-0.9988126998140939,-3.073142779400292
2,-18.474017362298557,-6.028980549462525,-1.807145306634752,16.513822419563635,1.033308497813622,5.876727713904044,-1.9785745934472787,-2.5603471861056475,-0.2904171304870656,0.07440509127574599
2,-31.782027722882802,0.23207350739440002,2.9452637308640406,-2.674552961744213,13.988876861884794,-9.91080137651987,0.5770259540112948,3.891163852583764,0.4864572044298944,1.7509114935059547
2,5.685840361284346,4.140238981052307,-0.13759128787689495,-16.87487958256525,1.829730523541458,-9.536934558595235,1.4357002394241447,4.062247976443018,-0.03030117821004996,0.41470170209839996
2,57.254774682117414,2.8214859423973744,-8.251912857367353,-21.949416367200865,-22.623314858761496,9.615281454943315,1.2115548828729137,-1.3061389893923436,-1.510119568574675,-3.5874552526372585
2,8.644412147786676,2.5956278938000383,-3.2001798807620347,-20.467282776323394,-2.5379876642188286,-3.704777009826125,1.7824021038912754,3.0694488435010463,-1.1372016518038819,-1.260794298988555
2,2.324003980122149,-0.1157888523725497,1.3702302444332508,3.2940494722785596,-0.47583164087424945,-1.4028467405659262,-0.6852178316461098,0.025696520155505397,-0.24298060983588507,0.07194754213381606
2,9.041533528187273,-1.4258905075714732,-3.3570670079370495,-0.1480817081639071,-6.655012899744579,10.255387406953055,-0.49016787829278263,-1.8810888616574193,-1.1907428451751876,-2.2325408785246394
2,-3.94591583433986,-2.3668853124979283,-1.0687739855288174,7.332180216415669,-1.8189822313489798,3.7671465007301954,-0.6822051612568121,-1.4176568947576405,-0.803613221698319,-0.21898222290268946
2,-108.79362768370437,-2.770788490856177,10.45183029987282,9.694967045487308,45.03327618954051,-26.171178532663077,0.5092218504478052,7.832073971507268,1.6809371245598157,4.896297807743706
2,-32.72916948412146,-4.739122903140293,0.6442978470048556,13.260887197752526,8.766097653546293,1.3325871690944584,-0.8999718966392801,-1.0898618104257136,-0.012244752223393496,0.16836661595352603
2,-2.8450212125623926,3.6309217175506543,-3.1407563900330917,-26.842023509860915,3.759190441978979,-8.596541967879968,2.4085749476713736,5.705840060500753,-0.9410825613213132,-1.2237516494119978
2,-31.85498520721815,-0.9246629385786339,2.5371860749167974,1.6449635322244298,13.575485333099644,-10.69634279344625,0.30493779568692825,3.041950715528451,0.34759478572565994,1.7533473034944558
2,15.237828641825077,-1.855305155582742,-1.9625749115859341,9.227391449461098,-10.17244130012846,14.343752266826636,-0.49685565640152574,-4.624129141653843,-1.6336972609808114,-1.5771712319427986
2,21.379863143785645,0.25439292907179156,-1.9302498504384515,1.658295011455937,-9.905692729814543,5.375977442379505,0.07555333735841281,-2.1550835830005024,-0.11886860424846689,-0.25155491881613223
2,-5.24635319264879,1.7883603463899325,5.174269976640068,5.648954253542683,3.672953584503319,-4.205315134072699,-1.065277560326943,0.1455958150792719,0.398917509181524,2.144627634941056
2,64.04691982739246,2.930506715588337,-4.88454356237422,-8.248015843687318,-24.557696318297268,14.02386236074754,-0.33981655789189974,-3.417379121030308,-0.6563800874115079,-2.291161212809639
2,27.985488910425612,6.169165996850892,-1.0334128413501547,-22.757055398902303,-5.679009651091694,-5.3285102962987585,2.244168841444611,2.736525878969,0.26746008390503095,-0.3649321876668932
2,-2.142723477464611,4.810486053804557,-1.3345592648343032,-28.72459350900879,5.46570607481446,-12.84683071361302,2.0492247846610656,6.370038985736126,-0.6228108242462042,-0.07692094635707444
2,5.08536381650733,-4.922266588724244,-4.395315423377166,12.068565961977255,-7.131314591755697,9.710537602897212,-1.2065566364826201,-3.327870541224722,-1.2300933981717188,-1.5474811356847749
2,2.4665891163410674,0.1138448975530455,-1.4790987189242506,-6.475735244634164,-0.8704647028637396,-3.4999558434406546,0.2690991118291041,1.0669434121413335,-0.2682116261017234,-0.2720379660775973
2,-2.1643417516092587,-1.338933259772007,-0.9526789309511525,2.1268890044539237,-1.5841584457728553,0.876361023874615,-0.08208250423178762,-0.4337454329942084,-0.5196123361825662,-0.8387918296998789
2,36.431305615777475,-2.5818284770077122,-3.4638084172281713,12.904905327302039,-18.06152556853457,16.915863977549698,-0.7632167823405652,-7.080034035242963,0.04546786657068726,-1.4758784865243353
2,-47.603501096918286,-3.1512343650046004,7.23766663599041,22.394660294780948,19.173826195076337,-6.437135133381509,-1.6928919006403145,0.00769536908084302,1.4191315930399198,3.0649274864034965
2,16.78108876970984,2.465412355603628,0.878773552719844,-4.765088743078688,-4.269174651465548,-1.803216806564581,-0.40025149623968315,0.45493523169353006,0.5547308147422582,0.9066226891770492
2,28.14605788741213,-3.5154459208311097,-5.480975342811253,6.880339424367714,-15.503273002548863,12.497503502087948,-0.8134615808800739,-4.669893416706454,-1.0000256895030102,-2.131504319660518
2,-45.41190196454434,1.5225496137458208,6.491782357565547,-1.1647616557330072,22.451107565613842,-16.67543406074514,0.017528286940235616,5.355094836225814,1.2333420457695656,3.0730638390514504
2,-3.440040492314319,3.5449029608929923,-2.3533157221459495,-26.022132318628724,3.8523610754208106,-6.38918130193681,2.2293062929322134,4.798025229960392,-0.8048400073369131,-1.1428115397767398
2,-46.19132169736433,-1.9388219333977683,4.247890546778304,3.5225568695065186,18.73211261781654,-12.502896204863797,-0.4130273532846263,3.048921396481902,0.5661351957755779,2.524452176920735
2,-54.51521132998667,6.40219469260827,12.475934189825864,-8.738863551613067,31.38533261968259,-32.164351939249464,1.1248685719504403,8.885785594007663,2.023443156965188,5.996782261011938
2,-4.443682525000344,1.7662406645255702,2.6801786470471223,-1.4197519743984184,5.010412792644056,-8.043992656254735,0.06426879434573596,1.2081651637747792,1.1935099873347284,1.8403021828349273
2,34.53172043164118,2.8108077114577465,1.9946245820379658,7.092307753320135,-11.248896349549614,10.189984788824646,-0.2834337202033427,-4.065637668425976,1.1526251884842436,0.07832306649838597
2,-64.99949853953376,-0.7143843103340224,12.339091684968281,21.03232320619117,29.558136885565062,-17.371006651943766,-1.4906320673850533,2.249456258085148,2.523463804220175,5.766299439174571
2,20.539542544155225,3.553072179535437,-1.712208135479593,-16.675235673833743,-4.517372516102661,-4.0966445689011355,1.2262400963528919,2.0462945846016334,0.20304651231448007,-0.5374379249709609
2,29.767939178740427,2.121784037460288,-1.8500411844064852,-6.603355098781538,-10.999196737708248,4.655835281685054,0.6410633291169658,-1.1869487948570234,0.058724325566331455,-0.8848078903391674
2,25.721694382829412,0.2544300789998285,-2.278544663463266,0.533609355151998,-10.131555469619505,6.596692240117571,-0.23553606149785222,-2.2764946216555875,0.15225396846010897,-0.6452604346102827
2,17.65284138496212,0.34149305275475444,2.150467765284999,10.972610233974088,-5.858680532138808,2.7452185312549835,-0.9973214815408427,-2.4777177302931452,1.372904438878125,1.255529796454293
2,31.638149825984094,-0.7869916637320236,-1.462066404143609,8.67058064615239,-15.081996634705343,10.068875926683694,-1.3712552328888499,-4.3518392296578625,-0.24566698322724473,-0.5440716048625437
2,-91.22946528260564,-1.5457271227772726,6.233994978705045,-4.331827739291305,38.724792857612535,-26.57894799831921,1.3509444970907794,9.428374974148019,0.8798685073045028,3.0104039788635966
2,24.753967801519497,1.5245592798489287,-2.832229381873391,-6.388386970719899,-9.613649256585116,5.213741921285056,0.7265422318481232,-1.070466192509325,-0.6011870625935494,-1.4990800924470369
2,-40.837996504155484,-3.409599609329009,2.9735787400484814,13.38800959893788,14.87111500107752,-3.127538783691495,-0.2017839308119935,0.15144283352932109,0.8956485312026875,1.4067899462334144
2,-56.509451683693385,-1.2449977073892944,5.672157686426138,1.906115916416078,23.83286111176061,-14.788165985987401,-0.3105211149271637,4.6828058941295705,0.023058813517896404,2.1581980304814685
2,3.044959373387985,2.856522402263333,-2.4332266603751154,-19.87699557859245,0.9941442791207726,-6.00636772022705,1.6131706928432552,3.352174116120429,-0.4513338626613726,-0.5367891166052741
2,-21.363553451372425,1.9137960241702432,0.7906253881455247,-13.382533304213895,10.077510311703122,-14.196963457131389,1.107623392429743,4.835161127965577,1.9887295946499872,0.7551739407976518
2,-19.004087137706854,-0.8306256480552012,1.4908067125082667,0.12942983953315096,8.364421979772917,-5.484814279247458,0.15222541328960948,2.0012374851259462,-3.137175241395638,0.7007989833876224
2,50.152896548437695,-2.28804691035041,-4.183551915731314,11.502071414397832,-21.92354223168436,13.363964880985895,-0.8296948191223181,-6.399532077448497,-2.4120060424151295,-1.0988655712677853
2,31.56369153541908,-1.1634899501270635,-4.03361020268297,4.310037624890498,-15.215515650543015,11.198608746104528,-0.13272898086221185,-4.035929264556245,0.4464912525828587,-1.1908015184837648
2,-10.082728799714522,5.543178925482569,-0.216262782340293,-29.372279486774453,8.671310727677087,-14.933818935986286,2.231618251573044,7.146372298961218,1.7835060298103675,0.8531854681385446
2,-0.6807034483106851,2.049741555279231,-0.8031591367617726,-11.514712092878424,2.7172151102065696,-0.7453464831036093,2.1124634290464384,1.9423911048824225,-1.7837455267678304,-0.6126649594875168
2,-9.777947855220997,-0.7580676855725106,1.1507252478842,3.4323806771693524,5.020852315387953,-1.772999009471518,-0.15091317536504723,0.541280608189785,-3.4769410318080056,0.4253150404946509
2,0.30724510918185777,1.8745164632709181,-0.6840675883022704,-11.334134061930317,1.9846036867964574,-5.798938394614721,0.8622556963977736,2.2212191536435784,-3.186543145955812,0.10451405147271678
2,-52.257265155024655,4.896050520845144,6.0216242006607095,-20.766160725764895,26.109771091944847,-25.448149441616714,1.7836817740883422,9.920060776465432,2.272742367069549,2.3152092233446693
2,1.0034586950681315,0.7845745476285111,-0.9975116624961005,-4.619620879397628,1.5570550116916866,1.2389984459115584,0.9566074502909275,0.01279758084406667,-2.1064178512855554,-0.7605636793321895
2,66.26178106973136,12.55681375814368,-3.633786086186837,-46.78207430128941,-14.560559585930458,-5.191006568844324,4.852330691963897,4.681547873024398,-2.060541445019801,-2.1812599211590413
2,18.01732099938511,-3.4009012484732466,-2.9290183256456794,14.405028331788786,-9.992677794120175,9.995311299921395,-1.0288604713353937,-4.767448680128383,-2.6688233409753215,-0.701164135753103
2,-11.717818230687385,-2.5126557088106325,0.2956125396421706,9.092903521847246,2.5431692712161538,-3.1906444065578716,-0.7137353294430955,-0.4195429849982057,-0.5125988904718289,0.8784618930886455
2,-32.16915796053752,-3.1383229752994133,1.7950530304867607,8.300894831381044,9.359270487163439,-0.9713623496163861,-0.7682824460665061,0.9778224478692082,4.678303984576684,0.319998658326153
2,55.44841892658609,4.200084563635287,-4.950077178298809,-15.817182253232014,-18.142758592070727,7.761251482583634,1.988089707430344,-1.6034698435953565,-3.8133304156287986,-2.4511939308546586
2,26.47440578605158,-1.7197708325326184,-2.486134786397683,6.316923040293094,-11.235678877388116,10.739367793161986,-0.8956475631647597,-3.4286264652529743,-2.4043294204169556,-0.6305040073193786
2,-6.5996629053504945,-6.834715809361469,-2.1375194332616743,24.969899685255573,-3.5769329772373704,12.270278371362803,-1.4589602575743916,-5.522397315030649,0.824905448143181,-0.7045431725258062
2,40.39922913631177,-3.6395167943654685,-4.5278875578568405,15.957609601049514,-19.77861844385229,19.98914580835067,-1.7852877950338968,-7.757170985926073,-3.3778533432373825,-1.6774234303189537
2,-21.121109013806333,-4.062756319075259,-0.8763976323043543,6.218339864001046,3.5009968146865753,2.007394048172322,-1.4151541264964522,-0.34086025078316345,5.182761547203091,0.1048622180473547
2,-26.178505811946337,4.014569796161976,0.4717507165688862,-26.70919424932218,13.977238885314089,-17.850214211997663,1.738483904699395,7.569066026453226,2.8015298344823765,0.8022507112189331
2,-19.28326415317602,1.172919700952326,1.6949619921562349,-6.626570633410149,8.210510378091191,-8.040410749661863,-0.17809759519696455,2.9082467228760804,3.7258888994084853,1.1473390592508061
2,-1.8347170822143626,-1.0575574898124362,1.2600697009676523,7.018358072472004,-0.9369938079090667,1.2578735233975533,-0.9478791383837996,-0.9924243859018096,0.8657098460580303,0.8919450623221065
2,-6.5525079409048566,0.4404485767207659,1.570588135097091,-0.8114234085998181,2.794372975763519,-3.518807976586425,-0.39741180574830814,1.0424817558710568,0.6541715891144552,0.4788236968704729
2,-2.1243606814631164,-5.0144130322270835,-0.2699426722789575,21.544030636799043,-3.4739309011601427,12.821062687895193,-2.0214883246550692,-4.9223146562672735,-1.0218360054171403,-0.44318494182843726
2,10.056875604946628,-2.174119849133171,-3.529211981250742,2.8412298339692343,-7.527513612546822,6.2090109884467415,-0.8975329054915023,-1.8458150636976927,2.67808306221124,-1.4637422374554325
2,-67.9853363218806,-2.884276116469325,2.917166463204437,-1.7506269371695873,24.699693865054524,-16.543838618501315,-0.5652710578211033,5.931015333295237,4.278530600107198,1.8793186073004067
2,-24.21324656102564,1.4962166460578181,0.9453871376456331,-14.80550891803084,12.013734379252744,-15.358452200839755,1.0261924854924565,5.506430253795158,0.3635362767528655,1.644028384745854
2,-15.707075202219116,-0.1014298919084557,1.7957029764383758,1.0899937125449135,6.121476368657751,-2.6903855490306605,-0.29165052327071245,1.2829513957645806,-0.7892765917656693,0.6612429521798204
2,-4.011999689938052,-3.009106208557866,0.7584537928455852,15.230294385091003,0.05481307300543672,7.093043185044313,-0.8140527038739709,-3.0494129402740304,-2.6036073505834962,0.16750318091266378
2,12.522378413593591,-0.9669080601964357,-0.36618269278100396,8.521357872165119,-6.988397261020556,8.68758547801212,-0.6264109965305411,-3.0390264678000345,1.7042482768609464,-1.2781575244306855
2,-17.939512642211373,-0.4199070362446508,1.4458974424860302,-1.5528087910435646,7.286906047089217,-7.664709227886661,-0.36881112151915385,2.369589709466603,1.1167881155865627,1.2869494298895514
2,68.59180527600505,5.406959166369813,-4.426671544496485,-16.22545776828037,-22.96102572777807,8.668003451669852,1.522657649455948,-1.7353947658428772,-2.3523830889015542,-2.3629979092351614
2,58.65783763433126,1.585060702988107,-4.833352594626282,-3.3765133678469197,-21.838679869302595,13.337315336662648,0.037946572944795504,-4.199102530425612,-4.525338873415095,-1.980174645811113
2,-31.90202585016906,2.272465548974095,2.9548008861475736,-11.78616864810312,13.434156326441773,-14.542200110562403,0.6568808669888192,5.523605459220859,6.131196465819918,1.3442387523219268
2,-4.09612679322719,-0.8736635594200434,0.6098015836232917,5.866807081264419,0.10154464591718382,1.252543270642931,-0.33603012926757914,-1.2575892502616777,1.4349309154320409,0.2503900282918652
2,-52.24208800778618,-7.846355822312318,2.7715134541788555,23.731639423655544,13.85877414783021,-1.5056011286006532,-2.9469759515637493,-0.984340837645133,2.584227485879464,1.662508537703782
2,6.951443639041432,-3.3117405006379146,-1.5766304765685117,13.746342556852424,-5.97386774492363,11.777220922945235,-1.1622936776470365,-4.4226008164175985,-0.11283195835100988,-0.9531841579397375
2,32.59127534059724,-2.4855407753989223,-3.9337840095637335,10.081104659953514,-14.688223145663972,14.952158475495036,-0.2557916658566386,-5.379714037545953,-4.7147675257476065,-1.6705405610068174
2,12.300540473054935,-3.461054578651333,-0.5643426592007776,19.463364644626072,-7.795177964039671,10.961248143177801,-1.6556643977421643,-5.358308748084767,-1.619826318411956,-0.09091282436004619
2,-7.94018441127585,-0.06150726200886336,1.0903903037073563,1.8761052661958455,3.0264412303791386,-1.337872169935151,-0.1942351375787624,0.758226007642471,0.7656280753144005,0.6971713449292539
2,7.143625020820826,1.1838059889258012,-1.6448328216504242,-10.119017192945778,-1.8296628963959662,-3.285330906320555,0.6691526319937073,1.969201521377179,0.9693351821262992,-0.5201244991022744
2,-15.364648164264691,5.214302308521363,1.3105221143052455,-25.15812296446715,10.816719116212532,-16.680462918157637,2.3228690226132764,7.1345659176957,1.0707361446393144,0.5357914968569348
2,-14.244800661555358,0.41773916661846416,0.05538226008732054,-8.215812088575843,4.1175167230058936,-7.471526649784759,0.3073572925933835,2.952523948089753,5.205426115772281,0.4179940635626473
2,-17.977096989062602,-8.317730286291084,0.7725306169569054,30.663034967912346,0.4522157563233993,7.885751261417441,-3.7336745696381826,-5.084745876072085,-2.349669260388965,0.9619880599277753
2,43.745834161326314,1.638127135154484,-5.420499470272684,-9.834440591468283,-15.988175066758014,8.586332402419561,0.7994956979767432,-1.9328436169382428,-2.6020676851868894,-1.9782557726664074
2,-2.0936672946310706,2.0272995987211475,0.7519940508779464,-9.379402094753603,3.3765198437619373,-8.296090227903925,0.22860353915979448,2.493357440546285,-1.078215324417901,1.0992510280448249
2,-46.35541905912228,2.2257873652222147,2.0359646771061524,-23.485371440332028,22.179371691993815,-24.455976777834728,1.2267371532427835,9.241371570802517,-0.46550804502827947,2.1358299979989246
2,-3.8659167101016716,-0.7475479243071762,-0.5889496702653889,-1.6647511375562993,1.1843804915323997,-2.6044864878869194,0.06986916706624349,0.3148230045773341,-0.7559765070842143,-0.21150810179984542
2,-1.6118542129808968,-2.0932733549633946,1.5461775399616813,13.630696499163255,-0.6442559818231601,3.3232290139836587,-0.9016305933768968,-2.212180214919389,-3.2580212909521715,0.21998737086115042
2,4.254807838401641,4.056086604474745,-0.27474708877388476,-19.582951738482112,2.4936293090493837,-5.945955164085487,1.9726526072311754,3.2960056627481595,0.1719937641844091,0.17675387961892725
2,-28.08914599654804,-2.002351482988946,3.8903006435924286,11.874441625102277,11.256542225778997,-3.639691719016944,-0.8747692598361718,0.0843789647286683,-0.5914799349793302,1.2836399694604212
2,22.943225876359858,2.653852420758524,-0.3884323668651878,-8.613306016671238,-6.997063878736015,-2.4980496497545457,0.19954207973219612,0.6966897132618654,-1.1689989159248924,0.315766772006847
2,3.968014288090697,-2.5441600029404094,0.6942715519112576,14.516294225224955,-3.8030078736877946,8.192847743919526,-1.18668027367011,-3.049192346175637,0.4788174300882036,-0.20514353598315171
2,-6.319065965575985,-2.1356084903900006,1.0819591223762322,10.298860719332405,-0.14266328842830123,5.191805145370933,-0.30122284258298637,-2.1080793637693027,1.701623955603092,-0.44373358010880426
2,-8.53646777276908,1.9737182664922877,0.8850859521834413,-9.815184823148888,4.992385313953026,-6.334548182982416,0.9233279060804501,2.628237001095018,1.6487300896428467,0.2777678510656055
2,12.995127462086723,2.978453829769993,-1.0092870575690958,-13.74800870477158,-2.4953029863311427,-3.7405974002852513,0.9238729787810059,2.6390538407569735,-0.8824446852553496,-0.1015354333784792
2,7.187535294857557,0.5275580023941137,-0.7361628873792943,0.3902226836502703,-2.8435024670738964,2.8083074582215297,0.01424450137448854,-1.462111176673573,0.044854053953007164,0.16708167529643145
2,3.657317081787285,-2.0321415869789257,-0.49578638811101033,6.989143438303334,-2.561303839277887,2.6679440378744963,-0.6038490398675083,-1.3905191870773206,-1.7627155552062146,0.12439027696754347
2,-15.66629589550236,-4.414073547367516,1.0949810643974407,18.707627461142568,3.4036752701517865,4.017279013124717,-1.4064041721128433,-3.175044161810886,-1.0000368466270368,0.7481620960787118
2,-21.528316823837127,-0.37605692812107866,2.8035628824667187,4.169830267587297,9.43670458734979,-4.353648630300354,-0.06312299086883198,1.4404783609494674,0.9917009999546825,0.8191847087181089
2,-8.627638392044162,2.6835904788119196,0.7571362544656843,-13.43763303741653,6.358255652713433,-8.71212790024831,1.0841014384549506,3.9019747662008224,0.3459574418693845,0.36168408781788464
2,50.44817613711986,2.952815123161249,-2.9698213448751325,-6.576156095569151,-17.715383517307007,8.742333378476395,0.6201893580950633,-2.3337645690265836,0.12698264812926074,-1.6710855877096689
2,19.92947202916597,-5.017614936713887,-3.135007551701268,21.276505195254412,-13.319112715710274,16.887477742378543,-1.5443646054169902,-6.930768120734789,-0.7736087264591032,-1.2192488078584536
2,-14.300640928034126,-2.119084417095791,-0.4972275168747433,4.7775963402731225,4.477682849067243,1.9599129818253198,-0.6577446818579543,-0.6980310969056149,-0.9137120235203683,-0.3003784454353954
2,-26.425000434374727,-0.8819056014733165,4.274452893679003,4.761194551253946,10.788797176910197,-9.8318919206773,-0.4337114494138437,2.0838737134176983,-0.36053071129223113,1.887315547198629
2,13.28388280229784,-2.5254725750582123,-2.2311739241790014,8.959264963025767,-9.509115868450092,7.610395116939077,-0.7137193130841425,-3.3851147203990073,0.6143739656770446,-1.0037318839124076
2,-18.83463288888372,-3.193123734463347,2.347836450151321,17.31421595656549,5.469592133268934,5.983618894296797,-0.8588400677824286,-2.1289871613771756,0.05390884247414309,0.00557957624603715
2,46.87104895459325,-1.797519748404294,-3.944717289857985,9.390158040524964,-22.205720972622633,14.773999426402982,-0.9219931449938993,-5.846374483045298,-0.2605040295066863,-1.4112756271059803
2,20.305129154515363,3.395360087107035,-2.636402477897403,-15.760702518731756,-5.1848596638879805,-1.5730406156603882,0.6252068800735584,0.6331312165900458,-0.8921923546583499,-0.3364401861144793
2,19.776773736820907,-2.5588660402242693,-1.9678790849891787,11.506847959572461,-10.467872980689469,6.90425615552808,-1.6306728145275624,-3.649666047795809,-0.20132962342411256,-0.20194517064580833
2,-44.10631648608669,0.02708088550307261,3.0802762497672607,-1.5820845604386085,18.375494688952077,-12.424827705187445,0.3215188309806146,4.01836156807596,0.18503803694255705,1.4360882005663675
2,37.25810686263398,-1.23951691211338,-3.2472885783593206,5.375318518557451,-17.483982709841964,13.585802803525064,-0.8303592899927416,-4.551441307958842,0.7857006568039686,-1.425492515838026
2,27.06243634918201,-1.0204682766881812,-3.756497264938868,-0.43065505126390125,-12.453754592335574,5.171519642930976,-0.1672990396316763,-2.2011439118141687,0.8049094014337822,-1.2577781381479125
2,6.14674926630513,2.7024548386253264,-0.3369808304040614,-13.919892272257206,-0.039207399178947375,-6.411376191981541,1.380733176676376,2.3755123726678313,-0.9526151758692292,-0.18001220387268738
2,-32.23255714442239,-3.287077606929831,1.6181775608745779,13.437644604282012,9.14132451820894,1.9241654718823247,-1.009011386713817,-0.8558316804230697,1.9675636919653392,0.17189137164614837
2,-15.83832803248548,-1.9475332466664081,0.3613871843129297,3.7934728582391406,4.894615242093091,-1.6316565120318143,-0.43506888688053874,0.05152770109692985,-0.5379933515603871,0.14655917891358508
2,-2.5276134490183257,0.20114519351826218,-0.49841526497742467,-0.959612642826349,0.08650336453954083,-0.45874290878591284,0.3290622088540879,0.5180494077037753,1.1779110988482673,-0.28980028195571567
2,-31.39835130071168,-3.657142132884649,2.5279301588891374,14.411279009036301,10.324992183894002,-0.06920655122739158,-1.462591618884125,-0.7361620373971616,-0.1855656417999091,0.9508044689044254
2,-18.88911781371771,0.15930359060830923,1.7806021955959979,1.255071434836248,8.584005156545691,-3.7450137962569916,0.8022530565098281,1.0525603419975456,0.2376829535188829,0.6430344359577113
2,18.657657853002764,3.3615202111733407,0.14082359428570115,-9.886293064528568,-4.3036597798388705,-0.47414195456915664,0.9073972076778634,0.761048024666467,-1.4256787447434953,-0.8911785048315904
2,10.117504968969206,-0.5192151411488337,-1.1001527927194303,-1.303226880972369,-5.114296478923943,2.3025801506443853,0.005798939465995065,-0.7588996366531426,-0.4503193127165135,-0.35563282303015725
2,3.5391666672435664,-0.8085964215895824,-0.28212488260961666,1.407572785101745,-1.4431512490362406,-1.0568220147545788,-0.003577065339352953,-0.2786338788718312,-0.844731303228466,0.3336558491321264
2,41.925771375192056,2.2112779289103917,-4.647866650125674,-12.470602797165073,-16.06270126411438,7.9122446309578045,0.2516691768684728,-0.8610144257529885,0.05248262670073158,-1.8840971782359974
2,65.22897129112901,1.4544299114545258,-5.741327388667325,-6.271544247335904,-26.61862043046544,12.850533399738161,-0.16680933154928232,-4.5804884270685,-0.5999963005098854,-1.9195518084502556
2,6.123527554915362,0.31318827251242826,0.2972290370463472,2.5069196566891714,-2.644399458891981,3.5547356149366607,-0.20601312579283634,-1.6654861623435515,0.14336830832994538,-0.021266500477098778
2,-39.84846782001625,0.8554021291589151,1.5836235852595155,-10.720865231673006,18.26384163954707,-12.846455148244795,1.2516853050284649,5.367586018882759,-1.3064394782509545,0.8277144881966909
2,10.842511119063392,-2.8214206635513315,-1.8680720350903353,8.318301397930755,-7.311967434309941,9.676650868751329,-0.5075084637035967,-3.0563022737650725,0.27939156929968423,-0.7745678989130407
2,4.907919804231247,3.905408893814875,1.9051732130432795,-13.53195632291336,2.067030148568926,-10.856712997176773,0.743358305103336,3.421977225392104,-0.39570195449219575,0.9373675671429411
2,-11.396072548773237,0.23445537125781632,1.0755293808154767,2.7694390368701116,6.2286334664757605,2.4883222514996195,0.3652081791472201,-0.5075869123395874,-1.7369714567996617,0.3155544788964395
2,28.737256609782015,4.1811050834461,-1.3385302004265995,-16.65377757617497,-7.929355031796065,-2.6557783341661856,1.156858193608319,1.5245615777978891,0.062433243250155354,-0.5128490213952399
2,25.575857642966334,-2.842311882801136,-3.0166439641881113,11.142340055392873,-12.869264151309745,12.287921167054218,-0.7059504371140815,-4.969099683132172,1.2946904720286203,-1.3908741976591856
2,21.743607198116475,-0.18698676352804827,-0.2592388396892829,6.366186664351048,-9.539156103865338,6.487396821591717,-0.4721786475497256,-2.811168285170245,0.8096163783943047,-0.5566441577284921
2,-13.307605779355075,4.627326870331325,-0.03068105598450068,-23.466322788801563,10.068745669205185,-12.042526116555086,2.4192263371064007,5.693733698282485,0.4880514798373769,0.2810153255766742
2,13.087702663914731,1.8441738444724836,-0.7005693966595447,-6.170504513312754,-3.6774300900429586,2.0537760194973433,0.5032302693818635,0.008254274103115777,-0.4635406170675307,-0.42566886927535863
2,-2.6047025316819252,-2.2490593784889104,0.45502867843253103,7.765514328614118,-0.7150656172063762,0.5725295951750624,-0.7731367749041519,-1.4252964889501492,-1.0036513849355544,0.414176232635289
2,-53.88297479163801,-0.5357914989929884,4.949986297721821,0.6446452070172932,21.8745111460735,-17.21317894042136,-0.5187318829648412,5.352142814827949,2.9442264982810724,2.3845268315959496
2,46.737953572667735,4.6090880056891645,-2.5073847908228197,-16.4658904732191,-15.63569073345767,2.720211993803942,1.0670941794948754,0.012665543058200588,0.6325344753392518,-1.2605415087709912
2,-25.168148025510064,-3.4965971569100653,0.2709655077823461,7.749092920785361,7.539951470869876,-2.403364686280629,-0.8917084334294346,0.5547700732396459,0.35049500612648216,-0.11145631487200056
2,57.24240406811623,1.421503953929505,-3.054384260043079,-1.986048441115994,-23.712540940529287,9.493290263440759,0.4195080645033715,-3.2401578989910282,0.38591888135884833,-1.7643256805062153
2,-10.606973333302546,-2.628810241302702,-0.26062598942499016,5.8564527898818435,1.8000836450292013,-3.3152273991512273,-1.2729780974454552,-0.4036139280829065,0.4190414624533948,1.1634524841199403
