,0,1,2,3,4,5,6
1,2.1470551094001467,0.7082502703979845,-3.1000590201223166,1.924641419518134,-1.4745288608185703,-1.265149346253549,0.49645095173902776
1,0.7896611042839543,0.3091830767103853,-1.0918303693452143,-0.8571619925626759,0.3742254059111579,-0.5637651856713772,0.2420265032238811
1,0.7802153382506556,2.618033668532559,-0.7963712662799838,-1.1611603556217667,-2.2484670792838948,-0.4530150614515558,-0.4497064481610771
1,3.1245492470529523,-0.41681199132612856,-9.007854835226459,-0.8136958817674045,-2.411236188431095,2.713810153296891,2.1866990874910033
1,-1.4070531646522726,0.37256706641926135,3.4398757647993174,0.3807820255510611,-2.7712789389131762,-0.17435839263212324,-1.3803796268744837
1,-1.0500413162816378,0.6629697570658921,3.5348661882639165,1.2231331773057812,-0.7924594109137024,-3.9124292113400507,0.5426190930845474
1,0.49325942822201196,-0.4381344981242045,-2.507943512437414,2.614408706999407,-0.5220412361260591,-1.339898600317278,1.2580874584795405
1,-0.7427783977931481,-1.055192440934452,1.9250825718770759,2.7749634402319803,-1.1957242951823241,0.5169644456691038,-1.8204674147545505
1,0.9200799512393332,0.5971362274658996,1.1501329455237461,-2.2886487522795393,-0.3342842113655578,2.092874230100435,0.8617341014119766
1,-0.8639177910034659,-1.3348143300291762,0.1798918577409498,1.8207756003350035,-1.3489451863129245,0.8238223539319434,-0.7824660830359877
1,0.8878802375562771,-0.631594521809611,-3.7312930446559065,1.2419308861840332,-0.6444172765230718,-0.7252561523107981,-1.5821492173239688
1,2.8769248160423637,-1.6849746988013456,-3.628238893859234,1.007984287626879,2.0846064465182006,0.6897676698876539,0.9607464604590503
1,-1.2047764214762506,0.8854893244051655,0.6523474543950789,0.4178642974475291,0.49894145387208966,0.3868207016356011,0.9722504812183212
1,0.7416858703976577,1.3313366568455776,-1.1205898742329168,0.6883794750723548,1.2213266003385737,-0.2940813493161339,0.45546150634752997
1,0.4074633170750814,-0.8087894150300282,-0.13339653983599153,-0.6003890425891688,0.6164760371052344,-1.5135436390081711,0.9562501265649679
1,0.021682938464201773,0.4230874987592634,1.1037483142141697,-0.11677754623483404,0.4531283001181062,-0.09103174953796825,-0.842825497209961
1,0.8905076640548716,-2.341344037022439,-1.8975327937805946,-1.0062339576973798,1.0730343096214934,0.3489404120127806,0.6812155361588084
1,1.5759878929024338,-0.49768542159632506,-3.376757294483627,1.333771332597279,-0.35393161145250895,-0.9559550217580393,2.457364793283675
1,1.9756624745087754,-2.447139916606884,-6.211510443473745,-0.6348602638224549,-0.8536579599378207,-0.9063773179977869,0.8430770532487064
1,-0.21449911405891461,0.7468959627799265,0.5960895800313593,-1.2785639090481573,-1.465940328133635,-0.280710688505194,-1.367176522076292
1,0.3517738501418485,0.9008900746011437,2.4738871622806258,0.22879983100695522,-0.20383500394769868,-0.21892618731815894,1.6086497642007245
1,0.7063255777449043,0.72857081428542,-0.9711507622683468,0.06521572386129493,0.8276793505772164,-0.6594924723857899,1.3893602196196688
1,-0.21782199990460124,1.3423925689106897,-0.8096472444900761,-0.061333346799915665,-2.8710122169915064,1.4651425470372927,0.6202818952934197
1,-1.1475987123574702,1.39623081699356,1.7305369076273496,3.8299659077802954,-0.9706824933861229,1.3625742556676312,-0.6174744759444624
1,-0.5939272470579633,0.7761177455231648,-2.250406044324616,0.9258669314961588,-0.9964317729724457,0.9183768364288682,3.6778007073885286
1,0.6970060453321947,0.47009544329071035,1.1410372855099273,0.15883040811531549,1.8784909661926148,2.831659394434748,-0.5662504466827871
1,0.5572368781859252,-1.0862798086727394,-3.6896622315102623,-0.16807705633898545,1.0831886464518403,2.2212444903480417,3.038134217708276
1,0.17772472601272693,1.1104862321874673,-2.136788227602432,-1.1993000827898224,-1.9874591137815727,-2.2514972269092373,1.6965974072731336
1,-0.7092981727612571,-0.005613704298600529,1.697444266837137,-0.6227887594787855,2.7566243748848533,-1.0829370434438133,0.37485415066860667
1,0.057184723749036215,-2.976301536235886,0.6729036766005447,2.3580109203034256,-0.36787087838558336,0.3418899128507122,-1.1317870910716001
1,0.08706606980798504,1.33213917740468,1.995683115925443,0.5540406500095827,0.6332206824786824,0.9398386475111473,-3.342897645975136
1,-1.836299840808599,-0.7568987455536861,3.821818358138156,0.6300739722304356,0.7909493162074573,0.6127675860576017,-1.138683234739326
1,2.148647138118163,-3.580108635367085,-4.4062827317453115,0.5820679683006962,0.9849733811645308,0.961920854351211,3.7911463500482636
1,0.002064181962864564,-0.7865872273283022,1.033480518862953,1.2098663366108893,-0.8268454320834787,2.644650715763417,-0.9197691345407317
1,-0.9736478818774865,-1.2436343884540308,5.547800244709162,-1.387877597964836,-0.2741844356286353,-1.0555995519045287,-0.28118214347610904
1,-0.5785862742063049,0.10317225557539585,0.53330150645803,0.2587152929792013,0.9010273555677137,0.3817728912665235,0.4396516003831488
1,-0.8765684441329149,-2.2296773564395465,0.9454750957281371,0.4304158012359138,-0.5811867605330009,-1.3205658072038085,-2.1623208379540317
1,0.9486679896628525,1.7875147091270722,-3.0531258215308585,-1.8308763285465937,-0.2588901386834296,1.2232985541138282,-1.1199322187857903
1,-1.4263687232080438,-1.9067720343276262,2.8335140005553123,-0.6254033214848176,1.0047989299395335,0.7975086933738039,-1.4967794953190448
1,0.5958432759491629,-1.1914969115346776,-1.2038867537322204,-0.43748556533639726,-1.2218745606710206,0.3475192755695356,-2.3270661502554617
1,1.2897935435625627,2.242389440980013,-2.724479293570752,2.3915456777803197,-0.7362966763371539,1.1214705826075755,0.5272510719911168
1,2.6496965197305222,1.9222757654572975,-7.791858763513963,-0.7054943002725055,-0.05397073262095555,-0.28791308693721057,-3.442558090569846
1,-1.0379759419305805,1.260232923428914,2.900256051091083,0.7103358104764039,0.9284839494865497,0.16350486591415994,2.144567470925463
1,-0.7484535971933113,0.5846415446233169,0.439643087907545,-0.8109858744774882,-2.005636164030166,1.1470120858804842,-0.378797200310327
1,-0.7946405975987204,1.189952090365119,-0.5394046950630633,0.22217198975508498,0.2157651440752239,-3.0134530248532765,1.5216953860020168
1,-0.1933141080431264,-0.46439019158281686,0.3063684950579981,2.360629590539862,-0.8462888628362638,1.3079258117530121,-0.8255067849400858
1,-1.3865773980749785,0.6908964448528289,-0.3712447403218848,-0.776333022216783,1.1967595660773431,1.5800670202577585,-0.14417290363919485
1,0.2228802086439892,-2.2704573609768612,-0.7271657161467696,-0.3529793056923227,1.8635559178999586,0.4592051727883101,0.6217090410528079
1,-1.0994311300187545,0.2930780645213588,4.847202910462257,0.71039993797323,-0.10182908015188508,1.160556524525209,-0.8054023228486341
1,1.1069183695999083,-0.6916138663765429,-1.5460234695387474,-0.8908867588103564,0.49469301853584596,-0.5805534657598964,-0.2879324054274415
1,0.25944748066800905,-1.417470578540081,-2.8054775090176394,-0.7587961256246041,-1.8113244708934346,0.10366417707391438,-0.22114788617258815
1,2.577997479932431,0.4009379451328898,-6.687659785699548,-0.005076021125447566,-2.502843118478585,-0.8116730777299973,2.885466059001671
1,-0.8149143878494705,-0.18864087076895167,-0.09281758036746549,0.550075172292317,-0.48749605366803017,1.79018932898548,-0.35292026396973114
1,2.6429963341054807,-0.1779153999844925,-5.936887925936229,0.8718164063260744,-1.3646208419834254,2.18912559569426,1.0991801289804783
1,0.8024723869178485,0.7689502523487178,-1.4619031569114251,0.9911700231905273,-3.24023752190934,0.33400574862967664,0.20494296241966736
1,-0.4439467736494742,-1.3125581887563105,0.7425756802866199,0.011369614450080025,-0.867659319240727,-0.6145161598847845,-3.9475834136949177
1,2.2793640189923496,0.9536679918762239,-3.4585582498245513,0.5819210695572402,-0.586292503775239,0.6110495000735152,-0.6334380315777658
1,1.2172726139489112,1.4390469659925074,-4.5150399070201965,1.5639466277768068,-2.450572723565323,2.00803571968633,1.0632309573677825
1,-1.5407145612155753,-1.7963184646396768,3.021487937290029,1.8233848564616704,-0.038637208069379904,-0.34942659728633096,1.1731063977284186
1,-0.7918285619571236,-2.967731734338625,2.027022159616973,-1.6880436887051034,-0.29942743340127304,1.6079565827158269,-1.359637912100161
1,0.9625247597924711,0.47452415915640517,-0.918548885118739,-0.807580659733071,-0.2816980990442107,-1.6266523863836795,2.7282972660748714
1,-1.3046759099531309,-0.09339084805516279,2.9864780676624108,1.3187241353170835,0.08855195823727155,0.38995865887739334,0.595970975415372
1,1.5926738685888329,-0.7940065458215371,-2.8863815608825227,0.2606450043527229,-3.325164980127082,-1.542350684033639,-1.081460087232245
1,-0.33756443022012916,-0.4028774732914095,-0.44246771463545687,-2.882415127587599,-0.06654831814809402,0.512363578018572,1.4013488053243637
1,-0.022220413031907693,0.43890627385070535,-1.978236961627136,-3.498570008491809,-1.1159526815500607,-0.989021632421042,0.3598944571879828
1,-0.903735140092862,-0.07204272721672689,-0.8894771274525441,-1.3783028156704697,1.5576554538940022,-1.154740144122828,0.361340188337338
1,2.205264980743209,-1.885839739701657,-2.746784261903951,-1.0822072686872501,-0.527503227165633,-0.2513779116895958,0.9584571051705421
1,-2.3921101176257067,-0.08825674904844824,4.824453207071193,-0.04649820588114101,-0.8642258749437705,-0.6974928619307633,1.9385502475661507
1,0.6865492339441535,-0.631536564672127,-1.3465307836007105,-2.0115418834466166,0.9001148638661391,-1.331859661792954,-0.374666952751476
1,1.063271009034715,-0.3628355686367649,-0.5309387100103815,0.10541111605392912,-0.05986039176229593,-0.9181454728688293,0.09352759537645808
1,1.9784406963569985,-1.8728907068116512,-2.173930935687332,0.026806735592772413,-0.7084282580247603,-2.2919725323902496,-2.4604790454616765
1,0.21914673765042939,-0.5016915695203015,0.6831921988575301,1.5308360937747554,-0.9923541825670245,-0.3727127317654224,0.9077783735099454
1,1.000108065255359,0.517642552990577,-5.018644837329801,-3.4794209610976234,0.26524623036207995,1.5753179446532053,2.2888561545381285
1,-3.24279071948275,-0.1529632183260577,6.5844583362292814,-2.2797369163308834,-0.39863649073392454,-0.7710455026090987,0.33826958544346647
1,1.4575059820381764,0.2772305006583514,-2.2563971571397516,3.1826670143987354,-1.332740375254005,0.009825751962418939,0.09698310290211495
1,0.636341052881222,-0.7097214019289458,-3.2305708937273923,2.467214873176869,-1.8336828175066897,0.6511120411991275,-1.0304161176341193
1,1.5308490369514542,-1.7329016518871243,-2.9772104640222294,-0.976804185165225,-1.6142400251348463,-0.38206541069068173,-1.9798298857340473
1,0.2273329917126486,0.3024021382877652,-0.21711533018288035,-2.110419508525274,0.5312752337831601,-1.2462864497617294,1.257194948921122
1,-1.921494082556221,-1.219706668273957,4.324365442307674,-0.7861031628607189,-0.7508366897600512,-0.002816225795773488,3.3557940076687562
1,0.8637107975733003,-0.04024099923544339,-3.8226459242812414,-0.15540178717661188,1.4972300917518884,-1.1346120452262989,-1.1419644195313914
1,0.9074284046335027,1.334002153635216,-1.302636065228721,-0.8570768760750173,3.0580938089522767,-0.8171878040010371,1.3316545490528555
1,-0.010234697691271721,0.8983846499221048,-2.1111264241643246,-2.408374709602482,-0.6939735059104966,2.0659475797532845,-0.5597756244415131
1,-1.205732196984775,-2.049660443701613,1.479197294130404,1.9599987517476436,0.2971685885746635,0.4464776422275874,0.3533605427579259
1,-1.8877064840358764,-0.7484216918918505,4.2431700369280865,0.2049619875610012,0.5584057740529315,1.0706132181163075,2.5072017829002826
1,-0.43206764285879806,1.3274623619881876,-0.25285927914953027,-0.4372379927218866,-0.9722125516194906,-0.08945933140472724,2.0051832583177416
1,0.998248541485334,2.973533397270817,-5.209750512640653,-1.5266420401752014,1.988379751986588,-0.14568267624357303,1.5546570640929653
1,0.21146192426545168,-1.0302086947491185,-1.4310035716822305,1.5269078725052077,-2.413132268315724,-0.9126505517701123,0.9010616656210978
1,-1.259182538658549,1.212162297957998,1.5852854285135018,-0.6151047603133818,0.5129873440345996,-0.20592629277425792,-1.8410190177667953
1,-1.4253083368392876,0.6713436891642561,2.9463682053342866,0.4615822412943369,-1.0552239399821985,0.5600147693022259,0.591600393486638
1,1.241334534140666,-0.30032902126826894,-4.9683768080667186,-0.4457551296951716,-0.75715901805696,-0.3612303733363013,-1.0805919760280818
1,1.350626049577739,-1.6652817773628301,-1.6485297137133685,0.9631611583043811,1.9819792238065723,2.5294677289128846,0.9352803738972179
1,-0.8540948441001212,-0.6461736669576651,1.0576594127267973,-1.9935787952295332,0.3054326407385082,-0.5166596664574907,-0.058031922951014975
1,2.0598392292947536,1.4236719454834028,-8.18165958085076,1.600916663005787,-1.2610361984179224,-0.8570431994133839,0.5974335695119165
1,-0.7524775487903952,1.6519013301973011,1.6094056984122325,-0.060081922163664786,1.6471268365438652,-0.24712007958523924,-0.037012336882618874
1,2.1916627423134334,0.4816851492481873,-4.62910492620462,2.812414077151011,0.5881114379350163,0.4574402752761691,0.8003821580957547
1,-0.8779481804821403,-0.9213518748210213,3.6602765382487,-1.1183756999041623,0.1694502672364369,-1.1513128644001187,0.40735258563709464
1,0.7734771687848188,-1.3661082491706404,-1.5079589443104544,0.3107698087910298,1.3629058692716292,1.293381654014501,0.4927071559314756
1,0.011959746558834583,-2.996080197835826,1.0792458480311016,0.5923291781977513,-1.2868972486132773,-0.3150097243542153,2.124915352079786
1,1.9422026459558563,0.687805901885157,-5.956219390302236,0.5452704471271685,1.4825983544061199,1.381745986761612,-0.38124187761212563
1,1.1884822012577771,-0.23075287872070152,-3.2250579552353056,-3.0995021268600156,-1.8303069052630345,-2.622309194016284,-1.1140809483302436
2,-0.5086318029234398,-0.5585741448063269,1.477296137615536,2.2540678580932134,0.5266452987646704,0.9245189497653403,-1.6063099890950459
2,0.6154712898710473,2.5269909760367653,1.9184058470696859,0.6172435102788639,1.0511441995215676,-0.36551944889586946,-1.1749196743919803
2,1.1821328068360328,-0.5504070348009158,-2.9842636826625437,-1.7067608145488087,1.5194545636448153,2.2306313522736896,-0.7204500865035841
2,-3.00963154152201,0.7107878265492044,6.668774405503218,0.2132315166325963,0.9907187363010356,-1.9691673357867796,2.1515641006447144
2,0.09883360682946904,-0.3444011762372475,-0.14863864322842224,-0.7965673180853574,1.6120623590363896,3.2900955354444674,1.0809796968242853
2,-0.5228191661056528,-0.966988594543253,2.708525144248368,-1.7810547345613168,-1.3668229824549945,0.024881514084140993,0.523423844486764
2,1.7207945656112196,-1.5077805242942532,-5.715043828422871,-0.7313981764922961,-0.25359476288741273,-0.28134499181253325,-1.7262056362020193
2,-1.7953861387660344,-2.6504343687315677,4.3465320447448414,1.3012860001493707,0.11794266081633129,0.45509460424728193,0.09422839224945195
2,-1.6791970129587404,-1.2307747189399298,5.989176006908345,-0.38264490618048874,-2.552750720221193,-0.593446104784263,0.49567506997485966
2,-1.2528222047873803,2.1746118439675075,-0.034874402064402565,-1.3489367485918506,-1.5996231567091683,-2.247795062918382,0.9960306665354344
2,-1.8595078088512895,0.8652364777324336,4.332016284149082,-0.4326983480127215,-1.5710099233260362,0.48901103663874423,2.139200361700107
2,2.370126761110452,-1.7112969227410677,-6.261821624076039,-0.27793335284587767,-1.4464460178230143,-2.534598192576542,0.2402809396638143
2,-0.11823714632469562,-0.0735019947525814,-0.946356004151755,-0.586099420908844,-0.033529140345974255,1.6433089757907777,-0.34005034814285195
2,-0.3271437927924238,1.5069627928860625,-0.3740212694396259,1.0472751145129622,0.9655225943908616,0.9351454944731448,0.5979846008058618
2,-2.220955232625537,-0.43935484812721676,3.516322311973549,-0.529581597643548,-2.030255849852452,3.6486429212493543,-0.2951818879279543
2,-1.3278190763700448,-1.1282852251686708,2.0625538049087337,1.2331056568861574,-2.177170083247322,1.9232779818546217,1.2431248416933347
2,-0.23337408320183506,-0.28890500908599176,0.5478122243720629,0.25706050576547174,0.6263295946253906,3.840518997067663,-1.0468620674336477
2,0.4228813837911529,-2.8782322516170002,-2.745047768618072,-0.1517222557418396,-0.10732317304393123,1.1417607527283276,2.011307262504808
2,0.6007144971364178,-0.8829324366506964,-2.9573504936133683,0.2012553982805243,1.788913992294791,-0.3771714638382654,-3.279520609563669
2,-0.25914983274118747,-0.5616361678381568,2.0322721525139977,0.7924197933304862,1.3940086764670327,0.5951807102078367,1.2355862830286803
2,2.1205590181545184,-2.334455529426728,-5.737077501279111,-0.29120731339262423,1.1249289455018678,1.1537660042402629,0.9352238760059193
2,1.898645762270924,1.1521604342258216,-5.3082025267049415,-0.12826819201329084,0.8054635507647353,1.3043382693926804,-1.4556914104203882
2,-0.677947400878372,-0.18322882867453255,-0.11933564486926196,0.3310370876529308,0.06037763295135214,1.1465885126113515,1.1596973559749504
2,1.393492051674932,0.707485835215557,-1.315313568737265,-0.07071260987678131,-2.1941298182220716,1.0556958532024507,0.8787984264259866
2,0.3402833487005598,1.545812051522692,-0.7757465833338761,-0.7075230118251444,0.674122920680344,-0.20823125197581135,0.32164627403706364
2,0.7851078729194703,3.360414558870034,-0.9341001782621197,0.20577134695963836,-0.5859265455806189,-2.5926229353866623,-0.4925230619131254
2,-0.8679015479662716,-0.6868367851878905,-1.0406876736368984,-1.2050927408912464,2.595824139666036,-0.3357421304329133,-0.3036617624482547
2,0.794014506390431,0.7384206126714655,-2.5727560131634193,-2.7302126508055813,3.010726296703634,2.4595803563194,-1.9737464362106913
2,0.3536648006775145,-3.693502337975785,-0.2007204999831044,2.3261089863934674,1.3830778605045748,1.3520871294634524,2.6135664217556753
2,0.39177411257928796,0.11242585895686318,0.26360204509326646,0.4148158624491179,-1.031298787690508,-2.9380306511885648,-0.4971759829354755
2,0.9759232296626915,-2.3555806779036286,-1.8960206495197574,-0.8059222748813767,-1.0130755402071736,-0.34087753659664183,2.17714580134623
2,2.0689147627112914,-0.7325699746145372,-5.4557543302069265,-0.6840369305891133,-0.47500387597364147,1.9160775070262486,0.4938337170776421
2,-1.967803686465163,0.37517340566662327,2.6647224073335543,-0.945708731741664,-0.615495895954454,-0.7486700769539223,-1.6132975414901125
2,0.255470889770052,-2.1512472725314025,0.2506132914800624,-1.6014479966421657,-2.62551153712498,-0.7631926974113049,1.1623395179000167
2,-0.5013390297922773,0.42664759727819335,4.99720935202726,-1.0169143967912526,0.20423785107032802,-1.164601552021865,-0.810304826308382
2,-0.5590547899963273,-1.6573803599315586,1.493969699835791,-1.1310796388601008,-1.020494738549681,0.5395631042425081,-0.8771535004342103
2,-2.2529008820016325,2.889692939483388,7.319144288526029,1.6690423811617496,0.8513507131608258,-0.25428479532989406,-0.8340161434377271
2,-0.38822936232425814,0.17901426831791795,-0.32252506224208166,-2.0924170233428727,-1.106952766807371,-2.8967045408368954,-0.08185637120775417
2,0.6282397837587033,0.05338798575147747,-2.9545864712280197,-1.0071509786192336,-2.0220778220732396,-0.08916808819462779,-0.4164785841345753
2,-0.4256963882326839,-1.324887447068073,1.4320869510985594,0.4706903164715665,2.1691896944215845,1.3948919336901517,-0.7800270169973296
2,2.2709609591381508,1.0753002510012293,-4.156478405736679,2.8351044001762147,-0.2916500571963819,-2.6001639407044865,-1.6482457085495663
2,-0.6506672603020114,1.8908700379499166,3.6574257397356424,-1.4777728804007684,-3.088952338850783,-1.6677599424478688,-0.14493587555677298
2,-0.320665811423968,-0.4439080260646789,1.3781158172953514,0.8283557044489146,0.30812791653584903,-0.15525558058123523,0.7132489089200131
2,-0.0769175180376438,-0.2295189107074501,-0.28155682763981577,0.12168707251350534,-3.1544565244989466,0.2762391373657936,0.04981905362301254
2,-0.5578485443031238,0.588485464997429,1.7253867857496725,2.6438585031545023,-1.4711029500109511,-1.3476395998879793,-1.1211783684498486
2,0.33618668597065227,0.5046491321463725,-2.5841681142296995,0.7373373714951572,0.9917854026213788,1.8464235470047714,-0.1761293594426777
2,0.49398621590915404,-1.7064567600131548,0.16114313387602172,-0.79471720563325,-1.591090904090049,-1.905051990686769,1.2423912981186265
2,0.6731114235037396,1.9545149267103539,0.11821158445451092,-1.4040701929533774,0.8584814200337219,-3.019440662264497,-0.642766204957885
2,-1.4647994887874725,0.025983275940296726,4.78254662134104,-0.1576532713456874,-0.8557026010227571,0.4133513614555804,-3.306138239457849
2,-0.20606483384062452,-0.23085852766424084,-0.4216827924562119,-1.91290836240498,-0.5200140749783811,-0.30119778744337705,-2.102763848839214
2,-1.816263479868772,-0.11574603643027839,4.021338823411282,2.21762373698986,0.6593502134452381,0.2276189122873307,-1.1421117998509367
2,-0.0826440415251306,2.4911082556056288,-0.3553120168259314,0.007936939332907591,-0.7341982265219675,-1.99466479551479,0.8418639380045508
2,1.6063400509025376,0.6410880404506568,-2.859025271470777,1.3120304949013806,0.8064814090616362,-3.1998557126602325,2.1920593289423906
2,-0.603384514038929,-0.38703925863679767,2.2590560061253364,-3.0813733212903682,0.2152118740785739,0.7302284343598094,-0.5839683008619294
2,-0.22425229212372347,-0.995874586141793,0.42353459435359636,-1.9188164316291114,1.213168245452503,-0.5547677674055855,0.6815919051595943
2,-1.7689444432399026,-1.1107531904424421,2.435012986517834,1.0514043316090143,-0.6242310114874526,-2.3165703774412068,1.266225374473696
2,-1.4228180699433013,-0.43515380842960094,1.567515316918791,1.258588901906125,-1.7000789534501677,1.0107093406478926,-1.3022453056085614
2,1.9638822052972142,-0.26972863792671775,-5.994927926275129,1.1107600542459093,-1.4618613167752585,-0.0555441368283677,-0.787575730725884
2,1.3205274354031757,-0.805112279124618,-4.614322080476576,2.0885467197414416,-0.144595317153736,1.3476688587111687,0.4164529494673185
2,1.2667885080435037,-0.9337347048066296,-0.8457288060245971,-0.561664247085123,-0.023800487166364424,-0.421379330084873,2.7800966481825427
2,-1.299513524361188,-0.5604558043076289,1.091929755715384,-2.727599152078882,0.30255580937639887,-1.960491931683759,0.16005891121687407
2,-0.9377972430546305,-1.615340976372237,2.03803885560774,-1.330098688920189,1.5920707092508455,0.28384506870614,-0.8066715543386984
2,1.1549466547993643,-0.4315958464336192,-3.2970638190178576,0.17124735526192061,-1.0628450525693334,-2.05498328354321,-2.9671060671176868
2,0.5285374527054734,-0.2281193638541543,1.0873522150680952,-0.2430783557609471,1.7093151825645223,0.11713890022148613,0.012823000672281286
2,1.7214736435941627,-0.46334806813474544,-6.3698133960763395,0.11530029946669094,-1.0614144674379293,-0.4402521723760398,-0.06358207462675021
2,-0.44785647626253305,-1.2903072973831542,1.0643143114132991,-1.364648244680164,0.5032151785085901,4.06713692988858,1.6579955650955975
2,1.4526268375680913,0.21115069938458092,-3.8045810044217436,1.3136666721384853,0.8234844571412618,0.21252684204063765,-0.05079022408781725
2,-0.6948164551758573,2.3534079906239005,0.8947741123328526,-0.8666563934970951,0.642961034646401,-1.8761563245550639,-1.2550380231905331
2,0.636694075376424,-0.2462298767125739,-2.6505219602800842,0.2763074945374255,1.1482526173269318,0.15580022711059244,-1.4433662657966229
2,-0.7359749865856045,-0.7714859917336878,0.982011878229185,-0.37483197588697076,-3.5854983662147766,0.9148841185163099,-0.41629834266748744
2,1.3947926934727453,0.1341600842003646,-2.168282045977887,0.26801119751424857,0.37275225618481284,0.021699913285918512,0.495110239422361
2,1.2653641709791519,-1.115041858759508,-3.9295930192456927,0.22885224217784908,0.7559021722023737,2.3088424725301104,0.9533616273736735
2,0.03072059758164636,-2.0807619843175384,-1.7751319489621515,-1.1205919649795608,-0.46389458105586645,-2.4056027742708834,-0.48858489946564404
2,-0.6732109370976713,-1.1113093331724193,2.351717293481295,-3.199043462875228,-0.9708683021058762,-0.6712717625112579,-0.45497019635238395
2,0.019428530492961393,-1.9447610691919393,-0.8449937057099665,0.9694660423075742,0.5518980775792689,-0.8224953939737776,-0.8795731310997018
2,-0.7465778334563973,-1.2957003331642707,1.4623921600881797,-0.4995956850875616,1.7213045290396094,2.4351769123682674,2.8684008211022394
2,0.392405015058678,0.7538579385255961,-0.13417429684601995,-1.2365177910972118,-0.5477584182820258,0.5740537001992099,-1.5630776060641653
2,0.28483271714207054,-0.7529874323883455,-0.5490419998160591,-0.0374839945769464,-0.8218248935413688,-3.6572701076572685,-0.7001720371125639
2,1.9040068945336395,1.0405116865259756,-2.3088189477074703,0.7272959570531848,0.04674285984960842,-0.3133521190866741,3.8499682045780736
2,-1.047074111935603,1.2112760170264698,2.1360705327560088,0.4184543883566639,-1.7882447980689802,2.6368238001070425,2.592797024203448
2,0.36728595598657254,-0.8542286111814364,0.15500253421532714,-0.49266033979863094,0.812404078569845,0.20341399306239671,-1.202814376090421
2,-1.495397442692569,0.4539488146446834,1.2830036547682964,-0.758417356000184,1.8205342630236114,-0.6278005043528905,2.758135514583335
2,-0.027137541781348695,0.02706955252214598,0.5653376722051127,-2.339123095756279,0.5165967885199695,1.2123454107333556,-0.19477937090914016
2,-1.079056004278745,-1.5221139990783958,2.649934655012099,-2.438663643537917,-1.823570919541318,1.235636243832198,1.33392545348918
2,-0.2698278703016639,-0.9891624487207934,2.393240154031821,0.21113750724626856,-1.5344615764274403,1.3906743777852055,-0.5703705526668574
2,1.640577277523578,-4.003510260553089,-6.3788722798355115,2.1764138695964212,3.7976117349054395,-0.8099733558521209,0.5495873744666024
2,2.3404511339755913,-2.4678306968308297,-5.678816261355652,-0.13212701518159062,-0.20877678039477177,3.814871259109131,-0.01864195293174602
2,-1.7038759119679576,2.4235419660126425,1.919878870613681,-1.3788178149853159,-0.9811989636709092,1.3678822436581,-1.0000598293337204
2,-0.3377137877303375,1.1776996774916826,1.4163902578869192,2.767710311335162,-0.9371669643224885,0.0940496823465239,0.42541657493718354
2,1.316739602082256,1.8547108335932707,-0.7796292556153175,0.5325753297110366,-1.9451955434689987,2.3083192680406714,-0.3281479868110886
2,-1.5860685315298815,2.7694781163445756,2.877930344523123,-1.0963722420873465,0.8302332454568703,3.0755594486585847,-2.5507532168782867
2,0.24200867457900282,0.6750305734030362,-1.7232017827203685,-0.7407518727816963,-0.10636234952636046,-0.8826014451962824,-0.0041361285402056955
2,0.19833719677774558,-0.893133598789385,-1.9379661654690146,-0.1389184203346016,-0.9591594984597775,-1.768798685484106,-0.7690626512096003
2,1.5055613406612356,1.7692522361627991,-5.4449519409658125,-0.19651576993222106,-0.011355744455565725,-0.07903883333915,1.2692387703674866
2,0.6678051988049746,-0.034697301314833506,-3.1099916772685754,-0.6977689274602651,-0.20532632810471307,0.4618309367711603,-0.5083325806016975
2,2.0638200604658268,2.0696902751911104,-3.176260118993001,-0.4419519393713327,-1.6391748122626346,-3.1050745837471156,-0.4870321189303712
2,-0.42191256099518337,-0.8028606515122197,2.3458729586877505,2.74648242422368,0.8943418929767396,-1.2110371551620436,0.05487469101646654
2,-0.7332734445672351,-0.4408830673535231,0.527308239967063,-0.9429566544755795,-1.6108277857542408,-0.366571450773152,-0.7838927223715481
2,-0.5715244120409394,1.242709728743495,-0.788673472502867,-1.741679107124371,3.6503918226839396,2.8386695938927664,-0.9083708207589629
2,-0.04269837564732104,-0.7226003346859442,1.5377940896094042,0.0442568636946997,-0.9913450647747366,1.36087146531081,-0.9605019871196397
2,1.5754774342174156,-2.0823024731882387,-4.516752203226919,0.08434762694536715,-0.5868714153552511,0.8635906502300806,-0.9388050840799996
2,0.2831397078442224,0.3895135184846653,0.7450205835875225,0.3048654594153234,-1.5277331815140203,0.8207309380269544,-0.7624337553995081
2,-2.964479157473205,0.16381694992379153,8.341803945475132,-0.5869258238935275,-0.7842569108892232,-1.3042713008746958,-0.1528192587465743
2,0.14158957615799017,-0.4461494103794122,3.0556700453355514,0.03151805560957347,1.35357438856414,3.722394756859922,0.8617877755054607
2,0.23841867864695437,0.5022201946830326,1.5371328692223363,-1.6526952342416632,0.018191218694908234,-0.5631795775725532,-2.2525254546638234
2,-0.5137170202598633,0.5904372579361347,3.8147491581027335,-0.7650731179892409,0.42466792890495036,1.8517736125655997,0.6952613231960542
2,-0.4798973571095445,1.844119542518752,0.47856658113504497,0.9841066390627191,-2.0819710387180304,-0.5457521265443174,-1.1406492738917107
2,0.43782529453883234,0.025935964009456858,1.7370971125271766,-1.8588723965562566,-0.20156529473518817,1.4193877265438566,-0.7712538253512312
2,-1.9279182168938127,0.3016515078076153,3.838963079910899,-2.85263237424566,-1.9847283515074043,-0.9042951022313651,1.7132136633868702
2,-0.804309086473335,-2.8842772697462777,2.154581881263135,0.4315291407423043,-0.5469677105437707,-1.9196174875422019,-0.2393011085690906
2,0.3314977578903377,-0.030458237941513543,-3.027051255235236,1.599439407425726,-0.5081454656143615,-2.209784029130959,-0.7937186767692807
2,0.951356619741626,-2.2218593865618854,-3.892115423207567,0.8862621751122313,-1.1589988692665625,1.1643483929129288,0.02901325562130535
2,-2.125661227571577,1.3052135751708034,6.137343113537436,-0.9040707097078233,1.0568843216614217,0.8055860962897944,-2.450920986254027
2,-1.3434026394475922,-0.8685857042286157,2.422519838375728,-0.33276087894355066,2.5656359678641225,1.2249136895609491,-1.3941930076183007
2,0.4102896553761524,0.410957702067989,-1.8058202925796993,-1.8195925317460262,-0.848183297576055,-1.4374099766801307,-0.08669468886946836
2,-0.9749569664135109,0.42798352486756364,-1.3257744143642558,0.030003175341929877,-0.6305169082604841,1.1197527955664046,0.6821995792411047
2,-0.1092674804951847,3.6107405978443707,-1.4989255591609272,-1.439605078183398,-1.0096086741781103,-0.3159095799112966,0.22488318044459663
2,1.8485869177014742,2.302243703073161,-0.4404897529588245,2.102266183358022,-3.0497388961358163,-0.21942779673671556,2.6683913865910633
2,-1.9818982103619325,-1.0992006983422555,2.6216978695019737,-0.32499243984326887,-0.45091115430858175,-0.06326052363121933,0.16016215376136747
2,-2.612066097840312,2.11230803163126,7.824426759994284,-0.9236714171844844,1.138822993252391,-0.47649989169832585,1.0553894877031589
2,1.3169473340942999,0.2157161257218219,-3.1410405711302083,0.03740938286362636,0.8490712358154231,-2.2582645898311138,-1.7201894131507092
2,-0.12195526885597019,0.5671118634892321,-4.4026553549035565,-1.6626309780764332,0.7947095659327593,-0.5702813636972239,3.745674103042508
2,-1.1164696106319838,1.153828754461667,1.3938214828229096,2.039404634028185,1.7638459961641657,0.03307361767213768,1.132061169681418
2,0.2943522745361453,1.3227955244752634,4.928544619816189,0.15157171827392565,0.4593357823300443,-0.9752925344518629,-0.7997229981182092
2,1.6319107022695363,-1.3973252314058213,-3.4747438063584886,1.0712689297185083,-0.291275557709889,-0.04307006741035967,0.44211012224578855
2,-2.321133175077266,-0.2697320561035319,2.7878460752712435,2.0836711903447975,-0.1104124308178121,-1.2217318214744912,2.891362567911803
2,-0.8661548093553291,1.0552558041694913,-1.2371852717729415,-1.1394090415552929,-0.016886896980214974,-2.2920501597704317,-1.4287274663168372
2,-4.981813385628162,0.9886882527287355,10.134660056683051,3.10642941611147,1.7535337801503768,2.9046221825745002,0.31002182712677023
2,-0.11268508344542716,3.5152787003675305,4.370758788565192,-2.7247264221609817,1.3728571033606904,1.3346576737138784,-0.5537621733776792
2,-0.5437431414155802,-0.02006351765801473,2.8348695549278364,-2.0371111203692442,1.1238024633892927,-0.8453692617816377,0.05655964439824185
2,-1.8307239852980743,1.5798025747467304,1.3233731702438245,-0.3794984922175998,-0.0724447292486328,0.14103839042386332,0.25617061797228646
2,1.2518885040763896,2.2678167481398948,-0.7370442026074633,-2.900700657754594,1.6759172330478467,0.015755482649681157,-0.7554376027810519
2,-0.2017047480525691,-1.761521606389449,2.705433528890402,0.8317234115957896,1.3555638976018614,-0.0751670686246813,1.3447780611323712
2,-0.15023439898487667,-1.2895928347695864,5.131358966119659,-1.1523624539923165,0.9883437103671237,-0.02870354928825532,0.5854774970026545
2,0.02352241544358047,-0.02189054329083881,6.20319700789298,1.8787014971011147,-0.415346091389503,-1.8596190412536808,-0.16879652475600437
2,2.0311427907252355,0.16242867472139663,-3.9394057841639,1.0683056405746945,1.178830350875802,1.765856760504167,-0.11384061483332912
2,-0.19992567371995612,0.7199888615933321,0.7366092040589689,-1.1361289974188988,0.034289604722770546,0.44755353838437806,-0.39919860605230223
2,-0.291849811350645,-0.7624233831439586,0.3915968368559387,-2.3328142197052713,-0.36432603380121287,-0.4892638946937322,-0.3908363056032492
2,-0.5532990734799819,0.417419409322064,-0.8875389757560764,-0.6092516583488664,-2.2715271665680032,-0.7110693206827176,1.3240903032406566
2,-1.662475860196397,1.610126386645958,3.88329271240852,-0.8985790330839283,0.06761936575940042,-1.0713649106505556,-1.4384657872973698
2,-2.378365228981297,-0.3673296485111417,9.256297668330683,0.042468564005798286,1.447460010423312,-1.3187379983496683,1.742011927758146
2,-2.264317977802892,-0.563910683645085,-2.145973832447628,-2.89223786772038,0.1940188616453106,-0.4767026473351174,-1.6370797267587465
2,0.7923603468424629,0.9676154991865706,-4.205161341688722,-1.6928665315328295,-0.3314056780115315,-0.6298753399392338,0.8673860692798172
2,-0.971309783001421,0.03499881367428987,-2.2559364504035067,0.06160472367189258,0.13990345945333216,0.10660747571139825,-4.562593594781267
2,-0.5833225007582657,-1.777370605706057,0.49998208343487277,-1.1202967088723115,0.2829866924124278,-0.7883852644813187,1.10753007265712
2,-0.42472242450152975,1.4551248920271536,3.3473825043439294,0.7605091459528674,-0.6729675641447916,1.4814620805280252,1.0765277117589882
2,-0.8170829284080583,-0.41426595597057947,9.44299324426846,1.5499605516604733,1.3091061971339115,0.7059789291520286,0.7166675274217728
2,-0.7333799128353933,2.0721213409160155,1.2687435780168013,0.006143344297501337,-0.7482035387715438,1.7803604957017856,-1.3371191036740968
2,-0.48569544321961977,1.0573903466534427,3.752709617161369,-0.11252489623214096,1.0865198626739458,-0.3520102894875786,0.26581141449153317
2,0.29270416209774236,1.0274080786012454,-0.2647799194393169,0.5102027563204534,2.5186652417667483,2.1369149538729504,1.8799133526502823
2,1.9507694804698414,-1.8959123322166864,-2.2466586285483734,-1.6152628815443368,-1.9043140676128028,1.4275546692482242,-0.6420513901681182
2,-2.206633796532138,-1.7547162844407709,6.788496031000514,1.1521174802233767,1.6037939344886563,-1.3170774283519124,-0.2947013515946036
2,-2.389693188107425,0.9667769776921569,2.4063722436523776,-1.870899421857936,0.2326403116212922,0.7078061938026092,0.11339896061704251
2,-1.099458361520268,1.2764835661407135,0.1157833334258479,2.3733054256064716,1.9981113201525118,-1.038626237231788,-0.49597911747706414
2,-1.294194448467593,1.2255613755943575,1.6345810762144766,-1.450806327492123,-0.006577209513196978,2.237281247415798,2.0832776020747383
2,-1.7565194642030664,0.8880840736204475,2.658862659906597,0.6628543394546321,0.08616865518937357,-0.061978883820932966,2.25079309265174
2,0.7009376767542776,-0.32354717511180037,-2.5761848083895384,-0.43192594693842445,0.0507861671565142,1.449897706667101,1.7577313038238567
2,1.1425455723101376,-0.0275025891782662,-0.012086357252366564,-2.14257201885271,-2.2029073758997098,2.748488543789294,-1.9019255640846988
2,-0.7791932699791995,0.9445091319956841,-0.051253738305869156,0.6817622007679773,-2.077542860148939,-1.1290085269969714,1.096974016140455
2,-2.0066784279600802,2.561027999432138,4.9940299372777055,1.51566110498586,-0.7182843961783717,-0.49879442821926984,-0.27411109103703485
2,0.9739471051709278,0.474466379233555,3.2373577957486392,-0.6170304168251659,0.15425085612429676,-0.7186333455865953,1.1566746021996215
2,1.6103724053645145,0.7694145726134866,-1.520036441291314,1.6297926092819337,0.062375276216427675,0.41583593457895585,0.5685423785650924
2,1.203730762456515,-0.5160486969566324,-4.310523498781555,1.1326556062411994,0.3231521453095447,0.8102693042559821,0.5055693137280483
2,1.609978102712101,1.2064198577091418,0.8568248817952295,-0.0874264821122542,-0.6170306658558592,1.268338373949102,-3.678345369666795
2,1.0333981624592095,-0.5420112639071476,-1.8179935140611967,1.287299745786906,1.8804354698701164,0.9189699445746179,2.238442597648031
2,1.4703579915684213,-1.06760164019485,-3.7706468808956877,1.0806234739843712,1.5402203561042238,0.6213789494315742,-0.02251380279429743
2,0.4700578921779709,0.703856441398688,-4.028477164100021,-1.018076534371169,0.318889316402421,-0.7944132691744229,-0.3442062629737133
2,-0.14571181138887587,0.49690448729159986,1.5381499519344142,2.2732303075195306,-0.0668602279363846,0.1194695258796427,-2.141130370665095
2,-0.8390498785907018,-1.8435751601739445,-3.2163098792574973,-0.38124161937522194,1.6175988853438779,-1.195788402332875,-0.5521737113576926
2,0.6351458310483226,-3.653866418848679,-3.1553234332973954,-1.6746052661254536,0.1995608866994562,2.0632904191007957,1.5962747910253716
2,-0.6796266623639088,1.7222211734759993,2.642130291278203,0.44004153041417887,-0.4952614904186452,-1.363836765476318,1.3107698265863987
2,2.4041861141497454,-0.43635570820936653,-8.470388130056765,1.562524294837302,-0.7234932624412326,0.5223950200193943,0.08554825343107521
2,-0.6746051575833683,0.5317851412874695,6.153316663362608,0.063847941920972,0.030282770005599292,0.518992952500314,-1.4154294250008728
2,0.4872005965379004,-0.9007389202783881,-5.555766627648873,-0.5370956799301708,-2.321242972126125,-0.3686427658934327,-1.2078945017206517
2,-0.32761497567664366,-0.0772475838496192,-3.5162308250962315,0.7657035663702229,-1.5509891561182323,-0.9709557502438696,-0.5088955917121706
2,0.30780895289003407,-2.219969410725967,2.6331708093917365,-0.03986258493974887,0.5627999085227867,0.4631730995034251,1.2141333336640656
2,-1.3210392090678573,-3.077174575786681,-1.0090141940420048,2.040858182262368,-0.5185852123891659,0.5570436519945451,-0.43025758891073834
2,-1.0203836437185156,-2.726196529643985,5.923451513842787,-2.5428091722473254,-0.6502735503516791,-0.8355110449217703,-1.140739855956105
2,3.2633627225268356,0.23168654147270565,-10.714733758673963,0.6184699491036654,1.7911499633773609,-1.1457233046424535,-0.8240079822776057
2,0.7728663024163828,2.049758371952944,-2.78874171012857,-0.28275723097384625,-0.4481132797383746,-0.789004890618737,0.545639778625746
2,1.616413870928129,-1.467519200642449,0.025304351602161046,0.28552988577994065,-0.5734162282023378,0.15110309301949781,-1.1764946954212074
2,3.2188118314923955,0.8402069458022194,-6.871429103024465,-2.203216458909928,-1.3279395287124902,3.291225791728432,1.3987344614012425
2,0.8716440974373073,-1.0455824869156296,-0.4528513588719689,-0.03679977977181284,1.9903608358964555,0.06271986974029602,1.6763347658359167
2,0.4352039349951513,1.0027973935272272,-2.2555795845735704,-0.7035565772888264,-0.8468733189068858,0.9994934811797248,-0.763466054930892
2,-1.1584829229790443,-0.8205214320869483,7.1139294796522226,-1.7810827320880835,0.28946929923455633,0.6575068182065019,0.7439582710065319
2,-0.7243308848462381,0.40142297974027336,4.1406787802352,-0.052954753408389246,2.4646160471072873,0.12392981410986575,0.49393703053971
2,-0.974772843865537,-0.5822678931175308,1.488088987347301,-0.6902307937767924,0.46834914473135264,1.4066054774356558,-0.6992023430089569
2,-2.0906772747984412,2.087688530545669,10.866034042261814,-1.2618475844415016,-1.4189443970855968,-2.0132792632697067,-0.5914702735008267
2,-0.20469608667383804,-2.849688791338513,-1.34501770329831,-2.3727541194607595,0.6839210163274917,1.9312016488701045,-2.2152619088074545
2,1.4295163811339255,-0.33472339862816824,-1.1544347970557598,-1.0113185998569183,-1.8911105760316618,0.8062376181508696,-0.7475156349429437
2,0.7207013621855831,0.003650221396917112,5.20173273005677,-1.1675303191601587,-0.06833214578559683,0.0250471981474186,-2.1992552741858566
2,-1.193700213569564,0.8139752488979854,0.06294907383389964,-1.2598015686047097,1.64420657889175,0.7853321867044593,-0.3304984029392056
2,2.826144161128904,-2.1064902795024723,-7.933976120555924,0.6068339037414315,1.6102421418390904,-0.8370849209639586,0.44301509439106607
2,1.2556706024258169,0.3855528614527562,-4.5678459223570345,-0.7961423018470383,-0.3089326613671521,0.5208215334842894,-0.7938419725631759
2,1.4511876570854048,2.3063665442364383,-1.8106549501229139,0.9341760331153803,0.7673491992933739,3.4789435193308695,-1.1375002231980176
2,2.005349295637325,-2.477791223224548,-5.6376003913664565,0.1372128039512399,0.6443076146029446,-0.990013905979642,-0.3666393182536027
2,0.5399007116809444,0.7558246396459191,1.675268160236706,2.0346910161664207,-1.1977794562754362,-1.2450935252865816,-1.0849713889574626
2,1.4046441443670536,-1.2286881905886788,-2.0335785224227916,-0.9676208342957291,-0.7024513083250317,0.10833101593098196,-0.48651512829308746
2,-2.957788026709267,1.0591605220807299,9.901808798939506,0.5777678819142464,1.22316496721525,2.8676177832324523,-0.08044385111017259
2,-0.48253176258210995,-1.919620448157107,1.2889936723801627,0.28169459649065653,0.5067353159661321,-2.5323262348804785,0.7628358910273906
2,0.8865246741948335,-0.5343305462175232,-0.2755850258853205,0.14379182724763973,0.6824825354533295,-3.1465375445621535,-1.2452820498421673
2,-0.20936266193816078,0.6839412739230134,-0.9134260857324223,-2.4852176703242823,-0.8289419224370295,-0.6402090355603678,1.162336524716481
2,1.9466187747480055,0.07597896775167147,-4.989296014662868,-1.6881630666669762,1.8805402530477733,-2.209236419102321,-2.537786369375593
2,-3.9039864529321866,0.7374805909424523,6.580015387452895,-1.7999147397945203,-2.1955711184052413,1.4910434760798361,1.5699562258557047
2,0.5483648951896478,-0.9498114846190412,-0.01318174812719694,0.5599707880789143,-1.356300291043336,-3.2808531443345634,-0.8938685444267341
2,0.003566432476066028,-1.1862015320657753,2.071143211143408,-1.7130710027009883,-1.227486903137535,-3.249455939499018,0.8772538078721797
2,-2.0183947153455764,1.9598191923517418,4.318706562318646,-0.4760419494271388,-1.8420650265794993,1.0046454570840033,0.007946610776529087
2,-1.620181312284716,1.7825949814794373,3.020594222928179,-1.6398261953848983,1.3423445893131152,0.43850386443932393,-2.570045620525721
2,0.29998807012118256,-0.10501989667732989,0.5009601282633533,-0.2717311890478324,-0.5137875991262681,0.08685578490263794,-0.7878143756199668
2,0.6168133700325813,0.8031844019706148,0.8374770768940477,1.1580015427555568,0.23403352063917018,-3.86670456595431,0.34855956779571795
2,0.06092795410879556,-0.992296227804062,-0.700026875994751,-0.24861865587332957,0.0002962134481417941,0.6366052522840238,0.7527438913365133
2,-1.535272360784085,0.8070599893876784,2.3972482491338396,-0.8540069950357891,-0.04997247257215268,-0.16561441319081527,2.479874971907908
2,1.384555184879138,-0.06521939610851579,-3.371597628157022,-0.8208532136654746,-2.8838141403946094,0.8553361103368986,0.8521657588182664
2,0.8010989689469523,0.7931445583681154,-0.7739267862453565,-1.0670400642786324,0.7592510632079679,0.736144908698028,1.945548778164471
2,0.05231059441233854,-0.932186193504007,-1.6153465062734669,0.7508632206767271,0.4666104736618522,-0.20852529806865483,-3.4143911378121405
2,0.4813268619689878,0.5766413591420694,-1.786050119657416,-0.08166526594424767,0.8733591685697757,-0.23198036012737053,0.7381931396464296
2,0.5835687086817899,1.6603924101131557,-0.7463339000728612,0.7393098713205177,0.7271795150666238,1.2516641028789233,-0.7464772432960114
2,1.1566875723866321,-0.3881995335343578,-2.778952728867833,0.7993222979512193,-0.2540396749584734,0.9003096659893185,1.7626884913649448
2,-1.789064406385902,0.9310024363439935,3.1102309558059806,2.2181861849375806,0.3930100369693275,-0.21829202770528267,3.811014146204232
2,0.01501836602152741,-0.24057616900351678,0.20525122810766966,-1.4321178919998396,-0.23295036495515578,-0.4789247715938377,-0.5939831920877874
2,-0.03356021174742202,1.0381519731671045,-0.42124768867852014,0.6594619800395515,-0.3505634238398822,-0.8950527883723178,-1.327998193834073
2,-1.1987249101955928,1.6121818244071418,2.495493880346583,1.1511129749653386,1.0095718218002618,-0.9006487891010063,-1.1500034691268193
2,1.2791936548607628,1.0385454017681015,-4.282187405863893,-3.260341786460627,0.43500976896058435,-0.41379810872263756,0.6552723530089566
2,-2.2175458715489946,1.2872991433722252,5.426218554975566,-3.4134442961262517,-0.17659875825986363,1.1341677000905548,-0.1585827660536543
2,0.34143144366849176,1.2828013964089162,-2.5425630932077907,-0.1760122768783292,0.22630692912031822,1.6269664486361255,2.1334504141800448
2,0.452446501083962,0.6398316201101837,0.8445588943980027,2.4398969435080944,-0.3086368051031985,-0.164324894424772,0.8152163703908024
2,0.3834693622651747,-0.8033769775884245,-0.596457602070587,0.7006720621722906,1.3090978248481073,-0.0727029991632086,4.413695874531148
2,0.3542417856116242,0.8201887069933028,-3.066387165986264,-0.03847249678192855,0.7021354853512983,-1.1774979072932814,0.5066835416207773
2,-2.920371576249451,0.3949594848098925,5.683489164401326,0.47991824199298855,-1.648534988393318,0.7112970035675563,0.3486840048558429
2,-0.3656388230570062,3.484497390337129,0.06814521115445021,-0.0536567375427917,0.17336193632594582,1.521631473516609,-1.1123960382421125
2,-1.7854407810925834,1.8049199715606257,5.89010374445881,0.7666895458734215,-0.8408345862466045,-2.14719454956522,-1.3556814347197508
2,0.9259394444339045,-0.44505184123476016,0.3952871258586137,1.7367020211295996,-2.5742793221090063,0.2424249344892552,1.1370776144161359
2,2.167101573294753,1.9242510666374317,-3.5751488378504774,-0.21509030423897954,1.6675699588430433,2.1194404628945125,-1.6192596779271078
2,-2.3196682556928363,0.5155978047631398,4.552969030401915,-1.020355466334575,-0.27315867491892104,2.4607423057823077,-1.2500736787760198
2,1.2766234541274832,-1.814673599688145,-1.3944625887623547,2.768339257585626,1.5105368833855948,-0.48443004353657054,2.7239018543861935
2,-0.17147241424023676,-1.2196332482582357,-0.23670764452873375,1.8003015756439407,0.4479199168581288,-0.3089203671031669,1.7695208574495005
2,1.925343719289315,-1.0293489514075949,-6.782173772684832,-0.538467075781201,-0.764044798360236,0.05773633909218705,-0.2537142576321504
2,0.6921874980663107,-0.5913334020980174,-1.97816778372613,2.4785186362570384,-1.8371369874855812,-1.7445267852639397,2.6257259396574772
2,0.5461993826903712,-0.9467701291848115,-1.7806250470603275,-3.1578011103363712,1.4080824328771973,-1.7907827991559966,-1.6918157659408213
2,0.06522843377268184,-3.0450014371360905,1.5211872177441368,0.8069427462657628,-0.7199639904041376,-1.8171875086022475,0.4294923287075323
2,-1.7674078097195605,-0.1597700753797741,1.40487407605081,-0.08281626687590814,1.026866752543294,-0.027590846374747503,3.1864316323618853
2,2.4584132515130626,-2.5333062418099908,-5.062270449639328,0.23356264342829272,-0.08115278292542025,-0.4694278235114687,0.5109651523697891
2,1.5561105035342733,0.32143026163791605,-1.6880295363714177,1.075849780080918,0.6310636085994857,-1.7690440295343006,2.1388838706831717
2,-5.752622821245528,0.15162780833311512,13.13954702373812,-0.47123688128743363,-1.0006275765884987,-1.1079409537592937,-1.0867763089505567
2,1.3523247318790172,-1.5692854868271884,-5.507203327485702,1.853632800451762,-1.801068060092005,1.5483415159179765,-0.9651727101218855
2,0.33267925505215634,-0.32599010913539755,-0.8058922550252654,0.06036862038820332,-1.1262922477142425,-0.7826416843108869,2.3051953434438714
2,2.619453460209551,-2.8233946614008296,-5.075138236953386,0.5591997706221438,1.9140434007451506,0.9778024945708979,-0.2838693980714557
2,0.17149375464585842,-1.3659251857141959,-0.7833380680818085,-2.641295433842066,-1.4293755535708612,-0.9850029601709029,2.2606046697482958
2,-1.2458436352200701,-0.8664314870532154,0.7245131070226348,-0.6610705639184973,-1.2513139497540695,-1.5166998263638785,-2.7909531919064516
2,-1.4829321761789844,0.4418790893501268,0.8860353655552431,-0.2923666678499611,1.5469468909625532,-1.9151352056909907,-0.41125425196908955
2,0.6414984151951177,-1.799148315513679,-2.0084887549410233,-0.6722104361638708,-0.5960349206618281,0.17959124469140356,1.120834415323324
2,-0.36888023015580895,-2.364406545171369,-0.025327292235786364,-0.5490009268712304,-0.15890636557983828,-0.9765954757037396,-3.1782325207668753
2,-1.2045371265978604,-0.3178840517054403,2.8281601235709966,1.4082038351312982,-2.775811350335983,-0.23209358202490768,-0.5460921421758637
2,-0.8978019104641821,-1.1777960904095663,1.9110939318268831,-2.213252936246311,-2.3510780937657647,-1.3057045902205697,3.562793562002385
2,0.31909096437438833,0.1939803777102429,-0.3479836984888727,0.4361409807526958,1.1689942757539677,1.485398253003221,-3.592547824280674
2,1.0245500763094137,1.0042959091148997,-2.361102168700244,-3.0080553835552286,0.5028228249194927,-0.1462456703757493,-1.1353279462851364
2,0.6045557805716497,-0.6965044761359498,-2.9917507255919924,2.875652685660981,1.166483125749916,2.4592522153001557,-0.9361660445491976
2,0.5214587026808032,1.2442333399267023,-2.3469421736589613,1.243701128727469,-1.198579689017786,1.530067171175705,-0.34319322206010205
2,0.6514193414540079,0.10352697648287716,-1.8759975315238548,0.4642568135108898,1.093371931178639,-1.1576279280838617,1.6022643793961513
2,1.3716040384199029,1.4487559926613194,-1.4519395832771416,-0.36422032398670035,0.2813066740139863,-1.4753653085346592,-0.6223378199098494
2,0.10799273583210639,-0.6754700056460304,-1.7619703672322826,1.229876142319774,1.164348686361548,-1.045405386671829,0.9982635289777929
2,-1.943513692018087,0.2051709496381549,3.207145552684185,0.6867905516701616,-1.8222375263341892,1.6432614397556051,-1.9880331131929943
2,0.9787159784268774,0.7100613702321081,-3.8300261765527193,1.37897261737588,1.2666565992544572,-0.022156450911659114,4.000237539878912
2,2.304403657535332,-0.22202062481281587,-5.217540789159436,-0.18720486845077466,1.3666920853177922,-1.0545486008523708,-1.0688042398584008
2,1.3811198806589087,1.0074454863291202,-5.348449385926997,0.49686806437421605,-1.7596653481545037,-1.9350708969804795,3.3133630588414524
2,0.7056638193219751,-2.0823351768975877,-1.0820173012982568,0.5238958240356788,-0.777253359564929,0.4571601011664904,1.36737902871642
2,0.44132498163054934,1.0554054456959996,-2.5785809341720154,-1.469140251876334,1.2760345503756454,1.1511791308795936,3.7918403735657686
2,-0.507501254909116,-0.7647076221818698,0.3092413206920303,-0.9893392570603626,1.202558337325852,-0.18261977827438144,-0.18014550629313797
2,0.9051767834344902,0.8100797225473014,-1.316995210851129,-0.5276868982121203,-0.18424327043648445,0.19022050042196284,-1.9134129858118833
2,-1.043432462196056,0.05558733908115833,1.1204505027411926,1.6716490116143325,-0.9322428641074139,-2.6280492527091512,-0.8781478514193292
2,-0.37410379901821555,-0.9350756501116628,0.9515383601478579,-0.23484135977819753,-0.4361311890368852,-2.051754828330025,-0.7217952070817334
2,-0.16012399136908767,-0.6183018475651173,-1.5204067159217953,0.385340660666618,-2.036354133953728,-0.458130540432364,-0.03367208897317435
2,3.579778487677416,1.7486120908746892,-6.134717377593075,-0.7018031424507001,1.5137329745254158,-0.10484060486923473,1.0780504615111879
2,2.1566964282978183,-1.9815834814972648,-6.472582656156678,1.0542201221080245,0.00408703445567675,0.6239793790483783,-0.9827695470604352
2,0.7349085234963311,0.5004333670697019,-0.44846881152732193,-0.32081738439590135,1.5015169806121722,-0.7962212469827346,-0.08143731354210397
2,-2.8455907042442075,0.5546925401903358,4.7492973598465476,-3.445042897873641,-2.2765219337832443,-0.39702699450005674,0.7622731366820589
2,0.24181047963118285,-0.7135870710220004,-1.7500070104435663,-0.8101713032187742,0.7540141679072312,0.15311122207176228,1.1932984631242212
2,-0.7815845777496297,-0.6617439901345269,0.5073840787317925,3.0700216625348404,-1.7319980254971388,-0.49729275026431113,0.0036178227720997315
2,-0.322577687519018,-1.0039076515583532,-0.3430794943317198,0.28262591146151744,-0.2044323186312524,0.45276764219388266,-0.6010060240702616
2,1.7104054303191816,-3.2758225460405614,-5.199141027009741,1.0255304785365547,-0.7793990070953475,-0.6215447435628727,1.8979505095682543
2,-2.3749572624183393,-0.835439541731694,5.592781321130726,-1.7980561258646073,-0.8640456749916684,1.3224873695419606,0.8010111144958832
2,-0.06560276630939321,-1.382562604634802,-0.4354458943253661,0.11348280693437787,0.7389854476036027,-0.09342266760822443,-3.3094454225753025
2,2.554800934100317,0.16822448508121735,-6.855140002859639,0.37956551435073954,-1.6657122844746701,-1.895623883412855,-1.7008273419669395
2,1.6892935695828353,0.331737456378911,-3.9181876423749817,-0.05750488308223468,0.12291905325348791,0.5903663600690744,-3.2490731196293514
2,0.39356188075074056,0.34322622258430435,-1.2267884247138847,1.3806658200743418,1.5259922975255273,-2.0209406264907113,1.3019498167897432
2,-1.3174315656650255,0.025525571636187842,2.034662785793193,1.006723106798108,1.459831898018226,-1.0245971066977164,-1.8451410899651435
2,-1.1446923350307536,-0.08285700130939225,1.3139595950098748,-0.0031982111820178754,-0.5391968477581417,0.47868152571699,3.738047043587636
2,0.791933723554349,0.47443196132290616,-2.3861249504972997,-0.2765362018878899,-0.8108966410631665,-0.7932319497628433,-0.7783805547914386
2,0.9793749495320987,0.002555905843914556,-1.3582218547632687,0.4285741216632834,0.926663426667131,-0.8015374358144961,-1.3691984984595338
2,-0.2960603915694763,0.5974098481414057,-0.479473199012337,-2.9049945275331255,2.15263740504466,-0.10758880868352919,3.42203751366752
2,-3.2768816631420288,0.40189855351970855,5.721377981415649,-1.661288681226991,-1.0680347983433616,0.6947744609834852,0.29345404736652053
2,-0.1852470815749533,1.532047003982535,3.322168149459312,1.2980063575385261,-0.03814154803594534,0.61297966020207,-1.8076500575391
2,-0.44465745939139145,-0.5095881551103212,1.9702966149243777,1.7058066707509107,0.07274035325777505,-1.3003567790630135,2.664836136868092
2,1.7391812579663348,0.514399108461695,-3.527750404722895,-0.2507789274623396,0.23604757493177883,0.19488750797992593,1.250605278846017
2,-1.0180503074061162,0.2220997350296213,2.3646043784235005,0.0068898733238514165,0.5694952103880078,0.5313372941424866,-2.4051772653072434
2,-0.401491299235786,1.1043194119323494,2.093125146195933,-0.13344846805412358,-0.338302154260514,-0.41422459937524464,1.3003028308263118
2,-0.6129085734204642,-1.950301615996103,1.3808530998861315,-1.464343035757964,-1.430145749897124,-0.5245686070531662,-3.6495507440160764
2,0.7018155807683732,-0.4656799302194965,-2.3513942479413137,0.8012622969965282,-0.58318439122302,-0.38142445105249906,0.266876980340044
2,0.09009827616194632,0.7989736891433389,1.1229403475820714,-0.10225099198739647,0.4460982055751708,0.3430291102244962,0.3232336221775854
2,3.3951761218232948,0.21789739803174635,-7.5735444792849345,1.2984884434505446,-0.6989895355995801,0.04608936601871814,3.7886470510511243
