,0,1,2,3,4,5,6,7,8,9,10,11,12,13
1,-1.9371078406735387,-1.562494078061615,-1.3982609146790963,0.847485770781571,-1.141633777840188,-0.1958824383742814,0.9489660497682941,0.5590451933955168,-0.7060669370165809,-0.7833065351736423,-0.04497543248337963,-1.8540678350401643,1.1399166259755904,-1.088154803154455
1,-0.08111120483318146,-0.7654758321691326,-5.068099399364526,1.3201981433180652,-3.274675315702613,-0.28474913862771317,0.18168144844698242,-0.17317195697021368,0.8549810916030633,-3.4118219247790553,-2.1336768449204264,-1.0347935487445838,0.32444258609668847,-1.1194822083246925
1,0.375877397899352,-0.06172217175357636,-0.2959819840893304,0.44811255695538244,-0.8365831007702773,-0.765359262521393,-0.3630469788230445,1.2471277895313182,1.2274517047798263,0.8040678933712241,0.17541868605702512,1.1165100307765166,-1.9968920003229447,0.594832784415668
1,0.9774958265215952,0.38495749269550783,0.7386024498461389,-0.43122085880632804,-0.47019386613008374,-0.73128109597415,-0.07913784109426578,0.18421084430754728,-0.6514298727354528,0.9050945946998258,-0.23276377912754262,0.15579572326901187,-0.18290545411126788,-0.5839215499651846
1,2.2527968126844464,0.8655586235441626,-0.021214985758778927,1.7048514545981472,-1.1159917780016984,0.0587095506660035,-0.5236092938084298,0.32518835435348464,-0.7258593854519332,-0.3835596791773978,-0.702108291228157,1.0303205399873254,2.283416312618751,0.5213272485202046
1,0.7089248627551407,0.6490045583334197,-1.6688155982202106,0.4668426018924456,0.32624240908595037,-0.4328835936562625,-0.5875140628391321,-0.6340916021938804,1.1045147674905642,-0.04762800154567359,0.11519993525047127,0.7898440916466303,-0.5733116984557955,1.1621879020982913
1,3.1491519193992743,0.8846009930573311,-1.1828150529683845,1.9382367363628148,1.5174195973127682,1.3820798834415968,0.0007588646056701435,-1.029156192208093,-0.6952575214278304,0.014870498213455817,0.2633756456174598,0.325592341920226,0.4262680615396308,-1.1400101654688202
1,3.882473244136483,1.762310148320296,-1.884424119277385,-1.0218767899738435,-3.737728364695576,0.17572375708908952,0.833531048875034,0.8158801176712055,-0.2823681502619539,-1.5450459408378807,0.06375013537757498,-0.6678264710881586,1.1170784319893445,0.4020340856617812
1,0.7270368259113734,2.1386540471088806,0.7441859575459135,-1.1135747066807644,0.8254576784647819,-1.2892422821537213,-0.003671767485437664,-0.9091132590313618,0.7696097108391003,-0.07649322725407426,-1.2281370319427984,-0.8181787443550621,0.48376364465836635,0.2572282665519146
1,2.471465801584606,2.7360916147191623,-3.165732184374207,1.8456897016816605,-1.267380695780664,-0.19898633393181045,-0.6267849899439554,-0.5464532094747165,1.051651893051004,-2.2778913284852638,-1.0556185975439396,-0.12869834198296673,-1.500419349562389,-0.5742178912935263
1,0.4991145854645277,0.3417564039731719,-0.9463473773937339,-0.643140313693158,-0.8133093165844052,-0.0822329898316841,-0.2282276731455297,-0.8578880503156117,-0.6327725387741663,-0.7558625771480256,-1.0294197245710106,0.4392018569189269,-1.8467011412797714,3.2802460307325454
1,1.4111585169115262,-0.33194583265149874,1.5744891944937094,0.48687716634324907,0.6167841969828652,0.14167398401179082,-2.3159407401599523,-0.9950442365523641,0.005480229761809912,1.3310450784931127,-0.3401690546713441,0.2617361858234618,1.2683259779143934,4.0484573875450565
1,-3.4531285368326885,-2.161410246959017,-1.7347683315135571,-0.21026958217953115,-3.4678161843521034,0.527764212604001,0.2688797098337948,2.0821837493768633,-2.112145716892889,-1.6212022058096414,0.9672173860248052,-0.09348751236480372,0.20031267127039762,-0.3700736873097223
1,1.5423316229620307,1.4007933177076093,-0.4636033745104296,-0.596613554555115,1.4102592020476046,0.6122958371281909,-1.9705244492725276,1.7051044664326886,-0.49796657563328184,-0.3945228297971193,0.9888473383169731,0.00949578549569959,0.3101918841292131,0.14766551451517881
1,-1.9333460996857132,-2.4649740652367194,1.9333141459345655,-0.19365361851856117,2.243418159533798,0.5497610182426076,0.06955430059236671,-0.3621297946819998,0.3780413440937954,2.088440449724814,-1.4978869088298703,-0.3355242639581196,-1.0761760625313972,1.9758057464927314
1,1.9288806057945256,1.5199696010924773,-3.9666530708637358,-0.49636666043589456,-4.2207536618180095,0.6015941329544929,-3.154440499263248,1.2152109880974353,-0.7103866024956941,-3.3479686998833755,-1.2471416197093155,-0.7201516337394036,-0.18728081140512937,2.5454322819123467
1,-0.24735081931977881,-0.13882873361669334,0.14929810127968765,1.287387514044582,2.902202965788914,-0.8590150599273102,0.811415536296421,0.6246344668519047,0.34545797156221314,0.6634343079660023,-1.6112162035991078,-0.7230331945622293,-1.4035275215216252,0.6406076992848827
1,-1.4620278248963632,0.09187098579262643,4.671999239973706,-0.3003720269970962,-1.2056296296745646,0.5089663037968171,0.7724846237891916,1.1320698545602592,1.8158539437248062,2.2500471114639065,0.045448712671993845,-0.06331503218263816,-2.4641985545475817,-2.3568769916299095
1,2.4850626200439074,1.5203645512804522,-1.4654159314604016,0.02815134613528565,0.531178053959024,-0.40284572332828056,-3.0065057074468746,-0.35413047373596335,0.08145138884428912,-0.8306763813617957,0.4349669571256812,1.0372254550974447,1.182654670438566,0.390979669345298
1,-0.5449213233698729,-0.5712204487638829,-1.8433944267340503,-0.2772111630205595,-0.38965900929681013,0.061731252778430064,-2.256800202992269,0.43982917348280254,-1.5720197521326074,-1.1812258405877092,-1.253761852337906,-1.5544698576870575,-0.7448600816648588,0.4896182769107595
1,0.5426760977605709,0.16447513670628927,-0.931759603715417,-1.4853260224043199,-0.08728926186759647,-0.49329205979074153,-1.0711708932786383,-0.9825849920288966,0.9729033942299358,-0.613005177140719,-0.8974560546300477,0.47344671050326526,1.648492522955801,-0.15405687805756432
1,-1.6360917278584426,-0.5455019693450337,-3.0786530345132226,0.5798246786967426,0.028612231408727734,0.9759239707597954,1.1269733838063787,-2.004353420839985,-1.742021100029291,-1.0200379370487527,-0.8176115028285167,0.4001114760827103,0.5364286656669761,-0.5898721412233705
1,0.06364912006373075,2.319253832678661,-0.9240258018770543,0.6858231770794577,-2.3418290003078805,-0.40184236306382304,1.035179645522314,0.727082568998348,-0.0875164495480975,-1.590757524681229,-1.1611304241587113,0.2882374482684543,-0.6186170258770107,-0.7834017992416834
1,-2.399089068622262,-0.17803742710604983,0.8738835647834045,0.5365181554408174,1.145795447766129,-1.0057643957735407,1.7938344600615796,0.40830789385264604,-1.3109017268061183,-0.16207477017703295,-0.6336513871409506,-1.504245954049226,-0.8812396718573859,0.11901772431913478
1,-0.9211788268268605,-1.391239473506439,3.720303625660903,0.14157826148690994,1.2094514664585816,1.132712345623252,-0.2542124755565186,1.3821419148380827,-1.7267653618525391,1.8043019903592383,0.5417943244455713,-1.8195306817925807,0.7772057400643404,2.078264520085593
1,-0.2599203692388,-0.2691606180209021,-0.9236852332258438,1.0653725719771032,-0.7477078321223163,0.3901791525196651,0.5922604781343594,-0.577351342971524,0.799795509236635,-0.49179289500518775,0.13240551860223845,1.6354847900093419,0.40771618909388785,0.18484584442297672
1,-0.18776595566671658,0.38037453156140694,1.4215716799917428,0.33272559313946726,0.22901945776573254,-0.7926074315408632,-2.6493902809003473,-1.11918727084497,1.6280128108408518,-0.03232335559239237,-2.5212880093214682,1.3053632512167042,-0.5245447006656535,1.499216556734889
1,-0.6822263840472057,-1.2645712776699967,0.35359619337247333,0.07709150485574609,0.2638109759790879,-0.7168551744775188,2.2297565622335602,-2.1993698080644566,0.37940302782902097,1.5642428205161074,0.20751580998421829,-0.2321906525254703,1.8570591746251093,-1.166983322995752
1,0.7562707331424073,2.251154589895716,-2.4600747179018603,-1.5399939481126999,-0.8136171995485688,-1.6042787182986114,1.8151949813652113,0.25320977269838074,-1.3744413363545271,-0.0956922550077746,1.2515194406198165,-0.2065576200892344,0.10909900203816827,1.0684503480488219
1,1.53579120503867,0.6357768487552019,-0.6141501518239804,-1.3411485619983616,1.4187692254580997,0.6707409176158076,-0.539019498148569,1.4128781294051715,-2.135608981905878,-0.41580539455186827,-0.7352858095083797,1.118900708093553,0.6621620507684328,-1.8868574408531902
1,-1.014763619624592,-0.45798101082025006,1.0999354869387763,-0.289108343483936,-2.1095482491581454,0.010633152346407968,-1.7757201140749623,1.2083920785281699,0.16838807537676515,0.2931948286470148,0.1623502322724379,-0.24723425733459822,0.9595740586774414,-0.9418649175545514
1,1.0755693433912097,-0.8907257006605888,-0.9644117002980216,-0.1431224836875037,-1.36215553148578,0.40661388271493126,-0.38054868042797313,-0.4682880689682567,-1.2373744409166403,-1.2709935133290695,1.1805023431047912,-0.7921997901936415,0.4586589645030758,0.5769752488346456
1,-0.8460588328414232,-0.6192615771453293,-1.342934533795669,-0.8109204478549037,-3.2639264398391505,0.3708060560329509,0.6704493202439747,0.5862878785016056,0.7453374012776592,-1.868588434497912,-0.6642805604287975,-0.3134829267507112,1.9252054891725974,-1.1382024245452833
1,-1.5639441431210275,-1.1319807656941623,-0.6578752045377325,1.0029708062599685,0.4192235245031371,-0.5969275415773435,-1.5638202383702182,0.9008632225151094,-0.17915425356704265,0.18699980313462305,-0.8344058756530132,1.28244103706635,1.0269957628745578,1.9316217543913
1,-0.0323580529933344,0.9923444818142538,3.7451941045519055,-0.10514118204582908,4.170329685375696,0.794789252187664,0.8900014233651549,0.18899168225378915,0.19453761693861377,2.85726409592607,0.3816852277369376,0.15774986731857227,0.7663845974013009,-0.9415742117145265
1,-0.3451737990244907,-0.1556447182851489,-2.5337044264438005,-0.5212681379065259,-4.3397423216542395,-0.7623558835006187,0.8987782645753734,-0.8229024828587441,1.6531565945098516,-1.5865852417678759,-0.514467459287937,0.4247076717535642,-0.6363666504888108,1.637949632110283
1,-0.009868853669317246,-0.5699482221991413,-1.1279074441897379,0.8450461910835529,-0.4986612006195109,0.7695280114387748,-0.690439885421035,-1.0541948459836754,-0.19331468098415194,-1.0402139710131366,-1.3317952863779088,0.1721999537062113,-1.2232506576236426,-0.12179522143185237
1,1.725709892120925,1.884668943557074,-1.5897737998000128,-0.0816633856839323,-3.715214934039129,-0.2423216277814878,-1.62624319221007,-1.8402667921840596,-1.3762613222350266,-2.530494558046565,0.5714289491677805,1.0478037721120996,0.7844819974028474,1.7864154506191166
1,0.5270473204566295,1.1115514515316596,0.5068659448305418,-0.19939550376987644,-0.6092017403695222,-0.6571830324352655,-1.2045173791711852,-0.5817329568340264,-0.21374854866019188,-0.9862450705775985,-1.3989948906127776,0.3255009046079731,-0.7054419625442576,-0.3156546142385761
1,0.5198231191451768,0.6946963477505704,-3.493268465599662,0.052020783061823686,-4.792003168880751,-0.07630072557120299,0.39308324276230305,-0.2524778043932025,0.6293756213166074,-2.0768665696598005,-0.9013589359113124,-0.16770918773327517,1.5349554594827142,0.2464442154002403
1,-0.273031610846543,-0.440821835848592,-1.7103953577949813,0.2053326054749194,1.3841947879547514,-0.4101972631047714,2.3820185165019416,0.06670405635881259,1.0411860830938788,0.6848812322512337,-0.8609959873440205,0.10094541930185381,-1.425835318651427,-0.7084271563333538
1,-2.454603645181041,0.0772136429983067,1.4777475555897064,-0.2123499764741966,-2.022599587554734,-1.2427611683904618,-0.6476586646769333,-0.5235807649877635,-0.2834051739893273,-0.423964561990997,-1.7341269383418332,-1.0150736470420485,-0.3308419760407955,2.52710688736237
1,0.7585041983086883,1.1892782727540256,-1.3850410013276537,2.107422512643604,0.19436562640179414,-0.1710724332781286,0.317934996426099,0.421084045756561,-2.2118525119761343,-0.6293538373441755,-1.1548286741131053,-0.06506235010797255,0.15303382360028547,1.375335273138734
1,-2.0011636391870176,0.1309053669585248,0.9931344541295987,1.8524314244532623,1.3078287679169134,-0.6177154770589366,-0.4997782334140244,1.994511462911752,1.9141435696699949,1.8132029047480351,-1.0960730182887775,0.5692087296602757,-0.49727481044423577,2.744926189191553
1,0.5508314790955174,0.24730388224096517,-1.2915781698589612,2.4673054812705035,-3.1110709860176,-1.6886697320269721,0.6040030335089711,0.8722416121746687,-0.45455655452310584,-1.4464810837999378,-1.0077153232663714,-0.6797196466024781,0.6331668671023716,-0.5381246920203038
1,-0.8579021482843171,0.42757717799353134,-1.5855292363411515,-0.8873625426782762,-2.9154837766343276,-0.8816698598870246,2.037730789082534,-2.2129402127137707,0.14463478524980666,-1.3941234350237415,0.9990024214890451,-0.7226650750105343,0.4837958688965896,0.4561001992416644
1,0.9757740655669805,1.1547317922458582,-0.013812836117036108,0.44902530704699284,0.19340725541760717,0.2585462623213892,0.05096595059961934,0.16016785372590414,-0.6087484233808432,0.5259971656736837,0.9408394012358066,-0.2661808541922118,0.49995927555573433,1.119957142071119
1,-2.2481684219860636,0.8744132120000612,-0.10458719548444743,2.243830819122528,-0.4335052045345072,-0.8459998579964155,-1.0994849137700728,1.364083465982977,-0.6717665916128064,0.06833311413312097,0.8621718053492361,0.4375591170640272,0.07254513007391587,1.1035936194211413
1,0.5168724840093448,-0.6424782758114405,0.22759384377503633,-0.803408110175015,2.5027153677324887,-1.0613880917847998,-2.448434908382466,1.0231718071019784,-1.172425486612946,-0.2139613389333343,-0.3499820801458011,1.2524751710842135,-1.791908896651474,0.7241349105437064
1,-0.19094453798916552,-0.043088007393187036,0.30802864342735325,-1.9541949757832042,2.627952521694652,0.5366313319650777,1.685930950568115,-0.0932715271853677,-1.458631560211719,1.616516435476062,-1.6013872634614474,-0.657025395103433,1.8422855923294557,-0.22275586141060294
1,1.479124711965609,1.0392886633481737,1.0885569240604036,0.8994209667273602,2.547015408250063,0.1387655616672893,-0.10510815936599338,0.26449164887023363,0.6845767966748002,0.39019606212631686,0.7752030344600207,0.5772913990586593,0.7291178120737873,-0.4294916021629208
1,3.019922671381305,1.0574846831584153,-0.09293404476398034,1.8393296720966392,1.2998258223359218,0.9079548194823356,0.4681862919196693,0.13585742210363402,-0.16348926718063175,0.9150072766541083,-0.39085190530063635,-0.30878474888046753,-1.6158147265986662,0.42889878837998674
1,-1.2005363350058476,-0.07772196065897607,-0.698852812387952,0.014097499498098387,-1.6468251043945485,1.2335830898083606,0.9031503671094001,-0.7637196498413465,1.5977424359606736,-1.947136870030855,2.2731518838282105,0.3028363066842154,-1.2008861657159138,0.5167919262883793
1,-3.684337173274906,-1.7410050975899385,1.94369548081584,1.5047978825631925,1.2665491737793462,0.5102314183802911,0.6968913279313721,0.3000999658055223,-0.23981667129618142,1.7573851220615504,0.5431609224412998,-2.568833490713596,-0.591125366598597,-0.03276411332007693
1,0.8991840554772327,0.40578533578076886,-0.8323607463401621,2.143220876108985,3.0428941220099817,-0.1520552439938351,-0.6359721422453224,0.9768598070605528,1.2009984022408622,2.341172861867875,-1.6697768038895944,-1.556093068495819,1.1299546639065112,1.4986688110651776
1,1.197843156733914,0.8553621843621841,-1.8484350110387637,1.372167396847288,-2.3176571873022525,0.4767141397127539,-0.19860735341387686,1.415001270890833,1.5265882177871855,-1.5374500935357558,-0.03387517369650371,-0.05548243222122429,-1.2889041371994066,0.4812117786424383
1,-0.11894194647375723,-0.29726881061879346,0.49292197813387156,-0.17730337378708586,1.1816492766401474,-0.8085636401164581,-1.2564048924712001,-2.0774986558109654,1.2902344781308024,1.0195761083257386,0.707432233753458,0.140039780749042,1.7234262739619444,0.9792008831287514
1,0.24460335540486886,-0.29747109401501165,1.3842391144594288,1.090736892769082,0.7932370954531199,0.8824240097111178,-2.5170435075120206,-0.13065600199098734,0.6009269696461078,1.347918444519521,-0.3482296137539302,-0.4609447377801865,-1.1441019413050402,1.8968891378548105
1,0.3644919771094185,-0.930455194593453,-1.0582274752646628,-0.6640862330033059,-0.7947059153513596,0.09614266447787136,-1.4143495381641282,1.858955260647344,1.871417978909701,-0.24473640381956618,-0.17020290560936277,-0.2767974971784073,0.466649950397757,-1.0151909564090933
1,-0.9847168524684724,-2.2068353652333244,3.5374011281088,-1.0741036945201543,2.2780551051072946,1.2578039380318966,-0.8130040626586011,1.415923302043142,-0.0018402693885870324,2.548647668611852,0.2925139198774722,-0.9256978016774978,-1.268807776601773,0.46230661682734375
1,1.1812578617356673,0.0973516889418199,1.44357529111475,-0.4887654702151332,1.442405244275724,0.3051102071576011,0.22324017282639977,0.2660394346922309,-0.35636119634812263,1.1467889563073925,-0.14307737844490803,0.7886294579242074,-0.36677130853840023,0.13054927435120012
1,0.34454567733510033,0.37897674548059057,-2.9094324853275557,0.12012706238412776,-1.5283510113630383,0.5353725018378178,0.35936967375422957,-1.153647627145728,-0.6967513098483908,-2.4850191069293053,1.296197195355319,0.9039221510415224,-1.6367155709878687,1.1662383544844352
1,-1.4381172342534072,-0.6180928772958196,0.9429758984205749,-0.9148659564559658,3.971407032584876,0.2979979475129518,-0.04758343470470615,-0.8792005481936839,-1.4094622019589849,0.705751169565211,1.031901309901048,-0.20090244917298178,-1.2404444356037079,-0.4201707269453513
1,-2.51789896451689,0.6756573156955658,-2.1798822272776968,0.5648626822669494,-2.496232467001393,-1.6846758918967144,2.4489871800328866,-1.0246053414154932,-1.7130590628689193,-1.8286618214866313,-0.4517258134481713,-0.7794018728399054,-1.2926847846513079,-1.0348960460849497
1,0.03881729674287586,-0.05177566227937563,1.7176604748106847,-1.963772919592659,0.6627756991366247,0.0639721563391431,0.4466012017200056,1.1016537204342105,0.748500399187832,0.3090414291277193,0.4587128571046297,-0.7402154861959145,1.7044193064395907,-0.36922126252877835
1,-0.9277056427508569,-0.7912356926765323,0.12349747215117886,-1.937250479362388,-0.9306193497107866,1.1525534028523803,-0.7637791266000169,3.7426476756669262,0.22323362279429868,-0.15051241655168077,-0.4945040997294565,-0.9299002806878349,1.228605939342672,-1.211809581615586
1,3.3264010109342,1.8836095623952278,0.9182949831733025,-0.18129958693032322,-1.0267486046994059,-0.07974065946638839,0.5856874073899738,-1.4756152262558362,0.27704358271070834,0.023781158003440987,0.10571981434132015,-0.04675193867342634,-0.12584801341459592,2.1282816800588265
1,-0.30529397973648437,-0.09559302065383218,0.42007050483216674,-2.313973594918614,0.8250121443095811,0.5757556183018497,1.1878422809946203,0.2804715039941829,0.8989506905355014,0.8070554549102561,2.0223705400042267,-1.0406389105120486,0.3091268893989653,-0.9509350440695619
1,3.021493375508554,0.7434371359261017,-0.9123937123594017,-1.213426022754998,-0.797370393978362,0.21881192890839776,-0.5122996448075257,0.04297937530198474,0.5351048239834216,-0.33794911528482413,0.679389580594135,-0.8589361408444905,2.9370684704955115,2.2903849276333523
1,-0.7249102047293356,0.06230127914384878,3.066470961653964,-1.159034901050427,2.611899207428871,0.4364302611566225,1.7143878634501646,0.7338932506640691,-0.10299551019544788,2.6661750178822166,-0.6045591450948399,0.18252979939842165,-0.34344106040512284,-1.769378944139965
1,0.17760969728239484,-0.8554615021613536,-1.7090785731785987,-1.040644620081497,1.5263697641599265,0.5934525167398506,1.5210509687584606,-1.286314272334769,-1.1658288420612914,0.5380404112251205,-0.33261140669787026,-1.2778199300802442,-0.432204880151177,-0.4008327480766894
1,-1.3782328337384144,-0.6815609342279977,1.2019773334897073,2.1889155391841655,0.9331350338923035,-0.9250194982217111,0.5623984233935593,0.06032623777350049,-0.6354616590029859,-0.5969253279044247,-1.064301844058481,0.7140315350814227,1.3863296115722514,-1.5052413608065691
1,0.08955984449036736,0.5902444334120466,0.013476293505052655,-0.18720293615740105,-1.1339794025408236,-1.5217764320959761,-0.8348844768689199,1.1338830362070933,1.1322981654297686,-0.48351979576682097,-0.5501872492495143,-0.40123116033633277,1.4089333926295544,0.08667545342101085
1,-1.7397615962108062,-0.6613093075281911,-1.1309505589777473,1.2806042443733607,-2.1807331831482553,-1.3413783987505052,-0.00281065803760591,-0.31762445594533567,0.44036628234745845,-1.6244347427697248,1.2013818890162442,-0.6339515161842912,0.8685728027946622,-0.815368689114696
1,5.064664804270142,2.6920363968871683,-5.393270779325127,1.103988387311359,-2.503648084309948,-0.7686432932576657,-0.12812058406077792,-0.6754075572026589,0.023692964752576113,-3.4728622613563513,-0.2172411535381978,-0.037085670439167905,0.1786366625708012,1.0930253670548669
1,3.192751692520531,1.6757851959959973,2.031702039047364,-0.35065875504550786,2.451878914729493,2.0957672837783132,-0.07812024059984018,2.1536823256631132,1.0521347416746762,0.9786474524086176,0.6494432656209154,-0.33610918713396065,-0.7791367678304338,0.6757573176851273
1,-2.7952332971231204,-0.012979232538013499,-1.6400011785441777,0.22724607853054568,-1.1964322991508578,-0.9666211222361718,0.608390930400801,-1.480167854542306,-0.9878142450175527,-1.2524235122879679,0.10989349595209043,0.8815836529326855,-0.5547555257347847,0.21875496145901566
1,0.2766879431671547,1.3995726882772968,-0.9995714065742826,-0.4067655401916684,-0.633051834775275,-1.2989865330561314,-0.8301452669011705,-2.7081877041060083,-0.11686874264364587,-0.04074621445188242,-0.532241745744175,-0.578003265143508,1.7178796372079714,-1.6055284539621522
1,-2.3250133124100927,-0.6829332745994715,-0.23746369345052218,-0.22147677470353283,3.3821787572462996,1.1775480341706324,-0.6120380639321389,2.0778193740576647,-1.4904889304596771,0.07891714619238288,0.688243317488538,-0.8682876793933748,-0.21202959884831515,0.9597221978219549
1,1.3856026942494997,0.6242390104179983,0.5402672005348125,-1.5792907732011037,0.725175728876002,-1.1308798693224102,0.0024295454357423645,1.4618470154653007,-0.25385088905099,0.14467018889434183,0.5677824868289371,1.1197896123882618,0.3810275454651081,3.179712530577519
1,1.855653104183989,1.7366817612823626,-0.05505859847137496,-0.9081501078551709,0.22628440709429967,-1.0208182508803822,-1.4914646027658571,-0.15343702118419406,-1.202806987557341,0.019540066484925168,-0.5977412814121019,-0.05797570271715279,-0.18485412388692166,0.02249915080213132
1,0.39283465924651134,1.3642615399442974,0.14933598771160517,-0.4313733304655997,-2.1173115448887327,-0.22088323515383038,0.5806376546468065,0.029291492823025872,0.18971777110305213,-0.7825258754375076,1.3080329534916058,-0.24380404993536878,-0.8570082371804036,0.7065223087141601
1,-1.0608819037404877,0.8069435548241284,-0.8645261175324117,-0.908034328267339,-1.686175026258728,0.7873434344069948,0.9061649842688303,2.2216367780505886,-3.1226401527452894,-1.1550509691996587,-1.0057687593091655,0.7722175623087938,-0.48411184781697214,2.0311292694242558
1,1.5365797381432234,0.8274459977168309,0.08457871106302238,0.5154869819885387,-1.334818532486713,-0.6287314375335976,0.8369605885899281,-2.8568763514486966,-0.17252852491007878,-1.016298284345418,-1.5379208855948132,0.5534539174295423,1.9629529135920165,-0.6779304337169815
1,0.0642444344424503,-1.3476140746939524,1.0947502350983822,-1.5292722964698773,0.30265120211554575,0.910517774281262,0.18000194978856257,-0.6047863193279971,-0.7976540611861755,0.6423807051979739,-2.6775053389066867,-0.5485475596564428,1.9970997291381587,-1.7191880490578308
1,1.8875643771416348,0.994799207928505,-0.443664044976564,1.2440250674663924,-0.27714430832543924,-0.26821689497172113,-1.1078199557060893,1.3527698429396366,-1.8770130590409198,-1.2817462625892206,-0.8503587185360866,2.147104759027407,0.42800537231929975,0.9658079862417122
1,1.8095484391914194,2.0663482625783782,-0.014534697809217545,-0.38910760530578314,3.249043641680037,-0.6591145409078498,-0.16030500653945615,1.1794913958407964,0.35113469411949405,0.30759958092928824,0.31951131834227625,-1.5053031907258503,-0.002874865641960653,1.2222664078739476
1,0.838497163513423,-1.3006101197096234,1.7286761061598992,0.813057341373546,2.119372988776813,-0.19537158588245246,-0.4487723758101461,-2.372278409171141,1.345775160599545,1.5686983159233685,-0.07812890879315247,-0.18566124155201416,0.5185820835643935,-1.6238779591187225
1,0.5846143853305773,1.990217140783065,0.05897990329447725,0.21080453868740004,-1.443800493143221,-0.6460133047484499,-0.20825113259908942,0.28390566497657016,0.36751078776630636,-0.21888950879465824,-0.17173479136107134,-0.8331286080779332,0.8235561888209937,-0.4511774123069772
1,-1.0929284006653495,-1.207433700775894,-0.7224981824312259,2.1280077637302246,-1.2779039379533705,-1.0807250247283389,1.8165174795071126,2.014866510881845,-0.4113404391813194,-0.7192630077998313,1.1201558191735512,-0.8356590321552231,0.5299361282354766,-1.6906757621001625
1,0.18921903046535288,1.7229331720647356,-1.8529338211130935,-1.1561641917478713,-1.4182016967275202,1.292331427167975,-0.644653066994818,-0.5671420035217557,0.7151088357611783,-2.3821204518644894,-0.17345301771342753,-0.21056175026058468,2.5205916153534873,-1.3995601334823131
1,-2.730184963662178,-0.42410325634351054,0.5349415466944145,-0.7442148245500521,0.3973519889240398,0.03682803192904116,0.03879473438062258,-0.3475849995944983,-0.47941587534724667,0.19197812771034933,0.8983952749983506,-0.7504470597183803,0.5742623470016153,0.3861185036243013
1,-1.0428072766391956,0.9993619572864465,-5.23878379671523,-1.0963441142129804,-4.914180065352441,1.5187028413808945,0.6649624584812298,-0.8809497605012244,1.4000424046507056,-3.7941977731956817,-0.3287007115814607,-0.9527001318398164,1.4653576029246211,1.799276117761944
1,0.8069837097889581,-0.15086383269917386,-2.0081597714918904,-0.5066396551021843,-1.1628286803022134,0.6838609888264495,-0.07725110975698533,0.26362318050231914,-1.7755169128535369,-1.6412670941368652,0.9606575366432911,-0.6405671403224611,2.871593385252855,0.7254139428079962
1,-1.2610369317055676,-0.8941588695918155,0.2579851396699098,-1.1985264412131582,-1.064183672358121,-1.0312822662492283,-1.2042505164262796,-0.1735729258137365,0.4267598115215133,-0.32818514075147415,-0.25296409767702865,1.4265542610791049,-0.44215248955949144,0.08296825680310817
1,0.8809264023161316,-0.5672250138016793,3.7219842939515204,-0.8368711454985908,2.81333271494932,-1.3349781978055648,0.08822412071774807,1.2932306387312904,-0.7806616299398792,2.064753116418825,-0.4741615591539662,-0.4086308205246051,-1.8680844876850817,-0.162573344131511
1,2.6829581204088746,1.8049985088093532,-1.9133922034149744,1.0580530743731988,0.10681135019106566,0.4466253365179172,0.6173077672615174,0.8816677463513822,1.3190796451925217,-1.5661836121349935,-1.1691717771426695,-0.5385624014130963,-0.37814373668918183,-0.2444296678657931
1,2.1215388866166665,0.0444560813158307,-0.9124649871395846,0.7038064598665701,0.9975197770440695,-0.024826236931380863,0.32304378289169117,0.49167529714641867,-1.7531992359436943,-1.2586173056655705,0.14333882832840428,0.38283412851033394,-0.8229273475507706,0.16356241785670547
1,-0.9970343748035568,-1.0110427122148629,0.7512974957855267,0.11827994313334568,0.9979756911689582,-1.1901580312155606,-2.159485827711303,0.8252422879729082,-0.21316398903060776,-0.15503367614410385,0.4491191467162801,1.3119918921028288,-0.6361133515888259,0.5478672035892291
1,-1.5570259394299892,-0.1193559459388988,1.383478706156372,-1.1734564869985182,0.4263454190782196,-0.5015343244845987,0.6316483524059725,-0.7421798804045169,0.4132622112730159,0.7775688881266437,-0.1556016279676127,-1.419536702034402,1.9290831995089148,0.2674856811645158
2,0.7197381292428754,-0.2945706280023473,2.5116270098802347,-0.9143617478475328,9.342536709486389,-2.2314057082989533,-1.687622960935524,-0.8506442766007646,2.063402815306525,1.3989662259494327,-0.11690207532077618,0.584847001489356,2.7038750113053074,-2.8091036996108385
2,2.088722239570769,-3.5375235077885345,1.5655522711026586,-0.00034558056313464385,3.7776207917688964,-0.578335804420993,2.6835946363676344,3.0156673894029895,-2.350671717831239,2.6810609775068355,2.191933121715065,-0.8674024803927629,-2.0583085622137345,0.7251135990851298
2,0.468508770298404,-2.014299362764021,-0.39713864253717773,1.258309571659172,-1.1955276267897035,2.3609846025765684,-0.6615968632992649,-0.713626632094413,-0.08316106217165242,0.24717460889885162,-0.06375393369746106,-0.9592436815323931,-0.3230660716225227,1.2227935930135865
2,0.5464391472237023,0.27911478956635427,-1.464451174668541,1.3283852962061553,1.8686710985848234,-1.5616860715548735,-1.4849288219698378,-2.5944739128702676,-0.5957730595352227,0.19407024110049573,2.384714169671006,-0.2318034052109357,1.3200929716983378,-1.532272368260343
2,-0.6273502353474291,0.17224612868287653,1.5452318733883272,-1.918090804282436,1.266863269202255,0.775682434191691,0.05615324209869192,1.470901436767904,-1.0919739143344895,0.9350086839438181,0.2181225885429608,0.33612837554049657,-0.23784344774101238,0.8119564261332191
2,0.8554595501258867,-1.7698205101216777,6.309327397805465,3.119388507476652,3.8245408220321524,-2.374698187040604,1.941403217116484,1.8223700222356414,1.2630880143299712,3.8772666304112366,1.1992533348159407,0.34523456350528237,-2.12207220844857,2.7475391485474323
2,-0.7754677993650322,0.9750898537855829,0.6580457828452463,1.0932157071351698,-1.6197350452528416,4.783892901726746,-0.06299505280049439,-0.4588876655940926,-1.1623895385173961,1.1462474711792314,-0.76063315364769,0.6171318723679204,0.9161686705388402,-0.9244214064186718
2,4.029329045168694,-3.5181873109849726,-1.680300981831796,0.1621966154796574,2.197463011723715,-0.7435476206757334,4.734798778964983,-1.3488857616322854,0.39222775942351856,1.8079278649921615,1.662246704813386,-0.23013959029960593,1.3852016432544485,2.420462235206048
2,-1.8871075414133855,1.8000337428697495,-1.871539211315049,0.08514995611340766,-1.7347560172063705,0.3099020000757516,1.119914828829864,0.33128121417138895,2.0259047593687365,-0.6967016171937297,-0.7454613035655099,-0.28032253008890196,0.9619355409963496,-1.8768304361713857
2,-1.0028360165237868,2.265377290894301,-0.44894263155623676,0.29865259203479594,-2.2782932405293757,1.049130512568965,-7.876127819306886,-1.8298530412686664,2.6581651281558,-0.9633523711866784,-1.434777925516803,1.346327507907225,-0.1176285859902739,0.670143332693135
2,-3.7651743336077086,2.491365598942182,-1.4982321784873724,-0.2724557233561546,-6.076342863310859,-2.432515650657097,-6.2549138791093535,-0.17019683231168556,0.7089519083608925,-1.6118240096300223,-3.620377616651564,-0.24563069705669904,-2.915760209683523,0.16746109821675037
2,2.6272331047276536,-2.7495781438817937,3.6328417929527124,-0.28585625061336567,7.891853708063308,-4.943112056273547,-3.1778705361835957,-0.885139641399077,3.736285764540776,4.353281319800326,-4.2299736451248275,1.134061182822364,0.278885489206698,-4.0213608928608915
2,-3.465024235737381,1.8324333017812888,-1.140439567167557,0.1339697965791405,0.9175848330569242,2.27149193958347,-2.080506527442071,-4.276291270171869,1.4430827742036523,-0.6031148353586676,2.554716128992156,0.7405533826848134,-1.1854478325835633,-0.9645499624635322
2,-2.5652811708315215,2.068378914254228,-0.901853517007851,-0.2497516604185176,-3.1591027482733938,0.48503259061176307,1.362910916284356,1.4992129886586607,4.840199278356234,-1.720063659145078,-1.3216989006173112,-0.554919676917767,-1.089314348184438,-2.358261005523051
2,0.8237129714030524,-2.352313789856829,0.5991549442595177,-0.9728744030898983,-1.3476162527486564,-3.782517266589209,-0.9958504095867113,2.911922424660418,2.686163494066403,0.7048139485922524,0.44541591681079457,0.44187889209816866,2.099184887584157,0.41873035316542917
2,1.292408509982787,-2.34868199987837,1.9176328638716535,-0.04443475882118748,1.2331531744495243,-0.9598394394674823,-2.159080321390616,2.031306152550228,-2.2888512650580104,0.6518232047481897,-0.053120429470205816,1.0802882799215308,-1.0268014799910083,-0.08269265489349534
2,-2.5722619650185363,3.357223113009821,0.4226786056163207,0.396925757081973,-0.45012150500050346,2.0411246843282917,-3.6329520976621774,1.610862469151305,0.12219932399133013,-2.1815625654841724,-0.19253822609999202,-1.303168204054051,-1.0443062264129657,0.48202721589934366
2,0.07815266418422204,1.4702449431568976,-2.6879040544463564,1.310559961006515,-2.211664210772652,-3.1450304704272303,2.6477756611814653,-0.2782944913078609,-0.8533432088648681,-2.1538342660907177,-2.428572481469033,1.376435048161577,0.06762687614424456,-2.190360821468191
2,-3.0312611564280934,3.439386217689418,-5.55088680228944,-0.4322860722358052,-2.43721600565046,-0.9624554861091773,5.22188068545339,-3.076288051944625,-1.377327951812009,-4.02920652343444,-1.568661535356389,1.5561154380515216,0.2885087473695364,-4.490648377167811
2,0.9664271622582358,-2.6999904517820035,4.46364742349102,0.5227950244142151,4.7520908733029525,3.3361756956534,0.7703574934933087,0.04350817455216547,2.9148557258001446,3.3775021273664,1.7023976775346525,0.5400729793704492,1.2270544862857746,-0.30122100684957603
2,0.47720574856892706,0.32266873639364885,-4.639202549163663,0.8080346012431275,-3.2938452317485387,2.891595090356694,5.290681301549248,-1.0477183004483763,2.1287103203859097,-2.015742334625724,-3.110202061643538,-1.1510411283745472,-2.4130489563822235,0.3418721872738079
2,-0.42007361790574904,0.668671839451551,2.8243361224891452,-0.5848198125239245,-2.2123553621077905,-0.21170573222087047,-5.800039176712511,-0.9925381947421201,-7.144614281084024,-0.7170265256843191,1.6491047712425009,-0.5686527675924675,1.3007144286790484,-2.3941018089816564
2,-2.6568509940016924,2.107231434088125,-3.80222457520864,-0.4224674293551309,-2.684974866378073,-0.3259112353337915,0.5466695661696291,-1.4870063829235842,2.3368687095414455,-3.5966515794411684,-3.5413251379423603,-0.4239996544962778,0.07405162318872216,1.9071945108010895
2,-1.918811285767009,0.3511433722731026,4.543573890079498,1.75531732291024,2.2267910273480607,-0.46212147189617003,-3.6458698519333677,0.34111414990982364,0.8762002217621351,2.162992971851273,0.9557164768818873,1.037883755255177,1.0665599792425096,1.4645834179528758
2,1.2957708943117279,-1.799469998494182,-1.6079038924257063,0.4042731666391113,0.7964856291010908,1.8171610845247614,1.0607678312501114,2.838618079440882,-3.632391644083316,-0.1907796677145087,-1.775420798775814,-0.7888126421401905,1.2312691614181608,0.06541861174712059
2,-2.5982247518768755,0.6003889653471016,1.0609120884205192,-0.6088454437450008,-2.3547272837790896,-2.195794817640037,-1.7565762780232592,2.2472198081288255,-1.3095548656411475,-0.8729814876103298,-2.3318059968639457,-0.5522007983326699,0.033071669638470164,-3.2019282969949576
2,-1.3485244294632246,-0.4672931067883888,-0.19695194048216763,1.5708259983056523,1.3925209114713317,1.343408124706633,-0.006604411686396437,1.2969818315192498,0.7319026041714968,1.5606173690660352,2.955755457011087,-0.5083184760926313,0.13350630069338007,2.525625957206302
2,-3.176054436720137,0.747789268531558,-0.6131429068752043,1.4707467357779815,0.0896583024557076,2.1515936734590504,-1.9640192078676943,-0.5276097155303633,0.5071495987266219,-0.8076456815732884,-2.502176245404956,-0.6842920276020821,-1.8845437005330912,0.3834354940671711
2,-1.8495325439588324,0.9251694811334634,-3.8507371907293897,1.583961942726794,-0.32641245075409875,-1.66359134506589,-2.83852356741724,-1.5211211849891026,0.0006520253931023468,-1.9847918659621946,-1.2880069740320874,-0.09292037340620012,2.6461436753947547,1.3019110311121096
2,-1.8950690365461242,1.2714950006782775,-0.051613895076815526,2.381789652003171,2.6138269194104296,1.0748779621623483,-1.3033186490842414,1.9472009118007891,-4.156292412183812,0.4596574657259034,-1.4942266750938664,0.6317503067851965,-1.775085638408787,1.9822257785027229
2,1.6553254994840432,0.3917951350045973,-0.49544633631749935,0.1496017834550552,1.22793150429048,-2.3544271671477492,0.672557011689181,-0.2802093564454226,3.066773498154947,-1.276081237245107,3.0795745091014215,1.6297349551642222,-0.6160513080262381,1.7927829492923892
2,0.06875924702522783,-0.20234348575026304,2.539549563981415,-0.1377694618071557,4.204552987090138,1.415947473293596,-1.4687196061923629,0.5137762294434953,-1.4770515162952456,2.253825922140727,0.8708175615087297,0.6302498880664581,0.0018066261341310424,-3.8084356981110314
2,2.45886365799065,-0.411576143032216,2.070802667314054,0.7610306035270984,7.34423548549345,-1.4055669388443173,-0.7163211022708191,-2.6778262933079255,1.7588951739722667,1.5091961921215624,0.1708462141988641,0.48719394823253753,-0.1091908159200406,0.09748600737279643
2,1.1887243602308106,-1.7362106171363976,2.257473740896136,-0.7625098110893205,5.200935202400907,3.6022223041675496,-0.6615027675400004,-0.3960151101302109,0.8117690955805649,2.7452836729758863,0.3668245547440534,-0.32787899120339814,2.4234902541974157,-0.20177370277959075
2,1.108049793172094,-2.0914121803943435,1.3745423880364211,-0.9260345848843418,2.569615595856364,-2.923687421920725,0.5275741873915202,-1.0997637104934561,-2.1424185615798623,0.9516532551607655,-2.0596531212411677,1.1887970640004462,1.7201971621036507,-4.819412704119456
2,3.9407813198058226,-2.256408919884544,-1.7157897086070857,0.9198319935240681,2.2629340205853388,-0.07022827741605416,5.253500410624248,0.7631994623546579,-2.68264102078587,0.8368469850506074,3.410526541615266,-0.45546250046642134,-0.7466689521974661,0.5794940625412475
2,-1.6639770710106507,1.2213917942589345,0.9037199469289505,-1.3095438782754723,4.92945368366856,-3.279011164575587,4.644040007259621,1.7173896078636102,0.7468244088300534,1.0019911111104438,1.2127001580129881,-0.3622689492725597,0.3793082729203246,-1.4632681751897099
2,-1.4532784996644617,2.061229886054954,0.20436270018519165,1.30062609468803,5.682900502703454,-3.632493865400242,-3.6199049333874784,-2.3640989815508826,4.2500663906480645,0.8825310618137923,-3.1370964421202743,0.6814404580016628,0.31125846349154446,4.500987954379387
2,2.0886763648723665,-3.0773074643794986,0.13453929850679452,-0.8574920899459927,-2.3174133106185733,-5.603438676037223,-2.9894874245108385,0.9531121446349791,0.7455932220374721,0.03801288650108175,-2.594857011112105,-0.7621319097526977,-0.22382771853244496,1.100527422494388
2,-2.611700219972945,1.2259955086176852,2.3098103139899533,0.6796326889529053,0.8964896801299655,3.2578078895680953,0.9147236845823837,1.6910198771627896,-3.000490511466606,0.6824641896725215,-3.938088093441823,0.7979209675728818,0.2386980304752944,0.9311163540864483
2,0.13352621015651725,-0.3365717906528996,-3.6899480535999074,-2.3882243645919154,-2.204326409040496,-1.601183649813875,3.507341267420908,1.7449859040930895,-4.858767079696336,-0.7909173394157284,1.8007538681198687,0.06813863465387479,-0.1778708162885777,0.30234818484414444
2,-2.463912016149957,-0.5064634169176634,1.9054732154648075,-0.4266997732963095,-3.4249308061595714,0.6161590220552781,0.06011466852821185,0.023304646007253925,-2.8119259152371026,0.172644358235073,1.8806481904953996,0.05223503167475196,1.6857278890304963,1.3697848539976678
2,3.195306084882822,-1.3740033469891115,2.3628904696390554,1.1460066593713425,0.4610256043839369,-2.18914828757318,4.385024340419824,0.46656630362012075,-1.0010392826231873,1.5266061648082239,2.2699587542229103,1.0662665259123414,-0.33511261337659143,0.4207642257897726
2,-3.0893240634606722,0.30714275510544015,4.26942121358643,-0.3021372337920435,-1.2208268220483505,4.573868883746075,0.3570937466918483,2.4254496422136507,-0.7039092482636864,0.37298066674545943,0.8565762150037957,0.23788644157684818,2.067181501038212,2.0953582900114425
2,2.5436791055377963,-2.343248401448952,0.6040509445023687,1.0620101875772676,1.398102768223433,-1.2438583982121,1.6867428286232138,-2.23853265402529,-0.6008112975697327,0.7312890805426518,0.9424129659460191,-0.22028199506373017,0.10021288705713767,0.3017113560425666
2,4.449063413691545,-3.887307849832668,1.3860785875770472,0.6134033985333491,8.682386715450457,0.9471442453978715,-0.19826541663536562,-0.11358217655807679,3.9273404464243886,3.3395529099688512,0.4842556260898258,0.30789624054207526,0.7500682990888289,2.0171181334043493
2,-0.6662170027937674,0.4095842218817752,-4.946678315032667,0.371199126124449,0.04535389113641801,0.35069485108399956,1.2095208725078845,0.2958173873934518,-2.055043778435121,-2.853545413405854,1.9982553377246677,-1.5788973651386047,1.7550394060162073,-2.648771683975497
2,-1.0046943563247652,1.1738093033529369,-0.7032832040165387,-0.11451436218434344,-1.0319345110308296,-0.4004780652028737,-0.3148011613344058,-1.788799470266741,0.5505858138224159,-0.473395239506976,-3.0096973373748637,-0.29602157076110563,0.14050437261426016,2.923807639905464
2,2.797929706679483,-0.3251281204028834,0.06005053673102878,-0.37728948549133695,-0.05160779521810189,-0.10254722967638344,-2.625302697938843,-1.704313734420692,-5.159490520382546,-1.5539285382774315,-2.872598208064141,0.6370093771256685,-0.6262037322211805,-0.10839026244437779
2,1.4257752360830644,-1.0706617552557323,-0.5424491725440354,0.6756740106512399,-2.5654786844504684,1.239936266977935,-1.237672374643274,-1.2229993929290388,-2.9862941375710537,-0.10844430597542919,-1.1974098440983136,0.9776059431657914,0.40113449647261173,4.970529936000924
2,-2.5205850347661714,-1.750778638554989,-0.28359592348146156,0.7849587411365723,3.776859188591074,1.5564464997799012,-0.1804737597024269,-0.7764116076660186,4.937681405327261,2.377434353171652,0.5445641624516584,-0.20052158315823054,-0.020955447040583195,-3.0153215425933717
2,0.7676642617482818,-1.4504063442754764,-2.711014152242831,-0.3560048489479086,4.462073164926328,-0.4124262653608001,1.648577775286511,-2.1464137230231377,0.2406723130343318,0.13102988690664144,0.30239626144675663,-0.7505469272475039,0.20622607248344432,-1.5628537028440952
2,-0.3936398598919777,0.8159740042853029,1.154321144066431,1.7695127991753936,-1.7290141277530275,-1.4176919782959205,0.7631135074329316,-1.048455644145647,-1.2049383001772642,0.6335468664321672,-0.615354662032899,-0.1454982910270646,0.2959119200488765,4.945601053611976
2,-2.8033813477043656,1.3142994383193491,0.40871130722229565,-1.3193613245268583,3.9587452843438498,-0.4577747183955539,0.710934304427024,-0.04642487650463911,-4.401252927412872,1.5755012866902969,1.9289858764201482,0.660595232926272,-0.19566646821610226,0.3129640517217025
2,4.331912593118104,-5.111075876541027,5.482972003579759,0.6721881296769779,3.358706781537455,-1.3306406128898847,-1.7206181017637168,1.6796958137125875,1.7911910971351026,3.248446575926697,-0.25871650068785906,0.3349975531056708,2.217696732817611,2.0858310969851246
2,0.8299663253689733,-3.0655803218241893,6.929128425001842,-2.129900708576717,8.257310257417455,-1.8994512358770455,-1.374134922982098,-2.9556986958111797,-1.6953878491800198,4.95947530681747,-1.2528758386970533,1.5169477903516606,2.88046522798578,0.8848981347688447
2,1.3434240706652478,-1.2463486256176015,-0.8715690830898144,-0.6705676549385504,-0.9686197777901465,0.7556951029802667,-2.721459358465022,0.09289677296043015,3.269743104138252,0.0035342072677102074,1.6881923295659214,-0.6618743223067156,0.0941424391875857,0.7055650518102136
2,-1.4728936656117821,1.36975053684002,0.41635099704547057,-0.8750421537615082,1.8849585498150563,-0.28215884230217947,2.6477542695146212,2.9946034347009967,2.964877697219492,-1.350805852157864,2.512745337362894,0.09460916209563365,-0.7438908695915373,2.400886903400823
2,2.859707447107999,-3.905064911663227,5.199332286324096,-0.8713851404879018,-0.7846078710827291,0.1680899306535718,-4.156704942875139,-2.643019916884317,-0.2723343042799945,2.8919572554425783,1.2253122105811896,0.24636927258273697,-1.3315821348263839,0.13467632829727638
2,2.9078136241231283,-1.1269162722047987,-4.125292750818758,1.8485258610491364,-3.5095040034520246,-0.028199402016704816,1.3377376640678265,-2.03362936180235,-1.3421933453866643,-1.1696481951078042,0.6610053247495178,-0.1012225347703644,0.3821758979408496,-4.154316378830298
2,-0.32934124975352647,2.464164658693805,-3.836492453947854,1.3973488419907012,-3.0446720890327676,-4.094098150101219,8.436988720142214,2.163415741354771,3.4361142614892906,-0.9248605610994698,-0.7305466350480148,0.7813774756291593,-2.310799015974468,1.3363090204973205
2,-0.7525767676265697,2.7293667121293717,-1.681118213086302,0.4775340412947551,-0.09769271824582294,0.37894592068124167,-3.4206459122533928,3.593970776421682,3.2558787738052306,-1.2385106572314888,-2.000130751584291,-1.4991141203283904,-2.5248810572290354,-0.43718043729276007
2,-0.603246351829795,-0.7743569639256419,2.9459338134973256,-2.572544885541191,-0.42080681059783354,-0.7904146715152166,-1.0231622104929292,1.1951603568701321,0.40116159949711494,1.3428753116924828,1.14972913246143,-0.0786286904189088,1.1393402320824348,3.0905502652063004
2,1.4263290443601844,-0.7240803352052498,-3.5917467209122718,-0.13143931530420339,3.375615620088144,2.1296704367270864,-2.417638240118363,3.6134917309961225,0.21235089756031328,-0.17374269298397324,0.6291065301562548,0.25526011318777725,1.2005643413994382,0.826978994169771
2,1.0789424355114037,-1.9454793408953195,4.370409273287293,-0.3951022691176901,5.544177278684785,0.1805619829305506,-2.127455904541383,-2.037181941297268,-2.670145891300585,2.975815566727504,2.001990581218764,0.14048367783232193,-0.7805042720572358,3.076343073683642
2,1.7040971607879283,-0.48751229758688414,5.173396692802156,0.6749483972129403,-3.391178646797654,-2.9560380446559957,3.3048755228321816,-0.9997112977564069,3.5003217548514907,1.7028194984418092,0.23093171039709798,1.0843566368412103,-0.6145830168680055,0.11805038203318234
2,-2.681054028100813,1.3742635420518092,-0.12395187686163224,-0.135947472902556,-3.810786719302966,-3.6636580433557926,-0.2869646300962171,0.5771430017575144,1.4426226324694627,-2.585505915106563,-0.3169394992348093,0.9291482992014928,0.8869287758622408,-0.4714329236947877
2,-3.22764524400244,3.0116366434816,-5.240703586424806,-0.647397188597754,0.11797193307040119,-0.7185447722924484,-5.7483310442588715,-2.767804216476769,-2.2926530734104857,-2.1857627159645334,2.3817256218983793,1.0162668019820467,1.049018857004069,-1.8404848811461854
2,-1.5172750789351046,0.44741753719231414,-1.8440732596904579,0.6558470122146447,-0.2663537635326055,0.02606188653927596,2.7811379155683156,-2.4691527825158675,-2.427579190626566,-3.1085335564015164,-0.871324177040422,-0.48408091474060855,-1.2179254355525666,-0.5004871603484042
2,0.41750997196432943,-2.118651716578643,2.7990206613049327,1.3367730620331417,0.6390856183345353,-2.182841018361999,1.631237931579806,2.6688526386644917,0.4099024066778969,0.4232484441712894,0.3504528749745032,-1.5818880796562829,-2.8376756356204687,-0.12122666598679048
2,-1.0403816021230843,-1.7073691994430937,-0.314217975760281,1.1583780671680328,5.867401885335167,-0.46255681697523404,-2.133619200454073,2.457566293923547,0.44646182630641384,1.8238892725691151,1.7768857042409985,-0.8700607079887404,-1.459623883957957,1.8462843225937935
2,3.972593020033781,-2.6933273336805605,2.5623530359940805,-0.5645623803904287,3.311572342280488,-3.289236690041396,0.34634279739584595,1.4275881623217481,-3.3240473467635985,2.2624989442606824,1.081443442835566,1.018012818563819,-0.8196800509781046,0.4449758474846051
2,0.46873811907846297,-0.33209525333478823,-1.0733588383387929,1.1128730276915646,-1.8123751865480662,-1.503336395209421,-1.7558783669725988,0.2450538000455841,0.4538374320919884,-0.1810974981875612,0.21567311537559433,0.03740456256125011,-0.7711011836120929,-0.6917402465587714
2,3.2835631885852585,-2.1654181004417037,1.0054867682323765,1.1029072470503951,4.477723091642693,0.7720930552814846,-4.178532529996125,2.5440479894986985,2.0644860539435057,1.2571277755156047,-3.024002464383614,0.6433844206208108,-0.09270214811852358,-4.026191907833205
2,-5.845716978297029,4.221029048523787,-4.849672207385312,0.014446621282300936,-2.042797276919842,1.3726698837848899,-2.360026322482164,0.6941871188834161,0.5645532934960503,-2.0504251473288777,-4.010273966594854,0.5997583912655511,1.8152867781628188,-2.2034518719499667
2,-0.5609958252822052,1.5933101107528924,0.7632071616973365,-0.955233819766974,-0.17988424358910043,-3.5297860200272506,-0.4878137325730285,1.0554091514769903,-2.405220349010721,-0.999215713140546,-1.7879586005786139,-0.9287910360337679,-1.7547788834391056,1.269216320853482
2,1.9883785652758663,-2.4055272398982908,1.6705796670362771,-0.870636395550202,-2.52227566100747,-1.4607989999944948,-4.492061717719316,-1.2463943563109772,-3.191165614936818,0.5431131789216829,2.1841606323220577,0.6627589173121797,1.0104294688089246,1.6781918870384258
2,2.641099172060576,-0.6688893382910882,1.270750974335232,1.0373048539286618,0.5996283009415398,4.0736622118589505,-1.2145611482294527,-1.28946657634703,1.2469342166259862,1.0699582635350493,-3.9060637623043952,0.4176260955198541,-1.2633830566930178,-2.2552989943315027
2,-0.750203686785141,2.4035454065913044,-2.5412709675952945,-0.032827333051519504,-4.968259842142717,-2.6249701843285824,-4.1167433351572695,1.0777666393566376,-1.1509882451954558,-3.871900793849481,-2.116385162402471,-0.30422513468638407,-1.7760104028400563,-0.35654830935248744
2,-0.25742408835904845,0.812750774098952,-4.253084760883881,0.510087640462661,0.5951688893714275,-1.779919289243888,0.5205252186376144,2.0029258884018564,3.374936794271049,-0.5079180707195582,-3.3653474570304707,0.023530273560400092,-0.9324509372739528,-1.084206561837189
2,0.3218562757722738,-1.5348807441228158,0.16284471152730765,0.4008734585654943,2.4550806674327363,4.286749066398221,-6.573106381707268,1.2925660256239435,-4.615156515424619,1.6487745851067266,-0.5726988952556473,0.9073978444124474,-0.9004998078035412,-0.15684012559479696
2,2.82457484622336,-0.10728872725614329,3.697274091690977,1.6767663195628748,-3.4336292062130966,0.5503892481930397,-2.9751210309557825,-2.145501155923538,6.844823457618288,0.8254061724020789,2.7246547525929166,-0.1874705393513091,-0.5181011133067565,0.3226820507225151
2,0.7081039513740349,-1.3942587122956762,-1.4603461645540783,-0.42859142860695904,3.3602215234807455,-0.5037346544863704,3.9863153048905513,-0.5896742569788397,3.08764346861786,-0.014081528616951252,0.5500082790842308,0.14431401791423779,0.6105303717093576,3.726989389310224
2,2.8460216311211077,-0.6442549637461892,0.3282404476303808,0.6896304612680868,3.7776210386189826,-4.4443944373203035,1.9438338421502175,-0.8425374301975392,1.5123769077246185,0.8572147358642359,0.25079255498228764,-1.2970858044969105,1.5678631601760245,-0.8805796505806918
2,0.8607856318052968,-0.05008410319108342,-1.8243253227058043,-0.06570083364564602,-3.6188362853936087,-1.8438638527248141,1.764438470475639,3.984537356706738,3.306191736740905,-2.003094106152612,1.3321931934326783,-0.3122814328061057,2.2503113168899143,0.7211558135436883
2,0.17784512632860533,-1.1556068867006324,-0.2939306139499046,1.6833578934658289,0.6597891354640114,-0.7703793432073197,-1.2034061451193208,1.8987963061523074,2.333126386343909,1.5335396776638546,1.4782417033567115,-0.48542597624032974,-0.0288891528247263,-0.045107762581777205
2,0.21859586786722493,1.2790027348468738,-3.5557705599623355,0.28720759819251984,3.252791801644018,-0.769281085368783,-0.9806221700251353,-1.2203081793231019,-2.178129271379708,-0.29829559766575736,-2.570919241087492,-0.6519462244080787,0.6489211726209757,2.460833461172889
2,-1.5429448104135388,-1.0256786593608351,-0.27131127263202565,-0.25779364614832806,-3.6526745774467657,-0.48391313565801797,2.772564386573907,0.9299985819019612,-3.5142114428253075,1.6959857377268632,-3.52335644124123,-0.18721185686075312,-2.144527124634013,2.7094288276776224
2,-0.49386980942562875,2.434043166809514,-1.2882477796583698,-1.1360260712514094,1.716077434639156,0.546435587922338,-0.8260371346148762,-1.3510275123007425,1.2973868021267079,-3.550920623183147,0.5307487622193133,-0.24755185298511892,0.8423246282739534,1.5893242999653945
2,-1.0249463825550724,-0.7164684960836359,3.8093582278927984,-0.46670736961563886,4.1272006746983605,-1.6605815040198926,-0.21165978376588998,-2.0803381918987194,1.9561624342032689,2.904196061930864,2.3021345766210977,0.25406456253397175,-0.3880043706532333,-0.6709417892352447
2,2.6535197774875914,-2.285484452936231,3.050147380603297,1.33253983168553,3.203081277416132,-3.945305724064655,-4.38174861808331,0.8262298509709036,-1.2748332289186135,3.433651612369044,-1.632312574144688,0.9007561356428825,2.210833297696025,-5.094958239373055
2,1.500242328665771,-3.319772545379273,-0.27469717442521824,0.5582345886444332,1.7385012529761719,1.9755075879552861,-0.0057031870360931495,-1.5432334480138126,3.1136215009023562,2.396290389186258,2.26593319505484,0.7938757355158135,1.4145424296882554,2.044945251765005
2,-0.6159985137096471,0.4970054848594817,2.291907404271404,-3.2967978828793454,1.6457050385559322,-3.912843858808016,-1.288131449015757,-0.7937666036393971,-4.219534466414319,0.48515148009619774,-2.784882544954584,0.14711560468363455,0.9673696338054888,1.2390790263095237
2,0.2742064636953256,0.6078747841605878,-1.2069337493889896,-1.389384625851951,-5.309215208887417,1.1771476405946477,-1.3509439968929595,1.3530611627401752,1.7944782271134079,-0.1973176928191231,-1.22078472258131,2.2285183031027787,-0.4917226104776842,-1.3826127967258026
2,-1.587724205743001,1.2746212547051967,-1.570566824605331,0.15576971830588243,1.0829754595212224,1.3512953274047785,-0.5267773474721983,-4.671256921765245,-3.3974961143619558,-1.5927897175537635,-1.0292349508993615,0.005345518628788462,-1.4507271816119183,0.877291780114678
2,-0.25985828620881557,-0.32609300492250975,5.3958092979555765,0.42255933363887765,3.02667174549968,-3.4782009901053557,1.9359016580561903,0.873378359397805,1.1435981668867317,3.6987650890342456,-2.7077776073283455,0.6216664817710342,2.1214207245360797,-1.5000564501868705
2,1.0485302752457575,-0.6277618892874716,-1.1101833896316289,1.425224128450077,-5.916425518687682,-0.6211471056321156,-0.9954939320676807,-0.5695063939580454,2.460520458550497,-0.05339265285552967,3.47134107327465,-0.06119715166912042,-1.1541579791622048,0.14136573882718378
2,-2.026746424654265,1.0553620186664032,1.3086352511154327,0.5900380529881173,-1.184818205640132,0.0690127028325175,0.4418816229668848,0.7368877836897779,3.1959467848378895,-0.27756571219055215,1.4129559768066122,1.7063935244791668,0.988229862977513,-4.226348455919094
2,-0.03847858159207496,-0.6119366669950568,4.5479692279434465,-1.7405603659462614,3.0324017831368484,-1.014855923305391,-3.316362763517643,-0.7467281457335881,-0.2888362244517739,1.4262437208268737,0.11747180796200245,-0.012961821690504687,-0.630639562746086,1.0649794772903993
2,-3.3490531865684665,4.905237107538648,-3.872032980801076,-0.11446665017481247,-3.6436715062559597,-3.4079069052888653,3.171030735773631,-1.3629414916794698,2.927193008135088,-4.770625934735106,1.1715108605722868,0.772806248835358,1.899449375960128,1.772189309497819
2,-0.3951204861341257,-0.2880609610322648,0.9709445173332498,1.1801535091230557,2.4749210632131864,2.299859987855713,-2.9750449784050312,-0.7540704421697528,-0.7094435352723166,0.7371138046314315,-1.8973436635080598,0.6195879528464032,0.9903165407022989,-0.3473917287443734
2,-1.7984768887628555,1.3519312838011752,-1.5529196714555715,-0.5445466253059319,0.6839782467510314,2.4837888745857066,7.071292029565991,-1.4112503198758275,1.0774303626589254,-0.6546215529400334,2.0767128860859496,0.06999348195565716,-1.6204863869413568,1.4956965142582195
2,-0.46291413434358747,0.5758973214871526,1.1679518302133003,0.9291917193348704,-1.397865699933728,-0.38960215215882876,-0.01875490193748698,1.2566825162345148,-1.1405320955585097,-0.16747241268724777,2.763073280111766,0.06049902117160208,2.2611220507290994,-3.090346807836458
2,-1.361595258192387,1.0967649813597313,-0.05197155657271695,-0.6696485759328065,1.798631158453684,-3.216929540019287,0.38425115986669467,-0.00836681508620867,4.157014676280853,-0.49665026779656996,2.32729040755967,0.6815366547461531,-0.08758557817678497,-2.887422595561613
2,0.8944493757412865,-1.4965294117337928,4.845545348731589,1.8205055692136352,0.688281153848012,0.8126063360251231,0.9688333258099374,0.8832314022313078,0.5079677066565369,2.2515901797691527,0.12050182270563814,-0.2810632924168919,0.41955891586048183,0.028122009040935647
2,3.429631747983473,-2.310302767395984,3.0959790034965313,0.0020192304694640066,7.017916483452596,2.139121926628301,-3.632466200463565,-0.9841736457130549,-3.825952463749299,1.30550526623751,1.276564579240261,0.7676961034664878,-0.6886299853607021,-0.8203229654173264
2,-3.7246023444763026,4.136479889384481,-5.9951333626703835,-0.8065587735940004,-0.8031284532696957,-2.218472932448241,2.292751444263791,-3.3436493706299095,-2.276175352896966,-4.827302813948212,1.2774428170074332,-0.6091707075762737,0.6618686899722387,1.750906049227589
2,0.13517167782126702,-0.8607230726187062,2.8764685205337286,0.5373035450396875,0.21826449142460874,-2.754587472602615,1.462799986183424,1.1457647274269211,-3.1317202338746037,-0.390750313513985,-0.4370599190889254,0.7255745440416459,-0.017235509896098705,2.451083576109383
2,-0.5697297150731996,3.088415619777261,-0.7922308691681413,-0.7019802605998202,-0.33991212131409543,-0.19088296599900825,1.547631046411042,3.6658338246201247,1.3157188704214995,-1.6509405752275899,-1.070484381286893,0.738223657782948,-0.579216588898383,-2.6321301683860847
2,0.004878540638567821,0.25045960640686954,1.8218297159635577,1.19641327748021,-4.398684616740792,1.3554937251252015,-3.0221948133413865,-1.8610684924943972,0.7794013681972332,-0.10297975629732471,-3.006011493428402,0.07087922074133787,1.8697386070360735,2.96823458497946
2,-3.203867551957821,1.176847656357272,0.4467833289795884,-0.8351537083183499,4.274570742564954,1.239770696568313,-4.477936792791228,1.6175994347992864,-2.200037166355441,0.2913296517844482,-2.40850354076609,-0.4568883074935515,-0.7044631497209485,2.31837848565026
2,2.025241951718671,-1.9513136165708456,5.060379810050704,-0.6940902985113583,1.372870314180946,-1.876410779409138,0.7155931563322664,-1.6557056276453064,1.6105276052180024,1.912916580477795,0.26449670435951783,-0.2271424133801098,0.11859016142169491,-1.0206559596044729
2,-1.2439503402231082,1.703158252387625,-2.5007696407417783,-0.7425761852315016,-1.6274642790083402,-1.2364654908903139,-2.4569435307399163,2.775233149753997,-2.3182114911448095,-2.0624128354892313,-0.9605837296113694,0.5028199275014616,1.0765232451320936,-0.05215819334810329
2,1.3253972364285191,-0.31902008711360386,-2.4913135936787327,1.3507100788350104,2.136137736747379,-1.6025883918647932,-3.0347589943006046,-1.535628894736019,0.6253537351327911,-1.0369438102274648,1.8626559098836664,-0.38449579123376926,-0.6573945139062742,-1.6265222325646724
2,-0.4591110097500271,-0.751405507549117,3.139777371856924,-1.693724807381486,2.0164088206724253,0.30853336554692884,-2.4888204585342644,-2.2791135085119283,-0.39957833180210817,1.165388412868783,0.01081539102494618,0.38808588047249704,0.2267463421980165,-1.7684680036949367
2,-1.0450492652586953,-0.0074997629645879565,-0.9017795338685926,0.016525470240107448,-2.1183570914860597,-0.09109720969641784,0.956950737091014,-1.4702280176637978,0.8525565208799453,-0.3100157914113255,0.4642434061245447,-1.518698976240071,1.0649831016457911,-3.140073128760583
2,0.24004542826370823,1.0306759990558714,-1.7184118928012415,-0.3048589226603974,-5.541429922805536,-2.1402809505913747,-1.9749458270285334,0.9339625002585321,0.2762798578988752,-1.4492743929953207,2.0196451177554273,-0.25992449618938196,-0.5390867579495672,-2.777856317225128
2,-1.7197154661463274,1.6584002660336814,-0.6178189438489522,-0.4304469166598725,-0.6798293937137793,-0.002785359887683429,4.652246694084988,-1.7908834691142645,2.852218758831909,-0.7801646975119274,-0.29049189727948116,-0.30816086316393737,1.9425515690929176,1.3984289653866133
2,-0.5226242116107055,-0.2803188017729292,0.9003324063584592,0.03307310637765306,1.2517771840579432,-2.7719020562849406,2.9901094316351253,0.09492520938313427,0.31696671639609564,-0.09224343763703569,-2.885977245473038,-1.3359655958481387,-0.8667685429289088,2.584082142058652
2,3.0652507254990495,-3.5628786263949985,-0.1208858126120889,-1.1710562646266407,2.5664189892506224,4.555505938723228,-0.9146730654982277,-1.6874019166130898,0.7260413608999796,1.0500086054070703,-0.23810463093519654,1.0891316204644652,0.6793880743800847,1.2088614616018614
2,-2.5063422292457584,2.5904567068367608,-1.9486753440743128,0.43245842574600357,-1.5896416002613198,4.945888288082775,1.4814501470730337,-0.47139396183633314,-1.0140220370653652,-2.2886979292884693,2.5550030253546896,0.5520146173795938,-2.9730223817802974,-2.7813271102347668
2,-1.6084783534412896,-0.05213679425878965,1.3378941621187452,0.09352556280275827,0.783567517636224,-1.363154415139289,-1.6324855942644854,-0.6698165162458458,0.11078568875883288,0.698249684369856,2.6154966714084953,-0.4358224599560643,0.44714991537857224,2.1630932883983545
2,-1.2603554166854134,1.2456840601746249,0.9086011685477994,-0.9683629389841272,-0.31991917571528694,0.3472445466701275,-3.8967626503291455,-1.4964094274773125,0.22973285961276485,-0.7683240331504311,2.4131174833349616,0.8293393869361355,-0.32957333680685463,0.7470893053073842
2,-1.1671819029875443,1.8042065072075726,-1.5352257453846423,0.7895758787246764,-2.100018060465425,0.7360505923333175,0.4391630225714853,1.3543400133732681,-1.822900073888965,-2.6443959893905773,-0.47039225743361057,0.03447782097631293,-0.9757304793797879,2.6809544837844657
2,0.3858184954356392,-1.070609266091602,0.13180325424815553,-0.14956122406557434,-2.916434933365927,4.895441515306379,-0.4395903272832667,-0.24327052292669346,0.5121505241902409,-0.8865852560951931,2.7166982120276684,0.7891956240045602,-0.595703273247714,1.1056165967848082
2,1.20059862195952,-0.49919436091802666,4.87251908741978,2.6655311959981893,5.620232203994636,0.5203016907368918,-3.641803562401231,0.27446730748914727,0.2580675843060365,2.4298927777282238,-1.6858039284926762,-0.2745241445816121,-1.018050241494326,2.2031108357406497
2,-1.7679732302807638,2.257147952716197,-1.0111729988604399,1.6150615509723643,-2.047560699251307,-2.586463001526785,4.1462494735696875,-1.5286087957310426,2.3219111886015225,0.9355556446160428,-0.11151904452229838,0.20708235287699917,-0.6744084257236298,0.702160361801928
2,-3.636514964492125,2.5549008947917415,0.017922007216039586,2.3620344930930317,-0.01791415496672445,-3.1024952264259413,1.427737965790163,3.9237203214377954,1.2855516218333913,-1.9794237774949557,0.33152461253420823,0.9191015450968243,0.5453593429245992,-1.8219588225897492
2,1.9627696813980484,-2.092199267139496,4.220719541951142,0.8962304001249627,2.3145115216944663,0.9273784096373974,-3.7843588990794856,-2.962850603973127,3.449649562695271,2.485374793768355,0.25852940501098687,0.2276706253223185,-1.3139270015557087,-3.3156336555857044
2,2.7495036589412725,-0.9654267552669188,-2.081260767183781,-0.928714608962905,2.075889189988742,0.711143672127487,-0.2383923350234562,-1.8388536426403264,2.674485632642441,-1.1751337589977966,-0.38763152777262383,-1.0690067596971518,-1.0647924118345775,2.8438730848201272
2,1.8383159972047893,-3.3620403673166632,1.7396032021197327,-0.5789097313894197,-0.9648975739570498,-3.6808443040976577,0.904942411065929,1.949292090913831,1.7328552490370694,2.3199607800283197,4.759837553763512,-1.7285522243172549,0.7797709201657967,-4.195197687974281
2,3.9703074238809997,-2.842427765419274,3.4915826048663936,-1.8141250229724795,2.129407538158973,3.7160548249255037,-1.0750987071912532,5.025913311842391,0.3489907452464054,1.698264099526235,-3.6570072127767643,0.4080838977106595,-0.28522956369870045,0.9683431248400276
2,1.325037702757711,1.7391919971770686,-6.890851886983486,0.20311161678868464,-6.33477179869146,1.8815773163896867,-2.2781725331293723,-1.7536140784819394,0.08935742905747322,-4.716868963196095,-1.7156643170447168,-1.1822607238572216,1.1719631987354644,0.5173268931066338
2,-0.9374795439516572,2.388139815114463,-1.26984045161901,-1.587871099648969,-3.2206481034272803,3.154929849802299,-3.09197332154315,-0.4587180749728099,-0.47154968174464873,0.04883421840148088,2.6386667991882007,-0.3762798602336071,-1.6545623986561406,-1.3181387669805644
2,-0.03669090087402857,-0.9501548692420301,-2.267326574056908,0.018434792755759564,-2.9774237680072484,-0.7186226715902505,-0.8366542254470958,1.2146333706563253,-3.136066687076836,-0.5544883487171949,2.101282331003367,-1.1384402691042073,1.9668860084004376,-0.5197992457144768
2,0.48654917121260277,-1.2849587952217332,4.347436065635974,-0.8405114448276477,3.103586771174864,-3.3145752737365584,-4.369387768495807,-1.0165935368543688,-2.649485636218974,1.4725579320504734,-1.4639915076023269,-0.8296219021846687,0.7608689085945785,-1.3171185688896836
2,-0.3440950801238979,-0.6564222583334819,-2.553009834860396,-0.3728240695256623,1.7366834184773032,3.3105592894829052,-5.480884646428479,2.4096083001340887,0.24363891740293014,1.092673559855438,-0.8757948968455191,0.46757781460357833,0.5921289781914729,1.032761309925144
2,-3.6885974048237444,3.1182862545169594,-4.5184607196773525,0.7029845145891112,-0.09245426679656484,2.716504933274888,-0.8346227433800947,-2.067807485881857,-2.9807745539578483,-1.957893931063667,-0.7254824299126461,-1.6165938079489157,-0.4336834099520612,3.201639881788775
2,1.7781242812590863,-0.03663570432727355,-0.8007513753875526,-0.2992477030303946,-0.6585481263387697,-0.20592558747675344,2.4949151937379566,-1.2142906469269572,2.4197040971811417,-1.2851686580141246,-1.514730518310762,0.6874140798709697,0.26616944793522423,1.5055367254323015
2,-1.3592970307101455,1.1688156606964375,3.1061470798338315,-0.525704118476018,1.0709775580840961,1.5647630363317275,-1.0959212797045828,-2.1241193104824303,0.3906246126150989,0.9526901040459378,-1.030160544014489,-0.9913742926422621,-1.640193772290745,2.4079973846526745
2,-1.8143664614280761,0.2446824383627323,-0.2012143104944659,-1.1395036852209122,3.151258592981365,0.10629746617931897,-2.08697509161572,3.2570798293732963,0.14153652773122596,0.6132804073930885,0.8297265399258065,1.0298052003809663,0.47210667832384023,1.0414916695654453
2,-1.454809539938803,-1.2479776909279707,0.3693851513806019,-0.10933353471675474,2.9706954325856287,1.4164674392409968,-1.154464583731917,-0.8049243731589445,3.3190386494952424,2.350954520323966,1.7705239131986932,1.1792142405298784,0.45889126522663515,-1.1339942338467601
2,-2.3022201342855264,1.6002403872209972,-3.2141637250544504,-0.0707821735720944,-1.9103478967624372,-1.2652825104229932,-0.7979880097708277,1.450038375752775,-0.08757577559283863,-1.517208660862563,-0.6336827800532246,1.455782405003923,-1.3283618277521092,-1.0480118322710428
2,-0.5507470394213829,-0.9098297773674683,0.15039339645432992,-0.827312935966611,2.970277051374457,-2.1463435532877932,6.581205847731013,0.7583875597071824,-0.5648562540690935,1.0323242721015842,0.27364438531093666,-1.6927988116373631,-1.3115046491358997,0.1985992927071811
2,-2.949708520392964,1.027662933300132,-4.198702234597444,-0.20737633135602165,-2.219994886121886,4.516288888473044,-2.9077944536300797,-0.5997454346975015,-0.8559286982965932,-1.7351145492987268,1.351895457277365,-0.03226274826629307,-0.23369348067245088,-1.274121165552558
2,2.4114084390023804,-2.359425644637676,4.036457475958394,2.4418629630980515,-0.48004439779254443,0.14696112792504107,2.835777552615681,0.2739289545348323,0.2613980685850467,0.8380261089590392,2.086967756514551,-1.5401346953076192,0.33461818694615036,0.20183890261977525
2,-3.333404144738205,1.3374536038569456,-0.15958790312799817,-0.9397520635499323,-0.561823408055686,-0.9251430660950759,-1.025684445733082,-0.7539044582035442,0.3856177020383253,-0.46591365897839593,2.0619868571342703,-1.1775311030499445,2.8556861797899074,1.2179881526554885
2,-1.727049784897907,1.2395313038770286,-2.4887828457468135,0.312505139060394,1.4608162105302942,2.925428080814991,-3.795288658067555,1.2641089965274275,-1.0002809821628222,-0.7957976373595206,-0.8930769751007125,-1.3845346063154556,-1.1109735707543096,-0.2755554929058208
2,1.593546176468055,-4.397698242737087,1.5876518271291056,0.388148715938396,2.973496837606757,-0.26906351039942666,-1.1551522619425065,-1.0764198236223546,0.7847415263048391,3.23152757153933,-0.9231320555957333,0.857212550181718,-0.5732129975039828,2.1678908158648857
2,2.8300695445089072,0.03981696514307351,-1.043728652770899,2.737612962644294,-0.6770774458581669,1.5626537878350122,-2.1391985964576246,1.7492421231655753,1.7783712796563633,-1.25482549733114,3.9175932095262778,-0.21976318132146322,-0.30679235194817084,-4.544083682244981
2,1.1613382336053435,-0.2492878905304755,1.3062405136125255,1.0951546048039502,-0.0476706681404964,0.8830791443770786,1.7980720782160466,2.21358733613396,-0.05436632733080613,1.3543121720414435,-1.8026193836993185,-0.2365011220148683,0.2957463409784237,-0.5401536027413345
2,1.4183055663821238,-1.704724012497672,-1.0735016463136189,0.7666988173455901,-1.9287999971567786,1.50584845261914,-2.5410610181492563,1.1882359582332405,-1.6773295013055212,-0.5510789219112874,4.136904764884219,1.3303002533467727,-1.4800698417931388,-0.9163950814178953
2,4.538864223410864,-4.51672356440689,2.312748396211,-0.8479861591358047,1.269806900259687,0.18463048505000623,5.895329133350953,0.42127230033029217,-2.9171138999985144,2.3010264120586132,0.09999927864305785,-0.3843929089041663,-0.07335978391020732,0.0017680149319220153
2,-0.8197173738661241,1.73200414572039,-5.190700595235162,-0.1712626523113624,-4.155634824868882,-2.060783710189351,-0.9516287017028108,-0.5341866837400616,0.2769300162532014,-3.1756624747861357,1.6447658509766268,-0.4429073225057247,0.10868905362456163,0.5385633385382591
2,3.7776921737070563,-4.690622930752677,-2.1991754402742583,-2.6603277442662088,-1.4290353333317198,-2.725779653336994,0.6655890283607746,0.5271312813802171,2.5893283182679383,0.019504106193150243,0.006934303021079681,-2.3014266509101162,-0.16970014822959265,-0.8992284383150279
2,1.1631124347809376,-1.4531922527446597,-0.6729525244316891,0.2029099745409392,0.3184243829679841,3.3262993459848476,1.270596018648139,0.18285179171954838,-1.2824407933789883,1.101175017351407,-0.16030863577362092,-1.6451625933521943,1.013688036307093,-0.08428750112836819
2,2.325740617680428,0.07042992617409408,0.22355221378649517,1.0403511988469232,-3.5503231603951257,1.8829841568005887,-0.29629791922120285,-0.2505070983602219,-1.8662228325255215,0.34703429114811507,3.830192073329204,-0.8695973282118591,1.595627238316947,-1.1649074527832233
2,2.4846948117059298,-3.692615828787391,6.576253170467067,-3.166923365779713,3.129211983002138,1.6933439753272914,-3.8487836574332595,-0.03928099720492716,3.564439504752288,3.2749569624089045,-1.5475200730568954,0.06024466671269592,-1.9789459125455315,5.50599401090153
2,1.5271835862459555,-2.2553574406470194,1.8739906192568123,0.5577656168364652,-3.3535683846574305,-0.40575840436326155,0.19710724856547102,-1.6187332031679533,-1.7243091629760645,1.880046658142864,-0.8004071098786649,0.11912987061820966,-0.5519536523778625,0.8961332238110681
2,-0.03597736681921401,-0.8565562440953522,-1.6825591846924173,-0.5640957686243858,-2.444060704833218,-1.871335678012134,1.6635041898794798,0.08064552660630181,0.4964154213648909,-0.9253655514149032,2.082133894167904,1.6206656497011491,0.3248221439900405,-3.2895092812796736
2,-0.5878790323000616,0.04207918950039326,-3.6567094557781687,0.6796336705497287,-3.9214829007644227,-0.058454490595640764,-0.5086608108324502,0.2201255757228971,0.6346768377047443,-0.2110700239778001,-1.8553106501571601,-0.4919516739943323,0.4790328006712692,0.29694334146861007
2,-1.586582649757595,1.6277594577674483,1.4943455427658587,0.2529540231615713,-1.3061963222310324,2.4789120742728445,-5.160111957887183,-1.1559724219439025,-1.2262823995724261,0.2842911309188631,-1.2815176106890234,-0.7490877248195816,-0.082331238113795,0.3110164440475214
2,0.5553634896726665,1.4148327883678309,2.4692296261333477,-0.5307633793126171,2.1193676831185817,2.631948073691638,-1.8337048530833557,1.8304314629732932,-1.4623442742104,0.325642448880446,-0.41073043485583016,-0.4167061250597656,1.482621544171092,-1.0225233638965485
2,-2.152973072677813,2.172972410374333,-5.859901940772518,-0.9647006351172932,-7.21370425393981,0.9743546496255466,-2.907474188996116,1.0735617900188503,0.9352111941359035,-3.4355887293535514,1.4792010227996581,1.6044206320364085,0.2263594395558742,-1.8770677684646402
2,0.4345814648368944,-0.947758950818392,-2.841823333633537,1.461662340113799,-5.824298318262501,-2.49755478005402,-2.9210095879043863,1.1611621540670525,-0.05693744023365456,-0.9946681849831028,1.849088181502962,-1.4437737961691763,-0.6643605833482451,-1.1073510404607965
2,-2.8597547579537306,1.9783871448315289,0.7190444116055855,-0.12439622826937838,-4.045823048036114,-2.889991413494825,0.66904355920006,1.4369533694415302,-2.563752429398336,-0.1419332775026273,-0.1895047807269037,-0.05818415111035282,0.9494407889277463,3.5922425671927933
2,1.6601348916235854,-1.5768385911484766,-0.4562492872405723,-0.9291512248325395,3.750241837256559,2.6849275763225355,-0.019803290807725117,-1.3481395702890997,1.8068546644306485,0.6570500148320169,3.8447178333014635,-0.6696881855722584,1.897702764711751,1.0177462261723036
2,-1.5802241821427723,1.79711291978582,0.9045144063255222,2.3480377150333656,2.9357858267669377,-6.846866412981402,0.12722407326032134,1.661902676824112,1.2133243997723677,-0.506965620000865,1.8088318147004627,0.25474397250561454,-0.8187833816544431,-2.0516880663686914
2,-1.5975452002841488,1.1467109078903595,-1.5564297830831457,1.4941497786749411,-3.3651480480953446,-0.2108479157873803,-3.873683243118312,-1.8242800299890696,-3.7218282755968555,-2.1919918264166314,-0.22723069827707537,-0.979164884288544,-0.1748757162157688,2.3593904582768177
2,-0.8254623745734825,0.18089522574955463,-2.503878924262319,1.8283890692840066,-6.674770789251485,0.13402267603058818,-3.966418739439093,0.5116057511178772,2.18437165826907,-1.7791939948388136,3.6810723553017937,0.22032254772991264,-0.9639076133297344,2.963883731503192
2,3.064256425480852,-2.7467747383949104,3.1365057853100433,0.5682440322063926,1.4947278174806513,-1.9973204594281144,-0.9293536360577281,-1.1891456427798188,-2.9304534707912566,1.3614879801867528,1.8915354080571294,0.8715714242859808,2.0090589686440685,0.9140004936453396
2,3.278656823797101,-1.4890877166389713,0.5526633901339618,-1.5663590255213156,1.4721142060473875,0.651515536401594,2.454816727911016,4.151524480995285,0.02337671982971756,0.4479717445477604,0.586771876780548,-0.05984780358512956,1.4843929123152946,-0.33545242463577546
2,0.8540259675932328,-2.4420913073349735,0.5354035496835557,0.9543821919551634,-1.0150640746601016,-0.9801958643480492,4.606385244236833,-3.878980438165092,-0.6471426174621795,0.2445151145552659,-1.8172475902961915,-1.0064972247935615,1.1634337410595563,3.3164793934783883
2,0.9617414099921175,-1.988173387249174,3.344793969817151,0.7502431264691652,3.92306534111456,0.29443679432043623,1.3447722226554963,0.9412901856185687,-1.491151911926927,2.3710622528813143,1.2410163524981512,-1.5122769551473054,-0.38471007399943535,2.256108455889068
2,0.6874868711466172,-0.48536559515356864,0.8081167012868492,0.7499344872008435,2.690138865155614,0.2105720243281453,3.3638602968621156,-0.637625499999648,-0.6664662636090679,1.286636095639252,-0.2897589155172194,1.9992734606597244,0.38436757025787577,0.3854247350923417
2,0.5322698065132148,0.4488502213175594,-0.8693986526302644,0.9480946083448393,-4.586241589623691,-1.6795655017201876,0.7053453284201441,0.3289878166003441,2.3763166171573173,-1.0832148450573318,1.1338358316412707,-0.6599562530990153,-1.5763580246473183,-3.5596381039075395
2,-1.535384962756344,0.2838276106002684,4.588316342047958,0.3295019558200949,2.0915739667936357,4.67231177456533,-1.2471083625605837,1.5510065033234772,0.19826371638361284,1.1855987466143634,-2.2747209769744163,-0.27260976642078466,-0.12509599420465806,1.7969172156364352
2,1.6941498953937975,-1.3458136068817221,1.9157575369911906,-0.1008455737243343,4.521852107859177,0.5921129633439011,-1.5739583824573415,1.4361859843153337,-2.317695077981627,2.2677354704872403,0.2637364096992766,0.2922531789188908,0.5413059052516899,-0.7694985553806267
2,1.1496100615249978,-1.9166628060989306,6.597372288417678,-0.03751674462590556,0.5611318208494934,-3.533286164709331,-6.8806254103637565,-0.46491006616675534,1.9135408933906215,1.3911526013794857,-0.9069363257621076,-0.9070831944217133,0.12083596661893774,3.116091979541661
2,-1.0278854873824395,1.7996493406689185,-3.1152443907116916,-1.236362549273175,-5.53024608382278,-0.7712996810728888,1.6025902443004525,-2.761780159059532,1.591849931289236,-1.9274015602033923,1.1976488060983872,0.4230327952336682,0.8915190577791592,-1.7709142239489757
2,0.9865634235027,0.29476495489558946,-2.062074497600771,0.14920121399622605,1.8012727411011138,3.143077378052911,-3.1174892705890462,-0.531443800888629,0.5689853363518806,0.04760459319707173,1.2649547219003832,0.5873022061020596,0.808414100380351,0.7165325882110065
2,-1.4554492005771402,0.522344905238972,0.8463685111895474,0.9861989094171002,-0.4823253488573305,1.2844818924083743,-2.434577853359424,0.9564967246957821,-1.521790605896497,-0.10528608165886581,2.5268654906421992,-0.25328399099890786,-1.4702163596007112,0.21146792254245858
2,-5.256182742304021,4.419109377060143,-2.288759497580227,0.35698157837041605,-4.715244509706197,-2.924122755004872,-0.8970182430406031,1.0082533184591496,1.254797944963207,-0.7944953238971089,-3.7536394926970225,-0.6714677326611574,-1.2027964564564415,-0.8884847022303296
2,-0.21690047464468742,0.15715726099840485,4.61292022762477,1.2145693995021645,2.0800993129584193,3.145357503634698,-1.8576542420541846,2.9271753757752887,-1.9058595567419705,1.1016623199225835,2.8036065408988344,-1.2570172904706631,-0.6769673076586608,2.5999987051543245
2,-2.7758949866559828,-0.49752539650372296,2.756529121476265,1.2680722605708339,-3.1941218031736187,2.015898725406904,2.779631001907277,0.7852446464350475,1.1666561272947906,-0.824597989691296,2.0261677645581986,0.0035868935470399956,1.2314822442630957,-1.4522013764679926
2,-0.6758238251749275,1.349566881492609,-1.502958625157375,-0.2602353877294174,-2.7325826911280364,4.724496988711799,1.1630356920341616,-1.7071978015664857,-0.02307242134144727,-0.32672129848195636,-5.619290817369238,0.6031503207721833,-0.5368759074642885,-0.8682441426845207
2,4.44308035415595,-4.308128698775987,3.933606481179973,-0.22284614554943888,1.380027936374512,1.0869315406091309,2.468505573996396,1.92085392721028,1.0121147502556214,2.0777534177972106,4.202507797026032,0.4768941043713265,0.8727001038161787,-3.2118607901391822
2,1.3151394033139985,-0.9801876061432686,-1.2370025079378582,-0.364079610461193,-1.2837069025429477,-1.5769920830613506,-1.3992167859115197,-0.48055916862219394,-1.4681440182078247,-1.0625029868725804,1.2092073943031352,-1.0184848192431564,0.29449741454837575,-0.724064775230485
2,-1.3844466287743387,1.5178360711298098,2.0914308447196666,0.6694363126475754,2.998493922850923,1.5107625187504703,-0.40634910565328847,-2.0615602859217037,-0.009657376051927794,1.5356317366928809,0.58792655267306,-0.9495650820751272,2.8040206581684077,-0.3869059644710112
2,2.3167966202891823,1.1993925337531894,2.3089237592981,-0.23962982497078839,0.03033187056353177,-0.1091579360689033,3.3796654019011902,-0.1510277478796976,0.11932990430332004,2.7178242153156145,0.044363548001542165,0.5806873674400328,0.22711788183904436,-0.10496213580944247
2,0.7766495092255529,-2.570047686410591,4.1883776558355725,-0.950886469486286,6.608476257743087,1.5369104601935706,-3.0732948808825107,-0.4955160915941188,-0.0022131487700639794,3.753746280644255,-1.7904131489946775,-0.8658834214888366,2.2746920291582637,3.574174095486585
2,-0.5343326892689602,-0.045385075424029545,1.8110636873177315,0.2357389709234313,0.2763148729117863,3.233829283354223,1.3086591318633753,-0.48239438773150717,0.5382265275621998,1.2097845883996372,1.7596765078978414,0.7132851012710987,-0.21402360945243348,-1.6680261446401192
2,-0.5417704042669034,0.14693921853901634,-1.5060748902842884,-0.4995645004334964,0.5402556916264523,-1.2438316266379523,-1.6668812521221046,1.9518962130950883,-1.9652527460701414,-0.33468222887086785,0.4052338543296744,-0.4871420016714031,-0.738575470605989,2.456802501909058
2,-0.49551577596876345,-0.3297429747150532,4.311725528507376,-0.19699941364326082,1.3686926930812378,-1.5201219571948168,-1.806069009778183,2.9041391209404837,-1.501118188220247,1.967307371486229,-0.19919920641395034,0.29349260903071456,-0.27969754421360904,-2.2169089346505064
2,1.0398027575431041,-3.3451935196681286,2.685290946977264,-0.48003420104449473,8.75098945141472,1.7182033904767537,4.924970721683076,0.6049855296436136,-2.0483177064241906,2.9925062163263054,0.2775776334392161,1.7914701139909708,0.2176870559961612,0.16339080498700345
2,-1.2954747936712168,2.7668081505412494,0.9616740017094434,0.41745151800563174,-1.9609691172672037,5.36611437616501,-2.1783339052709887,-0.7435561233878495,-2.345202036250494,-2.041221797450808,-4.850740508757862,1.217353445993995,-2.337990640462862,-1.7337306072279743
2,1.2937625434801114,0.6066302175957422,-0.7497861022880961,-0.43682529880031884,-3.7251300835719143,2.3234971429702775,-2.4912472180433074,-1.9467432894801187,-0.27942372036474405,-0.999888222339259,-1.0192017997165221,1.07716072353615,1.0244473096454008,1.257898854236729
2,-2.610387667152781,2.2822533085961187,-4.445016846978104,0.9534609551131754,0.24828055516182304,0.28051537824723166,3.7149783410943917,-0.31824165720767184,-0.19062158471197665,-1.7337918902554472,-3.4936479895174095,-1.0443837395489726,-1.6461272245212255,-1.3861973617915535
2,-0.2599852113443066,-0.22463955130177407,-1.9366407678118984,-2.571748265102016,-2.0755101435248715,2.08351185082535,-3.2788845849779578,-3.525447986308572,1.437876351070896,-1.1093435485064151,-3.808001830336582,0.03233994261537241,0.3282533791152129,-1.065250211133434
2,-0.5813970206557254,-0.17511716417831308,3.0936878114354083,-1.611450806203496,2.350137605398896,-2.2494418672010705,-4.0321767181390955,3.166893965641437,0.727263299758806,2.23876111329612,-3.009042317252533,-0.441449930793463,-1.4292501588410533,1.2055120374195318
