,0,1,2,3,4,5,6,7,8,9,10,11,12
1,-0.2465801064231689,-1.7938245274837492,1.0991036567849481,0.3270600518584715,-0.36240297718070424,1.5239461606094085,1.1214068299810027,-1.4248001181634165,-0.004912793363491574,-1.6462846964485267,0.6617532335631492,0.5737654359444018,-0.9944606431332202
1,0.3859812188071921,1.218440480773583,-1.2224477266971188,-1.2746253732250887,0.9799616026589724,-0.09674772362640074,-1.2680390274768014,0.2478270449249077,0.3098878134396888,-0.019680520303088107,-0.13044906423566274,-0.9012734021303765,0.8051272038069422
1,-1.9734993160033973,-1.2891772618520294,0.684489570251802,1.4926318575387054,2.5591696989701855,-0.4521946197731497,1.488557224272713,0.5068831272786416,1.2384387782371373,-0.2991316346714292,-0.032406988153625034,0.4597772491033251,-0.005676722121043906
1,2.8696022033785957,0.21786059864810317,-0.6007536257203662,-0.9004779785767995,0.3887555343062846,0.48550725232949676,-0.7508215299845642,-1.317638715276186,0.03535569126128368,-0.9244763435100701,-0.06975083701583555,-0.8797437693910815,2.115881566705407
1,-1.6177743426001832,0.774442376679367,0.2660827337868147,-1.163315474490117,-0.5519644306908071,-1.0353350254879143,0.03690793802965295,-0.16583423857254834,1.4235221071219857,0.1732784440168019,0.2422299691635768,-1.3520441741545697,-1.3321226910580881
1,-0.8686530565646841,-1.38199165813656,-0.5012408884731867,1.1411527531946375,-0.6913520555485144,-0.31897266718121525,1.1391159731751057,-0.21539117425627294,0.15370578754148212,-2.3226617657972195,-0.6138626076617746,0.4845916582717435,-0.2215161157882048
1,-1.2289078930369477,0.09427446471269708,-0.5499838114277044,1.9630019029475387,0.511012318992064,-0.17352425488048312,0.869972099151111,-0.6412186321823597,2.107361673805666,-0.1742130437694644,2.861449021134573,0.14737371795799423,-1.744614206985587
1,-0.027878702844260486,3.339714889716712,-0.4674951026694879,-2.656746557837815,-0.9231096842906267,0.04202434521997501,-1.4086226110494184,0.3979179712967423,0.30353634571101007,-0.2624841423188048,-0.1341718277837901,1.1073061559090391,2.276212058422436
1,0.40680364138054365,1.3147112354810806,2.691995168256601,-0.7992078612771032,0.5644211632500366,-0.6378584534566214,0.8515073548002643,-0.5615441684212742,0.6110004940296971,-0.07988750146645839,-0.7600416221811795,0.7304276459246951,-1.6731547979343049
1,-0.37753341178129074,-0.09924451276019125,-0.8925981040690949,0.19222717233272688,0.6922058298896626,0.04071423800790647,-1.0805495978213397,0.049570017938797575,0.02690249504797715,-0.9767311635291267,-0.27215675151402574,-1.0288710665641623,1.3484087205507838
1,1.2026667596913103,-0.609577645609911,-0.4878667173579454,0.37865832622391254,0.44848057526062207,0.8127390014895024,0.9296942816374306,-1.1292212503924957,-0.18436672080831323,-1.3292676434499537,-0.770400462532681,1.8189254768666292,1.158934191759816
1,-0.9681044062260473,-0.054061205004557716,-1.116159439270462,0.46478904400341126,0.593652625578456,0.8698055805858368,-1.2962317783935662,0.706471316648274,0.4974692640258907,-1.3125441787260828,-2.387416235886917,0.37371670669379,-0.05713710972558067
1,-1.1795906473573647,-0.9490317598256169,3.566272777332677,0.10359736475643143,0.8481577946102029,-1.102950147301225,0.6064764672046338,-0.6015198059637071,0.24224320126102822,0.31345791991744454,-0.9365458377770932,0.7844080666514335,-1.780837632519673
1,1.4671720307092704,1.1422820906465483,-0.004475284408107952,-1.4919739524000122,-1.9234434455657523,1.3081988946630236,-1.7269974481741408,-0.20954796965215255,-0.7190458689068174,0.5903813903285223,-0.5501711506580484,-0.7185236290172666,1.6552720901462896
1,-1.7058236298128606,-0.12033369034339429,3.0630087295939266,-0.10066180667785389,0.923701356580324,-0.08585372405914733,-1.3356203222401537,-0.31710075592000264,-1.1641295273890622,0.5940812429220997,0.4442613082529892,0.8161508178627319,-1.4792873692288875
1,-0.24997272698253456,-0.45584355477744193,-0.8023060311217273,1.0635788085579905,0.518082803812153,0.21049044885402432,1.8222025922232126,-0.15678694624797251,1.7791173220961227,-0.614694081999208,0.19881514838188874,1.2794993128635528,-2.082885845979581
1,0.5468662730366172,0.0883780778104562,-0.6788666872444798,-0.2223632213445483,0.14302026467681647,1.3215597618954944,-1.3757416334091386,-1.1095593601763285,0.5757478566933252,0.09602210411468734,-0.229388370389458,0.0985890905368218,0.2796605538205933
1,2.3995885670098507,-0.2706558454445331,-1.1290986528726425,0.03142652936387082,-1.3935185590411574,-0.6156771218492065,0.7126560809740966,-0.1951484767917995,-1.4529014437573298,-0.30858015110490034,0.7973936749514872,2.579536941452399,0.8022437175294543
1,0.4157242864687419,-1.8208819197612143,0.4580226710685014,1.7472340878302417,0.24250280952934283,-0.8259011631251458,0.37854618927766853,1.3464846165350841,0.1944135958135792,-0.006563580191057619,0.9523114179833233,0.4645071872935367,-2.1264161079277075
1,-0.9555792936618326,-0.8140093513180263,0.8438510738030578,-1.0437526397951429,-0.39216876814674095,1.9768170924774595,-0.9369119749597657,-2.313850949506627,-0.8034346598792336,0.5849321830430871,-1.047365954815208,-0.7151597400963948,0.5958994189204682
1,-0.8235193786721753,-0.2956419552897969,-0.187018386802649,-1.5478726427290694,0.0892101037610093,0.12188819190569193,-1.9411388181752245,0.18143896886701094,-0.21364747547496352,0.15663918393240417,-0.3022838006261826,-0.13285083046039906,0.9233645748799345
1,0.3050972341184735,-0.07074695525899231,0.4473712133573584,-0.4111119853186149,-1.7593112855087183,0.3444020329360533,0.2969626208810831,-0.6741015638786603,-0.4821419676213212,0.9238876367084051,-0.22137764245579347,0.452168079973542,0.9607029280599998
1,-0.5058093299196511,0.4868185585012896,0.5395218323317356,0.26625712724502953,0.3189422178265382,-0.08660009381333161,-0.06510954283282293,-0.5461003977811747,0.7568472338511473,0.23180427589671038,-0.48173984518479535,0.11240234194534349,-2.0328696353200533
1,-2.0735285926140943,1.4846567148581706,-0.6689270364192798,0.5493217889404898,0.39124591748342924,0.18853090601403313,0.4186257768969162,0.7786164322868764,1.3877476583477253,-0.43118203981334,0.6481554927137987,0.7917797053386697,-0.2147149774216563
1,-0.06631447663059246,0.8872413642061685,-0.40642724969708294,0.6348385695308469,1.0172152600384816,1.3741026061895623,1.5936077934138928,-0.8711354778246776,0.28271913238454616,-2.1884678855554434,0.5773368228640358,0.5764885301395898,-0.3999547138944165
1,-0.1721489267236104,-2.042847413958422,-0.1535138996286272,1.1394802542522502,1.3024239830840743,0.18587962224887977,-1.0669888941618138,-1.5183848547241383,-0.3489071609722237,0.020547088384020855,-0.7519499863281688,0.2183010234685822,-0.6402397426778048
1,-0.5665066746511257,-0.04144007757366703,0.1670837250988478,-0.3675415102413629,0.4690997631374984,-0.24323382666575588,-1.3794703833236408,0.12050753588958338,0.4249769760485369,0.42368772095951235,0.511086868720918,0.8021462739236164,-1.3254859483047279
1,0.49608068833156355,0.09661365767595022,-0.18153966333414506,0.07349151593958234,0.3518169264963356,0.5411928396215802,0.1878160328913374,1.2221401257883384,0.9998376967767691,-0.08612115104447145,1.119833380427233,0.4740754153898781,-0.7498841711092024
1,0.20878087730098394,1.8695443818755935,1.279493617686309,-0.8368312533537899,-0.13241742908248783,0.9730174400063023,-0.8339942727336839,-1.4162330121164042,-1.6136380314351368,1.1268072016608455,-0.4006547044034541,-0.8852241722098473,1.4386457093300378
1,-0.3240101703981154,-0.3092543844179378,0.16709671219489428,0.38019713657540494,0.3742245379653838,1.1005018204170292,3.4937938138911835,-0.3680863793776498,-0.9070278219995264,-0.4209004878329909,-0.1302977041893987,-0.41005608963219875,-2.305263264479548
1,-0.5496831814292628,0.4262154448792411,-0.48433317967053724,-2.1172265540565913,-0.3370428196995667,-0.7744419750734641,-1.8300624554297926,0.7886819040977617,-0.31905423850549336,1.5275959923839728,-2.45186629429157,0.22922159951127158,2.2274908714751853
1,-0.4705811386975703,2.003938288484111,1.2942770718657244,-0.3707960868835384,0.4206001005163186,-1.3643268114427187,0.2303830726852762,-0.07861778441889165,1.0484550385745672,0.28015866141095586,-0.49323733272559367,1.3011915976016726,-1.6783716698185815
1,-1.6992442566337729,-2.1576862231551415,0.8398061801765743,1.5084440274384086,-0.1569478017717575,0.422443164757105,-0.46019242361454027,-0.12601090476801527,1.5573730746531544,0.19317500543334953,0.12820667751750212,1.2020353545610023,-2.4417267121285318
1,0.6006761214130653,0.34317319711117616,1.1802484904176955,0.7962631090740239,-0.5698935867323405,-0.5268408344968907,0.8660860391257086,0.7948086256824193,0.7324456920453412,-1.3642584478289264,0.7740994136297058,1.152321636790814,-0.048450183719461526
1,1.5349305943949694,0.49777730884750365,-0.43919096711169486,-0.4577142159393811,-0.003227635161154613,-0.08136779971916437,0.7462453705576213,0.2876027210109428,0.11037943753807279,1.2835524160552956,-1.6028924900100634,1.205862846154592,0.11910613498532764
1,-0.3680612735027166,0.13664647241638436,0.45418543661372984,-0.08306651990899268,-0.3459665278447008,0.6916979071415523,-0.5384781622557911,-0.9823261754881762,-0.15702454382341208,0.3143795616084766,-0.5141807835554164,-0.7225473770207806,1.2517703040914954
1,0.47615694166594824,-0.07313372256456246,0.36638887553220595,0.01404566415020039,1.065181830988092,0.38500683143551984,0.31758656085647197,0.05472568268476983,0.7149988919507698,-0.5003091534914517,1.526690031423314,0.4100519682007137,-0.5978898975110942
1,0.5720779414330521,1.964357998999914,-0.1467659205188384,-0.1082176346664366,-1.2214248183671552,0.7206931984123538,-0.054426507509700885,0.2939857259338088,0.4997649199947431,-0.08602388877980485,0.4950734472463704,-0.37775443319550034,0.6255392055428717
1,0.0832760379850348,2.311051418572085,-0.6336232946039004,-1.0631613797236843,-0.5617407100695115,-0.24662453430355266,0.6966545316546408,-2.7060703333020886,-2.1552403424012057,-1.3116124094611876,0.9195365626367799,0.7764436623885436,2.978753728706825
1,0.6428312960964379,-0.6011170436086702,-0.7303720168926989,-0.37513061774508777,0.4720678059336332,-1.4670288426678613,-1.0006383539270602,1.2379092274869972,-0.2265572539255246,-0.3979117684708451,-1.9651367720871342,1.1006309155136307,-0.3468981618427326
1,-1.2834864620158863,-0.47996905822594804,0.19353131148423947,0.37168175678276305,0.08707428364222508,0.2724695436131455,-0.6654326722943177,1.1605490059822188,-0.08017370901631142,0.4665973497540469,0.313267519030022,0.32063699145342384,1.8801378298938216
1,0.5517510145338034,-0.5727600082918638,0.011143546580504201,0.8568281191130139,0.14096229327405657,0.34223139332200764,-0.19602743570605163,1.9905453867265215,-0.8768737925318238,-0.6002092653467703,0.19571228945631947,0.1852252676839424,0.2540762053662405
1,-1.1766599420396064,0.4602343229959133,-1.4940626141248836,-0.8273596415639719,0.3719929597262959,-0.43139513066077834,-0.9770850552334968,0.7084417597729085,1.2181292915861026,0.42287477587842154,-1.7859484476393361,-0.3759735386818542,-1.0578873518427936
1,0.5656464085918242,-0.0650759727989879,-1.0340561454351322,0.2855096162624201,0.7018728573906149,-0.49512280299593336,0.1245378853280942,-0.2651819920184778,0.2634316031264172,-0.32843602207892836,-0.7356078528667419,0.13422248162644235,0.9322897046236466
1,0.5145474895323096,-0.9032291708213758,0.9136133143503918,0.49065917421049793,-0.6469432477824894,-0.3092255648388993,-0.2614080814207376,-0.8569615160451739,-0.9341787026672329,1.0919419117076599,-1.1189568541572321,0.05266741915421325,0.5203925161981764
1,0.055667163779727406,1.0957951505624786,0.1957439490777314,0.3739140083486698,-1.40163796509596,0.7850749597620543,1.3332507109785245,0.5997941739326972,-0.7948190440005379,0.9788202806132946,1.0302381744879505,-0.5500789879305287,0.5336326516339217
1,0.14768386590214244,0.3439243860747291,0.3014437221120106,0.9363559023649918,0.6208038411345075,-0.35587814565112896,-0.9450225491133678,-0.5381104655752095,-1.2416071246415243,-0.16211868727517148,0.29050366807331096,0.3143479781263526,-0.4786858895077501
1,1.5743036159497314,-1.3255302266696267,0.9857761779712457,1.1984642564763448,-0.5269333717221231,0.2617715769849298,-0.5595931362159124,0.3876180081779827,0.3090946455311912,0.24448375910195408,-0.5533662577534928,-0.28888291900884233,-0.5150659071184004
1,1.606844165737084,-0.9326026039424318,1.3468614471829734,0.6818903256715756,-0.23041085304364678,-0.8935321569314358,-0.14068794613762575,-0.14311945398807213,0.02940140320454768,-0.6155086460785437,0.35503650580633467,-0.2400978494871948,-0.6008702337886982
1,-1.5984564429068255,0.010570133949374914,0.7368057458447094,-0.2251477622000643,0.24863438332799798,0.004223853018638493,0.5838299889240213,-0.8440890933799927,0.10857710259428088,-0.2728644009494357,-0.3373706430121352,0.3555975325266185,0.8007709799572018
1,1.624562234906727,-2.2867512527061264,-0.3279561714082645,0.3478704051351738,-0.20706369244292058,-0.5996407579183265,-1.2685061479073774,0.19685749215337953,0.5782116377604903,0.2639977499885499,-0.06600486787863008,-0.29516813039676815,0.45400082022409627
1,-0.9417969562649295,0.5295747380564874,0.8972609840217961,-0.21271391167248976,1.2836393244271707,0.06985834660308461,-0.6597509579810648,-0.4917261726987883,-0.9684320833297373,0.28916924098480845,-0.8003634454295682,0.9594563160352638,0.2302818310544796
1,1.1507112582209775,-0.5461732653984712,-1.440487807636739,-1.050551754548035,1.1402002275344687,0.15414274054072472,0.44307061897744093,-0.46012009454367586,-0.7678158292838767,-2.916883404239372,-1.312785614500127,-0.6532954192183037,1.6233336690684959
1,-0.20169515547144387,1.291509976378451,-1.0193404664844257,-0.5792539375803152,-0.15847276211910435,0.020673473372619218,-0.7219773989773982,0.449190219649048,-0.6838327519380564,0.2906582466475216,0.49297418014191574,-0.40025537614047607,-0.46514337676213885
1,0.16181805893410026,-0.5092685318181207,0.35963415814560135,0.34289104056941644,-1.197072495328189,-0.3201598864648262,0.2743521985306993,-0.33345787490333384,0.7312667061663546,1.352213668288366,0.4674900243287214,-0.5781733244989921,-1.138019016336108
1,0.08705333049038905,0.4390160649069533,0.18349666157391883,-0.9361623720898331,-0.6537278926201108,-0.7909548322971339,-0.8769037593395067,-0.1369940240912304,-1.064369366357024,0.2937981064452434,-0.44034609771808403,-1.8791802196408434,0.08269472312893308
1,-0.8061400015041887,1.066770737964302,-0.45630479297976034,-1.0358021706360359,1.3686995126071888,0.525884098027073,-0.08349099162386119,0.0744823032918044,-0.001254829308890209,0.10304710863774123,-1.2432550279765886,0.5206746057282904,0.8346339861354617
1,0.5325796572245456,1.0892309388570889,0.004859425889831449,-0.29384858063799335,-0.11710331313209112,0.30110101462396194,0.6796175804373937,1.9077922131636063,-0.5701612011651703,-0.8624863276881721,-1.1996457806882554,-0.23912911826154665,2.491993727250147
1,0.8611573515352258,-0.18545553046248642,1.000113758852679,-0.5542910281733472,-0.6831493877749676,-0.4143978543886637,-0.05945160198928328,-0.1452999221851483,-1.227410732946598,0.6250675828191359,-0.6417196520127756,0.452929973898915,1.2371092029892972
1,0.3317870822074454,-1.042429748446064,0.6627104493264634,2.200117033979323,-0.5094230289184617,-0.2086156474556448,1.818074072116462,-1.4592307190213234,0.21588430672766654,0.3788565458271426,0.3530562650716139,-1.2560868671780703,-1.8043221320852132
1,2.062498147005954,0.3883718726966498,-0.5854201435882344,-0.19615248127784254,-0.34076946476327996,-0.7255650219204857,-1.3416840232460951,-1.41466321927124,-0.3692740417126788,1.4183263713545275,0.7789200864911704,-1.2487996286532737,-0.25967672784315565
1,-2.245530156577755,-1.0847483789377659,-0.8463905072300023,0.13278025203408578,0.42684212126329885,-0.6896000131485743,-0.09758455748102327,-0.488321630787662,-1.1721627550260036,-0.8857030044728932,-0.8298112304199966,-1.2927791104269908,0.5549003234581796
1,1.0658615006898526,-0.03941503316704735,-1.3603794152504174,0.15758269453755328,-0.04895105770968082,0.9568278408522517,1.2066512062019306,-0.39933294227194505,1.0825615086354865,0.04402590270094864,1.0694018234060931,-0.6869959399236231,-0.31594203725364944
1,1.2692334250166166,-1.0401938397447006,0.01951317535277053,-0.13493676570142482,-0.22143231636359748,1.8531314539509092,1.251673141910634,0.17670467013693045,-0.6188493849241027,-1.0428014889752444,-0.23963152334041085,-1.9542408711078898,0.9031807341770071
1,0.24329244571356315,1.072555470830959,0.27305103086906063,-1.9535086970925337,-0.97584727782209,-0.5418005637168591,-2.255711848953981,0.4206920045112971,-1.008483129218835,0.4836539109322428,0.9458354741181494,0.3539836169851228,0.2892731483950183
1,0.2158119275149647,1.2396859899777977,0.24874983729804018,-0.03941227611879441,0.401671482123823,-0.22107925634015654,-0.1675571791690882,-1.5273103787178202,0.38425179793952097,-0.22475623879599813,0.4542283662432616,0.26851434298734767,-0.2930938631378599
1,0.6889085889225832,-0.8336234508801016,-1.5649012124392814,0.010026399793379727,0.184497859858286,0.728360560765254,2.6866655238060684,2.0476215684012895,-0.48960310096951876,-0.21136912186017565,0.10128871937903654,1.0288271254988839,0.5562487472536268
1,1.964792411151457,-0.14348284783164286,0.5920554783443851,0.10934736837256322,-0.6372150347793893,0.931032593281448,-2.863556986494383,-0.09188004796499456,0.4991000513360301,2.6851882201076664,-0.6065938530828545,-0.4093672014648087,-2.1654112731597954
1,0.14467037189175705,-0.03663684666760219,0.9332613455323614,0.7474311370127291,0.31785148597055696,-0.05956214839193061,0.7223717699694525,-1.0948215042957279,0.1572515456915965,-0.24711937751671217,1.2548463553639773,0.18123655720225101,-1.924730027641351
1,0.904864285443962,0.4067616584511473,0.46065154080505205,-1.8432499544849403,0.11462853399073147,-0.5867431090100275,-1.4304624086956865,0.7671058903318844,-1.8836222972506453,-0.1780901379829144,-1.0994629149114923,-1.4140941140081216,2.0591005122638695
1,0.4440513400188247,-1.0563856548185344,-0.8435495715350605,0.9499153812849948,-1.0813687192826436,0.2590738448544815,0.8879243516184485,0.641410740099919,-0.11720421633836754,0.8475886933903783,0.025960914107311012,-0.2584536250621967,0.8985344477440932
1,-0.3072062450960346,-0.14321874393355255,-1.7415069295739982,0.7274242563278961,0.3902612757058183,-0.4318113290935869,1.5571529833061268,-0.7489808410043953,0.022123051658260895,0.16573746140785084,1.5993050178128918,-0.3398503942404499,1.2159967875889583
1,-1.4804514898862215,0.7496205449698627,0.8846127568569325,-1.0462692781762861,0.25709206295434833,-0.0646358254417231,-2.159927082024651,-1.1784967982482992,0.7951629094147841,1.3491626831805488,-0.05525634278322863,-0.817588066151395,0.44148882751262264
1,0.6967362546348037,-0.12220420702358296,-1.0441366931772185,0.13207679307373402,-0.2929217160531592,-0.46720441353971714,-0.23044322546442345,0.5963487006392095,-2.0916121685275053,-1.9852968882579667,-0.017673492250795945,0.4965499402810928,0.35275186007285353
1,0.8173262579559301,1.9198603889626058,-0.10692937684804484,-0.6584045160568839,-0.45386782083686167,-0.059915655432093096,0.46346843514776626,-0.3181868062067528,-1.3226091030533644,-1.0756610297252862,-1.0266781023590998,0.6147743184521799,0.8621555407321178
1,0.5340121247201502,-0.6591046656241529,1.3022469476042227,-0.04995716784819071,-0.5548967348806633,0.6136895294820135,0.7042070185667946,-0.5094608710332879,-0.06539943094907023,-0.37663330276676354,-0.16124264680124145,1.059171095057378,0.2452743448069451
1,-0.7267561777938901,-0.9218086829509765,0.9908013565312082,-0.5314977056723926,0.43790606768996465,0.9130586466904876,-1.3753013893403108,-0.13527343817972876,-2.3061780953201287,-1.0682051873313054,0.5336867270870964,-0.8480005310239679,-1.6315297713247014
1,0.1323636174468168,-0.05588722093694584,0.6521577232218638,0.5454420894053426,-1.2262715749440383,0.7347559935671893,-0.8900183777843502,0.9679396394275013,-0.1811061364515325,0.6225546179177338,0.1330802006660136,-0.441296549924933,-0.49161069671339236
1,1.7475731217867176,-1.0846217473598776,0.021623090670051512,-0.22935232400812364,-0.24491377485546126,-0.7230125446765718,-0.39472450947376414,0.8557779983112642,0.2118551673957501,1.4695565421817443,0.43216944467695506,0.5959575549139405,-1.033861477342456
1,-0.1039038436680069,1.5468741691764172,-0.2352356416209773,-0.03228155024863144,-1.0435423602945395,0.44423818227274703,0.07139249442959916,-0.6894110144435367,-0.6469341118488957,0.9102536541571733,-1.072062180310774,0.9254884663941081,-0.10341535844485186
1,-0.5563885248614715,0.3980370284297606,0.6140271124863392,-0.2535265419645848,0.5216240679776171,0.5276982067926728,0.5253013262672211,-0.974188786390789,-0.03894432098973081,0.23698233996886545,-0.9571360984927938,1.2017038565617695,1.7136207352368318
1,0.4266539310903177,0.7243078681468067,0.16341885468083706,-1.1964615405576038,-2.4166421686668946,-1.4634755705915568,0.6892562743299523,0.3039011394940063,-1.0543050288489655,0.013428947792333962,0.792466106537383,-0.9289853316233887,1.9046888893393201
1,1.6071814382212002,-0.5552375642266729,-0.6451218678021352,1.4877892997215303,-1.7377709271761779,0.5635315433837224,1.0686980845726028,0.20319182331854568,1.4802397644219771,0.14452223761916183,-0.04537323178626306,-0.5398138493300937,-1.5291039655651306
1,1.2668128300914145,0.04334724133934705,0.411384266708214,0.22860418798191742,-0.1293608405937713,-0.06993484083694945,0.7311921310858527,0.10294250902987048,0.03721882119679877,0.2940362723486121,-1.7080821375387893,0.5968582315175724,0.12673643584884683
1,0.12432268340447131,0.039029772805729925,-0.5454168045485799,0.7108659373336004,0.9284804558732329,-0.4150221565962246,-0.81176294882968,0.01683461358433241,1.259396151069244,1.55342566357826,-0.172934322309119,0.06180557225648436,-1.0667467735910823
1,-1.3086355632311557,-0.2295236404256306,-3.4038827477774682,0.6906972535367737,2.0644199716878067,-0.25528215445820596,0.17006373259809832,-0.36304040447545355,-0.8841324256863333,-1.8676949977959285,-0.9760162784637996,-1.12087003415223,0.9464480837269784
1,-0.5267818616943573,1.2264638009690387,-0.7808320260708913,-0.5152744255126419,1.1015105222317656,0.06535090125569275,0.4126511064677447,-1.5447297853647357,0.6392321712985787,-2.39627254334124,0.4308083279173748,-0.5633638892255245,1.3333987205165747
1,1.7383676067082094,1.871720716249785,1.7845855692057515,0.79019981759414,-1.2460609718985731,0.8761782186558575,1.0422276624419962,0.4902671567304289,-0.39141659517479704,0.6656208863033817,-0.3294284467390841,0.08361741599903054,-0.9384068777423737
1,-0.12313945137326064,-0.8955444952375492,1.1213738078834279,1.687398422797355,0.2571383470904712,0.32967020678602127,0.5297721592089989,-0.44375232453221053,0.955951723046225,-0.5138568612804928,1.2351906366780434,0.08017579658937508,-2.7040947548649013
1,-0.9305222317354584,0.44368784004937123,0.38493494115102217,0.7405550477632362,0.7806476690240897,-0.4084749574535096,2.971181536311728,-0.5182854072769146,0.135293872936915,-0.3945998463003956,0.13555042104816864,0.4284173696053132,-0.9012115675762187
1,0.986986423724951,-0.03914679364430964,-1.2109610741164747,0.5080219691735527,-0.2365095164134881,-0.624021050138588,-1.245925883387629,-0.1286760630113037,-0.45665611025186365,0.12834861068304715,-0.2899754467299563,0.2899081444116921,0.29678625042754836
1,-1.2045312011717588,-1.6207549633969334,0.6266865186597081,1.7183643657466527,0.18946188249265014,0.7429435443766501,0.35753722334423144,0.7197704474464158,1.7293714137579559,0.1518203004571799,-0.10893666989960295,0.8001207311180508,-1.9634818780409464
1,0.8939488076034751,-1.2580225419417361,-1.5117496822080188,1.2493380712440991,0.42634579785981647,1.3291029938682055,0.13421628599962188,1.2406822127696036,-0.08779199419796453,-0.20314946060179026,0.31111081410108,-0.6005060392058167,0.878370374960933
1,-0.11524743755728843,0.7380255632810377,-0.5531500620204011,-2.1768403244611343,-0.5519428428020463,-0.9169446373707213,-1.9315793494092581,0.48979305171910165,-0.7430666294905586,-0.9381813871651646,-1.0739464109612136,-0.7803825358677224,1.626608294276598
1,-0.32562164987562303,0.9455873218131999,-0.6337701069068002,0.5387698241809222,-0.48404935216263645,-0.15923016180409907,-1.4489552267277415,0.19359911382091616,1.2310076845163873,-0.2396721237965795,1.024650518615457,0.1690588011441315,-1.343079961639948
1,-0.34714823352290514,-0.32996930706143357,0.37138035259757807,-0.1168857426022195,-0.10472863914945878,-0.7933877485907513,-0.6722610165205388,0.6840909598802756,-0.622625028103487,-0.3727929489530552,-0.8691872354479967,-0.8440513744684147,-0.3586528383434718
1,0.36639856034321483,0.914496736561641,-0.8389011495157732,-0.4403660869649471,1.7526048549750717,-0.4563975549738273,-1.1070211978797235,-0.07429850756919672,-0.45851926278393335,-0.7589398706957007,-1.1705225306031934,-0.20198552864966515,-0.535037730981799
1,-0.16120796088507364,-1.2862795320362714,-0.6777690361163063,0.67442056649335,-0.376593478763511,0.02207658577074122,-0.9456468833796509,1.5884727694246457,-1.0283762183802456,-1.1813823672112918,-0.5361281603582464,-1.0065196440621818,1.083184975748694
1,1.3477831635832254,-0.7240403543419992,0.9520616848862823,-0.4097722890070322,0.6353960446529514,0.35081479742228683,0.4725683944617568,-1.2842942519668132,-0.3496767430209205,-0.466815200758395,0.39779038276704753,-0.6070592964694846,0.4717352084775096
1,-1.2053046112810135,0.6200190777249013,-0.8394559936495107,0.3668360462932369,0.6554299228627548,1.339066615707429,0.7131527069000929,-0.5997305153922543,0.5933346789276681,0.5931568315593153,-0.006688701757764808,-0.31378766371261135,0.076448134209824
1,-1.0502296842922927,1.872116554064651,-0.14982923207350823,-0.5446147934948141,-1.0965203072359004,-1.0789412255516355,-2.1416338913337403,-0.06874638849814554,0.08375226953580535,0.30874573759801804,-2.1511070547496423,0.24731651130696308,-0.3125239984143548
1,0.6157795885645634,1.074611155615205,-1.0172204299147671,-0.9761931748442886,0.18863625587521876,0.20803594593044195,-0.9645936860829109,-0.8067552238764885,-1.2768817256612124,-1.773575528874292,0.14245454320276418,1.0348585191564172,1.6515993371832671
1,0.918001647351384,-1.0460027211728566,0.17816098853112988,-0.32401450485307187,0.27743986900844503,0.6141050394067659,0.8106362971687107,2.78823925183543,-0.877828112909327,0.3646364536823191,-0.6629516247242563,0.8317877495892061,1.3612360052162524
1,0.2060620843543976,1.0763550610567127,1.0296037293261464,-0.10000710063156537,-0.5374475799542101,-0.3075395577071745,1.2815572837427334,0.628978024519062,0.2882254434581748,1.3982782932686446,-0.7628800372198729,-0.6766012586131926,2.2390438254582095
1,-0.40655314257206066,-0.5057637590746291,-1.5818576251004661,-0.6425779595786812,-0.370175284806227,0.18085727454002593,0.5203866203164329,0.9387835648730467,-1.6302098091429857,-0.6431123100557345,-1.0212932111994237,1.087049392019275,0.6590004665237424
1,0.6203313457532288,-1.7992009320895674,1.2395087317236129,2.0186562712276435,-1.1066386608411287,-0.15875324799806248,-0.3229201138130952,0.8531158692916158,-0.36273385655015555,1.1096951871776521,0.8807963528207624,-0.49775213844993305,-0.69307995677931
1,-0.24131717737187952,-0.5876529605655446,0.2221110523561832,-0.192953066022462,-0.9066164099986714,0.07790912093811171,-1.2227758756969171,-0.47488211019753146,0.9085054315637439,0.4979796591707771,-1.2864802454452149,0.6136916430059316,0.187636148205096
1,0.8131553912093651,-0.2725576035365197,-0.6876501457664971,-0.06546335886888839,0.5880185210140553,-0.4776147323759418,-2.1224414540361973,0.17765192290914597,0.0834407633030341,-0.6684728761044841,-1.2770557232378896,-0.5261276046581175,1.1499306025222777
1,0.6984275723562207,-0.2153746163277516,0.6433536409007238,-1.1928635413927133,1.0724985918151195,-0.4447063540565029,2.2266389322994873,1.3059449698343002,-1.1145732618618458,-0.38219827685124774,1.4410705944343605,0.8017760546929874,1.225469563114337
1,0.5145608091458033,0.18136858674248202,-3.6811287844138443,0.3501461227206345,1.2061611300384956,0.5464300416922904,0.7916746809688507,0.5208955530826888,-0.6891378935656054,-1.2566916355208009,-0.10542111175093015,0.25841439251326104,0.422833384551926
1,-1.4862500046941725,-0.45896813248336055,0.9201062037683643,0.19495730322022994,0.5632354483663908,0.8542112488539507,-1.2689176857504147,0.36871882971290787,-0.3073720748147102,-0.7534961584235227,0.11741517209277173,-0.894449597243084,-0.028294720424126577
1,-1.2466595392013398,-0.04310358530414072,-0.5154688802315286,-0.6488447871056098,-0.560401785459791,0.4574450656747196,0.39442885846738185,0.3709649553977721,0.6591853793614396,-0.010721839077289873,0.30906180015645696,0.3967943029494784,0.7856378553435703
1,0.6644914931522151,-0.2792917831565773,-0.30109340704499643,1.0183861285293765,0.43691169482851905,0.5423697647504032,-0.1568916710811809,-0.2758059196175069,0.2444374038732315,0.14755077362535304,1.4223841466434346,-0.2808228180168871,0.7826539032718476
1,0.7135134242595099,0.24731141775756305,0.12296105193664109,-0.17038123285104984,0.1111605328727215,1.652832694136529,-1.216681282983735,0.5400770257674546,0.6399739554543704,1.5574713178993627,1.2757001606323755,-0.585035345269357,-0.5919453081846158
1,-0.6754771188291858,1.7442609989041378,0.7630440585746376,-0.7610353889715931,1.3346193274585312,-0.33707196769703235,-0.016309970225773813,0.3800277686051525,0.0687675378709555,-0.8324885860650817,-0.9146505896296697,0.11127423311417713,1.5014754296755553
1,-0.475006992492075,-0.05167755120645554,-0.09440357457385747,1.2229111161780915,1.3181299499987673,1.1187781137746753,2.701549903039185,-0.141130427052554,2.1716254099190113,-2.5160603252845353,0.5954532010913856,1.5351045459757038,-1.0285915027936599
1,-0.6239126031766268,1.4679052968172668,0.5200228276099463,-1.519863273675685,1.4999868435597181,0.7790376546888395,-2.234937130530062,0.6010695700189712,0.7633176276892055,-0.416927723246136,0.10885775751608824,-1.1569997536435905,1.3118763117008017
1,1.2953316930842418,-0.07130242128155373,0.7539399638139761,0.40861264515227363,0.8538689445250306,-1.4617035340598734,-0.18076422221775568,-1.596077484933114,1.164993814995449,0.6115861117870692,-0.4062251065636866,-0.5155545504292469,-0.9721890051000653
1,-0.1439198909714099,0.34013852250929644,-1.3944005846703842,-0.5936875281334255,0.09845238771030072,-0.44511552772750507,-0.03146095378940391,-0.825291637766281,-0.6262465013434511,-0.48507320225303824,-0.40414038147738773,0.45986111633815285,0.04915182472709771
1,-0.18446824270698536,0.10615529255694925,-0.4975026271633568,-1.138013740039953,0.7210031328126794,-0.5888703606150889,0.04176321223396622,-0.45404230020183217,-1.0333414187904002,-0.3457639812101184,-0.54204635986499,0.06084408526210436,2.160867182778371
1,-0.3168291255335229,0.07741775690820711,-0.5925281822636131,0.809082983147539,-0.22441536457444114,-0.16716148036472714,0.7884199710515485,0.4030103337105818,2.4434286943143966,0.17677542558011067,-1.311374308121344,1.1656417562284707,-1.831461293227851
1,0.3344310723372304,0.7996388359326086,0.46565373239862695,-1.5081386962209615,-0.8453008346853779,1.04588166180997,-0.20481198708645865,0.46208741116501756,-0.6939505405547297,0.6640327460911019,0.594817365919997,-0.8733750372023263,0.22941028058295948
1,2.1504001980718277,-1.6849575986384522,0.6770993044428482,-0.21244243327205764,-0.4606358163219812,-1.2728766567641603,-1.8303741440680967,-0.7875920603758553,-0.9412836509763992,-0.6205515976205296,0.40507031862730125,0.6266697457492214,1.00091721105486
1,-0.9872367366374986,0.11084676449518543,0.5242412106758401,-1.4455895569466852,-0.38402757684984457,0.2468730726733836,0.8415064105073204,0.504939626048056,-0.06849727802515816,0.04069203189998709,1.2708341130834704,1.3697492434238876,2.2279301824745796
1,1.2153211402345585,0.9824895077960123,-1.0345352960137766,0.2717920062161311,0.9838963539778874,0.12895868323906218,-1.743901670977608,1.0237473356829192,0.7884825659454112,-2.0530190982516383,1.9695005323130714,-0.7421142327005246,-0.052073364006688744
1,-0.31502710949827456,-0.34741424618323963,0.8423456027431238,-1.2245219499880868,-0.7431501116156095,0.31854882373806376,-0.7258211113400221,1.0895066101516568,-1.2771388962763237,-0.2625770626235954,-0.17088067324097503,-0.08895562647694058,0.9313544897662037
1,-0.45413993013566506,0.8870294324915415,1.497973466293258,-1.5751931728222681,2.701463760789676,1.0803208334364303,-1.8206224416782844,0.8423088397942672,0.06606567602615246,-0.7034594528488702,2.442648841719845,-1.284192116531549,0.8609411776749798
1,-1.333990753512238,1.8357242333271337,-0.7924542856172977,-1.1484166913207088,0.4832853806609336,0.4637028058981867,1.068900465442139,0.950618846415431,0.31046829418449184,0.7354898920887412,-1.8520467466682258,0.7899876281213799,-0.0007188538463702987
1,1.2574414301031938,-1.3275521961806962,-1.547977449998919,1.572434162606776,0.5503225486224107,0.6132242264920493,0.2672677366639033,-1.4399645167380442,-0.9565629076343436,0.5314911193944125,-0.1688624111857698,-0.5809402895781248,-0.7670620468056986
1,1.1962381865574419,1.0748379529106171,-0.1190439366898213,-1.4437869213243733,1.0990553468625994,-0.79585720116998,-0.2987434992462218,-0.9339102028839076,-1.2848729730962651,-0.20795501022599727,-0.03638970227813945,0.9253374500728798,1.7059714153011178
1,0.5104234094295699,-0.8950378094424304,-0.058811059304705315,0.7240765492898968,0.07331649757194265,2.0293384113800377,0.0029771774535132392,1.7836824301202756,0.07394819531883993,0.802374838367902,0.5760084184223289,0.6812405211099056,0.08609171894866782
1,0.9544934848458194,1.5138614595623923,-0.11427786612520557,-0.43806522709642337,-0.016609332306070368,0.3808334821187774,0.2571304200517037,-0.08313904121490162,0.7878183347084218,0.06767220802086765,0.08276161201432497,-0.9297522170584285,-0.8962783114531995
1,-0.7999560947255133,-0.6439151020040337,-2.1905611677844923,0.4289873158989609,-0.5348158901628771,0.8752078129529425,0.9733558841738847,0.5505409948115152,0.7577753755762752,-0.0731509368267037,1.231876321294346,-0.6465472037844263,-0.3088721181731604
1,1.2497676312742747,0.2410851317437464,1.3652720241717864,0.8607447398281027,-0.182626027102654,0.6078124416667581,3.0133349578094837,-0.03883847778314942,-0.2939912393180651,-0.42960408939648287,0.3181159475904632,1.7776238210079296,-1.577821604967892
1,-0.6282000555165458,-0.9280639442659282,0.25077344790655154,-1.3254402713610776,1.6825433404990269,1.0834276469928013,0.44588706710936826,-0.5564962094833092,-3.3160753672416012,-0.18843446652826765,-1.246432767655135,-0.3435454424048847,1.2083784040714631
1,0.5471611212905985,-0.8420661327438111,2.2946568463710553,0.8797478252144659,0.2895279331685508,-0.2206185150414954,-0.3628466546839236,-1.2649278017770635,0.10037814924243718,-0.010287868257247939,-1.7779936814540547,-1.831211264436309,-1.1408491790925843
1,-1.65129957891748,-1.1185747914444633,-0.057007359217217314,0.07793621826583201,0.8232427616858702,0.3004890497791313,-0.40934893482779944,-0.5528900095581535,-1.0227222068263937,-1.862984949532426,-1.595422198806309,0.38384873019809157,0.22183689791813904
1,0.8487340913132817,1.4735424311029368,1.0261331084811494,0.4356169585726267,-0.1462850395944237,-0.2610868108739914,0.37402485882753933,0.8896315912957503,0.842774932426661,-0.7235641089679732,-0.6129891399349556,-0.49727109476342657,0.03164957205337671
1,-0.39555448124077175,-0.8138054586358684,0.7194351843542925,0.5512373903136428,-0.4362974167167539,-0.04629928499376141,-0.12041337060015876,1.825850670928796,-0.9726291395441257,1.565061697576456,1.1256934652248693,-0.33592984682972094,-1.4842373952957073
1,-0.6053903061572764,-0.5331702306340085,0.33366279086769113,-0.2632289330614711,-1.4141460680874454,-0.27452814527383557,-0.1859137681215054,-0.8543811161550803,1.1297458777637208,2.011889320783476,1.141955819615069,-0.5172325304594798,-0.151666516930544
1,-1.7299293197944887,-0.7347913367763501,-0.5353282801030116,1.2154988053192928,-0.25577565585625683,-0.15448389061553144,-0.47567541969338134,0.3034890718250477,0.7709069982900203,0.9101859892290646,0.27272764168795904,0.03673565892813678,-1.2326821690725098
1,1.7989985597647662,-2.260794434048559,0.06807051267602317,1.2515400748055465,-1.1925186433083692,0.18561352823694244,0.10966495376021627,-1.1672597212131317,-0.07493050686714474,0.3988975193175225,0.5266386469271682,1.3457197772947316,-0.8685547022241327
1,-0.2569213534604776,0.2677743635673657,0.031009949911382416,-0.2646427850344744,0.6627087410876359,-0.8914015210631454,0.23108859992083608,-1.5767259478248414,0.2508509392505209,0.1675880458752134,0.3784167440965714,-0.22846737512260976,-0.2877062202299545
1,-0.3973774524881893,1.7204428646428271,-0.5576600410224868,-1.5340609218665984,0.656074062100082,1.08572204488109,0.5499235861649628,0.34893162935099925,0.5060020882836556,-0.9001933653821713,-1.8314294519241439,-0.5326876667159982,1.0278881030443132
1,0.028340432961324775,0.0015331232658928598,2.9219246164859487,0.2934534499228716,-0.6765286783077601,1.1016625572698449,-0.6668130373180345,-1.0398022600757089,-0.2212754972215571,0.2590182984723993,0.2568033948071574,-0.6669628791692106,-0.8737051643152953
1,-0.29556572715002555,0.0818456197217148,0.0824844987246,0.8185040818797054,-0.0036098855363941537,-0.6306530313352302,-1.3479985205267186,0.3385016437308937,0.23651050399919465,1.9888969877741953,0.4671866382252565,0.4859652846198316,0.6086234531129688
1,-0.6840183247683906,0.32051650145662464,-0.12009539326188239,0.7184415080330105,0.20453906344335765,1.2129149396161953,-0.07981283779221801,1.1740603445860391,0.1382780709761975,-0.9133254973080658,0.024561772206822437,-0.9955687266753943,-1.1375859404349156
1,1.5077343810389598,-1.973368323872877,-0.05317266015867523,2.0010344832845215,-0.5870408126551286,-0.3392739424136047,0.31431874548901295,0.6248938080855087,0.4565341588243829,1.1606474539628528,-1.3581658871073352,-0.5131445005965933,-1.1790698831770805
1,-0.5852631229023292,-1.228703179674604,0.3084206116085916,1.1435911751068535,0.8070903290134166,-0.018518410927474548,1.3868171508505502,-1.4499666695988824,-0.38962279729390503,-1.5081250878577648,1.009912129385163,0.3368134774063767,-1.4190559147489634
1,-0.9845379109790604,0.36820571025723176,0.19674323684151157,-1.094971228822069,-0.5541865780163129,-0.0009543791715850679,1.024748295128519,-0.36109664583830814,-0.2701146463424794,0.7218891816098718,0.4067693352047049,1.212381451771429,0.5579396133985449
2,1.1485789584297172,1.3002462418386642,0.03234291061227155,-1.5631586958431722,-0.47004004246959796,-0.7582802441012366,1.845126889206334,-0.9111344684911448,1.3014900417375233,1.2626226388409445,-1.8304263544574098,-0.13656628107812532,0.40662011917941004
2,0.05963755410058584,-1.3360260948329654,-0.5476434090094157,1.5476022069032576,-0.21320022312685746,0.5839326959393846,-3.1275404960879336,0.5683871866796851,0.4810407860962799,-0.9299109056094729,1.7807644850246165,-0.09249254165983498,-0.19218684671695271
2,0.680537010379173,-1.8217261562989417,0.3716346512090254,1.3685091456536107,0.5104484964241965,-0.02445835205665051,-3.4966992553475373,-0.010840077090580508,-0.8780433582530056,-0.2569659140861545,2.3387579000680665,-1.610329863786799,-6.901422733142411
2,0.9978037069673283,-1.197184530265521,0.7467942598997808,1.6232460085641611,0.6018401078923623,0.8280553215272966,-1.7906459156704886,1.1573803153664644,0.6790929215176764,0.44629496925007167,2.0527358133068105,-0.44577420654225985,-4.461966010800148
2,-0.18651935152153915,-0.32008870407965506,0.22864087925268609,0.13635618108193384,-0.10125299035043005,0.8533153362765015,-1.3026071992465296,0.29436334480300624,-0.739313007899285,0.2804823070518261,0.15641727185937143,0.010730740039993912,-1.8845607702520835
2,-0.3349897802078861,1.1365957050007371,1.2523220693382693,-1.1945662344875412,0.23970826124122824,0.8977924234839691,0.8850236502205251,-0.7617868329886051,0.9494101152555329,0.4099216702120515,-1.9965832473208491,-0.5057877587020678,2.5552327014050915
2,-0.07872248319172469,1.790571866645241,0.5982436963139709,-2.193450877487835,-0.5308132714908085,-1.6015548527404961,1.6556693415544308,0.48906879401337355,1.6988858058514902,2.103292161132583,-3.0740018762781784,0.583943400993431,3.574023665423026
2,1.1994442390319129,1.2123803160580229,-0.8931796734426921,-0.7980362435369819,-1.3217687464638836,0.7355620844145775,1.978159595279825,0.8012600465592239,1.2821771860682554,0.2882972995776014,-2.489387837468546,-0.7360850037305339,2.9958003521809426
2,1.7346440872315154,0.6972079059399209,-0.4841440718158501,-2.2224952141095344,-0.9943258421564739,0.1367025604785194,3.04411164507415,-0.6972039354571585,2.554667998931517,-0.5297170667990495,-3.0040731623219816,0.36044106410737164,7.840826122849779
2,1.0248304681640081,-1.2469994980923058,1.4292741366952215,-0.5831235797658312,0.33746971323835273,-0.8448974854674639,0.3623973465868242,-0.6933715694536396,1.8900815418455994,2.1287203405230497,-0.13055535689599074,0.7243165608611674,2.946511233941079
2,0.4489723105611215,-0.06757864567629114,-1.4080086573105013,-0.9800181620943851,0.3805162340721762,1.2688898163439326,1.3776868067849721,-0.3332427517895497,1.0206081115854202,-1.186494867528026,-2.1292702371805077,-0.8484941903171812,7.549797354474253
2,0.4193259911713876,-0.25370389059817844,0.2830134962589623,-0.9052831904076739,0.6794791503623265,-1.2742680447789718,1.6954705311189293,0.956264257114017,1.2421264970674388,1.6527588340992014,-1.2197166678978093,-0.46732810101599237,4.033813424827872
2,-0.8806394855671542,-0.3834032217691648,1.0730333649773718,-0.31679431961047294,-0.44375222880286197,-0.8733795173806718,0.5104394120390664,-0.2187965726895984,0.7199698267771555,1.252578262071275,-0.43794194331165287,0.810663474149128,-2.950016879898273
2,-2.987077345482351,-0.7006219959605446,0.7138042116456477,2.5933611826167255,0.37835910633725606,0.20237437134116973,-4.637243831345929,0.4931903575249446,-1.8402990277425157,1.1896714590402273,3.4902465903622732,-1.2524911152168565,-7.729514639727274
2,0.6369378117378366,1.2467413433197052,0.9880364586364236,-2.332790267514343,-0.36086255245431764,0.3761575465221877,1.4972449030265396,1.3522618241787765,3.2866094719291135,2.4222855894216657,-4.3912864992534795,0.6125305937555346,4.332408286608577
2,-0.026866797661289375,-0.7258309529073901,0.044314282147578404,0.7907838777269124,0.29283183075821323,0.3838527940642455,-3.654744738830398,0.13923633405736532,-0.1749146554584667,1.0862547668660651,1.6603078822916797,-0.23197667618446752,-2.2266451669885234
2,-0.6486733754348876,-1.345314337064284,-1.81283912130648,2.066136949715195,1.0311376773691348,0.28291884103031495,-0.7052669771943155,-1.2998666757442838,-1.535409138597522,-1.9326829093133397,3.8252102832711015,0.24765429199337471,-4.689700495665643
2,-0.12183572014362044,1.1064585327105683,-0.7863467335308513,-1.5958191929418528,-0.09167459706381563,-0.5235262323038207,1.1898372583312202,-0.13147356412312972,0.5235541737407148,-1.5939515227254963,-1.4901204732345543,-0.4040778700363744,5.300002959243358
2,0.5003573701541418,0.05310911803968467,0.02230451783193629,0.77972282944331,-1.156181979924726,0.47535639364128807,-2.4910049529482348,0.9796440420125068,-2.253010923798083,0.6560113963215213,0.9965036174398111,0.4311994058614471,-5.997814725597241
2,0.5482357236012715,-0.9585443829720912,-0.8244744935455876,0.9729949488991216,0.20958504399525402,-1.3661029654967685,-1.4185227248061492,1.1676589219336477,0.22918925431374354,-0.9382102400337304,1.4271095771565017,-1.2631502408675852,0.9911761085329533
2,-1.0716046438425944,1.222009154724926,0.4737837803780986,-2.6821490603567235,-0.03378287070817939,-0.4323854589894545,4.129590572932445,0.3890342490804488,1.3929710513089448,0.05117425354379877,-3.7549903062975662,1.1451208322828015,3.6068415127203868
2,1.388352306211196,-0.19365325970230643,0.3463226043643253,0.435735267165643,0.28353327133931133,-0.7718163768378549,-0.975652916873331,-0.31742216869254025,-2.6168950214269624,2.093669924802097,-0.35365936215063803,0.5698403771320844,-5.932189246763065
2,-1.2449379152726063,-0.5944583864909646,-0.5982618002352492,-0.2794997693831691,0.3257703601098347,-0.5755620073630496,0.09591706005009464,0.5829799968792778,0.6319587790521192,-1.1549286285030786,0.5103171430541382,0.7366116528115012,5.164912631361316
2,-0.1572442291595062,1.1579945474581554,0.4426178713278073,-1.2600496302954527,1.1124158407089701,-1.1038257861781668,0.3396742398645883,0.17002629644110967,0.48769850615846727,-0.09642071953748059,-0.8312497239020018,-0.38972927451765327,0.8665604345233029
2,-0.645339208948671,0.23597375228910747,2.634412832565993,-0.43629402029544045,-0.027131082147356236,-0.19311349461818278,0.236042675039525,-1.9811995129703344,-0.03220290979820213,2.721371418308126,0.4754627426421576,-0.667674384509115,-5.165535224955951
2,0.09630727253664491,0.3368758412355891,-0.40899144667728426,0.18056669208501377,1.5880624022611227,-0.43439464083980067,1.5936426776534192,0.3472697713168091,0.7638335001988297,-1.3070621816204386,-0.8974959107436535,-0.7956696606082823,1.8398829581084741
2,0.812863501063819,0.376643452044614,-0.34639613651201434,-0.040423886538133086,0.03343340413448986,0.961390170729752,0.6883860075402861,0.2915203228373751,-1.261925592066763,-0.3965950412222102,0.21996024127615305,-0.6611500243355186,-1.5986173244479864
2,-0.2849162451185449,-2.1701726222213202,-0.7610415125883672,3.7565002995937107,1.667491669534517,-0.7867602030416321,-3.5992297369942454,-1.2985541897866395,-2.8981790540051313,-1.4141863757811135,5.886085504569181,0.041505839840777166,-5.720782472873641
2,0.8514721823476885,-0.25439823604992334,-1.4608023335895373,0.1425247399257936,0.09607336628973062,1.1439586268549509,1.141416791572315,-0.46044727018606396,0.7165351826388462,-0.9857015442173421,0.7653487482135306,0.40625812096337516,3.409415691071452
2,-0.02523952437585786,0.5570504118694694,-2.5154326125296067,-0.7710005943694077,1.124922915752274,-0.5543550280804457,2.9629489048832465,-0.19027254535138866,0.6247821385471399,-4.729721920186785,-1.1357786084953452,-1.540543607758004,6.666190924802389
2,-0.8882575652319783,-0.6948892896119298,-1.2164151357633615,0.20035809290266637,0.4338751475912424,0.16191989743029858,-0.7311958162229776,1.7029248147488392,0.10327833040488939,-2.6678752972676345,1.0475196602018317,0.24097313317268548,1.9338416773568161
2,1.5036598309430962,-0.6289753662110907,-0.20702037347543273,-0.15373437619177094,-0.8928023612901319,0.4540478445163092,0.4612009548270293,-1.340059227979291,1.5331129305068254,0.21906520092770637,-0.42917413198907417,0.33044535320836954,4.178850869839615
2,0.2337952290944913,1.0289614936199531,1.8134189848113524,-0.9323768304843701,0.5447037843818687,1.1497636310788837,1.1281278967702415,-0.1922795456628771,0.1260258219033665,2.886126258293044,-1.8816995611750693,-0.261123034444602,-2.217762430135098
2,-0.29805684506805075,0.5357459721109584,-0.9598146129111366,-0.36068159256840215,0.4238669239010344,-0.49511352747092885,-1.8403679192761881,-0.5622288735525328,0.7371505169678907,0.24433159822559308,-1.815381489003711,-1.1561419645911437,4.634657948296124
2,0.4470745053761925,-0.503409743632336,-1.0908707018457162,-0.06576829976811602,0.6225653134287891,0.03435160832926664,-0.09293456834992961,0.28880397975080946,-0.08319583353434842,-2.0366725916226938,-0.40329890590820944,-0.855297956781048,1.3817025502109432
2,-0.1534967813686295,1.8458215809265774,-1.0925638247318996,-2.8465164571329153,0.74694728091796,0.2376873503569122,3.419605049056628,-0.8906584380889498,1.9078766952752944,-1.8375913842553213,-4.472328740288818,-1.8070951230357117,8.843374217715501
2,0.5856343343385547,-0.9330980660207213,1.5309899675428391,0.47919975904935136,-0.6334499877823256,0.6153918266288061,-1.9789872856313684,1.5690756636184486,1.5907913255357997,3.0459802427118237,-0.4054990961729497,-0.7288668379827907,-1.8714522916313432
2,0.13235332825029916,-0.5369527935913819,1.5549011160276967,0.6722512274987471,-0.12694427459843513,0.19063567774450246,-0.7131674301559957,-1.6509402191415696,-0.43489008105412175,3.2490020007620077,0.7770964374536432,-0.1271058592276592,-2.3560975127051136
2,-1.8943454530893193,-0.36493345283468925,0.8739657189733014,1.491949155095503,-0.9969524121213262,0.021038727069426253,-2.8700085792674166,0.1974957660897904,-2.2045825787505997,1.0569013827183538,2.6742509536654193,-0.9269431079927459,-7.175380979839603
2,1.4990623958313354,-0.6424997828544736,0.8558876889634602,1.2138860909264206,0.25447775373881987,-0.6505412367917665,-1.7383097911260998,-0.09621144767232302,0.8061941785392239,0.7345888951114535,2.1967429798222233,1.1355700692231623,0.26118846939985957
2,-0.2734693217784634,0.9328899201987148,1.060239096976162,-1.451966675671019,1.924237528062078,0.14631111193700846,1.3053730640689223,0.10950375040224684,0.8493961809914304,1.075666498236618,-1.574836335281484,-0.4379466466661944,-0.05192026018533276
2,0.38699221259653344,1.3260022343162106,-0.6470364970617769,-2.1843081201873087,-0.8684145636787581,0.9646890301160568,1.8625374057542652,0.7087319947435551,1.54338251725615,1.1091283522583706,-3.081527923553822,-1.0932535378098749,7.007111892286585
2,-0.057621952661557375,-1.2748240682599736,0.4748902167365337,1.740839401567128,-0.1713104627325198,-0.4083301167018566,-2.352586864387608,-0.21285635459406316,-1.0900759047973805,-0.2121902594368803,1.9159537714175654,1.097570748472753,-5.682777783019066
2,0.5160789436973525,1.0950808197751696,-0.2518866334794495,-1.6919334646423634,0.10897883855435868,-0.10361251248858201,0.8812435225390722,0.7019874283399348,1.6116820381060701,-0.26341573675600743,-3.8084131396720347,-0.9878376975210416,4.769903468644802
2,-0.06450848339784591,-0.36750554096163535,1.4001776426295665,-0.993572391630236,-1.5028553384404686,1.3616693176214814,1.138661640665406,-0.3506910790064577,1.6398414446960883,3.2996612445700446,-0.9875872831607478,-0.32809859230051197,1.9227258961048963
2,-1.0839242695570452,0.3531960988780856,0.09699084968966135,-0.6936869661208995,1.7900235747547422,0.638795013445815,1.7677350930949192,1.2500961591955373,0.5738127890414073,-0.9713741226131917,-1.2737346676501047,0.7219363525586703,-1.062203200624587
2,0.7048894730903322,0.15028747808226717,0.4504925918029518,-0.3938807499771964,-1.6406137736147424,1.0649660701059398,-0.7142156783348852,1.3016269723894065,-0.6612585511001766,0.18379213548243495,-1.6171930249643582,0.17312049551514022,-2.087295152905365
2,1.555894533025829,0.7851912336414189,-1.056373822753966,-0.7904902600354754,0.4101099901881957,-1.5331383539704642,1.3796181942695178,0.7028024338467722,1.9438132073927974,-0.8884177417141488,-1.9903325207857208,-0.5504627637447238,5.11143254365568
2,1.3045286040241169,-0.19604678918431934,-0.6792840123221888,-0.7648739472937799,0.3566452917715184,0.02802334646542913,0.690442750730982,-1.239224133368703,1.6543460202978395,-1.0820257612309452,0.18943120384483042,-0.027001795858462574,5.043675318608502
2,-0.6626342418063979,0.17852110919455,0.31294006175553496,-0.4320970556118242,0.39801233115897017,0.1500382603162684,-0.48150916535239335,-0.7276823200514437,-0.028144746156629256,1.4284188028998812,-0.4882169211058245,-0.41933729836413636,1.81194922745399
2,-0.3448849570656993,1.8688271008080342,-0.29755062392655274,-4.226843612319318,-0.13598270194813084,-0.1938859988627691,4.832166014503853,0.27283434902196446,4.371088568844434,-0.7138536675663434,-6.9277413098578835,0.40150270475734645,12.515807111572421
2,0.620516343056388,-0.617866168620869,0.9343463621013898,1.3095721602120667,-0.15349359941480634,-1.3572572747640785,-5.005146252697566,-0.2159380838567386,-0.8461780593003386,1.8658605312475425,1.5203048609198977,-0.8804075642518991,-4.224285551162261
2,-0.795014267498444,-0.20665520467123985,-0.1153270738246769,-0.5291766429300224,-1.6176613453059754,0.6744592389388601,1.2940381300320196,-1.3701516879851534,1.6560335236364627,1.1297197893693318,-2.0896651630494283,-0.05576370881196542,4.279034063815959
2,0.6701764186935043,-0.6494462746039525,-0.1550031858226236,2.037808661554105,-1.2404346263952921,-0.603807056906116,-2.6203158337176986,-0.8817449190338114,-1.925444316576497,-0.31836003919066214,4.31442288002458,-0.4699565333397181,-1.6631353527466715
2,0.19002253924101825,0.811988950389281,-1.011732021632403,-2.0463211954764358,1.8961874199499897,0.49789811123496236,1.730680222182707,-0.07714555989656995,2.7130400981923737,-3.828687799743802,-3.690146327802891,1.0380797102781845,10.117490185393313
2,0.5644414072388965,-0.26980353931264145,0.42037534103497065,0.9179384719240259,0.28433965325118526,-0.7373041300241646,-0.29974256283957657,0.5496544471923871,0.5639253233814228,-0.6080276882343617,1.7201203769685214,-0.3647352268466451,-1.0577625682435348
2,0.9860764791730455,-2.0261574641910243,0.07102121850323029,2.4074829618047047,-0.29643149918932027,-1.7070175866296764,-3.259413098536791,-1.5704246833121154,-2.1134048123337923,0.486587935271535,2.486056255303122,1.4505779136207284,-4.55311600653047
2,-0.00716911241478241,-0.8610802818023279,0.8845620202232605,1.2671214725305044,0.9118097576294553,-0.48782444012754683,-1.4222347208048447,-0.11239384000210564,-2.0226656302701693,0.5535190579698064,1.6872822823931828,0.7303529127009749,-2.049589577215291
2,-1.1566840011419828,0.5017971016749816,-0.6140426548909165,-1.7983845267831196,0.0009496215212677365,1.2178011933716695,1.783952839311421,0.38554861404297475,2.1269115873041113,-0.6600208076075795,-2.268016458391955,-0.4703084711405392,6.403350430142778
2,-1.4479391853925216,-0.8147351416798886,0.13540266945448848,-0.44972595862930437,0.9776029749598576,0.4813673666577525,0.5657498899376235,-0.19899827004077325,2.344451383687863,0.150642257445412,-1.397821442208552,0.5446952645747742,5.456768838487621
2,-0.8520681725472999,-1.982336627755014,-0.9159303728825237,2.020308902196249,0.2740711793165897,0.23696860875309642,0.5497207889587926,-1.1698238264459901,-0.43845417048914753,-2.041281215073152,2.47942379290039,-0.3989433447156653,-3.3256892413324395
2,-0.3695216728780267,-0.5853841919293454,-0.027375390747083752,1.4463923778638692,0.0031929932931962714,0.5268388737823574,-0.961637247680627,0.11711288368016201,-1.1518055997481909,0.42162219584854305,2.4761579961002607,1.5409120831341707,-3.394582639966549
2,-0.8630800874772852,-0.0710543241489803,-0.13568154886303663,0.710326039961318,0.44379482462694086,-0.7605410927455779,0.39545427009588774,-0.4912189751392998,-0.7547553401770453,-1.7498324802472245,1.768087398343072,-0.18641332204719593,-1.4449412073872547
2,0.11793764706871757,-0.8606418932095928,0.4338944543476352,-0.3467193630376565,-1.0568355115287174,0.874200057834992,0.002632906687846254,-0.26850948239184075,1.441718027483225,2.0218349176781003,-1.2978415605415867,-0.7978155681223836,1.339981180650719
2,1.6934640771295488,-0.09099025421809841,-0.7656847431279039,0.30210151660800927,-0.09534762064026113,1.1883699855668073,-1.0405432265425416,-1.6070903302246509,-1.417852845960164,-0.808028568754138,-0.43440237504785123,-0.22407435305669254,1.6191688390111534
2,-0.17594199779941416,-0.061442157314331,1.0429927866809783,0.3210843176854925,1.2833797240059173,-1.3240642883041434,-0.16728532212502578,1.9334443138423512,0.6038673918065387,0.5056568780516266,0.8268667671812083,0.49691322080081884,-0.7278412510024217
2,1.4079301104392878,2.229054031179369,-0.22943090354468515,-3.841107255304805,0.498296046688044,-0.811687453435504,5.176534371769436,0.6551729215705671,2.982276578835627,-0.20308866841709938,-7.065127302810223,0.2977196129485629,10.760723637957689
2,1.672187795588682,0.961377736633673,-0.22259123781266354,0.104866533621002,-2.0444879614539113,-0.31690620824572885,-1.0392062032094727,0.6643113410250097,-0.7760341506757222,1.4191002870730205,-0.401722527569681,0.6208678517997337,-3.8598129265107572
2,0.3236635651535881,-0.4551405882307074,0.6823927031409256,-0.21195270349418274,-0.1856518526260586,-0.16275184510233415,0.27797665700763446,-1.642001582381896,1.3132030230362648,1.1200039114778066,-0.5342667663280769,0.41201328889195427,1.3343423247472919
2,-1.1280999021478773,1.4094924386542402,-1.9023544706702586,-3.3431608199079794,0.3871545995905449,0.929627518428113,4.825501019103959,0.21488600410966496,3.550840158997489,-1.7241063928291676,-3.8039892816054786,-0.4875368743631443,13.824441325884198
2,-0.510274075598867,0.9424991752976929,1.3148433439343827,-0.7465181997041108,0.022406844548148452,-0.14422908064110668,0.45615407954351384,0.405833422764132,0.0780604898677186,1.1054083114193969,-2.5451580838473116,-0.16921889530740086,-2.0874951382036513
2,-1.040171926000309,1.1264126612946856,-0.035165563058773004,-1.2037526875299058,-0.1985497453847433,1.2315838200667277,2.4540978591181344,-0.33264519365077405,0.10805563324205343,-0.29268922443426926,-2.6101395391849107,0.5887335848151727,2.0249020864766103
2,-0.2685741265933346,0.7050383998869472,-0.22965102152397976,-1.402249178892492,0.5881201322028902,-0.13016834889062237,1.5993317445563098,0.022933996607204053,1.2895140762816666,-0.410775462896791,-2.863318842374228,-0.8117849539855275,6.116435488463943
2,-0.8197929749650766,1.0205308738644323,-0.9896755977949192,0.8477194669008161,0.2542666007036477,0.32768609171001295,0.10639081068421394,-0.7168419912247113,-2.96917329396369,-1.0603807027512064,2.137009724962931,0.2924278300009136,-2.9088439712787992
2,-0.3375212439063692,-1.5750278804976137,-0.8111304455377887,2.021063983222395,1.6797493046848793,0.13365805892443464,-3.3628286708678288,0.607673357343359,-0.4093381613374934,-1.4388120479856004,3.256014961665362,-0.7205430795085923,-2.4460477052366594
2,0.4335686905449521,0.09102267531560511,0.2748185965394202,1.1028698371769763,-0.7490488214485658,1.2520448746402832,-0.5950021087997177,1.8446979112071158,-1.8928097338978116,1.0514626642376597,3.257022857146024,0.6833072874344058,-3.8039884630199086
2,0.5512366047712558,-0.3418261825588853,0.2612114836966182,0.28626294286923604,-0.14353940158301542,0.24061076803600814,-1.1834043290551275,0.805137227192252,-1.9495384941015153,0.2574057366265188,1.5356237378848832,0.41128509377610994,-2.8065625889434784
2,0.08836946517298856,0.7373064254520265,-0.4497594055816884,-1.6644108891001097,-0.1810387501014962,0.12363471111168194,1.2413238240527609,-1.1382263791611993,1.1714651591646303,0.2419852271408615,-2.815016181055562,-0.1601373920356319,7.669150846975929
2,-0.40445611389157077,-0.02418328098325079,-1.0718131066667302,0.5627770710379049,1.6827888123285801,-0.9805461270291957,0.7003726914138918,0.23531409291521055,-0.973224198441872,-3.1683561822874413,-0.4807504984652928,-0.12468031616690169,-1.1974097368347896
2,-0.28174682584641525,0.19602954762400757,0.9326559237979092,-1.2677670261435339,0.41171118626596404,0.5626065264306563,0.1726050747378081,0.23374530392574785,1.2842744120415162,-0.2979098615410516,-0.7990712763076648,-0.42810312740488204,-0.3252566058118518
2,0.6667145024933115,-0.7551029246672109,0.6875959721554052,1.7570115406593956,-0.987190690317413,-0.42009249207588956,-0.9216064661152202,0.4832015302308557,-0.667359991031499,0.23907125841598514,3.699073307888129,1.3380811308287324,-3.8502191427983288
2,0.05763877208439196,-0.2398761677750415,0.4846761542741919,2.0270548795742824,0.48713694717689776,-1.7025570026456607,-2.0244498062211664,0.22479870313545758,-2.454471665817894,0.33652961643806567,2.2869705093030546,-0.28757405565623967,-5.269912211160103
2,1.1483822063700035,-0.3801203278401712,0.3701754417444548,-0.3453500763190399,0.7214016064838963,-0.14608127546696267,-0.029412775232569605,-0.012670655532405857,0.6244875312136199,0.8435747530753465,-0.8661102538192481,0.3520521823879292,1.0200049631144492
2,-0.5456584462077722,0.6426670858502267,1.4920632345475024,0.3692201743457521,-0.1763508656189479,0.10701953806803952,-2.0751639779610715,-0.7753819951375183,-0.9412751954620514,2.7233763707920633,1.7410554472309387,-0.23233643687680766,-8.524218648766192
2,-1.069658412227011,0.9626618472798948,-0.15753418977240882,-1.9084735484713662,0.6164791232711101,-0.3642505513873915,2.2449069106039863,0.03377667828357536,1.0834041850119602,-1.3674872123688817,-2.200627936277213,-0.24670410529807957,4.643358248351014
2,0.9208353200152638,-1.106091395615892,0.601261575699017,0.7701544793722701,-0.2602845189418895,-2.044978765082724,0.750669354805054,1.21143980646541,-2.0705780422210296,0.9417002793835341,-0.3528151949108688,1.367500945596998,-1.8774464005331764
2,0.2613857929054329,0.12979162816789835,-0.8821550956006272,-0.21552671268736245,0.052923667792138376,-0.3545439259932461,2.317546175426651,0.5644441862423434,0.8483465696922265,-1.5424867136517926,-0.9572664811250302,0.2618088372421499,1.7963367805353523
2,-0.2678934373648902,-0.7707365520837719,-0.8137949971251072,1.8474340418226403,0.08152891501926901,1.0747290132429357,-1.3746228590089264,0.5356094725548872,-2.136635651038015,-1.157061943984566,2.2084418585751453,0.48313632574036425,-3.5400356385580647
2,1.0101694396504683,0.18509457721628,0.05010912608812774,-1.6033859945721367,-0.47891413353047035,1.4825954414392202,-0.037913736390725275,0.09305374333164942,0.5277767566897689,-0.48152254589278726,-2.64576314530637,-1.278168390767585,1.4651724616557293
2,-0.4300054049615636,0.39861140947344864,-0.6026079319696563,-1.0192639342063603,-0.25202863850888635,-0.0487355860113504,2.166335320871862,0.35720121427418483,1.3119577892023102,-1.037100917028123,-3.052389338941579,0.039713798024197784,4.5044129773113974
2,0.06270319270135197,0.401268639283133,0.27223510146311636,-0.2875506684892297,0.7093404518137711,-0.0761486871163859,2.1610576840209905,0.6817871143532389,-0.7237137515954286,1.0906033440953637,1.1843933247627767,0.01625888176518824,-0.5172211940899524
2,1.0920647767888518,0.5490143983057711,1.6221909308734457,0.1597505865676282,-0.1550290080750993,-0.39818800804048904,-0.31943149585840774,-0.6762729198626896,-2.529711417659929,1.489604498887629,0.4864749012419498,-0.4436324744960467,-7.756934408342258
2,1.1635043967785847,0.42751417221733884,-1.1532091933913398,-0.9972279953842305,-0.5515754703824461,-0.2203044131161311,3.5649065738889,-0.5331820769293699,0.37271267481734405,-1.4918218676660882,-0.3294971786828125,0.8161461693439306,2.9478489477864844
2,-1.421517674945242,1.1464839741246617,-0.3693008945772217,-0.42834082561153825,-1.1206751481222645,-1.106118695623418,1.7096736367988827,0.0044462257001850105,-1.5224262856792137,-0.252651538789674,-1.4069121578800392,1.1706091142587014,-1.8394142081825746
2,0.2753996071091529,-1.1064960813749105,0.9122506254562961,1.0110949625725507,1.1584158567653138,-0.19158101166499888,-0.26266436077398164,-1.5243394580437712,-0.6046301650537774,0.3570213134438759,0.197919793426747,-1.1034017006046797,-4.449880593264763
2,0.2824932486745906,-0.013560002252479542,1.4555943559897817,-1.2459201515687068,-1.412062541221872,-0.2456730325562223,1.1917202195198389,-1.6822190614213828,3.1512294648218155,1.8875390361667768,-0.5955752855490211,-0.6672610167301511,5.579924303727272
2,-0.24192964849243173,-0.5899659836071578,-0.11441112843616791,1.6837560210631346,-1.581150299101584,-0.010547577973464168,-4.062940622545483,0.8397791554205322,-2.594059557589796,1.0935219649124681,4.63268444032664,-1.460640748455487,-3.0556002963864457
2,-0.5463424517964576,-0.20607604788829742,-2.1102922655281215,-1.0636701860249063,-0.07662471198210455,-0.09929246500557838,-0.1345599619256959,-0.4962118777664937,0.6373508639389571,-1.8124060617635138,-1.9718312116268186,-1.571815705012023,5.57911624517272
2,-2.029269768768487,0.7011359149090702,1.1559227636286293,-1.35286722030914,0.14253876863921877,0.2748352111375467,-0.734112419103495,-0.41611803227509153,1.9558541849535642,1.2503271437322236,0.19029782835489237,-1.3989530312324323,5.541028936656264
2,0.5215632003211028,-0.7973893500950452,-1.8605521360737105,2.1912255315803533,-0.4498038568531728,0.10407890978374068,-1.9059164951541114,1.8462370758751148,-2.6332227348070605,-2.3423740939998083,2.9464996891620454,0.45693586662239494,-4.610272445689425
2,-0.032820477475733335,1.107482595543922,-0.0650233980513445,-0.6822573693477294,-0.6363840555580345,-1.0759608857888505,1.7056961542225715,-1.4018298986872677,-1.4176247510560598,0.3709838212654449,-1.2638339202695883,-0.4288186826190589,1.927658978537688
2,0.5434810580746972,-1.5794431646939513,0.3024584553509952,1.0156058942208843,-0.15787835713210518,1.7210469680695422,-1.0083274576830756,0.1930289401592525,1.5438335221173567,1.4442718948696498,2.465932781755291,1.8693601770972588,-0.3041794488933301
2,-1.4729696668832128,-1.003335596239842,-0.8728229403182588,0.7113245414853762,0.7290259086947494,-0.05596539527414315,-0.34785185645448585,-0.6275879226666851,0.27292372288679534,-1.8646052507449642,0.7032588227137304,-0.10390673817647796,1.8079518415366438
2,0.8102935919495347,-0.42969827385915543,-0.9423365624292764,0.28170626281254285,-1.0626625571649062,0.0317136968485193,-0.5937762800391817,-0.07017384958393912,1.610704568252527,-0.8949120239767783,1.4260716454407154,0.01703495403458927,2.8553289757004934
2,-0.50122864388748,-0.2823970688897318,0.048784962354272196,0.5039805631640975,1.2563439002183878,1.8032978747832893,-0.4292324534733742,0.2774498329274421,0.1378869096457527,-0.15210390745706848,0.2942961436017709,0.9461228854548068,-0.6955514772790552
2,-0.5151688497997714,0.7819475294620836,-0.3614226831662287,-1.0804496535043748,-0.7522025663376464,-1.1065683140751421,2.621961031034932,-0.5875560311887763,-1.638277328309208,0.2878620819783152,-1.7332860013404998,0.436492890893184,-0.0030018524775572404
2,0.3664727270286685,-1.8095522748106165,-1.497850381153895,1.2718080332565709,0.8619518254233206,-0.22287557324692595,-1.0371016708096208,0.2730372793371145,0.2844926491377982,-2.271063020895702,0.8129373708810317,0.23648457961749628,-0.2637893749523568
2,-0.4795334259004543,0.005230925429032149,0.27327931706085007,0.14514548015876738,-1.198967609678642,-0.7929305102632525,-0.4556140572789469,-0.16461091973176772,0.18980857432389497,-0.45499627188666486,-0.7705872884881573,0.5569609047591791,1.890686101376298
2,0.0305442898284811,-1.7747987536671996,0.3421438854028316,1.9931097727527325,0.8455186967918034,0.2614324242179909,-1.9612341027967544,-0.8425307268064589,0.7309850119049475,-1.8234708794816574,4.414916227938032,0.19683574646625135,-2.0688774315182794
2,-2.5689636764259034,1.1861044762025703,-0.24373353751938379,-1.4055654256370544,0.10834506243661124,-0.3541046681105138,2.891684385709688,-0.4623168761150941,1.7876865300375318,-0.9218604987691729,-2.109309321411898,0.3775536839934694,4.133730496729308
2,-0.29282521734151973,-0.09077241937338892,-0.04175900468614274,0.026660108516307197,-0.7181672771287381,-1.3882605112689086,1.057530571010243,1.5781244301034483,-0.47565269738696964,0.5590945327196204,0.69736883705009,0.8448164221248348,0.3048737657190356
2,1.572336203117922,0.8927338674167694,-1.3800316004960624,-0.9844122796674355,-0.2982405577067004,0.7893859009679852,3.6806294096569987,0.18623113953829307,-1.2139840883088029,-2.167176051120878,-2.2766018341440515,0.7467947795177518,-1.0717835458740257
2,-2.136943940639978,-0.6387116201580517,0.1192927755737211,1.7513798783215335,1.2527700079164585,-0.7824447495811276,-2.169324263633348,-0.3338012496222166,-2.886479145351771,-0.10523536687576675,2.987794711364474,0.07331969778160063,-7.222026419325511
2,1.2562579222031254,-0.8374846942195306,0.3975007460715064,1.0392297182339063,-0.12921699012390458,-0.3832943226645152,-2.0427610602808786,0.6809836306097458,0.18267245872495208,0.21154191075096548,1.9557304813965544,-0.19260642178476137,-0.2727079641402428
2,-0.6542782656148566,0.011820921373545418,0.025723440967983402,0.09742520433001621,2.143688250029066,-0.6365170151516257,0.13659469756212209,-1.4645601594005353,-0.9264636788286382,-1.7507990443405685,1.4692638161782807,-0.37755084780225184,-1.3829612783873089
2,-0.17203547364298954,-0.2675663270688172,0.3647496621303418,-0.7434699231136295,0.13575023171513775,-0.04181866781967762,3.0139102299440754,1.5783565336243437,2.8721178408685106,0.08836846204763497,-3.3605403188205223,-0.4665628352299479,6.18304383099352
2,-1.0514357382275084,0.012077310151976259,1.4691562795676092,1.6226692505415652,-1.1088469260888036,-1.3990596132575266,-2.6264669067416557,2.2372641487729727,-2.228383160105863,1.3087914122403446,3.3624629046171384,-0.9491074915866239,-8.657190959475615
2,-0.15750891973273687,0.2959805489062777,0.6822065389988505,-0.8600377048158975,0.7688535869892709,1.2997375769052797,0.4699848070381053,-0.033040367546879314,0.16566112176204445,0.8102905424578067,-0.8378593810855303,-0.3648915543705779,1.3452138388037764
2,0.8194017441849412,-1.1378436728674794,-0.041198702599449036,1.2710017217800973,-0.20894163324273185,-1.0765956510908303,0.8745887026281507,0.32952179732904047,-0.6837821255506876,-0.37757677765056497,3.0801217589123264,0.3544357426554481,-0.8098399910397783
2,0.8817182915346241,-1.0427406761127822,0.5010138402546797,1.3140488876675909,-0.6784467066031299,0.056594700517966556,-1.9872116169671774,-1.329827228252526,-0.45951733815196627,1.4962826756981578,1.7428940346038129,0.28734671361848896,-0.5067800031759526
2,-2.525528128181947,0.45432642196999223,0.5727606319935052,-1.0537126882486851,0.9411278968774573,0.25947575498214465,1.2528314142440367,-0.6679014798151462,2.009748797581874,0.31532782708833146,0.08618904789753182,-0.34741271943055324,3.011419441339021
2,0.5661128616568536,0.5077213075043798,0.8058795162851726,-2.571376805054116,0.4799886624454365,-0.34822194067570783,1.2722761778896425,0.04229183425119634,3.6391343111850665,1.8749528985490689,-5.263804251410567,-0.4966900113623176,8.548953729919255
2,-1.5601726890270504,1.9835095624709445,-0.3902744991484507,-3.565173920217455,1.895115919186033,-1.3984325772256332,3.6672687995279842,1.3245881112632532,2.1012586572603347,-1.1206832207151656,-3.590091009338784,0.06434665174977736,10.17847439356542
2,-0.28257678953656,-0.07444798269041972,-0.19651205029560012,0.9562502184932904,0.5366943764044745,1.3218300689428328,-2.285227103524875,-1.50941577899891,-1.3764222113549458,0.9547113810424681,0.9606450435585755,-0.4454705623821274,-4.839223177696904
2,-1.2273032952771143,0.16292506203056062,-0.3968754699701225,-1.3758765730746003,1.9302107616345998,-0.11005243316569151,0.14875068844452435,-0.5523647496379049,1.9060773520430183,-2.403444979896513,-3.5396881566446226,-0.5483699701301546,5.44942974982166
2,-0.10943578624154604,0.7804879461785793,-0.6157706783891176,-0.7070963011707002,-1.277206909283991,-0.4868352873149043,0.773549507795039,0.8534788520135278,1.2398327814641608,-0.8878589995106504,-1.8021554787857226,0.756567851905683,3.304948583299766
2,-1.1185824165656693,2.7867887066746886,0.38350629491022675,-3.165041455149884,-0.08056205273643954,0.6580309424708732,2.9790257173354733,-0.28386634373481867,3.490658121663805,1.693808799167347,-3.4145372171894923,-0.3866744635231353,10.934105903763454
2,0.3565320293146478,1.0297605459580388,0.6135284595333729,-1.3212799525359096,0.04678567256228495,0.12272220803573573,0.974690868815483,0.011849199864598087,0.8963653320010899,1.2628257251009856,-1.77308378215498,-0.3334332086878269,4.246059804951736
2,1.1216757914521827,1.2513672381915084,-1.3390322531445278,-1.317623129302197,-0.9722671698279017,-0.37306469318554264,2.6956881658317227,0.36770488164171633,1.362549990221979,-1.1287632015595959,-3.4738937436323685,0.8291152453601169,5.266563304572325
2,-1.0688334219164166,2.0302288178168455,0.7661755288538272,-2.6092014740998533,-0.3216889281378334,0.8312580555053104,1.0767235640933455,0.9699972469262189,1.36784173881759,0.6160357849943224,-1.5963791878170754,-0.19631372218154808,5.458252417622
2,-1.9650426398246472,-0.1500040980818551,1.2025158035877064,0.7592984385316482,0.5770570033381734,1.595695507592015,-1.1042484259770533,-1.0437838550834384,-1.604415216128101,0.7413050545676209,1.5732895297349923,-0.1027989085557898,-6.564440689984822
2,-1.5665494907335191,0.16625814688707347,1.216254555294479,-0.24504505731123105,0.8709484311604755,-1.1142346001363836,-0.5069722782618993,-0.3589850656253716,0.39211852366774197,-0.8170011411848098,0.5522416605454616,0.21529616444747116,1.3572172980536101
2,1.3939450569011496,-0.6542556924179206,-0.07732872407542901,-0.015525006723066845,-0.8189643705012455,-0.2757801341013518,-0.5776002604636433,-1.6667840936440617,1.0887827124767089,0.4648246369204493,0.973530550797984,0.1322514267350371,0.9340165380657947
2,0.41438404385713773,-0.8589876190668304,-1.3812426591108833,0.3729162241529248,-0.7454430360693076,0.6826714652225636,2.5100425869027765,-0.07663971088507783,0.2794197916094401,-0.9334382671956332,-0.0614648531026777,1.126062637461285,0.5739858535556518
2,1.0387269385946567,0.3455249336514152,-1.7834940448905612,-0.4510852780373556,0.09803549775629322,1.0875063103608573,0.6204787936721083,2.236822832938119,1.2276156942493037,-2.7417758603473668,-1.4886999082085173,-1.7165770823568207,5.882684697511931
2,0.5903244560713865,-0.409249620828392,1.3248863885539537,1.7253370464016602,0.36991388439680284,0.9024635541977919,-2.8096021847042283,1.2920422220065917,-3.1126280515232665,2.1315733510764923,2.6640823367054063,-1.1197711651624485,-8.981845075685001
2,-0.9647510039412528,-2.630683876469523,1.372134404372804,4.321078540445561,-0.5176355108188389,0.8894057019694294,-6.6842979832674905,0.9893013116549285,-2.374067104658275,2.482828454687993,6.372267516483351,-0.001294120079184103,-12.037049187730194
2,-0.49042877446504246,-2.5419918807811013,-0.715332382836002,3.7007428337143846,0.08198472572205588,0.5118244018710175,-2.9437115262219202,-0.05701584368812431,-2.652644583014504,-2.092463771865939,6.612194113564703,0.9391524741939822,-9.61342161105508
2,-0.44034829372679435,1.199210193764679,-0.9379116932489655,-2.109688978361488,0.4629831446684722,-0.11950789350349594,3.069133718013633,0.6384471378579145,2.1113510803624402,-1.3988823142247624,-3.4113004362069645,-0.06055739786053041,4.881734738918333
2,-0.677008812603298,2.0816333777184477,1.878366897427128,-3.387629625887648,1.693761795375352,1.0518285994670005,3.5999757077684107,1.0849641865559012,1.6336767272380608,2.1001165546458687,-4.450507218141938,0.5247799711996585,3.2910651337733268
2,0.9813685534573653,-0.12311758633735473,1.1778321644591978,0.5829715555427527,0.0826374620816137,-0.7746846507825466,-0.6831867648760696,-0.43801382394199084,-1.298814556973756,0.746093403665731,2.4448561378199485,0.05714896873381206,-4.036016633511698
2,2.1552056520097365,1.966755313451845,-1.2331573607617607,-2.3320862082584184,0.32216907560008307,0.1560445241850119,3.8678571062174694,-0.7700573960040018,1.372733874236615,-1.2199310174326632,-3.480665363756901,0.6456297437518885,2.7609552656552396
2,0.5352568417784853,-0.38316242876917483,-0.07396781348005893,0.0600414307786283,-0.5948306962901019,0.20744659352312714,1.5805160089288284,0.9108470947555515,0.7346228848085379,-2.1106455164277653,0.6950767649711953,0.3097271968152991,3.570804076384489
2,-1.0564885965271429,-1.4152579802339853,-0.20034359353671136,1.6356001820993071,-1.4140399422018368,-0.09595867190980338,-2.860946194571993,-0.2722156343796854,0.2803019482928483,1.5338778126865726,1.6607309277063422,-1.175382749491335,-1.5026187616108402
2,-0.9581061082208909,0.3963039615581841,-0.6175505897080183,-0.44314138174390194,-0.46796271094428177,-0.3643264563715176,1.6693419234955764,-0.2388019485714005,0.3186592088069583,-0.8506374729828425,0.13373462808458023,-0.564775981881009,-0.13876647705202413
2,-0.9470811792025956,2.007157293765694,0.6372263681439416,-1.7243944537355451,0.9283206801953099,0.6867282277927875,3.3102606611330696,-0.49034157720863897,-0.16862267702030415,0.8920312798491941,-3.0190173578814044,0.4390905892374618,1.6849441262307097
2,2.2337934418508403,0.8610276722074159,-1.5230504315820756,-1.3642508336799024,-0.1712747809890937,0.45237756004103696,0.840085007207519,-0.5403529965774179,0.96500246026074,-1.6084351983546705,-1.2746911061902366,-0.7256068981222213,3.836557754230503
2,-0.7123978354143198,0.7881840476901402,-1.2661691910874822,-0.8379082607430953,0.23008616437505255,0.2970326997612298,1.2688445579282583,-0.5013180173086416,-0.3504701878086625,-1.892690959352756,-1.8278862528481563,-0.49032334815231804,2.0574549256554415
2,0.39760515932992635,-0.824086250079392,-1.5003968973835586,-0.8303023862710729,-1.3922125926899827,0.09637193593399845,0.7011709229390272,0.06442423268096817,2.3042289217088032,-1.0848921063657164,0.4498634316049287,0.6126479792401103,5.37009667899217
2,-1.9604207614952442,-1.4960049133087951,-1.1585207318828525,1.871990965601229,0.0044502558859938,0.41919964353611827,-0.18532336493684326,-0.4948366625415947,-0.003413183945812706,-1.3446439516468487,1.6466484646184805,-0.10819464373169899,0.7817626953628891
