,0,1,2,3,4,5,6,7,8,9,10,11,12,13
1,4.386669457313504,-37.0973666476935,4.949397114433487,-18.087159082061255,6.941105045977762,25.250511161030406,-31.726193716581285,-83.45191425873075,-17.484395045390247,10.07826286145731,2.0947225448346565,130.9476123293187,-5.41557060105201,0.6797507096143575
1,-6.1739304208803585,12.341559259445805,-2.039121145364607,4.475854366907693,-3.9032209994855034,-16.31004482344282,20.8532681459519,47.75824734469864,10.72246866289455,-3.4860206841936034,-2.303030975965135,-75.50905530981288,3.0907458677219157,-1.40422367893441
1,-1.843139504791179,43.27785479599241,-4.224786843719651,22.527238642696545,-7.626080841819547,-26.3072877781415,34.299302294586205,83.7054014513495,17.73574830552579,-6.669234164469914,-1.7456215675487332,-135.1532654086921,5.129247960653823,-0.4691268837722094
1,-0.399052534507752,-0.6454587106039974,-1.4094241181734215,1.8352648379790466,0.25017284791059224,-3.6394673762122864,4.599726425310839,14.511211892832476,1.808912105077338,-3.3341789816170855,-0.4139290254859291,-18.653861508812238,2.2533064039020307,0.5343753676631906
1,4.187165696613646,9.72353653490344,0.41742636186431376,5.1495851185502,-2.2358536284176433,0.5896396771271413,-1.5131991773634341,-1.1413770106220609,0.434846195059816,0.31716893911343497,1.399541322340999,-3.204533703775921,-0.8050727938683973,1.7581730873766732
1,-0.47603091711198325,7.300942769636307,-0.725659854382098,3.258637694127744,-0.957295406775999,-5.384401806473762,7.428326859411226,16.650173166770315,2.25219700079697,-0.08782972195121791,-0.5814903167426537,-25.090719543562102,0.027881329458358188,0.13569911438963428
1,4.943512358637246,-25.68736226956659,4.163020881346265,-13.99384302958653,5.488538467513212,21.355269373931133,-24.626711133594043,-66.303969286896,-13.769160195856093,8.936575034637686,2.369629926162205,101.12200458213796,-6.260254779808243,0.4308293888203226
1,-7.702592473222543,35.406430910267844,-4.8694397496985165,17.654503986407775,-7.716729649838623,-30.96280843301274,38.91414874172468,95.9471869530587,19.319563508751894,-9.562738169215493,-3.8132903304161476,-149.8923214857703,6.770677684244168,-1.9025599244822358
1,0.029444977672404612,-2.547817345293579,0.7966076577657423,-1.4717008242561527,0.5433617494938187,2.962360882909117,-3.279182896589785,-8.844281666817833,-1.3545919591329654,1.4731975661597045,-0.24268436193838427,14.650887422171651,-0.5432523235493751,0.12374380555642839
1,-1.4034396632366017,1.8338949416823218,0.13309540781694024,-0.5807497544731177,0.21529875696087133,0.18926088424784357,0.33091785798377377,-2.0767460259752544,0.6040257722751632,1.1854997007228738,0.6926130429873008,3.02058674860191,-0.4650423238523075,-0.2236668615453176
1,1.8509992914564988,-28.498209317466227,2.1829802508960308,-12.779590443300249,5.106537511921807,17.537866355044404,-21.597985358599132,-51.005617022611474,-11.872457960870667,1.2604372466180183,1.31825401296024,83.99474102132848,-1.9778200636980316,0.4603058605357529
1,1.9784894870624326,-22.656137260201408,3.3322834196541264,-13.743917483493354,5.094915766216235,14.777990846077689,-18.323043501481802,-49.36583080532499,-11.508593883829088,7.747442511480714,1.7687503358374042,79.67543857616248,-5.625364846372251,0.047016086206188724
1,-0.16902129521159132,7.072038011654469,-1.0361010391602392,4.198924961114539,-2.658523604709866,-6.411829762475021,8.646355072567339,22.042744044644,3.8450674877532744,-4.4328565956828285,-0.39299899068195365,-35.248041974702204,1.8866832780794354,-0.30658095686202014
1,-5.4106299893351775,-0.516997261362251,-0.8707909978580853,-2.828591788356861,-1.442150591978195,-9.240890840825747,9.260975732866807,19.492052908308146,4.3964518133161965,1.1587683693507582,-2.03304284674558,-25.763639241076937,0.0904285581040508,-1.1082586253676108
1,-2.8097288894801564,27.65434399124003,-2.728571178051227,12.8847429742712,-4.948945790044751,-19.79646977757656,24.654611995032546,57.69562652978901,12.808608625299081,-5.215820712760936,-1.445001649036635,-93.94168106648901,3.3588257855179395,-1.1495389596935668
1,8.953465752263023,-50.120247759471866,6.220474342102983,-24.1813835677329,9.868403627896955,37.13815331622929,-46.627898610660196,-116.31462932747777,-25.671897596446293,11.922801661515194,4.008664164260379,180.87543062122097,-7.7761423806939645,1.2871606738711
1,7.553888522177424,-21.867097098787657,4.352259419140718,-11.713508732965902,5.142140756137783,24.72264493163083,-31.06932644040809,-76.5876437443666,-16.100363250145502,7.100276109357348,3.7399229735484325,115.9928011864158,-5.797940370946066,1.5389440500514013
1,3.6737713499324354,-14.468550429436105,0.9636543274238794,-3.690848689358213,3.3017407174581805,12.596905786811973,-15.014631717494863,-32.99277963477484,-7.465115364086761,-0.26777669281105704,1.3987494514168188,52.134933301952685,0.031217972895906786,0.7448055543869334
1,2.0483139508231996,-10.42926030189445,1.1206728234409877,-5.319886453083926,1.9941910084199774,9.905025292986338,-12.892790718784893,-29.63331427985111,-5.787188151202192,2.248210488915007,0.6990211841119361,47.78854160452702,-1.5164526131631182,0.7466803048556099
1,4.634018303228518,-18.36800994507262,2.642889481330165,-8.41977288102586,3.452924902728269,15.38206640002538,-19.201493490032952,-45.25583986257245,-9.850134994606162,2.745344856845665,1.8775406809798225,68.28396795592664,-3.1518475303949662,0.8334711542562797
1,0.8222199804829159,-11.635185932292906,1.2589046984978525,-7.070876809680217,3.4945756340486596,6.4451048281343795,-8.991777470522925,-25.51481704875782,-5.592634848631307,3.966297790250418,0.8988144173312321,39.569437859602765,-2.699307323901228,-0.5968160051018834
1,4.778196838634892,-26.713849488649128,2.704774435284227,-11.021427906433146,4.761754839512485,22.131520070095842,-28.15451249877096,-62.89945731181176,-13.275662859029758,3.3499179654458633,1.85005184869401,102.63078728690647,-2.7384322996676334,2.323504935183127
1,0.6747366250955659,-13.929874781355949,1.2365206220588691,-6.228534151063512,3.52843291679944,11.3454636884769,-14.300483830075812,-31.483532035675935,-6.544151057930244,0.489434759906468,1.1197082310996092,50.7706408956997,-0.5867339141591965,-0.16494046209383953
1,1.554622116568416,-7.853484750808968,0.06273137848381753,-4.002199626800914,0.5450557182867927,7.694411582607506,-7.842847534374878,-14.56523614797859,-4.054834675164658,-1.3531332317087523,0.7069773475733218,23.97758937945805,-0.6569681997786775,1.2730565584272266
1,-0.6280526647912206,-5.587527484462271,-0.7349573117204726,-3.3499407235171605,1.3352656153499243,0.48614739950304486,-0.3976332646285797,-0.3622069964716237,-0.9426132401167483,-1.3198371805506968,-0.4201551703331206,3.4968952027297737,-0.27438563385248593,0.04229951600047377
1,2.0642057024122353,14.25776451011906,-0.5119201310819369,6.533595210436179,-2.197217636236487,-6.035267692238284,6.084742326250399,16.683835206893434,3.4674211161441444,-1.1670637563493296,0.9853927430988052,-29.5906641682083,0.7180432112249027,0.7364441797296347
1,0.24309274628741773,-9.335451422476089,0.00695060084909638,-3.6246132804658764,1.0924682170222042,5.662778099821573,-7.501296859346527,-18.548667958336786,-3.4407605079100803,1.2542607957596101,-0.6745573759005324,30.86915651542606,-0.7408772087579473,-0.10252521526586626
1,-0.5606845125157016,3.0431121303285966,0.0380781552966144,1.8786217400220078,-0.49015506933729197,-0.490068485122084,3.304619519348102,4.343362779747164,0.9086933237664198,-0.8468113157412928,-1.2890657863924457,-4.753018753052158,-0.4928649521215674,0.20791675128228154
1,-4.751580847046479,26.856169444758997,-2.739650007286722,13.869786138326173,-5.323364309777747,-22.06356265690995,25.134920362422815,65.07576560357234,13.739156441596913,-7.095706301858238,-2.017051197375084,-103.32368088843337,4.373053065775962,-1.3693692597608498
1,-2.4275450276188635,3.680774580089456,-0.3089311846401252,0.3847204947688684,-0.8542085984268348,-3.9948057037001203,5.592157519795667,9.712142689785345,2.8250638339146388,0.9145223543337054,-0.8122206977432894,-14.692697189295387,-0.10822281007344842,-1.0347064609075758
1,2.6133184978849258,-15.332478323373127,1.6054246637951437,-6.298609501382986,2.861258970891346,10.129125335063456,-12.452888950140792,-33.121790651790874,-6.936416607669039,4.337040563974712,1.10249307718832,51.60638407734842,-1.7018647026229479,0.7769769477496604
1,-1.493087717420334,19.249176320430255,-2.830032879601436,9.772665721498784,-3.7177836425059883,-12.491163024082418,17.254138066169258,42.437327971190314,8.012622649176473,-4.896097493814259,-1.3840153908437856,-67.00196076892921,3.1971420922444085,-0.2123646311071411
1,-5.380749518885995,20.84611391306421,-4.108329674049222,11.93303154863035,-5.840773391751794,-23.2373070909714,28.123613396626617,71.76929736240068,14.784291852495196,-6.818981049422597,-4.0009660370589275,-112.79106521341905,5.881580023848553,-0.9010053231732716
1,-3.0660252031225026,5.918004887168362,-1.1103912279809047,3.4305814102356034,-1.4023978226028402,-6.953384374314855,8.268284210000079,23.85648464803115,4.284774653154328,-4.57068455264791,-1.7044892725648817,-33.600531785705456,0.8622563966552056,-1.1856979445570506
1,-0.19450796174281657,-5.645124718175738,0.22588834367337343,-1.2099108740020754,1.4150929500909737,1.8219855406077206,-1.7359227788548235,1.6677005392064113,-0.6700752380319887,-4.460442946728846,-0.27636761444023156,-1.2564159562004809,2.6069628050305407,-0.19996925298595064
1,-0.9946619687389513,9.022065867384825,-0.9759546590489611,4.310319172511143,-0.8076369539114692,-4.961831441596897,6.255326523012838,11.456162317939333,3.611086855995313,0.6689768237306519,-0.6699306710848792,-19.825205245269434,0.13246108388208247,-0.9844360733470567
1,6.967903386709365,-27.857923256294548,4.64297321288741,-13.585449643269406,5.250936819841452,25.686426587706816,-32.66942252681597,-79.08630089237934,-16.90812244698339,8.414968963575385,3.151888358726285,121.19965426009688,-6.481964461803279,1.809455038747156
1,-1.1654514628216872,23.880629263972573,-3.0097638917833875,12.731088506133467,-5.523119622703788,-11.837701790566964,12.057202530195203,34.67444759797928,9.822877189344668,-2.777232294685006,-1.909063245736802,-59.636091501682806,1.9290629292243235,0.4804035139558187
1,2.2813622797322286,-32.39032563540218,3.7977349040748933,-16.935094132942062,5.690639708266275,20.58795281127566,-26.446259042939648,-69.06613425844219,-14.00945978260106,8.606970644828317,1.937841715338812,111.04517826091087,-5.293006251329527,0.6714277664850434
1,0.28639146084936595,0.07642303645815764,-0.8796526716385974,1.013957926374655,0.9471146826343694,-0.8994081809135933,-1.3417563539656188,-2.1657187385653,0.5082955423279513,0.5085337116442052,0.31849208220967284,3.016000894360104,0.9612689716199933,-0.04312086361060116
1,2.114090590554827,-3.131975769674727,0.8991863468952949,-1.9069598020633067,1.2756492799352137,6.729953492473992,-9.04849389266622,-20.411905198506915,-4.4780115035933115,0.789325926881423,0.7763929922703019,32.78122796374728,-2.405097544138413,0.6139153301544379
1,-3.3753130542859573,15.312302952188753,-3.537726440374865,7.4752566574285835,-4.240276168957074,-14.94020596434919,19.180760723001917,46.77167945321679,10.058401860808413,-5.877845197288929,-2.5332622966455043,-73.60274386093239,2.901948064395567,-0.7367952190071412
1,-0.34629780315749825,13.069961996723105,-0.4212118356356699,5.728871605596939,-2.34500048640441,-7.166166828024327,9.633103470477696,15.281775116408213,4.024510606359265,1.9689771387825592,-0.801883943905403,-27.102513189094203,-0.9966769522442712,-0.43766702965497917
1,-1.802768551351263,13.16692419473181,-2.0362198426059623,7.294888366555422,-3.665579005136466,-12.477505814090447,16.439958062129552,39.69890863876472,8.212007282153609,-3.2293014578307244,-1.6356918761565042,-64.65147664528396,2.4283604183841256,-0.49839726496265563
1,-3.4443497712160687,5.16701597586959,-0.6860399923602293,1.1140150271216698,-2.502064704183527,-8.615328429769303,10.783438677190858,23.015923503650043,4.164963227312377,0.33506046213697344,-1.8774532717891845,-32.24130018108182,-0.39975020847101805,-0.18520392939465236
1,-3.845936493244841,-1.621015656557353,-0.44622932467914594,-2.314916200307994,-0.6022249309324763,-4.759038405018323,7.4403929897980525,12.75080013464152,3.6272898146238965,1.1085573194406877,-1.3089554597767972,-16.633058635648002,0.4270013133397348,-0.37650700511567137
1,-3.8230532737612117,54.30929935317543,-5.399674661056402,26.52157123210336,-8.457617678333252,-34.479553584350846,41.09516659413285,97.48902293943685,23.286491024507935,-5.541905597574992,-2.6385830974514257,-159.7063331113112,5.0280821506860995,-1.4415177976016729
1,-0.9497516816405845,8.60705689768358,-0.38601566111956204,5.059982036401826,-2.4132781494488587,-6.868113146692661,7.539471533113672,23.392998077587393,4.2919755170810685,-5.0932290458578215,-0.5249999032970812,-38.47660886231648,2.306158754464874,-0.3359080229420281
1,2.13261015431682,-24.847104239062777,2.6054029934589766,-13.514956371206202,4.732724711296392,16.366330208496038,-19.751236801364954,-50.548483517880356,-12.215956769053479,5.892092953384444,1.6610991514601399,84.55535612750484,-4.474432081961051,0.6507902393927021
1,-2.80088824379562,12.406136652225092,-2.0336799565837045,7.360370791476511,-1.5998936737079181,-11.476453305059449,14.060549546612272,36.132002580530894,8.088938967232702,-3.8970732525072918,-1.7259144629522336,-55.727689511439586,2.9753261168085277,-0.3357640936128299
1,1.5521060750146973,-1.9129701244860913,0.6383764501733342,-0.10597870585355329,0.7819704126793411,2.059733391472526,-0.3394177215718059,-2.482728659317756,-1.6899943434411895,0.7016908139508289,1.082473613804047,2.7559672861792683,0.1383654026121734,0.28242444409804135
1,6.661805710975438,-33.199823968152415,4.110134155921223,-15.984848870108275,6.978152919961409,28.426608131242105,-36.7655963610732,-87.72275628217729,-18.49226727707309,8.090057796950562,2.80431757542882,138.2374340416985,-6.4762922681747215,1.9603490459935076
1,-0.3946451566397405,-20.961300029880476,2.221382834962539,-11.211170644861406,3.927380069817551,10.011230508189753,-13.719519748464553,-39.713440378860355,-7.712954288701902,7.484760551986292,0.07845886596777259,64.6829478050903,-3.533656218206611,-0.7559467565313294
1,-0.9187656003733458,8.043307936788555,-1.295065278536977,4.204071687773453,-1.2673258737740658,-5.245512169399609,6.791630918582057,15.613030131850397,3.017345397273586,-0.5619825770695772,-0.03767659258900006,-24.121722860569513,1.8212405148606923,0.03721799687306643
1,0.3696146435513341,-0.5326783008005294,0.9441863754355154,-1.3387899084315842,1.0530635446690475,3.5518577065922554,-3.7116401636000425,-11.501314108153123,-1.9588886984284017,1.988783156735666,0.7613888764260996,17.29544063647637,-1.9163586826695036,-0.022279991038744743
1,1.7609281497667832,0.8074291391293977,0.741594841711669,0.054643488902355465,0.9870145154192377,5.412155308694205,-5.404622239630129,-15.33061620232623,-3.356308647382009,2.5948353397508708,1.5024093296729293,25.289960234250252,-2.0830546694197234,0.6535948149014755
1,2.7858360117304377,-2.394253491180573,1.1702084120182046,-1.6362090366212914,2.059042192929723,5.0094670699958375,-5.66887437884892,-15.797147121730038,-3.2410290222060625,1.847296134431243,1.45840355441531,23.391630807625013,-1.2527590046405606,0.2881203284474398
1,-7.687354482418714,55.54137689663704,-6.129335938775389,25.99103545317543,-10.530357009163192,-40.55139166249661,51.02957290078406,119.6849596840219,26.23077404728717,-7.769547411783359,-4.6066010079657485,-189.38419084478946,5.7181078156343075,-1.8469053843938552
1,1.8160316320495418,-12.282279565744597,2.3105968227407607,-5.736788255757854,2.4138585906980126,8.959376146055895,-10.81759440956467,-29.861864647684204,-6.882907366259352,4.166502149093522,1.5226760766714529,47.09743159986927,-2.952210689955496,0.4325796812411537
1,0.2231494491279603,9.126529056761132,-0.36802400317094164,4.991976327203062,-1.1284219679161882,-3.318739120986221,3.237534095052873,6.279081586630866,2.1900686580515996,0.5640668301482584,0.11340942800741204,-10.48448027163169,-0.07656504593114394,-0.07307515063342168
1,2.6408976345968918,-9.935069615431017,1.6688658416016096,-5.12876236372938,2.694453254811855,10.23328008720463,-13.079424718723091,-32.89625811622328,-6.496510197718932,3.491431486593753,1.1913555406626315,50.296149160602255,-2.5091772671352834,0.7363183128702894
1,-0.5354110460586783,15.818740033615196,-1.473353181615264,8.09045891856651,-2.5556454895139304,-8.981130957359788,11.110187075407028,25.25319129185322,6.209559320350739,-0.3688182930441098,0.17038023892996135,-43.22378578245997,1.8095912101749738,0.4744096300108764
1,0.989915951333597,-14.204397391246454,1.2519370478797156,-7.327789191789773,2.342207823416967,9.115695871259158,-11.041764822976848,-27.594584358971897,-6.360627021157156,2.370729179471777,0.44997072737172533,44.56462170800333,-1.7880107023450547,0.07098328335910815
1,-2.297615278817916,-6.4127949804262565,-0.2393610482827606,-4.260167063875815,1.5738959022133923,0.8562938696669908,0.27206086579157324,-6.895288791710512,-1.3473563406483704,3.2304765498680696,-0.9779480434333416,14.482338817033556,-2.0932621438234533,-0.9547025687184801
1,-4.004774188169602,-8.961844372108168,0.3069239283783326,-3.2552187972343685,0.17990944731495975,-0.7118772487701348,1.5356837079574335,4.898801201310731,-0.19311401032686437,-2.6738612266696946,-0.8831990277758113,-2.808125155835443,1.0534690532879378,-1.0543797475151384
1,-1.1891647314700455,-0.10531686203325295,-0.6942179797867234,-0.6767858282694115,0.48171038720469683,-2.2217814388696238,1.594018241663216,9.064208190638462,1.4747606124513595,-2.566891858317087,-0.650948706703521,-14.430044548582963,0.45136206812997987,-0.32010287316601904
1,3.51838495921657,7.1850167272897645,-0.4560472392685282,3.639656315091585,-0.9116187234195706,4.493044496167892,-5.208508194517013,-11.631804610750672,-0.6829923949008004,1.888659905569323,0.7008608106927394,16.492078871783583,-1.4389946613773212,1.3191605819586243
1,5.591567384933517,-9.535615545798482,3.057456811396471,-6.2076342597724254,2.875658532419156,17.045085997032746,-23.046088708109092,-56.22652071087638,-10.233083692853283,6.511212816251421,2.81173620434805,81.78243146234333,-4.504371968209571,0.8739931492141917
1,-1.990144054682204,14.400774918095912,-1.5694927652052102,6.543590331092023,-2.284738412368353,-7.455718933810823,8.260038932533526,19.653397400452356,5.845235080799487,-0.26650805378926606,-0.9855801373918256,-31.559829182521554,1.2096773587810392,-0.4328981335617664
1,1.7483550003838892,1.8826142655418592,-0.008035070350245244,1.861758688135268,0.5716149815141491,-0.8421633893237714,1.4958351615493082,4.695864704635124,0.1306509782114625,-1.6258019128780599,1.1277713963043021,-10.974864087756234,1.1762787530991625,-0.47269574162636624
1,-6.124659232281813,28.77516327179406,-4.863534374610109,15.63721286209079,-7.494241564604448,-24.1634023058947,30.346553829191333,75.7117087065224,17.114652428197445,-6.53322278898944,-3.5945656467871228,-115.71037997758606,5.9291755393571774,-0.06047569332839564
1,2.0030647890122224,-1.0386787356796663,1.7429566759336421,-2.7704692435967373,1.3074217370836594,5.653242011854498,-7.693916530711305,-21.157916076563406,-3.8483099089430954,5.034976026027984,1.677582656446609,31.23350698224189,-3.435323094032126,0.2965527764226136
1,2.02230924004476,-20.18575324077799,2.5963412087856477,-10.991562459801132,3.851296918542761,14.932840259287024,-19.644066078089242,-50.30554331347565,-10.066282809475712,7.04299507000249,1.3046617183172948,79.95265317729675,-4.7182254087940985,1.3141335103885219
1,4.511133340352799,-10.632952351753778,2.812257529571047,-5.912941428792904,3.251513122541524,13.543273442206551,-16.489316484783576,-43.0185065801599,-9.604382595646817,6.839788682495267,2.146136526902061,66.51964242553782,-4.353152202592155,1.0893324642116475
1,-0.33668920219727233,3.048564872755225,-0.6294692236095925,3.325987493394408,-0.5277448379769994,-4.70737273330794,5.8342463009135175,16.012489724180455,2.747258723624131,-1.8715344436205457,-0.1315330885508469,-27.049790776793785,2.3054461444064778,-0.5941698926241344
1,4.7159345968388555,-1.167281213470792,0.9128014741226935,-0.5086509837466461,2.217080264895597,8.020522039875075,-11.590557726320009,-26.819160059229198,-4.946421726896591,1.6705923453228422,2.3175295444559922,37.301359032995194,-0.8742530143682548,0.5523226997380544
1,0.7279620513969298,-12.976823494179223,1.3382856432406423,-7.053573924756314,1.525052687217217,9.502366268869208,-11.927807541528255,-31.937527075916474,-5.346973665863532,3.635427685388886,0.3486300795728099,51.31794297707847,-1.9085906593397772,0.22334711761678358
1,1.0106386124398943,-18.027468203499527,1.8996824800379748,-10.046695988837609,3.7947494976525973,8.422502201645143,-9.825056779742617,-29.074960313116435,-6.630795494437947,3.8650700103753146,0.6220439535337154,46.31969096875922,-2.7313397436676654,-0.3881211992208689
1,1.7383143957878235,7.024974537001463,0.34478386978659153,1.8946030840073045,0.22632929732810947,0.8426576044435201,-3.8819777413497496,-4.478262209471196,-0.2849835970810944,0.4800514834643042,1.5390769104751036,5.388165924123449,-0.3400224888683479,0.7489295035265698
1,1.4880441489993308,13.72039453758832,-0.9893597488439758,7.827664585730355,-1.6181202623555608,-7.127191810186613,8.008436467149776,22.746542565171126,3.61663248670967,-2.329743668425866,0.5636535215521276,-36.44987904935708,1.5732470035427697,0.6429178572680938
1,-7.132907847667379,31.63094292727471,-3.8615517354146056,15.02794123760209,-5.270085071479261,-26.650359459841024,33.48162956023078,78.81071852727756,17.082692238501966,-6.285695893471843,-3.2333017494165874,-124.90933802683574,4.207279995870921,-2.4707562233300786
1,1.465816919514176,-3.490338195736454,-0.548707934231132,-0.748166249290012,-0.2479580588278174,4.1962033971676185,-5.49619692747026,-11.203458909313328,-1.3940720359530234,-0.24262405024477546,1.064129683910193,18.791738373955734,0.471524008093147,0.6611083903629856
1,0.5345124218581557,5.500905794185757,-0.14770873426219422,3.0090637695494906,-1.6153964476043268,-5.4300409468146915,6.95175612031446,18.851091615073493,3.131822604923192,-2.8238853748576043,-0.23836698719027552,-33.229129237832446,1.3894019142926044,-0.42101139213379546
1,-2.726227090668884,12.964010210876888,-1.1136299444837037,6.58314600310824,-2.6642757568763065,-10.896173091529867,13.651104900850026,35.08739213189166,6.9818843664574155,-3.169190653405053,-1.2466832522196123,-55.64407919571302,2.2122008055821327,-1.1489922517331943
1,-3.123951947223905,24.65046598031539,-2.019185229753703,12.03465653648166,-3.8239739954413827,-19.593573713477756,24.326003945369457,58.064530266665415,11.2479299377494,-5.49227377089147,-1.3110585172255815,-93.61312613983182,3.032548910481726,-1.7273958853080063
1,2.3486362306869717,-16.52832655874115,2.0173386932377517,-9.145013963289982,2.0148322586617997,11.20165021746696,-12.714840286847805,-35.39384634139111,-8.181369969376652,5.318835165746521,0.5005737865660822,56.83788231476318,-3.482216107782907,0.9701319174718535
1,-2.2135495624736063,16.583391895819133,-0.6783676441772409,5.717106428251712,-3.2513977153953464,-7.458318840486761,10.622728515626713,17.74181274160747,5.788183243342081,3.46665214563529,-0.4851331715913234,-29.579516282342265,-1.3958743144738697,-0.3378402228319625
1,-3.5539709937372357,9.769434717263373,-1.8370021413898192,4.921760533626391,-2.983635804695044,-12.27403034191121,14.944433360242915,37.26900476885951,7.731258367225313,-4.668492429106294,-1.650200890002054,-56.72491300140631,2.2954837253508833,-0.9406260270064736
1,-1.7767585226380793,2.2216595861407304,0.2532552280277948,0.5166006826890343,-0.4929551294198637,-4.884816280157994,7.326866980159784,12.15844470906738,2.250065867425135,0.7702241489501739,-0.22232775487356382,-21.43038097458127,0.09741822729601735,-0.9364134539540646
1,-2.9033782622276245,31.23468995784578,-3.278682338093509,15.100247086467684,-6.339696436573431,-20.636511943144203,26.095441798008682,63.437454819644,13.862121329883276,-5.085806162698889,-2.877170348895697,-100.86506778336249,2.537608709217802,-0.2504440220377005
1,5.418187842423037,-19.341739068493858,2.958420998478077,-8.647301543006526,4.663986150652859,17.124534412229988,-22.481867657266644,-49.555044279564875,-11.575443148458652,3.3423874794998154,2.892561581043674,75.9251265012165,-2.9605999769956797,1.392070972117814
1,-4.652692053071603,16.455362578723896,-3.651620987930152,10.06236770254588,-4.774175737539183,-20.443006560715975,25.860257928149508,64.19378057737295,12.363577831941294,-6.890968004446502,-3.0068076867828313,-98.91952586157272,5.780318227289893,-1.2144334681572326
1,-0.8277398005633533,-3.8446067091924547,0.5073667911889918,-3.4238064259517174,0.62982545511461,0.7173040246949318,-2.260779693280194,-6.633415253399793,-2.3106449033032415,1.1581644218178,0.3843088024721478,12.341318713294584,-1.4798826809057481,-0.8162302575490653
1,-3.1400132564809535,-1.4376925866432948,0.2848257835424667,-2.581288606656595,-0.058824122764991243,-3.083060599350103,4.102653960405789,5.455827654241831,0.939328274962674,0.8512900869706593,-0.25271663099304914,-4.699301568799333,-1.2939109996851428,-0.9405596443534381
1,-0.27941632984844395,-22.677375160523614,1.2106738004180773,-11.729828419268841,2.143366636468007,9.437637935109993,-12.064281389952209,-32.78717603445202,-6.167493256555226,5.640383871278672,0.08346432674014907,55.82204673039286,-1.9854992735453076,0.4937279449482862
1,1.4840197055326796,-13.289170969992668,1.2120419127246405,-6.576867359494578,1.8095597772613305,8.32605278419575,-8.86788441312046,-22.908096120791203,-5.319598427576293,2.032741884486761,0.9193954131434637,37.949196960438,-1.0248457681987888,0.49932879360834276
1,4.82949078188789,1.407684144657888,1.2699358850508116,1.3099671641278416,1.5703343211950889,5.161784624706027,-6.696347790097192,-13.414291237684507,-3.724617973729293,0.25979724492199163,1.938393774629204,18.59309519847713,-1.0329891828038023,0.8167776532456976
1,0.7335567519647115,-18.25058522964342,1.9718822311038355,-9.101648059701962,3.399860186818561,12.443840786873842,-14.010577055452904,-38.80904258918735,-8.677466964271796,6.322204907914072,0.2660926902075869,64.77671694071898,-3.5976282598199627,0.07760502569011016
1,3.444536087591091,-16.519714651025946,2.489583893126707,-9.490739003543915,2.7194275628922475,15.630889123225876,-20.08227178931198,-49.352969247588675,-9.79996236600684,7.689228167541995,2.3460035841704197,77.39917591747653,-5.161629434918555,1.700027617669863
1,-2.088185269775371,42.17765090630992,-4.306385154459835,21.37464650269001,-6.045002714842104,-26.401598227765362,32.30892532017951,75.01352077546018,16.97083985362694,-4.882292077094313,-2.3997346985137664,-123.34139929300633,4.257491011535118,-1.2920365352894492
1,4.412719217047455,1.4497019403796036,1.2036820787993867,0.08754247860667062,1.251285586936094,4.893876441004696,-6.940975830873969,-14.89039032585279,-3.9253264043612686,2.56012228590466,2.0372078404839398,20.666078272129067,-1.738236461844851,0.8197102457551748
1,-1.0464679946551558,-11.061092625299102,1.6471930262666938,-7.041432821246211,2.216618952286199,7.27444154688196,-10.46931335259897,-27.61042576405425,-5.257687362549522,2.6748599671786026,0.3330369763661574,44.727272046248416,-3.4561920891600004,-0.6945525185418207
1,-0.6386072997039263,-24.812494342720054,2.902875538887184,-13.691252157836514,3.007154665462964,11.120785452239526,-12.307318365381875,-36.54123509395341,-9.54133028331193,5.828154623395879,0.5004730246537763,62.96971239110739,-3.351201425556679,-0.06430954776024742
1,1.4228746278569373,-2.2961460502329905,-0.8299946195249421,0.533927600204109,0.389515879361681,3.083660858718803,-5.106387401262982,-5.515898944487807,-1.2905733289345296,-3.5827931030073645,0.3529911433987311,11.404737890819254,1.3005270284882056,1.2587282079645656
1,-0.810693914871014,-7.7193136575391215,0.9527977151105743,-3.43897936950215,0.41899137447235546,2.1968952575625833,-2.6640098924941347,-7.420459912669741,-2.7510197967532255,-1.2452417297533591,0.7077652191041568,11.353956825644602,0.5930295437472847,-0.9560606793691853
1,4.1554123476874265,-23.747518431197975,3.0134102821905397,-11.457883636430633,4.684771534217592,18.70371776320831,-25.948209080934543,-60.690324348490634,-12.583597804074175,4.9371606573491125,1.9815293795854945,95.08993867386609,-3.0120141940089917,1.1892491611234461
1,1.8948922032854882,-20.190718520975118,1.3718182086868962,-9.209438349110643,3.1593744299892146,11.306738282852828,-12.078234050468925,-26.927026185853933,-7.526538689073354,-0.2830267255202529,0.6595709033119079,45.97088816410714,0.10951254874752007,0.5921601195297855
1,6.628566333645435,-7.8738268915938665,2.055346238181251,-5.296197785984437,3.4744627815342084,16.597024011482798,-19.48761498426468,-51.18947816847746,-9.463617722294396,8.142440222919491,3.7753282687992047,79.16928451918153,-4.430995381040273,2.1152123626616337
1,9.237207558648912,-15.28096894137277,4.501492308973075,-8.351181577242592,4.409603749150661,24.770648225485125,-33.0268645527108,-78.04188987421428,-15.00068534657067,7.857103361959348,3.9374304381672545,116.47527446123853,-6.155833430091008,2.6031171240732522
1,2.256568400513051,-2.7717147657935333,1.060713986154086,-2.589027247217427,0.6151132554977644,7.054292134057137,-8.784908943214536,-22.267228402595205,-3.677971779508083,3.3605299144563596,1.8546966516200338,35.05134453940712,-2.145616292570024,0.8298818903112289
1,-2.0620316781529002,10.454669195682907,-0.9931677774611088,3.739783164996437,-2.0251706701022756,-9.291458798820242,10.401516367516502,24.35653396668938,5.598978449312696,-1.4663299663471052,-0.5115321345869737,-37.90781456484938,0.6577617818562176,-0.061923635978041125
1,-0.6791574042806255,11.42639911061182,-1.3162454468663725,5.843949575762035,-0.8617740836276084,-8.254919407843094,8.64235211283029,23.162635508512796,5.425608641390678,-1.1419745889627224,-1.7308201370085161,-39.71489506415588,1.0160655265433052,-0.5967391858731521
1,-2.5661715093494304,37.00848882739612,-4.5703560368494,18.43253472349182,-7.126779787439259,-20.899141257660602,27.258047542763226,63.17295489330778,15.778719302390462,-3.260394631823988,-3.6904054802724526,-102.07373303480225,3.201477815957237,0.1992132699832897
1,-1.3277954231225018,-10.725250387982689,1.1627398836076188,-6.0706643577624755,0.6441380593114998,3.6077556557833894,-6.392751528188699,-14.703886447669055,-3.067932936299361,2.192118171081063,-0.20326732152521398,26.924779717581945,-1.32812536024031,0.3029402427082221
1,-0.15673144030263172,-2.4076197444572034,-0.3074708987761437,0.9630071457148655,0.5550212141931588,1.074372474539978,-1.7297641677970872,-1.044332831892618,-0.5138552273339065,-1.8789544331849568,-0.7443690632425145,1.6547582064776247,0.9797483685860302,-0.2764699994973655
1,-3.467559465286426,15.213961048252841,-1.9308325916605318,7.113649814003646,-2.2143097688932016,-11.561602263721074,15.14083838897453,31.47027398725702,7.113067444486614,-0.5858638418979747,-1.2922555717148188,-48.90045196438966,0.6164153744524904,-1.3047855052055115
1,4.776949208019256,-26.060682817877296,4.417212409346354,-13.39649244032021,5.188268142786134,22.182143671824548,-28.220127114933838,-71.10050669974986,-13.992344229754147,7.728960028695696,2.15603201492325,107.93432817864446,-5.189952968740917,0.19363125382812962
1,3.702916570617531,-1.87745450107784,0.9213736143293921,0.09422766717762832,1.2682318829033112,8.014609504157827,-10.035722023920112,-24.256291655400883,-5.51298243544312,3.3927300479440605,1.0120161655914242,35.77642737436112,-1.8168602985052698,1.5370737062148883
1,-0.1261281764842169,-0.24153429119501774,-0.6016761171508337,1.5283530423252076,0.7695931353187815,0.7156631107940222,-1.7925192926735734,-3.651511353429309,-0.8905486816574233,0.4747640992572922,-0.35222052232767753,11.681730436467173,-0.8313699723929922,0.0070425853200692945
1,-1.865970914056788,20.745063691009477,-2.563894319635261,11.125981338185541,-3.7187992432066275,-13.88272788472323,17.18028124631169,42.988678056753756,9.699420205671828,-4.885159880451886,-1.1840500474442859,-68.36613194021206,3.8738344489522896,-0.621047322611619
1,-3.779707057461463,-0.6390003416668711,-0.02192911416635933,-2.391467536666318,-0.3228003208086807,-3.9703672457949617,5.1932356546754646,7.684502152260628,2.595223033934294,1.2245119945483909,-1.0655096688408305,-11.767689041523425,-0.73221349926542,-1.5362441290035787
1,1.8560855185420237,-1.676314119706213,0.05884399285866784,-1.2821645219409743,0.9289989293233932,3.073194796618252,-2.5747645391436276,-9.11754639351131,-1.7665224284923138,1.9869189947550823,1.1933454006020985,13.268968270037274,-0.7078547945511318,0.3215668183757719
1,2.5504765442415693,0.42338102885250456,1.1131511146148358,-0.3045470240909995,0.5503581491553868,2.1899059625537154,-2.7436689418200246,-7.518143199811212,-2.360752357200124,1.7535097607895234,0.6859077355003907,8.588530839084163,-1.783940720618416,0.5625649697760106
1,-3.5086934861334025,33.706515771485485,-3.6566395639462654,17.127417801842302,-6.424464179110798,-20.56588586791515,25.785634417813814,64.06330667540922,14.51207987738566,-5.862160224456482,-1.4871689818068143,-102.2478026079916,3.8407140839562013,-1.4898169440016185
1,-1.051616594889207,15.598764971866652,-2.391625970815702,8.251020629288403,-2.2258262828063717,-10.16922092361254,12.924382786189078,30.521926627490966,6.372907568081058,-2.0056856303210586,-0.44020434893115734,-48.384081713946394,1.712812643056135,-0.49372816962719096
1,5.589727880215596,-34.927395106132074,4.872279433153577,-18.207460931346944,5.797544919874948,25.743097570376165,-33.32766805116863,-80.91815555520242,-16.703880542430138,7.532165484878032,1.7623160756119747,126.01145104750981,-5.823121259677018,1.0052296290259268
1,1.8404554823336399,-4.5868239188108895,1.6338814378723274,-5.90468699018121,3.0317892234226975,7.819383031014649,-10.302566950015375,-30.113840241344587,-5.594836808140574,6.142985137590017,1.1409301591304413,46.98463604320722,-5.410187156563466,-0.009798323705553821
1,-3.1899837383367693,9.38988582305863,-2.446397373874069,6.980670628964708,-1.8076715214112014,-12.785522800194363,16.18026474150897,37.71953676818274,6.716684571309979,-4.112529775046855,-2.0990075412458484,-58.27321154881496,4.4637423117534345,-0.7972357862742749
1,1.7617980181028112,-16.300767224057985,1.613846657090639,-8.209701023571691,2.592718635784365,14.007216842435051,-17.444651826623247,-40.60123572567277,-8.072718464541758,3.704607155552016,1.274616483550653,65.63393787397395,-2.869294644957928,0.8239670776777692
1,-3.9589167963752665,21.34541813787866,-2.09575478526972,9.224180726656972,-4.164879175217006,-18.266622516569573,22.867256562472836,54.40788371532946,10.883720503348648,-5.652696608290283,-0.9645472966445455,-86.73645885188752,3.3492750233607556,-1.6095300323854078
1,-4.570532117402121,18.472885768120822,-2.246267366080247,8.359856314230413,-4.633711840196907,-15.146594216994542,17.530259492863287,44.47951421887457,9.743825428833183,-5.652970683439892,-1.6046336739921643,-69.29184849036969,3.4036322145611786,-1.2648663371237077
1,-0.9334509175862482,-16.376904794108793,1.8762579697882165,-7.406296064944293,2.5928976415940577,6.366904344726615,-8.131723696810443,-15.424561421066313,-4.855691987671012,-1.2734401232069121,-0.004857647688608805,29.035648859790122,-0.10158316203167815,-0.027101847563750114
1,0.9885531802522476,9.38836348396107,-1.2028855630693198,5.40966484312109,-0.4998780781866548,-4.520589507909991,6.460078021805638,14.903908079264763,2.8583823974837967,-1.8829092159529266,-0.5527241879889427,-23.356865600263443,1.370605652962058,-0.05913479606656989
1,-1.274732273875113,-1.0084313872542374,0.16607305073149214,-2.5831730222486406,0.611938723423778,-2.040128833314794,-0.29642225206815453,1.5660972201509702,-0.23005906176583732,0.9204229721592762,0.3002002350864288,-2.2228524744402014,-1.4656231128526744,-1.120167596684128
1,-0.8868471209613185,-3.844290535263003,-0.16101730317671392,0.445928415821149,0.018573165711950244,-0.2264986212633546,-0.5777761690740221,2.164471598078844,0.48447886294262105,-2.8526927563106037,0.2342721638370572,-3.325157081615869,2.1467095711107373,-0.3292497605915569
1,1.4439279352453303,-17.732121030032328,2.390839528636051,-9.266500381602363,4.189323766819407,12.61908890465281,-15.851767694693086,-42.54839002219044,-8.916895172475414,5.8705900541485185,0.7501992087353322,67.953378211339,-4.7414691341006705,-0.4981217916196374
1,2.2912921519349143,-26.996356424593575,3.1393273144657874,-13.826641801833365,4.438893717515528,16.635472718350574,-20.51970369433191,-49.28216348005374,-11.639095984737114,3.5054067544332597,2.1886121071005094,80.67730215482919,-3.641062171685246,0.7408110691435914
1,-0.20976429070757824,-6.917286052900167,0.9202484622487392,-3.750271746705468,0.5838192227905278,4.384773777871382,-3.969534015775029,-11.122308525548657,-2.3688941704522612,0.7884360993372291,0.5146048789492123,19.456188778104323,-0.48832406022985275,0.2035428657545739
1,1.9326863630073299,5.865747788634297,0.5538966132922285,2.5501862505298525,0.16445241845566913,0.17042992185338213,-0.553344158767598,-2.0842332466154523,0.5046292022510132,2.4782479099119437,0.9216455886090841,-0.5521191877008876,-1.3683296125616708,0.529796794992812
1,-3.7250288589450293,33.69390068373553,-2.736766908353926,15.482910477008447,-5.362768734793158,-22.652483972402464,28.01366462654525,66.59178101486384,14.488736070159971,-4.610166515192079,-2.157700549368281,-106.71279950769168,2.8351707191150153,-1.5176029279329557
1,-1.7257229255863038,3.286743677298575,-0.9714090042000025,3.0772090135992753,-2.154469501787024,-6.852158995790157,8.10815064828176,25.75999346751369,4.369652968421824,-6.328473208241803,-0.5095374943898595,-41.146978020288834,3.120682584518149,-0.2946311281590899
1,-0.41208445019514084,4.444462311477781,0.009942868708468432,2.787085349125078,-0.9179015074396981,-6.059124335048705,6.355486827660998,15.389667672808374,2.723548334957843,-0.6585509615072207,-0.43551274416230634,-24.83023851414367,0.45241927962545964,-0.46788692052154596
1,-4.818348688810514,-8.836771708407033,-1.5584071845307839,-2.502138868395437,-0.6097196382617229,-6.524439450035315,8.327083641674424,20.132073825988968,2.5122882659636954,-1.6983677014301708,-2.120947066429597,-23.461143985501877,3.1481062478801896,-0.730918611308679
1,-1.0896843605126094,10.03978828496133,-1.8523941818586092,5.033637455055566,-3.5407674926030746,-7.872086647001613,9.48415111427665,22.850785710974183,5.800492816602945,-1.7964373029044702,-0.5488216260985773,-36.331991403172765,2.3165867567831477,-0.3304097791221142
1,1.9834825926649822,-4.988437915048444,-0.026007487626759317,-1.7432256233847712,0.2884559403805201,6.134532140145838,-7.2838932885307655,-16.14723708364809,-2.960792043790976,-1.9465353718761293,1.6799010402870576,23.469799117871137,1.4433384572678851,0.36456959322439586
1,0.9084422093713879,-18.944547573850397,1.7721159439251366,-9.217795087802594,2.2871933339530353,10.712444975751435,-14.106553546165166,-31.070617180504897,-6.741195579114113,2.245338643709369,-0.02123715362570514,50.678100824565654,-2.020957051323497,0.6181197142877672
1,-4.437486392980743,6.303027075916252,-1.3618228180613234,0.5381634899565304,-1.8475423162551055,-9.002236445025558,10.813005899890136,23.957184900857122,5.234764301790792,0.10429842498789707,-1.4449269165318357,-34.6010118790946,0.016614515850283965,-1.2154085888373327
1,-1.0996025055029675,13.398278462956668,-1.337052058699127,7.714774878471917,-1.7950491429744921,-8.683757618686599,10.691708392709154,24.872457009716292,5.894231454662866,-0.17937484722951574,-1.172908502372325,-42.41706856192909,1.750189103633882,-0.12917098043953545
1,6.738682222956521,-20.379846134254,3.0675841261161287,-10.067469475619914,4.694711399261137,20.905698602372443,-26.4444221231649,-62.61276794499757,-13.009340165080097,5.883312542940212,2.9427631407027124,96.69256320023517,-3.9378126224286523,2.477940201696574
1,-0.23109218302859327,-5.3438395454312575,0.8912631575465855,-3.026531789416837,1.6269874174547343,4.45713725096809,-4.798529181698838,-12.063943290358448,-2.8552426102338853,0.5850180168738158,0.5038380533521959,20.58920076087453,-0.8255227236866242,-0.3328015971628271
2,2.274246615942544,-5.5078087247718495,0.6342375035151134,-2.851688964449646,1.1977288794012075,10.680879411995807,-12.197176651188443,-25.957407894361197,-4.76091512295087,0.9284162817076509,1.3885169548946716,42.351578369782764,-0.8133722693991886,1.6834706853496033
2,-0.4167670986275804,-8.61319265263893,2.575523278324307,-5.231891562765932,1.1667572807125202,5.1103999600904,-6.642061715165502,-18.13624004553793,-3.6889596886352507,4.2885189170487426,-0.019679013911994264,28.25362120785329,-2.6946225714318603,0.09918011699028915
2,3.0277957506900988,21.19283441291416,-3.946964280912554,13.102551461837946,-3.2338973524511503,-6.092969885502429,8.95609829801788,24.726493275683186,5.837048119572504,-3.6192955160164173,0.2355549975987559,-41.577325684073536,3.470969013882828,1.528973266701694
2,-0.43157905201691116,16.73849966359697,-2.199209164417047,9.218932279686637,-4.16751268348799,-9.392110407117555,11.864117191062416,33.36830660820856,7.854200517057086,-5.441760986939755,-1.0280555534466829,-53.878521432801605,2.9448569443332864,0.45812670956694945
2,-1.4118973784799245,5.060685401921796,-1.444807221502587,3.259830462269653,-1.6793577160125295,-6.437972383937033,8.361461826409576,17.597269947438352,3.777857257887756,1.127462486394929,-0.8823483283325201,-24.62801028100448,2.054183573945457,0.13223082099104683
2,0.3782931242788252,5.826040783114432,-1.3417834310700734,2.9722132678744355,-0.39432758147852626,-2.9279569803862153,1.829324365481875,9.569101232937362,2.741998429614808,-3.635325105718272,0.4144287322100169,-16.10027596072506,2.049703965869968,0.3026571310675151
2,0.8610233753822942,-5.755953725985473,0.7423236014575044,-2.935423806526436,0.3955332197207485,5.201666124641435,-5.507001806520643,-16.204335776898848,-2.6112787478366153,1.2203189623707271,0.18637884606237484,26.547281081936656,-1.79911441327259,0.6296597355719042
2,4.073944046797476,9.095127979789666,-1.579080643906474,5.366947563052911,0.5973343636035778,1.3572437716793688,-0.9723260345790905,-0.7645073689443685,-0.21837464858574487,-2.074137642852706,1.396125151612943,-2.247111052583533,1.0185589198504685,0.5068410826810646
2,-0.4386186515989647,1.5503469581907239,0.5776416142932783,-1.1713724541577855,-0.9032734103168194,0.2701629449038895,-0.0654070275497127,-6.82580594539169,-0.04680928803340898,5.022300953818203,0.11126088414164995,10.072325585513601,-2.0955918383243963,-0.15448630794595405
2,-1.4447423770972823,0.5974567123296172,0.4904956045394827,-0.5987734252511568,0.4415849234617412,0.17806896877783004,-2.153937971274574,-4.768731453499671,1.0027653254400264,-0.02115273164320805,-0.39537708972054336,5.126638544737089,-0.28946014416593724,-0.36658003036061104
2,2.3789411818956365,8.84658199559521,-0.6602481740372007,5.2871134012583685,-0.9469637487562911,0.24770803839289923,0.735003139290817,1.5423557872483789,1.6409680257332724,-0.21506010644764248,0.19169934916847464,-5.525796015866968,0.856708588486488,0.6048974378506806
2,-1.3130236183863817,-10.043229729919119,-2.232287480633837,-1.9509743359951865,0.36754360369609307,-1.8732957813042879,2.097551710789876,12.43366588785482,0.6296167523189821,-5.380352804435227,-1.3441068162587133,-15.413718880249661,3.601720797011322,-0.42692930684641206
2,3.603454673483551,-15.573807018364624,4.284626276322766,-9.655814508616006,4.711390635047421,15.385534547780711,-18.891945304250022,-52.63001536079827,-9.999717898758282,8.208153383129524,2.3479967769364527,80.24513948952826,-6.2056227107713395,0.07409374661682683
2,-2.510182075567806,0.2973034902507584,-0.4083546275346914,0.5032694736789972,-1.6439977135583914,-5.950099861836144,6.234719309852074,14.254978752983728,3.2286139322756133,0.03470239386554233,-2.2665443978394886,-20.497542198775076,0.40840347367271396,-0.47160483803953407
2,0.8007145355549797,5.447750011798308,1.0559422911910916,0.3718372318320259,-0.0055302576858018825,0.384387086409493,0.1682121669962197,-2.911821260410583,-0.6514475996106921,2.3035542930047037,0.47201558708634794,3.7035168772043248,-2.418226380464885,-0.23385803915036246
2,-4.367967879144726,6.375979266464976,-2.2028082075504503,4.4928913705530436,-2.3964576847622947,-11.956388426987235,14.588086180764382,38.99975216208414,6.889008229039136,-5.727960183341044,-2.699294771035181,-58.1301972601139,3.5971840709316667,-0.49629536843052097
2,-1.175533258716831,1.0442626001138149,-0.5651611504029858,-0.6379164083312888,-0.35752961718315673,-2.0313268821188863,4.377660330521082,11.766489841796785,1.6756215243416221,-3.0263245677144783,0.14568050816792008,-17.148087737869005,0.8168069703631006,-0.09226289179500521
2,0.09911692110016818,-1.8399441773044136,1.4158363868262565,-1.0679484253884306,1.6186169907488281,0.14749045829096472,-0.05650539968276844,0.1463372279268371,-1.5850976136306112,-1.9589781013867151,0.4403149162628805,-3.9000713278609638,-0.35400310447948014,-1.338417936241907
2,0.5492767842361852,11.392426706047589,-2.6569982297141608,7.722805226646735,-0.7331754716891047,-7.018954322145725,7.739072910207048,21.873826756226723,4.105206153979106,-2.0007049138336943,-0.4961225812014375,-34.8486436547428,2.4102890718988292,0.28693365304459056
2,4.988572621526131,2.7373505612799307,1.207173135056001,3.179673702660941,1.1143048365769077,5.773388364688686,-7.541623769010351,-14.746859183423535,-3.1258283139004392,-2.2133264302181943,2.248237146857736,13.867174707461203,0.6478240143817127,0.7150470004134284
2,2.1414224349421764,1.7439776909149554,0.5925989891566009,0.9299464689339084,0.6584853005223499,1.6854078527018168,-0.39695009913903134,-3.6752114687471242,-1.1638614068792834,1.3547246128117618,0.40378077563770076,3.3172122157634987,-1.1598284309411873,0.9757648512211536
2,-3.18112641108216,-6.279758435972534,-1.0171232809760895,-3.18911275868308,-0.4734718417148666,-0.2643345148628319,0.15460978633227535,5.939002920933741,1.1469309511932098,-4.343788844028384,-0.5383825531566829,-4.232209845274113,1.7907960402412946,-0.23094099600594242
2,2.764926433050439,-1.0459784786879933,-0.1795257284842501,1.0489530029080103,0.7725809896392491,5.7266915261052,-7.5163431531015314,-10.49943628732734,-2.4008621531354484,-2.987193240145865,1.2469641989838192,16.098399755786332,1.1864996171455042,1.1449566387226946
2,-3.779868723812862,-4.885168717000306,-0.32765731775761175,-3.0966437360737378,-0.7321134988874275,-2.1841523947350305,1.9984025754565362,2.2453093874268912,0.9331801560852152,2.154995379529891,-1.4432779293773432,-0.04573832233036659,-0.82625548976893,-0.843952251696464
2,-6.633688219205864,8.883691461984567,-5.58919865498801,7.545696371818715,-3.9710057802072067,-18.38015892672399,22.877778939595853,57.30843416678459,11.324298859111908,-9.11692527725,-3.658073243926652,-82.36495151225145,7.2142003931212795,-1.8193337949547246
2,3.543551145242859,-9.839042860168304,5.782359727491124,-8.558900546242038,3.5907948304848434,14.343917916463736,-16.909215036725136,-48.53398593793879,-9.853388102065907,8.682485235609148,3.8658382169268974,69.12452283991173,-6.700638481472974,-0.034740312284950677
2,-3.1176344135271243,-8.754839031553031,1.4558701018292663,-5.734066011800463,0.577866864311629,-0.14679687490899923,0.16308238554864432,-2.7100260110635994,-1.2941662564640495,3.2365438385726666,-1.5563462797298564,5.198805798168757,-2.079119724117551,-0.22327040259780595
2,3.7967253803029806,-0.44867573934552857,2.8694744933837435,-1.7996633759899237,1.0912932548183687,8.547531026157596,-9.812892301546041,-28.965124147731938,-4.584070816805055,5.41219709545485,1.9091017102852859,40.875968106664345,-3.566887902469179,1.279023481452668
2,-3.6693159039245886,-5.011284418236718,-0.40418020063355076,-1.9407892283288473,-0.9776408493647728,-4.622377106500158,6.234692001344698,11.529101660130019,2.333941424116744,-0.6201178037709101,-2.4495665518891387,-16.994429135723937,0.5810235283912566,-1.0153112698615812
2,-9.290217064140919,16.40260671257741,-4.7517031519723405,7.5614772382176225,-3.648050340567617,-25.507678025027186,32.153397003287374,71.46507501138792,13.743772382225949,-3.873048113399324,-4.05231622299532,-104.72616814898662,3.9476064796939365,-2.8751548107787945
2,-3.6265770654493004,3.661083232454628,-2.6458448828367707,2.36059152985257,-2.2588748260593636,-7.167164759290536,8.773308831690763,22.25338640667338,5.363912653614471,-3.215922210398278,-2.519016228817353,-31.91621533540196,3.0497334787778336,-0.7419021967973434
2,0.712048769177913,-1.2814030389171174,-0.8955334132486876,0.6145332210695057,-0.33000176001830467,4.764344258474285,-5.640058565424579,-6.571321770538864,-1.022139226581665,-2.3775584101355127,0.27970110872185877,11.539387052530614,1.5449865028434993,1.1816865572243205
2,-1.6020966525261586,4.261855667353668,-1.0145791554660428,3.442696265397197,-2.3126490470089274,-6.182185933107472,5.715285779699067,21.08228839456825,3.388110193662043,-4.188322098284175,-0.5579394733446873,-31.906790830163562,2.358680834944233,-0.3445365827058568
2,-0.8045624414054022,-1.1860203932019557,-1.2637412311609932,0.02858682384261328,-0.38108561183537004,0.6367475445028604,-1.2395509683530024,0.0034696244315189743,0.5844488091427475,-1.9594606096496623,0.41287004805313143,4.072750294671644,1.5262684821488803,0.1831561680464994
2,-6.6090723166302,-11.112515653553915,0.7786232281256542,-8.030207209482016,0.7849578139521882,-1.8150369043799255,3.6980908494412574,3.3224420147110094,0.010267494698123011,2.1223659724434643,-1.9718364227791005,0.07622965756847792,-2.196119520929246,-1.1919149393765487
2,-2.4155380767851664,-6.9142470406530645,-0.7420264129467283,-3.5341892712050638,0.7735530947162429,-0.5758153271390003,-0.36907769978206256,0.6842519930806495,0.3456618645806111,-0.7973180864583468,-0.7813567188977867,3.828430261343716,1.8657815030260196,-0.23876458729996636
2,5.27195786911382,-7.9012357251658445,2.615243039743449,-3.1216130457000593,2.15061248904482,14.182841174215959,-17.628912183005863,-39.924910813649845,-7.618704406623274,3.119943169306309,1.643720446138696,60.03924046939832,-3.337518899328562,1.8212951329423201
2,-4.293298177739386,-14.895660730270407,2.2419013207308622,-9.379387010136268,2.193608935890538,5.1036676261713385,-6.115635403029076,-24.267569947107244,-3.754294202636382,6.789874820912035,-2.8594230200502784,41.82619487674315,-4.788442361643925,-1.1887538196082388
2,0.5597673836371774,-4.528356022947731,1.8797431531159718,-1.7813027534783883,0.4676070227951529,1.4679390860336534,-2.905239365102312,-8.447484406467169,-2.0932831682199735,1.8793760765733796,0.46177403288600455,10.945277451316299,-0.3390917119782873,-0.38772873017905174
2,-1.1511704981529376,-27.017308526507026,5.807420565167896,-16.656572996176482,5.698121383713999,17.553683021483327,-21.827040542201033,-59.06477386871522,-11.03877592001994,7.390665161851923,1.2689549060571472,91.84893142980886,-5.275478946180637,-0.325473653086921
2,-3.492871318062514,9.811593237490762,-5.024683334316272,7.700018412057773,-4.12983271235178,-14.419115120163234,17.906348695484922,47.36410660401945,9.395906423091164,-8.9477570856142,-2.118534372462583,-72.31545893587683,6.682607263276543,-1.0325169051464003
2,-3.736658574504375,8.550032745186465,-3.1698423409519085,4.712323235012732,-1.8353970128001316,-9.669508578098904,11.72449647612001,30.909126695178035,7.3452889049588626,-4.592203790377327,-1.981150079369439,-45.21842803725446,3.2486140520069586,-0.7983439111660495
2,1.6681198138966042,-5.609717987546407,1.8201720672552066,-2.9086797003867986,1.0746937254222628,5.209274670264308,-6.035320699381184,-16.351388802279576,-3.277055177843238,0.9995203242806557,1.0445959732052552,24.137848261768273,-0.6921510813291661,0.0870055096599227
2,-0.8782904655223909,2.4456798584207413,-0.533015766566443,1.6597684532119366,-0.7229951295773592,-2.3417357711912445,3.847100017487395,6.54432046265946,0.899656123203348,0.7197752794402228,0.10396589602062377,-9.191114152724936,0.19285585558454127,-0.9172517537886563
2,-5.235413614954223,-17.243974218616966,-0.995169462097129,-7.142459282224191,1.3452054230036499,-3.637648385437402,4.470927689296438,11.314364914948927,0.3080484028476443,-2.5889775351268147,-2.8614741318620633,-9.015091207433219,1.8837596184082432,-1.544309106134829
2,4.0576447119672805,-5.614195712455561,1.8759973074405731,-2.659243815412846,2.240492501485276,10.684389298457956,-14.680578531984795,-30.676311189759954,-6.072272404343963,1.8810190811145637,1.5588031283105752,45.09805592186344,-1.1167985173847654,1.3853816251927076
2,3.9909407321440757,3.7521806910388102,0.034013487659932805,3.49276130451265,-0.00323034605885323,4.53877911694873,-5.114424570225196,-8.31495062586079,-1.7796914595292885,-0.35963236690953965,1.5557021685561638,12.093048364935997,0.8446012715699562,1.8296777545405276
2,2.748174838759964,4.086273855079411,1.750572209013402,1.0483570130184359,0.9586169511765587,3.949101080908683,-3.441523458988258,-14.423524783994177,-1.6647772935623018,2.4450280452764783,2.073721269133318,15.7079745632632,-2.6650306218302986,0.48312208757301056
2,-2.6256642561250634,-1.2133349532051192,0.06935166194962898,-1.8596836714770957,0.12698148095628772,-3.9724395213118897,4.012605475263588,9.139468584885067,0.9545782552943121,-0.3472098710593105,-0.7518057853088304,-12.119873238780352,-0.7957421532617681,-0.7693980332878576
2,2.014386935440437,3.898674462553088,-2.260579880062524,1.9265394637082287,-1.02633171665879,-0.4493618872375949,0.7701212609445358,4.036804404343948,1.4848460244629507,-0.5960327356610057,-0.29032144080790395,-7.483940791091167,0.8735732095518113,0.7406104983699263
2,-6.84456708308442,-8.087841169021685,-3.0399549642132224,-1.8821347065264538,0.15566716846578013,-10.530016821086091,14.615780196545865,36.31145782895592,5.898604274535747,-5.011082114102685,-3.8908005420723137,-49.23534606188713,4.224655305858325,-1.6379907640377853
2,-0.1852829032594403,9.280961111933971,-2.1733378795710867,6.97175895792261,-1.1619656407422283,-7.912764941516011,9.652004364456372,26.4733638487718,4.780020851126218,-4.041445602973596,-1.0693210818537384,-41.620167375246204,2.3984095807177677,-0.14551212418042953
2,2.8832432876587606,9.931707162321068,-1.910705359489397,7.635257949326659,-1.5624241113810955,-1.707565949407985,3.0314838864076328,9.344937669893515,2.4761898850869564,-3.1776897777046758,1.0848879723192326,-18.741723972258807,3.418109782497755,1.0098260612936767
2,-1.6007692246809004,-0.6097401698610608,1.5269860548435994,-1.4238878753516777,-0.8765236612487961,2.7344618128147915,-3.621822369953059,-13.388055948935385,-0.002987315271886449,5.271469250075906,-1.186794804719637,18.20668739644487,-2.1772526491286834,-0.22238471010849864
2,-3.892295703724767,3.1650408944904305,-1.9188246451078177,0.8885938282952927,-1.3570391883677309,-7.552882548294161,9.469625052314184,23.56486105237436,5.059400975060974,-2.632765316075102,-1.4518198165624987,-34.7319712540519,1.9350750839555853,-1.3870405019279675
2,3.7413907819472794,2.5464025084037867,2.8507866695776314,0.39416754879415505,1.2556682448173655,6.7835900127073,-8.142416621108179,-19.14887043861052,-3.671926407610952,2.21181209630429,1.9502598037145598,25.192554161536183,-3.194889455748362,0.7202799005722011
2,-7.231022287656437,2.0423521200350065,-1.9711961088237797,-2.101692146187603,-2.5396660667570456,-10.994528819251087,13.608731956802066,27.080587961075064,5.865548527752225,-0.788459369468163,-2.345018661775596,-36.13699727992773,0.37042692116454795,-1.8300692867778752
2,-3.7427746333344225,4.160659031910307,-1.228867703692033,2.0582681382778554,-1.1346233315166976,-6.96315456554283,8.563133965293252,19.352367934785406,3.7229767183697895,-1.126548914203988,-0.9935006426956533,-28.019281310540656,0.5046968010920149,-0.9729139049264198
2,-1.4536347618982401,10.671279574561815,-4.516544144933709,8.77619033534721,-3.5121178276621476,-11.98254991509053,15.226254286325236,43.96774262288088,7.688178208372647,-9.93207240952323,-1.5437950606577882,-67.58226790689,6.336886880788946,-1.1682223621559062
2,-7.887879598534168,23.540246939188993,-6.338077481703643,11.483737935672423,-5.848485649678438,-28.091750248830895,35.6041081929126,86.64078396461225,15.809844923809875,-10.017369899072234,-2.8551649382100535,-131.31822335611315,6.182555823226785,-2.9039470490781287
2,-0.07325291143969148,4.730315292393742,1.3215000859610029,1.0326368007984743,-0.19158762249828096,-3.74700923922487,4.707159720109927,7.042183195488097,1.2677379968685483,2.5421525117645682,-0.5100052080863404,-13.522386939642002,-1.3644209314633735,0.007506074927979112
2,-0.41043056168195574,-5.782667752191898,0.44230030557758804,-1.4359906614855509,0.3251513079068291,0.14631790668749933,0.1591533111596259,1.8942187057331685,-1.0036871580996747,-1.3426022820604617,-0.7697255968505107,-0.3074274387581738,0.4578512391377631,-0.06324089669681059
2,-1.2745719081878288,-9.54633106676143,1.6884576424060391,-6.159007061679852,1.716673393253687,1.9868713425432059,-3.2436082790731997,-11.255882280671191,-2.4372731647201635,3.3045543908152273,0.06252731662696848,18.61629568577116,-1.3906979465132319,-1.3110936238247424
2,-9.595889300402815,17.26929247923363,-8.627207406686722,11.542491913883952,-6.189238757478275,-30.04401729599225,37.01588325122201,96.79407868762664,18.014819220040682,-13.69777093254352,-5.648423437680018,-142.21422062154042,9.185092717465537,-1.9228267845097613
2,-2.210438483092393,11.443689871040656,-2.42548885042382,6.000577545807782,-2.2655049303458465,-9.721103947890205,13.065000735249182,27.474469045437992,6.19706830138343,-0.04818471487841395,-0.7846110956821584,-42.06779831166262,1.2893824267920377,-0.8322435925231586
2,-5.920281576979343,19.297146270983475,-5.958327353097465,8.584755354656101,-4.853465940856924,-20.762312107414544,25.561269929797724,62.49287738817633,13.05434155773999,-5.964129990938439,-2.45968407586424,-92.29411516777418,4.256118552742618,-0.9804146064992565
2,-4.216714743739768,10.959292458968662,-2.0855873680601182,6.603073671843904,-1.7798439118494893,-11.866670836918573,15.001665896519201,31.996114010990087,7.422542587587642,-1.6404958420003406,-2.7059339226725743,-50.530558434554194,0.8139294819468611,-2.0684712900149873
2,9.932055491091413,1.8636591939121772,4.007997454893887,-0.9987000299845955,2.9135012333373647,19.25132326161284,-23.64946648268165,-57.5969587214758,-9.880860221903097,7.081085375447016,5.267599846312774,81.33626782966613,-5.984848510174009,2.5915951909769666
2,0.9881422842066074,9.197357975247481,-2.319010301551093,7.055550074319782,-1.6838959847871375,-6.963781740614332,8.773562195745743,24.81993565792207,4.361638297336623,-4.368260459514706,-0.661833110243349,-40.60661867880573,3.245976136499192,-0.383316049170516
2,-6.152179563937048,14.400189798141328,-3.9343428635840536,7.479997739902194,-3.149040750819214,-19.92035307468135,24.02963536986224,57.76406720087918,11.277989910627806,-4.945377984179033,-3.131669492757284,-88.38113916071893,3.917916177139556,-2.4797580682612703
2,-0.4951717417576053,13.487199957050626,-0.69430003603766,4.6799526999305705,-0.2924457348196296,-3.864768806307682,6.120142378603097,12.670645986936295,2.812983428754609,0.13429397855959668,0.9208283592674196,-20.488802941847972,-1.1864723277360247,-0.06388259585499316
2,-1.3914153533616622,-2.1373242221406636,-0.975450698054795,-0.0659327264136673,0.7770682267824042,-0.857773525036599,1.4212602084663895,8.805958087392979,1.0283220648468072,-3.540074175425704,0.20488879206719818,-12.342473851092942,2.3036389534434174,0.18548837006733332
2,-3.294460133111228,5.563885325569809,-2.6433481619332384,3.4842533334206083,-0.9379375456432569,-9.588605561378024,11.048465517405187,28.75817445504653,5.383954811106617,-4.917444752255309,-1.1600375174092075,-45.3916120150132,3.5249543532417023,-1.7964747988213143
2,-3.149709437239468,3.0365853801074043,-2.7495178409021763,1.8692212041372713,-2.074039663207951,-9.549123203398622,12.471693095170055,29.974468633647156,5.239963271344561,-2.596417643754824,-0.7996019148804298,-42.62400557394761,2.7834059271768203,-0.6575230505006405
2,-2.7374182770726425,3.6591898165121424,-1.5691963637706472,-0.714247115665642,-0.3938811132339784,-6.258308694335936,5.943710464681622,14.116491502174757,3.251830578918726,-0.8216437981479705,-0.505467466950747,-18.16479666789618,0.05841878467712103,-0.6062955128893733
2,1.6493578669045803,-11.554945758927932,0.712114450441051,-6.077032715952478,0.865309555882701,8.12075937030239,-10.17113207404818,-22.85414994879055,-3.881998330234667,0.9628138067552402,1.6519981783809,32.916276117766145,0.5205759394194921,0.25423856330855
2,-0.4544170182297426,-8.892144925333247,1.6669317759837794,-5.133303003683625,3.0940653915851786,3.8315037923817865,-5.700075786292966,-10.250063454804001,-2.940363957250519,-0.808669169805067,0.7773000314333973,16.095497168783695,-0.7662700710850076,-0.7950848675103811
2,-4.85563497971577,-2.5817986843398737,-0.5636044394549246,-2.0718932713982334,1.606906074945038,-5.27224597001828,6.860403537101236,14.140828591572449,2.3294304837447175,-0.10498508315809638,-2.716134640892919,-18.10240971947918,-0.29577138984644147,-1.30069796434871
2,-0.4669232288302506,8.825137355161292,-0.9925891220112805,4.938888232938363,-2.012267753805367,-7.733401493521791,8.458220602886986,22.789425549091415,4.967713604892869,-1.7756369203144724,-0.5244022339245811,-38.33170497262492,1.4914162134782802,-0.6398865209051418
2,-2.2039724880867784,15.946092866719582,0.08606303078104026,7.450590096829731,-2.415051238207737,-6.935146736524567,10.355573656933576,22.14351800662522,5.149361205745622,-2.0935283703264917,-0.08568717126959616,-37.861847903435375,0.9865639294560715,-0.7372774486090774
2,3.434040396684621,8.40005418373434,0.3930702873892696,3.213933496189315,-0.302257652247199,-1.1356786999155148,0.2698623089299256,0.6216931402187182,0.2904124901723071,3.050898970747877,0.7973872129727704,-6.161890960970727,-1.6603815370371826,0.8406934590508379
2,-5.598043496634183,4.834869135722311,-3.3819560092018537,2.1857581957469416,-2.607780083924433,-9.762009527449667,12.846243682859257,29.987162337138503,6.529239008510431,-2.2432705688894354,-3.034176068452016,-43.313317563499986,2.124047915382543,-0.9567552505782095
2,-0.5628418779352947,8.777651001371327,-2.3381174018732027,4.455481603277243,-2.564795446308509,-5.790142991629518,6.6625930289994555,21.26112605847591,3.688500841594466,-4.259468926251814,-0.025531052493867078,-31.551661789676043,2.4737024962724274,-0.14584348247102438
2,-7.703535008891939,2.9554377798305445,-4.326086487635395,2.0139259353047185,-4.218596574136795,-17.309297262114264,20.490906005373798,55.832179527574965,10.283013038081593,-9.081274454131409,-3.8914979371961835,-80.35144066445723,5.282085973205952,-1.8442534146927672
2,5.198129613168574,-1.8841165851090313,2.886684562966792,-2.52843910462259,0.6104776639682197,12.051383167925286,-17.150108241203228,-40.83713332031212,-6.198149413763495,6.412575306055033,3.1689041809467318,58.35824704014401,-3.372186012711565,2.5610511957631763
2,0.374991401142137,2.8775401180872144,0.8533992461157818,0.07331302252712234,0.5604578652824408,0.2523261047666925,-1.8172254501520102,-2.5551600269019263,-0.16987173359422492,-1.5530814548454326,0.5039656724322777,0.620601260014094,-0.1694544614200538,-0.10150494824327622
2,-1.2217596021748647,-1.4563066283339288,2.575726912059412,-3.964452228047114,2.010190514838093,1.0553688844606985,-1.3359567122902343,-9.739716204560295,-1.7885478654920817,5.0285533869570145,0.1056615684513444,14.209296952310906,-3.932630063679814,-1.1625086991176572
2,4.750016656076058,-3.1181734295070114,2.619313297133989,-0.47786841155319515,1.3947004027237122,7.137958759681848,-7.7429094836292585,-19.4858170301857,-4.521554991281327,5.318372982487461,1.3451087892962095,26.73964614838002,-2.2984302305133992,1.1262537313166976
2,2.7646682135443506,2.762496055911467,1.241825406679317,1.0037434808270158,0.24163859369833568,3.758882231303441,-4.034488197463368,-9.390524322777672,-2.1333064084448417,2.5431937341532738,1.0828566041974297,10.546294063491864,-1.7295317362142746,1.0400898116043635
2,7.570758722438147,5.232906041999144,-0.40089503834643786,5.676173428863298,-0.12813404884388993,5.573853624977468,-7.642680619868905,-14.881452826941684,-2.3682495362573053,0.10915884945526227,2.1751686017713947,18.33088823422337,-0.3526148816208333,1.5902664239372075
2,1.3193525518890423,1.5362748096124774,0.10117637958267872,1.7047254691416283,0.49029781477446693,3.262244299451748,-3.244138516257439,-8.736161427539344,-1.1235851429603074,2.4722714608581344,0.1263238605970731,12.951952543548924,-0.8944208501061177,0.39102990526369075
2,4.315036792937002,0.13330748383925817,4.006947609191002,-2.402568772744978,2.493006267248837,9.474273638299858,-10.857252327041614,-31.87733454555592,-6.579451244728814,5.391301500134177,2.665895869899836,45.17666303096412,-4.504141194835809,0.480107986540725
2,4.266010930069218,-19.71246651430089,4.776331265870297,-10.645271658648552,4.948331937029065,20.122037460371253,-26.246697631148322,-67.8297961549434,-12.416836321243505,9.879076327260611,2.4009345670598696,104.31658575375637,-7.608305498226392,1.4943222074450886
2,1.524815655658597,0.8776763122401494,0.301070142374177,0.2680053347572166,0.16963749480183002,2.296430364956739,-4.188774500017796,-10.412038300784388,-0.9743910620868292,2.7777527588781012,0.540811225379434,12.376744128763914,-0.9082648925573005,0.17762367802932116
2,0.21956165327162971,-13.851483149049551,2.4591866940849854,-6.684954613636391,2.6447415132340284,10.40298118738905,-12.777560573992897,-33.731301401908866,-6.2444398635352965,3.914495237784958,0.5778090343475393,52.176346328846286,-2.8442931208205438,-0.09490657913962432
2,-6.937112114396406,-11.057396933409013,-1.6444938667523779,-5.605899700760614,0.42831088794059935,-7.201169318393454,9.226315870922106,22.175440269364607,3.3206406566066513,-2.5916020819647803,-2.2990705512309293,-26.67902359895326,1.9444392461888884,-1.1937554971603237
2,9.035021751929968,-15.229543274815423,7.550224823845522,-8.807811279404,5.891396361818448,27.182976935138704,-34.47348648824271,-90.74692852032646,-16.71099869078054,13.45411995702108,4.082361026980701,133.49604926354976,-8.718378193821556,2.396125514947703
2,-1.6525663921770997,12.174990254755494,-3.114585336944036,6.3996854957032046,-2.565678427577112,-7.988874029107803,10.216043102339366,31.276971178173852,6.344115327175887,-6.369947931716662,-1.1422292231735707,-48.6101897460189,3.386866141250457,-0.5768933702574803
2,-1.0171242406763155,3.4148906952873297,-1.2154476272241383,2.183106699880354,-1.8988045941126503,-4.449958234695018,4.930233847340552,17.063341803730847,2.8890164517165324,-3.443086641580773,-0.31908054648766127,-26.955033930093485,1.1595670348122231,-0.04490021173390332
2,2.68565767747333,2.1497621275299403,-0.7473285462127881,2.234705475360694,0.42439117415774763,1.5241608139294212,-0.9988644172223631,-2.4041656421356707,-1.426018234935489,0.3076510582922971,-0.46250169304546107,2.706129076763586,-0.5268280631947541,0.43002172500325486
2,2.608211985159878,1.1119686516288585,0.48833606300501614,1.2215109914809739,-0.18401548299213277,6.041112569323061,-6.967023650910411,-15.481957763997839,-2.7461737718290897,0.4957165537419472,0.6985226769637112,23.150417126425015,-1.453014031700249,1.2025344400478877
2,2.030600205830516,-2.870833393989174,2.917765375352612,-3.0006114111201327,1.6820427242816693,6.498858618580044,-7.124527142535904,-23.30595011047173,-4.592833645174787,6.85245475193903,0.5437835418593923,35.46841038105395,-3.8700666971690727,0.9603974765647845
2,2.190951960712453,-1.4472740308729724,2.136229350223076,-0.9874168338286449,0.9052906752002977,6.57877466920717,-9.055385376018721,-25.15024092852346,-4.05491901441629,3.447904515804738,1.3055028769341235,34.58720214165478,-3.7024926558084768,0.12523850168757916
2,0.3329502323117416,0.7715004689626839,1.7682754159370146,0.17628065020388461,-0.3425924213023463,0.40841986030875266,-1.1903270391288945,-1.827545853021489,-0.9727575424452152,0.5007319266610443,0.545235967213473,1.1676357119965373,-0.8744532557491361,0.4239605841397394
2,-2.042155439829763,7.208772632637374,-2.942864905242677,3.809840830719778,-3.3380686793583245,-7.050106201329454,9.566105821489668,28.651370120989203,4.547570157726615,-5.183600280517285,-0.6632825801129983,-41.14173161239312,4.593631925849246,0.018367315189850894
2,2.093314378905812,-19.489653998469507,5.263218402150682,-10.861595929580469,3.4274053343019637,14.180626373972057,-16.49745433331212,-45.089646795743406,-9.67665491482611,6.152913129705162,1.45278680173568,69.42296963969372,-4.509731116712749,0.2772890926038637
2,-3.1748762912612807,-2.3495175387885103,-0.18125065034071655,-2.2503185785207296,0.2729696338049988,-1.1140206966616013,1.0914939027172152,4.1865851634540885,2.182597191868189,-1.982741923121123,-0.947242104046097,-5.685059466144696,0.3605955919361877,-0.7607527553389314
2,0.8654680496742314,-7.68715834467393,-2.1436368505168404,0.7520880085151979,0.2710399762640162,-0.02005149871558386,1.092942559221561,12.350324173085419,-0.10435413752592168,-8.825571276478776,-0.9091479017081051,-15.513759272949473,4.516472587952624,0.35915253715618656
2,2.5022393730889787,-10.245822862222948,2.963340897709371,-5.343650606545345,3.0902154373726742,12.556573910245943,-16.964566844798263,-37.542844658531266,-6.537619436954714,0.6533647332300871,1.777585518934005,58.4912617043162,-2.0071195327212283,0.8457672728843917
2,0.13056939032623172,-0.2870865233995075,-1.1782923246605164,1.1137233200842767,0.5096836847967198,-2.006592701935003,2.485343655807978,6.632705772491149,1.6197182951791924,-1.861804704941429,-0.28413554920400236,-10.32036367118241,1.8805520414558332,-0.1539237196620345
2,-3.3331073484649236,-6.155368481938126,-0.4082958662530179,-2.801201355732771,0.7781793514974951,-3.928606521846459,5.24444249427518,14.766878344025486,0.5956309909895589,-3.9313044675365756,-0.7049879256939533,-20.36043580897807,2.478383037121789,-1.7215515856918986
2,4.573142165457431,1.2817214674017168,0.783519322435046,1.08232564971551,0.6478154243094311,5.538140187331577,-7.284969723216466,-12.842950132541464,-4.091544446608605,-0.3487352196050402,1.8431290080712692,16.10770711849563,-0.4132260492528094,1.763477677786757
2,3.9067181861075753,-7.409578944078469,3.0283166507162194,-4.407543751564493,2.2777839035431606,9.0426359368679,-11.4625691471209,-29.870853247736648,-6.514895349973596,4.686975136262498,2.1876655816962876,44.317410265673175,-2.8973852279837193,0.9821145267327015
2,3.0604000547652075,-2.7626218470895467,1.5064102541469941,-1.7637301533333802,-0.0752313790967712,4.277105175153644,-5.9347070431105555,-13.367540465752977,-3.0590156583852934,3.1653210544648847,0.7563652446029914,16.539868379987897,-1.6012615542516695,0.9010515799791387
2,-3.5391484866706446,-2.8193196369876277,-0.7619715700177273,-1.377047731838736,0.28992300456123526,-3.4378497668419334,3.39352841021671,6.9284551605286575,2.157328972272864,-0.48625450056180086,-2.6579204912270704,-8.522772753597465,-0.23895490255796073,-1.0570541129679987
2,-2.6575948695063047,-3.451698125741341,-0.36940716533786877,-1.3507469632259996,1.1775074948179398,-1.5636752647868017,2.7497910976504194,4.508323030348298,0.6490905152235583,-1.6807845191819826,-0.8210320972767259,-3.9626268419829613,0.27733050290049616,-1.6425368491041197
2,5.952505936160889,-5.120688001858246,4.36338875446038,-3.433477610519781,2.630379879745916,13.414564190289976,-16.1507263104941,-41.798123489621005,-8.595949689140163,6.28999643049608,2.987695462088499,60.118252396894896,-4.044753296572593,1.4922546068311124
2,-3.145890052424965,-1.7393557453446165,-1.6841612208736485,0.17890770318649823,-0.6878873046139935,-6.038717308028854,6.949893254629946,21.44623644007683,3.2234524042667902,-3.3834481213812397,-1.396554212209843,-29.382858841368936,2.26660495105313,-0.7789316634822594
2,-3.4300631372392427,5.297504953212438,-3.0676332239094894,4.284745449951721,-1.7469810534594818,-12.192957788883557,16.315476686430504,41.13710951735783,6.584439461704109,-5.773155312252316,-2.8768523578998924,-61.942706682224305,3.7009169617119015,-1.716827103893356
2,4.805624484338172,-1.1796329965031844,2.1074404356802714,0.4953385794493622,1.368899802030789,8.561235631984479,-11.406483442808378,-24.459537089491935,-4.219238274412862,2.5682977071295867,1.7812500113739178,35.04187723711399,-0.9704801761563546,1.7066833055365156
2,4.435179169669822,-5.612790192310385,2.5269739574355716,-2.3023421540237465,2.8493862485526202,10.64877039890816,-12.777841225512715,-30.16635819906274,-6.726689798173797,3.1568411990767675,2.063781672093422,45.794899190587024,-2.8891258344086146,1.2528878096116836
2,-4.6351690549094515,5.351021216519597,-3.9241360415306823,3.086810875849878,-2.7843370079223235,-10.41255814197663,12.708651953614108,31.69068669050128,6.949453996229823,-5.644009341774437,-1.5435057609912328,-47.38753241652573,3.418199425727934,-0.9948516890112116
2,-1.226826289992966,6.832038070472858,-1.7189371796510453,4.336281805891507,-1.6287015355146766,-5.935867120533102,6.958268917866592,19.718713079314924,4.358293848963481,-4.020958218800313,-0.28106947124612053,-30.721601076122916,2.882786678204143,-0.5371974345552425
2,2.4191309086971224,4.484857731955148,-0.6210938917559405,3.595283211427213,-1.078631327244117,1.1154763954868872,-1.289510502814713,-2.9798722244555527,-0.23557813224200333,0.8142008236809605,0.26892179386799203,2.133948402269762,0.4867117557883006,0.74962743666382
2,-0.2451056439494183,7.163028339715276,-1.010630146217313,4.2653136455748735,-0.39824153106490173,-7.118973539651948,7.74428773480025,21.092642956653407,3.941612211387279,-3.7840865251391906,0.25135162085820134,-35.54850660875102,3.11680728798049,-0.8420590520387784
2,3.959707433131673,11.587893915688644,0.42010141209010377,6.083340418793978,-0.8765430587040268,0.8894455289338387,-1.4323286013896535,-4.386884933229546,0.5832020010999887,1.4601077235102142,1.199559532008125,2.0613140254146614,-0.8395162676983882,0.5636947246787811
2,1.9936744535491229,-2.3389739299476835,1.0434603420101816,-1.7952853268275712,0.37637920904662175,5.971082306102121,-8.388235363522082,-18.78062234799044,-3.385568011760566,0.8368436210841121,1.1967326393399709,30.27946173183682,-1.317321458255077,1.1967465986680448
2,-3.37172943965617,22.973591794492066,-5.028170121166658,13.12319308479361,-5.684197867926879,-18.701517075421023,22.690255644319805,60.857659686472644,12.523490778420394,-10.552115284894212,-1.0913760596203788,-94.84513290182362,6.726846432811076,-0.8600288681743177
2,2.5319463690967074,7.843693375670471,-0.7256144402276157,4.681889786481005,-1.4068292247031058,-1.2714741856425762,2.101447455961446,9.215509119640167,1.9565737435584585,-1.207153999854203,0.5459342511063071,-17.54032401012456,0.9995567157808823,0.8705760774366099
2,-5.232861966730951,15.109953202947098,-5.429819343801086,7.921402019827463,-4.857268895826432,-17.61467888541186,22.326872253694283,57.86263174683082,11.965915164580755,-8.516835118489375,-2.468667660325708,-86.62284209439258,5.51456055564773,-1.173427964259613
2,-2.173649622475749,7.638514766868278,-1.033190508235061,3.20906316850422,-0.5373273011799358,-9.007311881140348,11.66191836517852,27.234865912802093,3.995780360861316,-2.122354758935069,-0.6675269867910776,-40.41868651886682,1.3400960166283233,-1.2159636315337836
2,4.17221698868343,-21.911924055803627,5.403674051311762,-12.996535596451903,4.4780548699272185,19.674009277993125,-23.911096269558374,-60.57550016032632,-12.169032879874635,7.173438950363879,1.9802930939368089,92.74953421179586,-5.8094991040745,1.1153583652789258
2,1.3606413029914513,5.246484366205929,0.1557738573620325,1.820883579881411,-0.06449112515966031,-0.07649233770759531,1.7703937571762485,2.056686286319617,0.6418633262796858,0.2896623910488672,0.80455384770689,-6.589829161240721,-1.1614042281900703,-0.07120126782184757
2,4.6165470354954,1.8373305428323625,0.3974630941545767,1.6006581995657343,-0.9439913759594,9.07127585178113,-10.702845041443682,-25.342395446994857,-3.9439912942520716,2.8865774135500804,1.5805087403716347,38.53922775751279,-1.675477080394886,2.1327316612542564
2,1.6272278109188734,-0.30659355641464825,1.4244256343025763,-1.2640575520303627,2.021302332668483,5.887526798719663,-6.625956360147806,-14.47389355858694,-2.4758088117949795,0.9204571368856976,0.9865591396207587,21.789771153417256,-1.8698929556894275,0.7692241643576884
2,2.3040459019724038,11.747278624972628,0.3113782776112081,5.116380583340444,0.3476396079610997,0.38940690833530267,-1.0722646907652937,-5.074774104613215,0.9065317840341569,1.2563485146732252,2.2679487462874794,2.236474052566444,-1.011048586660737,-0.18263552721392662
2,-3.9957660658095118,2.9141800091297254,-4.061492021562968,2.0297402005251155,-1.8324975545395683,-9.746316365441167,12.437739500467574,33.00434036286721,6.302123133160584,-6.410633428334416,-2.324861325619889,-45.36202292007524,4.075284078827745,-1.2718684804398108
2,4.879430598098574,-10.120628713622382,4.226460170002513,-7.4174040424576795,2.996218362685055,14.542337982758706,-18.738612695151517,-47.41044056756721,-9.23372917650156,6.885494017493828,2.882860773000145,71.6789296071282,-4.025402548135752,1.769659105966196
2,2.4958349258491057,-18.05432765924238,4.7685495148044,-10.15845942477598,4.185518839698071,16.02557736621063,-21.487006204922857,-56.12140920652294,-10.766255187057038,7.312767822293661,1.8458489647325718,86.29649678550734,-4.884399970704767,0.5555526271854386
2,-4.773976717234199,-1.7328687274962702,-4.965551156131482,3.7343369249435794,-1.4312986190811878,-11.193834208486777,13.640963085508444,36.33155430158551,6.449929979849767,-6.52865638044969,-3.085262564710694,-49.549294519194554,6.5410566742737135,-0.8071143648219519
2,0.15274528727965256,-14.203332824454952,5.700218250104972,-11.459505330990325,4.013082153612139,13.428709706093233,-17.57563762022042,-51.295602429473014,-8.918905681619103,10.211084396847994,0.6558850599099295,78.19955102766865,-7.831055990053623,-0.10210561588909396
2,0.4060328539008927,-10.453763786444679,1.0485137322864557,-5.897811203723615,0.9732763857504865,6.879433379648104,-8.580875255265921,-20.910951290179085,-4.492124521095183,2.518639847889129,1.100817289335834,33.7541394314259,-0.8531846613868943,0.603833555340954
2,-6.79958224905721,3.1417716490905954,-4.852689857192673,2.8927692785029446,-3.5314577144886043,-16.886612820121908,20.667082945820813,51.66161865373616,9.862241053752784,-6.754107695178983,-3.856901230430702,-73.15073552696057,5.1322207885314555,-1.340029522718356
2,1.9649771689412432,-5.927957946723832,1.3207201850413677,-3.266577360153871,2.1052299518325324,4.715216655306381,-5.340968589886091,-17.603511908633912,-4.04007801292855,3.8402152535186094,-0.0026934764654030735,26.27930324705266,-2.7506487935288413,0.581637664752864
2,3.0649009201311292,2.6698061099998602,3.5440884278726448,0.44217366931699303,0.9410484344321879,3.354388345774651,-4.4878465220929336,-16.307294949583056,-3.092330957343502,4.713159156884781,1.0163634632599783,17.38236626193515,-3.3437923210755987,-0.3030858347885301
2,-0.1355730461358872,-9.610691106329067,2.0484499339490236,-5.625396817716626,2.17635343293286,5.621102950579827,-7.2848476878701485,-18.43945254976897,-4.688706544020356,1.563406939983781,0.9491806067181003,31.379986252930497,-1.590893421383756,0.424696182846047
2,1.3833469176475728,-2.597548156122461,2.6021036231466135,-2.8865613430231947,1.2188436315761788,3.5397780927187066,-4.8096346815893165,-9.425841379950564,-2.426012077691813,-0.36181486433329485,0.5625474453534421,12.451330853179694,-2.3278582198712563,0.3451951623177092
2,1.2553944859735886,0.6976276215576628,0.6168654848714386,-0.040159129893519226,0.9208343242830147,-1.4660666773800126,3.0745441035406214,8.187217190475918,-0.20424468083716438,-2.0612444597422694,1.098572280962445,-13.831368150630453,0.6014805166400714,-0.2800617836212057
2,-1.415269033249683,1.5443304170697663,-1.0655630506173281,-0.34299622162841287,-1.3925881525617994,-2.1998154747987133,0.9421392928437993,2.4374808079789494,1.017023582314844,0.8806779352443846,-0.41795002846718665,-1.0851366978638137,-0.1737220059958499,0.20754895287126696
2,-2.471173307573981,-13.577101350514516,1.5803356076919874,-8.484453531583021,1.6068690923199365,2.394728488450453,-2.3491171791208463,-8.921642673414445,-3.226738890540198,2.1248042632022965,0.014599020874661247,17.079512990296315,-1.6662692195222613,-0.06799820345797247
