,0,1,2,3,4,5,6,7
1,-0.12745341625114345,-1.2848239612917833,0.3912487994825621,-1.7964411402031388,-1.0609941180970524,4.7177275943908965,0.5696358237819642,-1.8169697965153022
1,-1.4670173287809671,-0.7881788705101106,0.024106781158420645,0.259344093668622,-0.18705952844121304,2.7312402891684027,0.8992198876240541,-0.4112719700582539
1,0.07972890443784707,-1.4098180053344822,1.1727922541882618,-0.43062870365951067,-0.8727091333062151,-1.0558208975107075,0.6435559492419876,-0.36384874536354994
1,-0.1288109650805231,-0.24290789455420667,-0.018856739067305617,0.013244514616028602,0.21407806252569025,-2.5383958754549694,-0.5594386188951751,2.7280136527494974
1,-1.8067204519919313,-0.07320020539180522,1.9211028191622244,3.1867930632170056,2.3863414053364123,-1.7438016278929163,-2.998568554350535,2.348335771500648
1,-0.11589808207947154,-1.5893829906805605,1.1548776330991477,-1.6551982887303422,0.5127149596446599,0.7859939731823965,1.4712892870403238,-0.6561593693404366
1,1.981365543823711,-3.1755157285026407,-1.233691233877528,-0.6565624867891589,0.365794424766422,0.7470268041332474,-0.705477673071053,-2.792895850547195
1,1.2665637822393994,-0.6258266318424437,0.6728511199533718,-3.2815129294883603,3.227027079026512,0.907024872807136,0.6587503622363458,1.811443043714261
1,1.5569355765708233,-0.03515314788454715,-1.6480790715660567,-2.5078153312862757,0.05419213777551688,-1.251375538604069,0.0714445382711969,-1.9433182188688947
1,-0.47565605352916757,0.36764053290946586,-1.441409130808129,1.3221424645823676,0.7295843555399245,-2.2668171132779693,0.11745219584147955,-0.27109631473033147
1,-1.1229101133089,0.6042027225188646,0.9261194451890185,-0.6045072700905605,1.8930395106334492,1.3663554655912704,-0.6960206002581465,1.1709351312411846
1,1.13226967136607,-2.0191670489731406,1.2353356088813543,-0.7156047802477082,0.959442794926084,1.0583547668509299,-0.88703464265423,-0.08365012852682385
1,-0.5702433083642777,-2.510404873323433,2.0665004994508203,-2.9715360111192393,1.1579644361514934,0.20321894732835633,0.21542553146648552,2.29923044130276
1,1.3240205120644921,0.0730181720004729,0.018868114807018464,-1.9033309762965853,3.6202819335999306,2.2552656886701117,1.883897133152171,-1.7510516722194633
1,2.160752034839712,5.6527218377791755,0.21155396619270833,1.555375872227927,0.8801563775195704,3.745777869774139,2.234291618631235,-2.617311262806855
1,-1.0133922516428062,-3.5338893338512274,0.6799374167602694,-0.3279788141602643,-0.6077872697020632,-1.0768989217908094,-1.1484783908395382,-0.411527357888691
1,-1.9064666498598706,1.9464422667964718,0.5238206885460515,2.5261071105514117,-1.8357265106889828,0.23585163408433227,-0.1496855819938473,0.4170231464772208
1,-0.4567050462037262,0.21982822766843074,-0.7268475713426519,0.7408305974745826,-0.3401334484673136,1.6596171414374592,0.4808187318089185,1.446847013479634
1,0.10460893453127484,0.6250114866698377,-1.789616930546042,-0.3136060439952948,-1.7735246506127227,0.4249049973758525,-0.014163554684843316,-2.834083575444842
1,-0.5038927870774471,1.035045900543241,0.4549811651734996,0.03685859586054984,-0.3482151007486349,-0.8315791532799413,-0.2674357983336703,1.7692343436176372
1,-1.1981575567319633,2.613094575329753,0.0066932314923457414,3.374637843467967,-0.9337463825689534,-1.0278453729062358,-1.8600805477086035,1.451510625113604
1,-0.6629882286736204,-0.960987795406389,-0.23702550885063953,-1.0671147017487244,-1.449992693883248,1.3374223170430115,0.8649214705735171,-0.5964533904533172
1,3.282958962981553,-0.8871269042309744,1.1144045799408888,-2.156415786820597,3.0947124568708744,-0.40503343552191995,0.7254445380575602,0.21867020569697487
1,0.18984094960720907,3.0691158407733186,0.011162972261083093,-3.2229035092171006,-0.03969764311422362,4.040265487784104,3.710226702495652,-1.6989713806413085
1,0.1246082008173426,1.4265036474366268,0.7665496437674393,0.3831093980742003,-0.615703378231216,0.8230143703687136,1.2780809703841998,-0.6413250239779912
1,-1.4232875997188907,1.0859339987540206,0.5045550264443907,0.6905243479071139,1.239524276363409,1.4040482416612974,1.527037688617118,0.19691538685428156
1,3.382385733613225,1.7265681557644548,-0.9272008160708426,-1.7394633408356355,2.070744519452569,1.903318548757705,-0.24715791157859227,0.010074895285620514
1,1.6134785889434038,1.4677130851228164,-2.6680290317496556,-1.3896874486963857,-2.083837089632819,-0.7596247834394284,0.004276696110132804,0.5521019644781946
1,-2.2818055060449365,-1.2794136748411802,-1.6671131515456368,3.7204302747144147,-2.295521476001381,-0.35670309525863536,-1.7974594340783092,-0.9386095581579365
1,-0.409889811473862,3.1918814177703254,-2.672672733125778,0.8653522947984531,-2.5047945325927587,1.3827321823611716,2.586730813472044,-1.6935215136059316
1,-0.3522427531110542,0.31978847529945514,0.9621932301683406,-2.0396903642781394,0.7817750595320789,0.9127835120208347,1.123698947649851,2.121597219506016
1,1.771465306817428,-0.2539052783451501,-0.23824640291386448,-1.1590430132105223,-1.6755739162730636,-0.9534038340904339,-0.13353974303919458,-0.46538297069268475
1,0.19657307141690195,1.8740037667737248,1.4623970937940762,-0.26497034674101333,0.7693428182788443,1.6345407201624558,1.1353436543833668,-0.794588325966813
1,-1.1426932447960945,-2.848479789003046,0.1695225524133926,-0.8140087771945318,2.782049833883918,0.45691523378420895,1.013402630307831,-1.734636646558039
1,-0.5460553198609385,-1.820860669946002,-1.5749513769857177,1.8316392512627555,-1.857920180131785,-1.8191903816650146,-2.2898191295190125,-1.4652560137944641
1,0.26876331725832875,0.20790517142362297,-2.757436429674237,1.0946359746449714,-3.526608152100061,-0.3235739873323456,-0.32131148850799984,-0.6371575346616408
1,0.02461505519173568,3.4880665187861237,-0.30829272602014735,0.7876054145562877,-0.056786489985839045,1.3728900866431497,0.2979867326670085,-2.2251408867097364
1,0.2357244265196513,-0.672695682043084,0.7294935078481394,0.23320572083690336,-1.0948440639105776,-1.9942745914786375,-0.43542166504808855,0.4086169873172841
1,-0.38860339063980864,-2.2230466814127707,-1.223989148930227,-1.0408675658185929,-1.2016116645110984,-4.208331159759132,-0.3708623841651155,-1.1219044878845357
1,2.119707157216397,-0.14552276161080677,1.2558830104533183,-1.3748504163202493,2.7611046099315857,-0.3753137411167335,-1.3481402812583196,2.3049935590670554
1,2.11398837381926,1.78972615048144,0.32312746138542864,0.09305188289696087,1.920542368988119,-0.6875078384883971,-1.8975142314737847,-0.18204279735214385
1,0.4324273101721278,-3.2540210636832474,-1.2535348033221008,-3.2488386237464146,-1.6542151440987596,0.8486499286443585,1.2933145948041833,-2.8959242443258275
1,0.5329414365509046,-1.3916759809065204,-2.3975652605539657,1.6842667707340044,-0.024570590565510093,-2.0536311622560044,-0.3269155552283084,-1.9916232956430868
1,0.20443454481804152,3.0744560698726797,1.1287735414165756,-0.8181262965400187,1.0005644880393936,0.9798251423275347,-0.8899828763402998,2.0435750961517005
1,1.4976136460016363,0.735664238087566,1.116952364749437,0.5361426070195621,2.19329240025556,-0.7831257279114484,-0.7238620213602639,1.1487619447601904
1,1.3146361528394468,-2.63359775355033,-3.0793430910893256,-1.7380137748480649,-0.3590998066472863,-1.4472961821113246,1.3762739628252871,-2.923668291973043
1,-0.5877291919751629,5.482062027949402,1.3311816275299213,4.742831180480564,-0.5355051814774097,-0.9111435192330212,-2.8155657723927274,2.7510203121510437
1,1.4648470941386493,0.17412005425545152,-0.5711014325810096,-3.70533985912953,-0.281213536457865,-0.7018016930840186,0.45072453695046055,-0.4634484086159975
1,0.202949695902913,-2.8527925902495817,-0.650786227772,-0.8515755725291448,-3.334506709932034,-0.7228495929876748,0.14084481859083953,-0.6417634320109988
1,-0.6801946696738561,1.4765129635172347,-0.43172290944923497,2.1900068044567313,0.13709598944517223,-2.663273074460262,-2.558653812634538,3.9604716042902286
1,-0.010806769180018827,-2.586777731104799,-2.4477676708225142,-1.4944313934267293,-2.5336225201310567,-3.018365929416519,-0.21982779336384992,-0.004184574014565727
1,0.40761632614340965,-8.736729406722906,-2.4367750155374392,-1.825795821156559,-0.7875869113876386,-3.2534240082878925,-0.8199113179873716,-3.7436897316687787
1,-1.2030616065372832,1.00724932061333,-0.9419467219278058,2.6609824216618168,-1.6720970410507328,-1.8687244715349292,-0.6112233725862265,-0.6144124542472595
1,0.5568346338581607,-1.251515916925612,2.0884016656087043,-2.626597202299317,3.5478610105003243,0.7640947509079539,0.20767149552209901,0.8403009771099663
1,-0.6032268030417526,-2.6031803458829175,-0.005607759232465839,-0.735738691206273,0.14699994119308796,-3.740835432469365,-0.18667733303511275,0.869253639818907
1,-1.5222750423903186,-0.9054490883855636,0.4126074430930753,0.7998933378191814,0.6315602772021718,0.7241589786108353,-0.928663558111781,1.5290206611037647
1,-1.6001208111410663,-0.7261777752553313,-0.7530437744199907,4.231318751618289,0.8584862965529901,-2.225330678786416,-2.741601184312556,0.5934889983090863
1,0.3928150054454616,2.383622418463208,1.5694372100639173,-1.8581643371802343,-0.11518932442582801,1.4113883221372459,1.9348858339146147,0.2740509885001181
1,0.6854222497157058,0.47106350966906846,1.3030808114775185,-1.4724963864901242,-1.155202799907706,0.4117689673079441,0.42506048846499755,0.7520878342485467
1,-1.6693099241184353,0.33539945482779954,-0.4581675010696432,1.2013124706308256,-0.6809899033064111,0.5258732958102172,0.5304076852317032,-2.7246481115592047
1,-0.5602133314406529,0.707441506632938,0.15719311470918051,-1.5002230579199438,0.3005408670499358,0.6905005838875,0.4033875919115842,2.139463056268161
1,0.22679529156227546,0.04621158761874321,1.3750781273704262,0.3446227042886356,0.24925582527496665,-1.1287080044308422,-1.1788350997712604,1.0032688677547257
1,1.4496769492724235,0.5889331142381696,0.48152572160544344,1.0834579116702936,0.18209543879531218,-1.447621230854346,-1.2572071290973503,2.0281476811548216
1,1.8220887888246544,-1.270347931786711,-1.5497932221120623,2.3386230995951376,-0.1111409084291054,-3.0580339024613417,-2.3870136181338726,0.8036971246349407
1,-0.3687267877361761,1.5123838660149096,-0.58158731751178,2.011020288195591,0.4048915768288279,0.4700272869930613,-0.8494249077273945,0.4799435296443842
1,2.5008394059914996,0.7600186062595614,-0.15839825596427728,-0.8955149183076477,3.451850825131936,-1.5599610029888962,-1.2692927475948974,1.5167054165706622
1,-0.7109312231159123,3.059006982733138,0.2446369087371023,1.3904051494799048,0.4743440064280293,-0.22980871589932705,-1.0566091890767697,1.5200151753870472
1,0.18437854578583393,1.2583270548339898,1.9354451574002576,-0.49775734859303555,3.2203271920633094,1.61440721418737,0.5695810391962838,-0.3681350618365309
1,1.8278186851535836,3.016721443467353,-0.7453133917973045,-1.111865250410616,0.6158344561205991,-1.3784123759448084,-0.517977022459277,1.7016822225139103
1,-0.4022786914771908,0.43473584758573103,-0.39707623797895175,-3.672505129883405,-2.7566386758676464,3.765472180120796,0.7277551365937023,-0.00285627103614855
1,0.1626195228451349,-0.698947651984313,-0.7043098910726232,0.5549709214972901,-0.021206547497241636,-1.9070624608332516,1.8656411329402625,-1.3140734324603711
1,1.4760809408995201,0.9107287538339928,0.9815240113528083,-1.2221522455644127,1.3290220751996362,-1.078757465910655,-0.13900228325712985,2.138351734588732
1,0.44977931048841346,-1.1371692651719112,-0.659692939041939,0.6496290117708512,-1.051099084088939,-3.8461300055498207,-0.09814279218391597,0.590976100860304
1,-0.10545482005776119,-2.563585710998834,-0.3307558496880546,-2.480128195776777,0.8740601195740361,1.7292247482093228,1.1377068208922028,-3.784166520409096
1,0.3074938494045302,-5.053479262725498,-1.3236342102785499,-3.3206099539866227,-1.20666829499357,-0.5885566216120897,0.7167922680386605,-1.951162345075659
1,-3.03003506181891,-1.536284123984776,0.3591872511628864,1.023817450365497,-1.7288683073212385,-2.152610877734583,-1.902546153236965,0.22896508035584118
1,-2.4871978886215937,-0.754148353774001,0.10210697329067117,0.753404004851746,-1.9721550755423332,-0.04497637591043559,-1.3732995354029078,1.8216068694515013
1,-0.320676272823887,-3.10796622207258,-1.222106897741396,0.26608900142774067,0.2895872835176742,-2.8043314728972932,-1.8700661624986379,0.41950154192974276
1,-3.435519529936091,-0.8461688602117876,1.1676081099650741,1.789604759016723,0.6653596865965731,-1.7133235459419986,-1.859940427088898,1.6824521460040276
1,0.9803592089531017,-1.7158256525305873,-1.180649236000646,-2.303328210202032,-1.3105633418465907,0.26937154199571034,0.6099295202927635,-0.48853883018513133
1,0.20911993971067883,-0.6542588408932504,0.6835985555011926,-2.2733656889374303,0.7407323037015313,-2.552872479717654,-0.760535216402381,1.517396551872966
1,1.1868317892413218,0.22290274583292544,1.027356977489664,-2.598762096976825,0.2220873086368115,-0.19918681200357574,0.2325572459457202,0.5722749110315062
1,-0.572749069834365,0.7797163143999679,0.22806392835828931,1.0621584468261729,-0.16074327520137496,-0.8528270626506492,-1.187271188311348,0.6333465643663136
1,1.7258907351872868,0.4015478088886004,1.1827369020497263,-0.0077531465971917846,-1.106150583162719,0.41144026315058857,-0.5810003765367258,-1.4802976710134763
1,-2.1432863608211887,5.315887328439534,1.4558665518168894,-0.28123669533972273,-0.5372500570098542,5.092451370530924,1.4966099154434196,2.061695271504788
1,-2.9622175156699755,-0.20268032768141475,-0.8241145035452909,2.6937438331395427,-1.5784562797936097,-1.589147671472414,-2.41001737791688,0.7134824530232091
1,1.0481126038400528,1.4483127099101867,-0.1372714785856727,1.9872957519657395,2.475910002190461,-1.0074793333940157,-1.1887255964034251,-1.4505367881879865
1,-0.830264704181471,-7.6372609150524875,-1.6060710055102312,-1.8831549433948622,-2.8126659487401717,-1.9184558136544607,-0.6395568397372025,-3.8866621433577735
1,0.712177841332152,-1.4848227405464387,0.038378302836498034,-1.7950746911603677,1.0654419131625843,0.26919531076402725,-0.17598822707591727,-0.9790003161388976
1,-2.717581028020976,-2.282643742348855,-2.9160236192412827,-0.3414552744189463,-3.3117018270560346,-3.76013984375155,0.8966655536149033,-1.9035908686648861
1,-0.5962849379440711,1.3640621777546853,1.3766539090939331,-0.85943891704702,-0.7081670079394135,0.7646083259504814,-0.18884646820550385,1.193402390678011
1,1.9183074732673666,3.4989637438458017,0.7380632225918791,-2.3035195943053894,2.748588369100479,2.702237360886353,0.4534320006997383,0.9486598867644678
1,-0.5113512714813336,-2.6259705038877508,-1.82583227458355,0.667887836381213,-1.5235081550057477,-1.1105333435345919,-1.249415810812595,-1.3065980617203272
1,0.09798458364771254,-3.207370829540408,0.3129937614573443,0.48040228880335056,-1.7716414773802247,-1.4037751595919332,-1.1632211398386314,0.42783042629494383
1,0.3542320964025771,1.8987215216725066,-0.08203748806311138,-0.006651969734283593,-2.0798039078810793,1.5649408509369973,0.5086388073937026,-0.5324652249864311
1,0.39776001407559197,-1.7230823105272413,-0.4638247879621422,-0.8237390674865664,-0.3707708813100699,-0.09093522894536978,-0.19516077538529158,-2.8267682809142927
1,0.02954962227452429,0.597819233451252,-0.854366013119702,0.28909303390278873,-2.550271269540789,-2.505442488158026,-4.061390543629292,2.118841935635987
1,2.202346801282014,-1.643025502544305,0.7156516586496586,-2.752510735276988,0.6086780375541417,1.6605531813959244,-1.170006490481994,0.4805185647336787
1,0.10209650711932891,-2.938846244460907,-0.7489548420080888,-3.4502454784247427,1.1824033736086126,1.5941254509259049,1.7274513129743596,-3.093699999779281
1,2.1667981598462087,-0.19698883370647155,0.9828171856118049,-3.7198055859788903,0.9701487055756752,1.9125384342374805,0.7806793483228766,1.7082862789598807
2,1.3142619389843537,-0.016868334965044196,-1.2672098244347068,0.2517286026599059,0.1461607287131171,-1.0381851142122054,0.8444445229450397,-1.228122158787689
2,-0.8428414418330706,-2.10900446456225,-0.6601580630025987,0.3935420095994142,0.8608192349013791,-1.0106321401977,-0.24635714068078546,0.33455558910171573
2,2.5247448319071712,1.1809864043613478,0.5736942349183971,-0.9348148033199156,1.7390437403786843,0.028484963057265014,0.20638878566091592,1.6124670068951743
2,1.6179276285975988,-1.6660122107664597,-0.5171708224549143,-2.663575793156034,0.33744812510011746,-0.112403027909489,-0.7512859621056578,-0.22375687462176425
2,-0.3078023742116358,0.7434106261507001,-1.301769093686332,-1.0462528132876316,0.5704145909956676,2.168435648759429,0.9515056654316818,-0.45396115947462057
2,1.0384826878992304,1.2898541098964356,-0.6125383723196616,-0.6601659014198867,-0.8816809904957278,0.1277778685610242,0.9857042326001818,-0.4904452810470414
2,0.37396681380619123,0.1408307586306115,1.5685265835874973,-3.1474009397327563,2.2746185109463544,1.917478109268494,2.107214795807893,-1.1525185402460607
2,-0.8816422072383501,4.389286111486822,1.3187524968792947,1.857670654235664,0.3006692484481505,0.36057011644239934,-1.3345207622885304,3.9656485330568763
2,0.9914765240843266,0.31307752486225116,-1.158714807897463,-0.38661898007660706,-0.8907025237819299,2.329011200831435,1.5017043224760203,-2.94226932813184
2,1.415832805056068,-1.0904570962026112,0.21332767015480894,-0.5911841423893822,1.1845856093696725,-1.2189285496017745,-1.0716077143518619,1.2222781761430372
2,-0.41716953673317353,0.437771237025101,2.3811394987103816,0.2753103746532329,1.1543062955540215,-0.3327772875043188,-0.2122097191300153,1.9602272283672582
2,-0.4419431542074723,0.7671358732314433,-0.7748353895723663,-1.168722789172353,-3.5199220155496187,0.9252445828494572,0.3611473420649981,0.6117627788981241
2,-0.30709330394103757,-0.6075119834486924,-0.9338086044491994,2.1269606454497176,0.5571992183566482,-4.92803337308774,-1.5497238467092103,2.228163853542117
2,0.17813337574186858,1.7359366261025997,1.4261143833816592,-0.6193835517755781,1.0192774279489436,1.1052434399139839,1.0539457098110483,0.25817297458309657
2,1.1598509319851806,-2.1514897491378915,0.13479511641732,1.6072798274648419,0.38870686071584976,-4.252157335994341,-2.885161828560226,3.91569211214787
2,0.3427006377020989,1.2813043205224601,0.48110148983871265,-2.8990429485389893,0.6193453584379854,3.4773485363850467,1.5121664573955607,0.24960275865974757
2,-0.8861915108756764,-0.5745420140310453,0.2591237196139388,-0.2033888241549299,1.0065038697935103,1.356348456621935,0.9884962498927058,-3.8500850805501172
2,-0.5276923835830637,4.902300332093373,0.8875751803941732,1.2684867859973452,0.9519873258928474,0.7176675437041317,0.13737848967459254,3.521723976643516
2,0.4686788087134575,-0.46569672375500726,0.7695172320166315,1.6579314946809047,-0.20781781977335478,-0.7857997494313625,0.0373640038326053,-0.9415036153400986
2,-1.9877998221292954,3.862379867474711,-0.15596402000754322,3.4979076616549474,-1.130111597009221,-1.0508064346905206,-1.0033620388355926,2.0698389949029843
2,2.2651283907027477,-2.2158295489563002,-3.1910187124924296,-2.077290430842793,-2.186637588560462,-0.21878077966391873,2.071823023765083,-4.8860433791779325
2,1.5718595726249642,3.0651382303805974,2.155930653981313,-4.470114241545465,1.4028109786059355,3.7638591438388747,4.907763325117256,-0.25407478851926785
2,0.34806816586646055,-3.1960626229359304,-0.8139011160430583,-1.2820108478859085,1.6507607848793968,-1.097323360978589,1.2805377980593464,-5.350249478358659
2,-1.486152273547761,-3.287340881292603,-0.8139011639196607,-0.5460427338839694,-0.09172677801429853,-0.6838284950328924,-1.1142147495168695,-1.549174058418588
2,-2.065910653163082,7.331813544515151,-0.3189534070422074,4.032457559664195,-0.6195298120638136,0.08549610433200878,-2.207164615630032,6.554092880041591
2,1.1699174696213612,-3.099985566848864,-0.2027782792378014,-0.3990171528133125,1.2404003406407302,-2.0440988105618407,-1.1680809216528742,-0.5213351961449165
2,0.2363225643233087,-2.8142221115738697,-1.3542152578509066,-0.2759117456959014,-0.3465699615188794,-1.7723314297274775,-0.4613220782289799,1.0167323037491887
2,1.9506208025558158,1.4238781076731843,0.46313094965298446,-2.465634168378938,-0.504834791594125,-0.29222201150682686,-0.496007608895923,1.6414845320667577
2,0.09122063810129782,-0.972348640677238,0.6124015979939081,2.3669227038413263,-1.7182993876487906,-3.4719549656276665,-1.684122710899905,1.5352642816990778
2,0.9913531941931458,1.4922918375264995,-1.9932543810938215,0.3833441482827312,-0.684408586973728,-2.2113331529687494,-2.0341880850939846,-0.3888284321260552
2,3.799118704860761,2.3169662383115748,-0.18441915549958607,0.20103106202404183,3.2545981071572543,2.1466633165784503,1.1954329082970578,-3.3776864025512054
2,3.0167200559425518,-0.142077981117813,-0.6561099403981249,1.0299134388466669,3.120420325290588,-0.7426017855023705,-0.6337054284879489,-0.5711843425482854
2,2.380645643459093,-0.9631351284881213,0.046145414986079596,-0.428067440767797,0.05796693735756196,-3.3173645478054885,-2.741759500899828,5.174513603342474
2,0.6671779635692133,-1.6054487372386843,-2.0218051996421127,1.429026815198862,-2.5225294436145975,-2.881768719750032,-0.3248835400306831,0.24842070313709425
2,0.03139170589917531,-2.7338012924622888,1.8028432880203376,-0.6690580215584085,-0.48102210702944065,-0.2697393211275021,-0.5642902485952808,-0.7037691651619736
2,1.3097204041113182,-2.4276218769694062,-1.0610950139095405,0.1060622430418758,-0.7066216021461569,-0.8560301246255932,-0.712625031919071,-2.5913760864225037
2,0.171419023811285,1.0692498256318568,-1.0325186502154577,3.372242663341395,-1.1960769904819402,-2.4948863452389833,-0.4989129295070201,-0.15485813909442336
2,2.162005006800493,-1.6110738092423347,0.1035096999610122,0.8422817686579089,-0.8107148559371546,-0.6376415473770627,-1.354144195660698,-0.3203441675933015
2,-0.20752699070751002,-3.715460938100643,-1.1457694575376156,0.42102336723983247,0.5471136007458944,-2.778781922808131,-3.51818656483176,1.002960931177999
2,-0.7415603280261827,-0.5341823876985692,-0.4564881861782451,2.457997177164789,-0.2532134207358332,-3.9064792840719487,-1.2899177905190193,4.183978830771667
2,-1.9451071370204032,0.2505982955601036,0.3147071751895551,-0.9526164229142973,-1.666015299995647,-1.5833636370650253,1.2716900990216216,-0.30933125205090606
2,0.5907078392266418,-0.2742183128631467,-1.2892528418365596,0.500757488308862,-2.195916990053573,-1.7180867053297055,0.22493508147891367,-0.7736777228497004
2,-0.04994959476743549,3.7129395922258057,1.3011577150553628,-1.7945625800564518,1.9896999904411896,0.9974168659023075,1.0290627632422253,0.9299983440949295
2,2.6536399049474246,-1.1319713551987607,-0.6283808316992974,-2.5831255350192843,0.6479444018570409,-2.6409053249661105,0.24009853419613023,0.9886252423967277
2,2.325416974496441,3.8931432597471933,2.0962796437635576,-1.0544463953686911,1.1169831066242615,2.4433889429785296,1.6843053568583857,1.7137735411854822
2,2.5814418866674584,0.877489228575462,-2.0849091129536044,-0.25573578429038196,0.8538904398225365,-0.26535821632412826,1.1765796875355008,-1.478344802041678
2,-0.05431898843587318,-2.5066955219880636,-1.8461375343616957,0.9741862706120603,-2.3913444078634116,-1.242240563266549,-1.2015297585792786,0.23316118583136627
2,0.042965336504796586,0.7704274958713693,0.30398842581297314,1.2532869617379652,-2.7516051530751064,-0.4743913591556112,-0.012919872525803261,-0.42047312801750314
2,0.006470153182818406,-1.9603111542052358,0.4455801617051926,-2.564197533672824,-1.594355095495298,0.04181778359461556,0.24632761527394836,-1.3038210629387128
2,-0.20874526289645945,3.3462831952732746,1.658038712409159,0.6116033120515553,-0.32734818375895375,3.1024273594644036,1.6554270844229733,1.5608396138965075
2,1.2896894288368947,-0.48480017856087587,-0.5821290532325605,1.0106528464696796,1.5346339525169759,-2.634856258461219,-1.4703613453962696,0.7605717331717757
2,-0.7486900866017597,-0.2710428093394765,0.6786323049954799,1.8530275030890002,1.5916504394895408,-1.0968967960014715,-1.8673824412679727,1.6154217489263032
2,-3.084154072544285,-1.0031268704647989,-0.2438212756888236,0.3873418620177014,1.0942485700128701,-0.445641324289511,-0.9596956398982452,0.9253218488594378
2,-2.0560164814377204,1.0539139030687994,-0.0016032047825009187,3.220753428631979,0.4263986064875377,-1.6037955127918955,-1.638641344860989,0.15427886294661725
2,2.789263289382407,2.5122237101347653,-0.7553260118079886,-2.346594859942399,0.2719950773531218,1.9688684884786207,2.1477228223694156,-0.08629384868273018
2,0.0440422484714631,0.033827188597583296,1.7612720514832803,0.298364626857484,1.6201608257898155,1.8070590321713729,-0.4165812524273983,-2.173707030051661
2,0.18133638715770523,1.2492685876189542,1.9319957764766036,-1.6042205372251066,0.0316217192558,1.2308249548064543,0.7065820018712614,1.6967543694786238
2,-0.21020118709051427,-3.3120062382658704,-1.3191374448869297,0.9467412037394656,-0.96460026394701,-1.9521834432798866,-1.3536185675699526,0.6411924727282207
2,1.1278782196027346,-1.7185364948021662,-0.7482585603836435,-1.781301742478188,-0.5972039056846914,-1.5034303143549967,-0.33712077027128234,0.40933855458203977
2,-1.4449265290515765,1.3174941610297075,0.6680374657637487,1.2888982885029678,-0.3812768453616038,0.9266137652796635,-0.045578442921991195,1.0005084722851096
2,0.6547236603060638,4.098913055822171,-1.173641913268802,0.4626225823706882,-1.3561039107818438,1.544900944853717,0.18213655161127787,0.24384331765568798
2,-0.710932877792356,-1.0722367470941727,-0.35841079932498215,1.167726722705697,0.6506431693918702,0.5304885446479969,-0.9153604012108817,0.4562308154557954
2,-1.6723790852380467,1.0073750100584669,2.3278408173635428,1.5519788678711948,-0.8014393141361693,1.0361919536502606,0.436087249075195,2.0202344849730367
2,0.3672177008008919,-2.203376125162381,-0.010012213143712645,-0.29836112938405535,0.45093102043868694,-2.6796032560856733,-3.415866483427518,1.575798335805924
2,1.753634891055907,-0.00037545702932537117,-1.4311854861836453,1.8988661830122082,2.214943971922125,-0.6841409186928871,-2.4761386195540855,-0.634496073843854
2,0.713703205751032,-3.3039456959975406,-2.8596789084953342,0.5149562919963102,-1.4080314177606876,-1.8014476389661227,0.20874580065383275,-3.0789386524734335
2,0.5909546416327731,-2.125807473649594,-1.3865535192060026,1.220563908618526,-0.8437533973700375,-0.3566989553689768,-0.8372232746047757,-2.745451029130569
2,-1.0745737330678993,-3.047322550603761,-0.5927396235605996,0.2830591289121522,-2.9503177648450953,-0.0015617314363170348,-2.215675865428297,-0.7006298875648639
2,-1.890769483208007,-6.432443150062905,-1.315143294647791,1.3615464125112624,-2.5103395858269533,-1.0102624873184667,-2.3921716202264807,-3.4390222688214966
2,-0.46748371321047744,0.9221863036267922,1.6715697293712812,1.8043155545925356,0.6919200500403081,1.7865078541382289,-1.4349653417945345,0.13277923227612912
2,0.7864900267929815,2.9621896171531614,0.5005352500199831,-1.062299967661815,2.361674866226957,1.4709278755151471,2.2572269196157966,-0.483594999141905
2,-1.8745263206990237,-0.7865535042030266,1.2365655758167666,0.37733109934743086,-0.6124212020415911,2.739195340643396,-0.16517570938575843,-1.1857309581944315
2,0.32851090463321264,4.782467752028462,0.08065567684920592,0.9579481268294061,-0.511494211939973,1.3687633470544338,0.654191816799636,2.3504323284943016
2,2.0512831396818627,-4.098451694388919,-1.5969190908457533,-1.291153375142456,-0.8999741476534274,-2.002750475052699,0.20170322567189308,-2.844658462772458
2,-0.6069931289348376,3.551720532676637,-0.3937030429350234,2.6858971222420847,0.16044483775448698,0.5065172086627203,-0.4971696223575557,0.5437795435390919
2,-0.8583094250876295,-1.2773394306263115,2.2050861380709676,-4.044889829124406,1.7122005793052597,3.428042463766189,0.19098174923559108,-0.28272044144114405
2,0.024394319695225403,-0.4789808925161583,0.7954971740901458,0.6622140056846921,-0.3367413290442488,0.09216709244909861,0.3473163159174445,-1.291035414103584
2,-2.6732588469859118,-0.03177790752684412,-0.9742255567411721,1.743089156672103,-1.5919660446984247,-0.7206313756433915,-1.1907196117419634,-0.34305348231181443
2,-1.28076109521733,3.6050112133346284,0.7158611112536811,3.3551768716524126,0.8457933517590984,2.0942892052760556,2.0475420727383287,-1.253908060537547
2,0.0302575845450129,0.2620080340172345,3.332619220683539,0.33882185335243625,3.6651988098563497,0.6539042594300392,-2.326193886822796,3.7571115451597588
2,-0.02196925228558337,-1.079325034014382,0.03724531081211919,-0.779883497439667,-0.756256614643121,0.6883163025971795,1.877422180164349,-3.923502208953034
2,-0.21119130350782228,3.6779560377047615,1.1878726933731816,0.9580482128123101,1.3740266939936512,0.33605608747107973,-0.5106769877944981,2.4223425763747
2,2.7782680794172716,1.1571876498655322,-0.059497266835290635,-3.3714187721250295,2.9292729193611615,-0.6910253222456324,0.6369304612422947,1.615001861914295
2,0.9704137424674949,-3.4360404217682334,-1.381364555617903,-4.807334493816903,-1.741855604942919,-2.566582168447738,0.7266956090467558,-0.08976055271913685
2,1.2107279403579185,0.6025053127788572,1.3626788342557414,0.9467663054673254,1.1867376453795582,-0.8851411656754524,-0.6923192664800666,1.0116853894126239
2,1.7308601789577107,1.2144174910369279,0.35576026069696765,-1.0730381704812366,0.18142119785673438,2.224281994905996,1.3644712365132692,-1.1737151015403071
2,-0.7044761260963157,1.5492449284975194,0.44520989535543815,-0.9602712522738784,0.7863609435120018,-2.544739194250288,-0.24507647701405638,3.425988524288615
2,0.44601854864367085,-6.805191741934238,-2.03356216735687,-0.8603038189183307,-1.9006277317435865,-4.325117163731896,-0.44509135797433463,-2.8014188289212134
2,-0.29384570227923446,2.4668094478238483,1.0519412586670898,-0.39263779636930246,-0.1511883746673876,0.8084441658037362,3.081576585004377,0.6136889717292118
2,0.18160184744789673,-1.097346824376096,2.3301483471005704,-0.10214233038924007,1.0740372602925203,3.711090418842719,-1.0753339700838351,-0.7784358638808515
2,1.2759914813042443,0.3080812552010644,-1.2363447971865589,0.18461018723252196,-0.6087326738355088,-0.5103117140389892,0.6617005435851089,-2.7356609093593605
2,-1.6187902452393397,2.45284852092559,1.8648821825468727,1.0249983634804078,0.6348468070917694,-1.2895188861248903,-0.1817297593386862,3.035563303719893
2,0.5054145890405003,1.854410614379247,0.11976878824653489,1.3437627819924944,0.6558229605473532,0.33069007001459344,-0.2812543962898749,0.5667889954883959
2,-1.2955457617805508,-1.9672551388386852,-2.63562747915564,0.3312400677888818,-1.3537369158473056,0.2706834651506816,1.414253743418914,-4.6375881343379355
2,-1.2553505901375577,1.2747559597340634,1.3332197490578832,1.0456219921993708,0.8042705726627264,3.1957022585200385,1.7058134521833188,-3.4701131604603837
2,2.1190190373753586,4.313964071960299,-0.13892806546514666,0.3271608487416358,0.11465059777426792,-0.9603350020212724,0.19632547979942827,3.4899037970558924
2,0.6813357400689345,-0.01946014368513338,0.6182891170038772,-0.6109708593534586,0.720648661116567,-1.9828761610654706,0.4698518207262359,-1.3791601301785654
2,0.7265772477984918,-0.3119348335443905,-0.3035065217940705,-0.8544408214076687,-1.257033696310418,-0.5510759274428217,1.6473461922720436,-0.6457943401141284
2,0.013983687407195855,-2.947724379980806,-1.068724958922179,-0.8474006352134364,-1.902913451976363,-0.705740893269961,0.33616723436413254,-0.04878349464609694
2,0.014942851481671404,2.666052367366281,0.6611832242870341,-0.6804472528789935,0.23032246187017477,0.7878108571003644,-0.16306669699878762,1.103320837315798
2,-0.022997302154288156,-4.3999190163864625,-0.21820721152097622,-1.9519797935962677,2.45399482679535,0.1647585161249812,-0.9924741531671917,0.531954663674953
2,-0.12699220144175868,4.774242622567907,1.3042997080762346,0.3423409365046878,0.3510899172932476,1.627958080654866,1.1419360921479638,0.06573393344834244
2,-2.1353922812994828,0.8886123866691179,2.0397885758387684,1.0096155771897448,1.776743110291801,3.506195500030159,3.439879431823778,0.22778689326595514
2,-0.7665137751453758,-1.1490328538875851,0.5651075692330236,-0.6446198629063846,-0.27679278595734746,-1.2511927682165718,0.2893870042651896,1.2414599800308965
2,1.1544667555475039,-0.7039383843706399,1.61702161895405,-0.40243118292434926,5.574588809778136,-0.28061780332927333,-4.306524714399586,4.068175380950489
2,-0.649474497532577,0.9715266828613953,0.5847081687623535,0.7556415043834357,0.20070430164739042,-0.12796716049440723,0.2325536337193735,-0.9976271607128513
2,-0.19420468125178708,1.4885476226639578,0.7896734945715934,-0.22558658359369183,-1.047818295820883,0.39516510736328536,-0.09514008965201137,1.0975964657464314
2,2.0739063619858036,-3.4149586789223,-1.2863214188994616,-1.9243134582387968,-0.05212348407689152,-4.058292637712493,-3.8389547191251916,2.187462642677262
2,1.5989569970019966,3.2230853662925565,1.5765070731986137,-1.843589536420485,2.925249094406053,3.539417208863001,1.4013460099338897,-0.5034932023922647
2,-2.147743530716655,0.02288140704733583,-0.2829637396740093,-2.5439247333504733,-0.0432976897672358,4.1459069636114325,3.530023288704248,-1.7988529193441742
2,-0.30995570297245373,-2.7288425857897014,-2.480548004190571,-1.1501890053899935,-0.954298956997433,-0.13868071706419588,1.5679411345431329,-4.04895769615943
2,-0.5803342707137403,0.6667131501199178,-0.30344253943987737,0.23818503442856545,0.8163936415951676,-0.9998334049223803,-0.24156259215629322,0.7819413366032547
2,-1.237781511404048,-1.8201673705907209,-1.2318371753662518,0.4240083064135958,-1.6205892485659301,-4.659628175688995,-0.3509379466826588,-0.29183814357503446
2,0.45926471514412004,-2.8716658100841252,-0.8879630798556472,0.36995678124167297,1.078984514246558,-2.583654811627715,-4.19382343153592,2.418713663258899
2,0.3339819909064396,-3.7165510337995293,-2.0631035574811007,0.6622007819223832,-3.9242203397003452,-1.8572361316883983,0.6291142742513414,-2.570795482232681
2,-0.45288867365956875,-2.4386120674589424,0.1627582867219165,-1.1752069804291894,-1.451941710045422,-1.4127589076839537,0.16959700829987123,0.6065797253020602
2,-0.6192245901790663,-1.2459455174443892,0.2863910977948165,0.9439701137395476,0.004163962854698604,0.6108180644361902,0.42543392773784894,-0.7445344741666633
2,-1.966677908272655,5.277117790427214,1.329242917622429,0.8362842448350165,-0.6163137454881175,1.9067307743437911,1.185088064329544,1.4502083147356883
2,1.3739101630522224,-2.9062963524940253,-0.7613544000073753,-1.2232148468775503,-1.8600201243500025,0.008709794245500863,-0.24207014381141,1.1385477201824152
2,-0.14180654877237034,3.0032965513362075,0.041075648706098866,-0.21486255631277076,0.40996178689931845,1.1411003952514032,2.1906359617212128,-0.6740844775544531
2,0.2472398977089958,0.5180408702843395,-1.1593055771719616,-0.3116448023589163,-2.278720277288768,-0.19281229478837245,0.2767276871915969,-1.0625567110864307
2,1.1843113132657601,-3.1901856497573977,2.6814257676355417,-2.1910153358796727,2.5506985023889372,-3.157795659198511,-2.7132611778004696,3.3613209992560384
2,0.1053501824302624,-0.419347080613165,-0.539631875195683,-0.8060862506386937,-3.6000640802632664,1.0595441138703798,2.5212930113251533,-1.8915728962341019
2,0.6856403666034766,0.11191067306855237,1.154837925481075,-2.401856695833194,0.3959101399200061,0.3557837064043784,1.878557148136725,-1.1281527355132677
2,1.0553074182873574,0.08071235457782899,0.4767750234273728,3.0498144568894303,-0.9309363992977845,0.2691575172976142,-0.48928583425920336,-0.34706694658737525
2,-3.2510135942242,-2.8270610370569766,0.2622837476344345,0.518738898659904,-0.7541898769923683,0.09657881844728083,2.5490726623091464,-2.4764959283933354
2,-2.226690730232281,-2.489606397046122,-1.3973776534497127,0.6279159004202455,-2.717756994383688,-0.9440438600629756,1.3910403469286625,-1.0543928603675434
2,-0.12142812542772108,2.135148778136549,0.9515727337624872,1.6607147105476923,1.208909278889327,2.471513880275858,0.08048054193184095,2.025447619037361
2,0.08950115204281794,-2.5710035326338625,-0.24852679761011093,-1.0464856500502973,0.7931342845649076,-0.48382960659952057,1.9300898344197739,0.35234257634819044
2,-0.18500076513459227,3.684266766528627,2.465330903883417,-0.5051343550359495,1.528633906836782,1.0828835421249634,0.9091224740959855,2.242134363375516
2,-0.15496345295834896,-0.5314724389899932,-0.10973464653124915,1.3032707557834153,1.1564773933867223,-3.855140837320537,-0.9916882301537562,2.351204959101462
2,-2.1342979846824557,-0.1694284156678027,-0.3675016881550135,3.4379751370724643,1.6331198948478465,-1.2061077211896574,-1.1262298817597691,1.3088929190921745
2,2.593607890491171,-2.5305172204696027,-0.6563609065802367,-2.0651402200013025,-0.2599895051053562,0.04190456479566779,0.56336915298475,-1.4160899816805474
2,-0.09780168390063525,-0.9779173294621191,0.4181214046849943,0.9193149624611735,1.7843104347787928,-2.203531993137642,-1.534629606845032,1.8914684408714295
2,2.3418295229804618,3.2974722442127287,1.633625073448413,2.787861967352796,4.133102800257053,0.822981643318705,-0.9679706354686457,-0.36926000500360906
2,0.9986370907725332,3.4469627236549107,-0.25681988490769186,0.16840493675017698,2.438264514948513,2.0790024921902357,0.8306623627995039,-0.33705172179439746
2,-0.3554851809542336,2.8891968350776738,1.6169384711784276,0.29813073803029777,2.1970060785094714,2.13624501240259,0.4637841794097213,0.9795869360344834
2,0.45656218363837653,1.611340619183995,1.8740782581844857,-1.2829863590708437,0.7171061349755554,2.9626730349619623,0.012970759066600834,-0.13879499332305154
2,1.8484823689511878,-0.45816086827122715,-0.9872692767992675,-0.9416418889122804,-1.5125110847966663,0.9344105533357249,0.4262832037647224,0.23492417322081754
2,0.3051335977441124,-3.2638557522188574,-0.5911348427921046,-3.3811654444488712,-1.5386324421469872,-1.1243128522142816,1.1005628504444946,-1.2530519065558694
2,-0.03535016188951243,0.09588245008020434,-3.460561719059399,0.05965207192822378,-1.8605080676144097,0.17221109161053427,0.01406380542281399,-2.3553487427531405
2,0.437319121500312,1.2537758999583066,-1.158082853305451,-1.1058697254006877,0.40363941907820367,4.490246627705553,1.4078883143402967,-0.4347456618806118
2,2.7497790540754803,0.4288222956862567,-0.9732391449878769,-2.3953905166856266,2.45139531186651,1.0333846642053797,1.910006644658421,-2.068837972826857
2,0.004842480319952366,0.6794080214554093,0.44493101190963313,-0.9750498928687917,0.9634769297881026,1.0860057633538962,0.40636589792091615,1.1996910110689076
2,-0.03430200501980718,-1.013082098753562,-4.491647093968892,-0.4688739270889129,-0.9658586316107195,-1.8951230653162774,0.9647375588622068,-3.168636190891354
2,-1.8556360299911212,2.1388559705339603,0.2250478959253752,2.6545984674908647,-1.7009781151170817,-0.001984081978177149,-0.18991190254166262,-0.42946693580024803
2,0.09911027614320844,-0.49371441195297183,-4.308691701887844,0.20704269160676864,-5.15271849856568,-0.5840979871147594,3.44760745672628,-4.576135180917091
2,-0.23281529290026748,-3.073164648840802,1.3793273135898283,-0.14281643266037403,2.1135846140838495,-2.7455332376430794,-2.183341136167138,2.979456751183105
2,0.8198081159518871,-4.284726525289937,-2.073850924384037,0.30278121632727273,-0.30460660824445196,-3.232019206223015,-1.8407709883114511,0.09412444316402663
2,0.9219760750557306,-1.8563687444820207,-2.09879292507094,1.1780504834253829,1.1344324328699378,-2.958458413876763,0.14706294191112895,-0.5378911140032068
2,1.2425320755626001,1.6831378602197966,2.8964113386314208,-0.9051274047270541,4.752953700905087,1.3576353612099805,-1.0288724941746028,2.4512559366279296
2,0.38229312268030957,5.549264332137707,1.8939295462210535,1.5771972397102763,-0.12433443725208888,4.904207739471893,-0.6399214615854997,1.3652767812223052
2,0.5611748247181276,-2.0535486310010382,-2.796075939804062,-2.255587412859094,-1.2248636485592181,1.2315105251186271,0.6658825091846452,-2.8081804656303886
2,2.804739601836414,-2.4680011265764765,-1.0534101367261979,-1.1333114033347815,-0.3658838441181941,-2.0303030829489077,-0.5433291314270741,0.7146477104321715
2,-0.3717182113993277,1.124623749268167,3.078251704060696,0.22660973073909596,1.3038420228453127,1.2766339211178999,0.18226494786785102,-0.7152305300177265
2,0.7927394798381638,4.010243191518184,2.762484211985618,-0.06414491712907616,2.608298689864553,1.1874592405644613,-0.6514319229952983,2.747118862042979
2,-0.3630798268265704,-3.57791521403304,-3.3934180973162995,-0.6508882059713168,-2.8963393893344307,-3.1657951513374134,0.8570573082066807,-3.4593998506992394
2,-0.40763988163340026,1.6816955447474524,1.7338721578251928,-0.11222545894165784,-0.01967455733006734,-0.81064714847798,-1.8166393589621759,3.4672883942187984
2,-0.047066699162719765,1.7249956571780645,0.27737540363524016,0.20809128686519618,0.39436080994213696,1.5271643530612653,1.5024748420823881,-1.760830012163622
2,-0.2633671140798156,-0.5498822823195892,-3.6981061261641908,0.6155845171549597,-0.5306359072631527,-1.5551749477122325,1.09181166460197,-1.2278601123225197
2,0.36833859153489007,-1.2358009162214578,-0.8033328093937467,1.487054503582349,-0.8170479726762568,-2.708935618179318,-0.9967630523921076,-0.4545884127079637
2,0.10541503506313271,-0.5732511678159646,-2.9932673784692803,2.155709539195215,-1.9778985876650368,-0.8729202205406547,0.4071101833121551,-2.3235589170457827
2,-1.9670461073901468,-4.837039127096508,-2.041989856130371,0.03028325869773551,-2.5179661762330983,-2.1950262569387737,0.8025011952264478,-2.922236531741403
2,-1.2813493334107477,-2.0135407796799623,-0.751124234732954,-0.6282562809921516,-1.6714169870427433,-0.05150383698548053,-1.421673920965639,1.5092289265853611
2,1.261111874909161,3.3937873520664845,1.6876560685961979,-0.26286821829072904,0.6649790887217406,2.0298747752010255,0.8258008830835454,-0.8111418865218281
2,0.8290317229195552,-2.7378320325895276,-0.9561044351622126,-1.8253020925429837,-0.7829779350265244,-2.069036936161916,1.2405618414193103,-1.5598511880011952
2,0.39219653328590043,-5.33818739356883,-0.4022697281493675,-2.1528495786846884,0.5920074915782321,-2.617329964005042,-0.05344763517568142,-1.8301696271503027
2,0.13815226551254609,2.042857829918852,1.5878800627542564,0.23930349701788672,3.3891591999831325,3.060745027251401,1.3257485765211343,-0.3413608289889587
2,-3.158290016348934,6.023319307807132,0.8199058988267345,5.610649835804984,-2.2220540758829954,2.6119352887775613,-0.7448759819939351,1.773884807868117
2,-0.8161048847524612,1.3109584083739727,0.3318096751219676,0.5596362850126194,0.7554276502627589,1.098925389560349,1.7000615801232222,-2.1145179640357075
2,0.9616048317593995,2.1415786238078764,-1.1268810677481356,1.7963558650919054,-0.945689399452824,-1.0139346356974008,-0.24661436789514785,0.015991585502157832
2,2.750848750668086,1.4298531054548678,0.25338185133996133,-1.5662025301677303,2.090306682832016,2.3557889644968886,-0.28984947584224485,0.15836965598433514
2,-0.5637069242423474,-1.901425658639161,-0.25524423894433085,0.663448178478354,1.192476688412748,2.1324644723903723,0.16327737257653327,-3.260293779981424
2,-1.3682659417271228,-0.33276486785991044,-1.1577573740212073,2.9663079387124123,-2.7823094672662316,-1.9254493549126415,-0.9748898557308318,0.008404647190160291
2,0.9217265620643796,1.5887039935289509,0.968617461508982,0.015759869203161192,0.13407289767772684,-1.4638450985956175,-0.007436318411804949,2.244795248247684
2,0.5950052462260235,2.1780121979419755,2.1997034865861362,0.8412733841540987,1.0679098644308935,0.02103433413241701,0.1761900294147173,2.6045217790785204
2,1.068653504278523,0.09649443197253042,-0.0022828800136102043,-0.6653033614619748,5.0292553384834235,2.4394660420969534,-0.9675381198084423,-0.5511734396078215
2,-1.7598422531192317,-5.951358655623442,-1.2459329150197564,0.5046268891903652,-2.7894299860224585,-1.779925070790179,-0.8699422502804512,-1.8032021722215783
2,1.4533729098184445,1.3109422468304552,1.8244832878232022,-0.9490570944371738,2.676165150193855,1.9886065896977425,2.5959993652197735,-2.0293957889220207
2,-0.4446115107257771,5.771542470918961,3.2034540062201433,-1.2787196045181124,3.1037894983797725,2.850497051571736,3.0143713548931617,3.054908162548138
2,-0.7579667340170305,-1.2538989457341603,0.654135162175837,-0.5498074823555072,-1.2273739305607274,1.6328295410928995,-1.3009444252180051,1.9615212246961367
2,-0.8725746804228559,1.5896462138089031,-1.4293971403484624,1.8465737420979118,-3.3240212953051396,2.955728824063777,1.3599861520413916,-3.152931609880748
2,0.22541614351164446,-1.1181109637252784,-1.3439909485346049,0.7115167885221927,-1.757354526364575,-4.3129291381336525,-2.216856874544215,0.5866644777216203
2,1.0605792932321794,1.2577522815302205,1.4520824171263396,-2.5805581981045758,1.303038984292211,2.398794386057405,1.3247068991997997,-0.30927172239883394
2,0.4119563493773777,2.9348331897311657,1.175329515770467,-0.5733040713383476,0.5931293442620611,4.708447067760331,-1.1998065786752408,2.6928943587271505
2,-1.283552502723295,0.13596141726426858,-0.13719251836357937,-0.4155354333063761,-0.04445596051672501,-0.3189819162664786,0.5492013303533069,2.1031305087468777
2,0.7643792595273219,-0.466170325050851,1.4357766022191292,-0.4042220870023098,2.8122317078565877,-0.019646050976480547,-0.2970288571351603,0.8279890739831501
2,0.37805294303468256,-2.922827280577155,1.5425323253117684,-3.312126102627821,-0.6809481172633214,3.488909750942974,1.833800703494943,-0.4884985530399829
2,0.5571154293730459,-1.6099930057545973,-0.3559173914151308,-2.1917516649215054,-0.6418553222465205,1.0688401017185547,-0.19411546434708316,1.2753174290657456
2,0.5119400509279376,-3.522555265421242,-0.6278469405656798,-1.7339533778461598,0.8968368879375889,0.8152716420390771,-1.73296035767836,0.1924305532362331
2,-0.7443009469034798,-0.740728343002325,1.6580953579348063,1.262849907962073,1.3754851870839946,0.7690442837471904,-0.3562221768289133,0.659590612743426
2,2.9395553900984033,-1.7001636597569803,1.6779608291874626,-1.9996337949584682,0.12434814715872218,-1.1075430485505424,-1.1845969442382487,0.9739761765761886
2,-0.026043076471854665,-2.6767152955537243,-2.387881229941885,2.6851229726036636,-4.005378550211282,-2.476462719918854,-1.084634966046544,0.7241380682772423
2,-1.2775880614793205,-1.5155217165729333,-1.2331334923041681,0.40482624388855837,-3.269680268606095,-0.5658541575074608,-1.3125999663650962,-1.920804721173189
2,-1.5669991868638697,-0.35102931446956026,1.43486395436617,-0.26122672762558374,-0.10773963097962977,0.29931137777044253,1.4246071772188498,2.5481210301496358
2,-1.2823407517484549,-1.5369693988365936,2.3514973895829003,1.5061539236867147,2.364140655118037,-1.151237354634608,-0.4678568157881949,0.7071985378404674
2,-0.2198719898038219,-0.3927819939352667,0.30157179488904784,-0.9993500342478956,0.11615243674790669,1.6736826420553284,0.7276266868592909,-1.6646619419596078
2,-1.7199689841118462,0.0944433872813355,0.9083797654917002,-0.2577600605090193,-0.53610706804269,0.6800320290601398,1.148708788378943,-0.07672177357149185
2,-1.119949504754186,-1.523687106646219,0.5233540054510771,1.6096278877402015,1.0388206807103295,-4.431111393948921,-0.6420194693509778,1.795865414365802
2,-0.5967542714251903,-5.0764812085372,-3.5794020145039784,-0.4971150468396003,-3.7368679714012645,-3.554596341212984,-1.4897431735839994,-1.4578455020368617
2,2.148904802238014,2.7991769232840795,0.3736009519901053,3.742083664542073,1.7624184602506354,0.622213280997598,-2.812789446040342,-1.3559548194341389
2,2.0507303182966017,-4.907666681338497,-0.3241042911497375,0.6629248166181856,2.7261685589476827,1.0372542183637927,-2.9438666966794376,-2.800514155162839
2,-0.37820532223131875,5.111022447824154,1.2407163464480888,8.186282507004949,1.260718541522531,4.357577644457151,-5.101943982981107,-3.9133671591376813
2,1.8640751003371605,-2.3600929877528656,0.3483680020620117,3.812196218269916,1.7374175685838529,-0.18378217148175627,-2.6698060820104477,-5.899467488559168
2,-0.11343837474143469,4.569042607126065,0.727210381485485,0.9224754819086913,1.9656049999909542,0.7231870558338969,0.5423113525732056,0.028889464196356754
2,1.1517979215981615,2.4509635320159626,-2.2687034156217982,0.2854965235173371,-0.44842338933550074,-0.9731975993230002,0.30429431334181184,-2.3887579280167075
2,-2.2886153145121972,0.6033958952282569,1.4867037135774686,-0.16095851011709678,-0.8935451440669684,-1.151593408497828,2.3535708146745873,3.672126740756132
2,0.952600789804039,-2.0656353904322766,-1.645837432635917,-0.745364068515311,-0.5962591016201424,0.6727473581590953,-0.5440360078475649,-1.1560274852322316
2,-0.7513410895883472,-0.6536052612384213,-2.0184493024495267,3.3319912080261074,-1.573239808566783,-0.01946807375397268,-2.1310593605610144,-3.394503634241786
2,1.4672046768818647,-1.942791244966733,-0.22786658669605941,-1.4128924610759224,2.281139846296306,-0.33431593913011437,0.0981715933829299,0.29234195663645757
2,0.8925530946458988,0.5621327452211619,1.2106823300587204,-1.1081071819337815,1.8748841670798408,2.120265778501306,-0.2926961677943518,-0.8324910013459192
2,-0.624696696659795,-3.9568527359550436,1.0183457359848054,-3.8472478067539666,2.279569492327128,-3.904835542458389,2.473873175503916,1.785279543231955
2,1.6997361063250747,0.6492277433703219,-0.9270008196570333,1.7620592638649568,0.10748420364000888,0.9479903972789814,-1.1808429902032855,-1.8196311415188824
2,1.4054271229705153,-0.83007026247231,0.07232486690983912,-4.468302305343409,1.5474178210473961,-1.9964158832791676,2.599895920339371,3.4217296938170874
2,1.4035983150060893,0.27566429718042684,-0.4161351143239851,-3.683992493612271,1.552244366053763,-2.367981198004924,3.6077345259428557,3.783705030974944
2,-1.6180242795574875,-1.1965499900540593,-0.726414797391763,4.042185046069257,-2.4567464110969963,3.546064433819829,-1.751807436335595,-2.9878909971896204
2,-0.0124986631055517,-2.7560528566181732,-2.020679852716551,1.8314243777831565,-0.35433313455853344,-1.4309504401284983,-1.47958103742917,-3.2091822099534637
2,0.5709873664775904,-1.0637229156065706,0.8724112942977433,-0.839211940774319,2.3293244491898806,1.6520434530053119,-2.3299668001608365,-1.31831097808992
2,-1.9014038320343252,-1.072667399860344,-1.3339496627961966,6.606274708168326,-1.8203892454841641,-0.9831139427814091,-2.720051286906743,-3.439145461350409
2,1.0959305432115085,1.7316923350610478,0.9413724709952466,-5.734020180627168,1.5385101892038047,-2.826848233626274,3.8338418961425296,3.741653127573799
2,1.7828084184719648,3.5411835937832206,-0.5936412238237672,-0.938726699944249,-0.3707352061064649,0.3730569079588587,0.9960588480046446,4.3248432194905195
2,-0.39390626294863346,-0.9504751376040876,-0.48060554235091385,4.368787352062709,-1.6662463734871968,1.9157335386920793,-2.319348189579035,-3.867340349513519
2,-0.7707044331087368,2.636565665472983,2.6399311519230566,4.021476347371831,0.5557218864066409,4.504295722684343,-1.8897710417507114,1.0144635832812785
2,-0.1955920254334943,-1.5312143494318988,-1.8923296446099274,0.9585161897535424,-0.769344154461342,-0.9284896994940246,1.1612156853055313,-1.5471889043528044
2,-0.5044583656676151,1.1427096622454775,-0.8907182275777855,-0.3302480895416121,-2.009860337302425,-1.3697985438359401,2.467695209422109,1.04308436461426
2,-0.009799501320249426,1.7094502798100224,-1.1356836918114128,0.5032277934520325,-1.557201661365003,4.6180174481581,-1.0180897631104344,1.199328933871574
2,-0.7436257579099945,-1.4760343319630933,-0.17110053257577781,-0.4011080921195699,-1.9466643650981632,0.7516005105107986,0.16617580948378707,0.149815259184745
2,-0.06223628984656682,-1.3277970650050963,-1.3082545422202643,4.530224229576068,-1.2353101220661877,0.8961658517109685,-2.320023450306296,-4.0795255770699
2,0.10208314928803774,-2.333067193406769,-1.7895823434078884,-0.14011114850600578,-0.542569493854295,-4.924243188850716,1.6978968777139998,2.474591560592345
2,0.2376014834334067,4.4585579526746,2.015945694410933,1.8940170112006147,0.901832439170353,1.470974537524445,0.18592223382937773,1.3065165652519546
2,0.09416633459292667,1.9742116852792682,-0.7405425681084835,-0.41969651214031134,-1.3189610351745302,-1.6524085937576045,0.09787450149931742,0.8601081996674499
2,0.1915047350293736,-2.087261160048675,0.11569811663486806,-0.806351947442362,0.4211739669315566,0.5177954770234252,0.14964622104741857,-2.258224106219661
2,1.3743991047864754,-1.2656192186578181,-1.0439655082560761,0.7348561418659959,0.2513571881675198,-0.44977248576899265,-1.277385112671197,-2.262041794424315
2,0.6368968908320563,3.7320292032307676,1.0505751203370226,1.108450992705225,0.845941147979606,2.663327537120124,0.09714818342507575,-0.12010068277092187
2,0.7137753978017523,7.495345426233636,1.7181707341520571,7.092485022401756,0.7734422089555122,4.265669201804037,-4.0425637203905005,-0.8719139692087315
2,-0.2689467307106804,-0.40901605755144776,-0.8264840358766987,-4.185161991815382,-1.7626739508146292,0.6381958260064998,2.80190030075902,0.23443980132888617
2,1.8427933457441972,-0.27298326778379733,-1.3541023897507087,3.869511081839359,-1.6916427848315678,3.3332281199198817,-3.973387222160232,-4.585523863769759
2,-0.49550612239129993,-1.0250566637199792,-1.5871861694437188,4.427452306911573,-1.8349255652239984,0.7635874315604455,-2.496513740183617,-3.826160338484946
2,-0.4596049194596758,-1.8433111694435387,-0.17288101640913994,0.9561758706486614,-0.928080240099083,1.086562219306931,-1.8349452913222428,-2.750787994764164
2,0.46867758514357044,1.0590818390482724,-1.040145816772957,4.746138616882263,1.2948419481009437,2.113589330856664,-3.127585008771448,-2.4569432111545884
2,0.4700612806229327,1.7356705964486987,0.5820610867152882,0.5818140363775173,0.013110407905010339,0.8740020620367855,-0.5302096484100416,2.4455489582030765
2,0.5235001201724403,7.7075229252190365,4.809920884701926,0.48855748954605066,3.048280557137871,1.5720836871830746,1.218439422806157,4.78521978467076
2,1.5469328724168743,0.2951444174293118,1.2554823864547089,1.2762114705650742,1.8266968966291777,-0.9692607215602442,0.26469869608691365,1.3920613983303713
2,-0.18449551948928192,4.010546881016562,0.09596295047519354,0.6628786706839742,0.28286349257643373,1.401133148724561,-0.06761757618517228,-1.1511652291351981
2,-0.3086309467875667,5.213304027090739,1.1424063013484576,-0.5900289236923838,-1.4474642278423513,1.9840084014843449,1.2374013870960006,2.43712811984998
2,-1.0491340124616322,0.45749403425805313,0.6047764929219868,-3.175499232981694,-3.0433172144196456,1.0332204500820208,2.0358821246073617,0.8752157013170027
2,0.22040842880075126,-4.898252816980217,-0.982978250126873,-2.9172883919558212,-1.5872472776047273,-1.3351053811659672,-0.13267076260985206,-2.504124966538113
2,-1.4210594905881995,-2.3884030517076797,0.6019850324392353,-2.2071113959247977,-2.4665582267003354,-3.735150175147806,2.728020377556348,3.929632465055602
2,1.033445145019187,1.5773419408043665,0.004695446066131512,-1.0276983124329233,1.4694324160342827,-0.4399614014961828,1.414872087831066,0.45879697112963935
2,-1.0498220899871826,3.259736974335649,-0.42966621830890184,-0.43861450187701156,-0.9310614462225419,0.3725250292800054,2.062373265047897,2.3760427408563056
2,-0.7067531140498368,0.4763041827427913,1.1169217420713329,-3.2505244001198768,2.2029926132266557,-1.7702157853367761,3.2268208918329995,4.833257046963803
2,0.698591606849112,-0.6373624408386142,-1.5659520167315513,1.9119125294273993,-1.940822307224358,1.2759105115048113,-2.5192389856978368,-1.7863584476309016
2,-2.5179273692641972,-0.905930661797003,-0.8435175027650391,1.039377736422289,-2.4429296610490048,0.09269835520573355,-0.30252284743325386,-1.6698434834907878
2,-1.3401434118221351,-1.6128863056004246,-1.747021444581792,-1.076450621005731,-1.3349686610314648,0.6921265701367886,0.10183676914435655,2.6891265748317386
2,-0.1778826694215187,0.8935899929668496,0.6978222424443024,4.7067065744022845,-1.9092008611236768,1.2269890127056025,-3.535404925550251,-1.4424173105730056
2,-1.1917341906120846,-1.3043096138397967,-0.5614003826764731,-2.8498206528620793,0.9559926777055493,-3.6179917167039646,3.4658642145767824,2.4042338134551398
2,2.0133938526205695,-0.256112526928456,-3.663174417449768,-1.7626837436170426,-0.4170340626473229,-2.9434299339159713,0.9678947224994665,2.6500265295593546
2,0.3818767756295248,0.2589103299517162,-0.8324284478152977,1.5067449878846868,-2.414058485949079,1.7391764632298479,-1.408767855994348,-3.5750766132124494
2,1.2186575657129481,-1.3422906714522131,-1.4674648724052595,0.1406683700194012,-0.8449995763512448,-0.08450229445812729,-0.10237906920298923,-1.71667352217994
2,-1.18168099378376,3.1087616598069117,1.4107269547048285,3.9724105127168183,2.946124386454464,-0.6948611450353788,-0.2773466448696975,0.15815304768058522
2,-3.687221772431226,0.08477966387496513,-0.5504206176048583,-1.4910411936634587,-2.8940074000663345,-3.2914291984747757,4.375507049141285,3.345473763865089
2,0.17862420771449278,1.4247099541926156,0.8717734320731413,-0.0807315555964346,0.49216518023200173,2.185352272915778,-1.1858163234724737,0.016756006332035236
2,0.31354088628846777,2.5048687199031527,3.609451011289172,2.5334085291153143,2.5336272144674914,2.960912562846384,-1.3444329442147422,-0.4879324043402025
2,-1.378340364533181,2.8246737633523638,2.0703727736587556,2.1791476552225406,0.2820397177057819,1.5611376024290695,-2.1452676419104675,-0.5105964702276937
2,-0.23994231795158094,-0.2818939557199858,0.10682119036238724,-4.312015601628353,-1.4517404154388043,-0.052582779689144266,1.3607048415582015,2.165637385990533
2,1.6705366298479896,-0.8571183396754574,-0.656236462835566,-3.678302675739386,-1.4221117820372118,-0.4346831043726963,1.6568630153633128,0.30067879635626715
2,0.18002871709157592,-0.678259979399692,-0.4465814866086932,-2.1654606274656936,-1.3154233089852723,-1.6401477914320992,2.3815638526634832,-0.034586666321324594
2,0.2890779075103999,1.34539590278943,-0.2447753497317024,0.28917958595176607,0.38881484708138764,-3.6263307010624524,0.9606419751013046,1.0273100238337693
2,-2.486311034495762,-0.9442280736829951,1.324980685207091,-2.185823008453103,0.22518744592158016,1.0539964097242982,1.305610394727372,0.8238233090931365
2,1.8470452306054732,-1.5315028812322475,-0.8281333376928648,-1.8615746558089699,-1.1225530032957,-0.6051164392720542,-0.2907005267742994,0.1964954480833519
2,-2.949093563574652,1.0593508564692666,0.979852621139702,4.126411323502202,1.188122409181198,-0.06420088020881187,0.035820203588045885,-0.27802348968332974
2,-0.11503972092443382,-4.420745616734803,-2.2988454234176885,-0.054664010747548175,-2.956365778681361,-3.3254108261301685,0.9099569811727146,0.022496349561073756
2,-0.6228057572787795,-0.052325820919901386,1.8848930376682393,1.8167210070470876,0.4090967062870501,0.9950243990114119,-0.7031551113359904,0.5766995134068008
2,-0.8340771020397166,-1.2325437892414475,-1.1139687085731744,2.735229741515436,0.6860761784337367,2.090989204704954,-2.5291724685181647,-3.9451773386320994
2,1.6639859846275549,1.6884428412436947,-0.6331590492395368,-2.851298703512458,0.37941254344078834,-2.812298390410922,2.429565942291748,1.896079868982486
2,1.0302297733828163,-0.6275216815400586,0.9042960646750379,-2.537080458169656,2.6100491627434304,-4.342747229091454,2.8117040003078624,3.3351315478182753
2,0.6211628950072059,-0.15823470637199466,2.2429266720521124,-0.6458662825260901,0.9838192157473168,-0.5821059560870822,-0.39534550644831784,2.828564631243185
2,0.39589666810963753,0.28030495392450705,2.0709039753790073,3.128744138803202,1.3603808200648428,0.9867490215733655,-2.756800572946332,-1.8568835000450774
2,-2.013491689878892,-2.4918563723504215,0.020950343184072205,-4.484046944127232,-0.9812037998209981,-4.948814535655311,4.311780446448762,5.2679190599226144
2,-1.1179430988529793,-4.8413874191007515,-3.0063045806606534,2.105501200775367,-2.4244983592337,-2.8938100812809697,0.2015626829212961,-4.135390436266205
2,1.9531183210836065,2.454427405719807,0.08009867540218202,-3.924261361475048,0.4208065814934727,1.5049021938853528,2.577433384597003,1.7242105065214817
2,-0.19189388127282078,-1.4149827846654677,0.4522406699956327,-5.48133097323648,-0.1465194804662543,-4.962835673299441,4.656415174644577,5.468803987920523
2,0.7724402149470945,-0.22210536012933052,1.0808234516918434,-2.784676073250824,-0.08112513402284281,-1.4263307789955915,2.0304769866561063,0.9985732774655108
2,-0.46672412319612966,4.427406243839761,1.544056377307451,-2.8668388626481436,1.298098353582312,-0.8130917772092279,2.009837269460738,5.692013883482767
2,-3.0961981662351534,-2.2493839449068997,-1.577870704918904,2.473879629015747,-3.0578292105597202,1.8843042533340604,-1.1611566698517775,-2.8857541317264346
2,1.927061424913958,-0.885661400234453,0.262641833184717,1.6642383334039268,0.692052816662027,5.063512910511103,-3.9108353816524093,-3.1426997667485
2,0.9578737353791433,2.2755081874515204,0.6421088399821726,-3.2528766909400475,-1.5251771899732396,-2.7165639998391997,3.2448653148945166,2.3860443250552756
2,0.8717094495353901,-0.31622771030389196,-0.35154673877347414,-0.7509037985950534,-1.4854836628035601,-0.44862482704204554,0.4874771739129202,-0.8638050455514977
2,2.804886124449217,3.563577574435338,1.0122329234400924,-2.910623940840831,3.2860898402530916,1.393786589382797,2.0438945554638206,1.218524974374232
2,-0.9584951027182931,0.16131423169132902,0.9251028474449664,-3.971753429488592,-0.5998971217699963,-0.21883225895465197,3.1623677427917998,2.1857596545847358
2,0.4313609670366437,-0.5430413736964445,0.06433048513592814,0.15046680315503513,-1.3195798288360303,1.7525873971678922,-1.0723770070590295,-0.22079370181064756
2,1.3392485220688164,0.32130170146574866,-2.1142409972526717,-3.1520254604933537,-0.6975431206888335,-3.6893251701834466,1.6717706140681012,1.2415380539122234
2,0.8183858117157545,-1.5089382925843158,-3.7868398833252837,1.533191011262851,-3.6359707972833384,0.8561710008233094,-2.533128190434038,-3.963205852064052
2,0.40911955406995115,-0.3210942550244846,0.32463912402493056,-2.90772690730566,2.7082973921691957,-0.3190810376748957,1.7782225978729373,2.254820065685883
2,-0.3294304756178523,-0.28765348917661915,0.33461188083881377,-0.7691114633965523,0.4633112304361857,-0.9837602675188346,0.371685624042868,2.5630316018368084
2,0.23948677710491242,3.0160196092552067,1.3622502538425656,0.8850446877651374,0.45734945643773467,3.868656267092682,-0.17569722980524005,-0.060591810404625406
2,0.9245824704839885,-1.884514261922722,-0.26227611072339957,-2.5594144303516275,-1.3670781101805116,-0.639245873978409,1.4515199015851548,-0.009704962255873577
2,0.30311518751714595,0.7585703433028483,-0.05577901023110769,-0.07553791909514318,-0.11576597602404357,1.0760475669010088,0.5523832521292497,1.247961193516998
2,-2.268288829922821,0.3372822814860613,0.7357414268538123,5.88331419811836,1.269528020724171,1.9852155953020612,-3.153796734571107,-1.7019086876497749
2,2.154850117479982,2.28737758684026,0.26131716006557476,-0.4594786210368733,1.5341122197951413,1.7927600302552968,-0.4000469606560467,0.18784469824844188
2,-2.250755407124393,0.24117870245570014,-0.772014814281639,1.404215947566526,-2.294892415678505,0.7088513952486087,-0.17193386192657678,-2.7375875906670664
2,-1.0878263501018792,2.5294000803598182,-0.26532600135300555,-0.28980296085137625,-2.706147727205036,-0.5372941018874363,1.578304656677274,0.7943486306492745
2,0.09019598947754995,0.23688577543133743,0.11131307688525933,0.8679443816004606,2.6482078895156214,-0.4353502811642028,-0.5759028716091388,2.4250336339943184
2,-0.4528835076796762,4.7786533456118265,1.340368358573409,1.674827411879461,4.6094581605507505,0.12236839748359932,-0.6276439340291377,2.668912222659703
2,-1.4292405661094847,-1.373200050621711,-1.1067969184030315,-0.4715519617421551,-0.20366523423180616,2.459030657761123,-0.8805635809169248,-1.9493545566251125
2,1.200864053730392,-0.07395348686181558,1.6045038309393809,-3.2360560726768974,1.714151113166938,0.937560322495707,0.7927291718306855,3.6270683119537246
2,0.9934971573882052,-1.0806489587861008,-2.746600617073568,-0.1628936994702228,-1.8970197690067054,-0.2922471808024739,-0.580623034307359,-3.156458180105867
2,0.030695954137650208,-1.1047921200411033,0.5599400724789659,-4.474973855072488,1.0230766820940715,-6.31735910469059,3.9289958598376944,5.18744686551587
2,0.5591789747548213,2.715830544438492,0.29176893843275736,2.3665084303563884,-0.11940829186268746,2.8981659452580404,-2.7945201759849145,-2.3238347003396727
2,-1.804065809943801,1.3938111255988463,-1.047812664990763,4.064433596911702,-4.794346389595583,1.9679797552814984,-0.3176240393179075,-0.46634026268968415
2,1.6637574959864583,1.7279522700768029,2.013192337787941,-0.528951209993463,2.3391015972509157,0.30335311145883426,0.8473747052952411,3.3780054103458017
2,-0.9437240042239485,1.6588884125304149,-1.8349897308123968,3.6246901544028423,-3.589267323605576,2.655707244004231,-1.7194977135896232,-0.6620798472557924
2,2.1722717578347757,2.581078469030853,-0.21984824356501165,-0.2219395478731887,4.567139890776976,-1.7208423368189156,-0.3412840115623183,2.3382554068991785
2,-0.6038612961606311,-0.1668996790491466,0.7071252210491964,-0.7088791812415972,-3.514547811433074,-2.8473063031748214,1.0575071599258328,3.8666020987816556
2,-2.8721293814217375,0.44212017247259583,-0.9154598724417803,4.791141621983734,-2.0283163964233224,-0.3717960844402835,-0.5027891730884553,-1.7034745549427939
2,-0.10137318046238486,1.1104623008820564,1.9578134213032212,1.2926552279847925,4.986082673578018,2.1102048540802016,-1.1200463047809512,0.2735845967119874
2,-1.9790592111836103,-1.9476834270347436,-1.5755045691308653,6.323848557862831,-5.331797478390724,1.274389823913261,-2.5883221419307154,-4.885206041526484
2,-0.6876674069162645,3.742757428289245,1.6638743469946746,1.9385344505417639,1.4942941880792768,0.1334479298176658,0.7504956348768372,0.9085999519108892
2,-2.0378095905619658,-0.3431176903648382,-1.4797466449897472,-2.4737126857707903,-3.768105377751775,1.8647543562862818,2.0095340755858038,-1.573547069812441
2,-2.3781106444557385,3.691454283571431,0.6512973963964158,0.19366086416938383,-0.7644036447024681,2.321785012745917,0.34440000306750773,0.7952633305922671
2,-0.5566079677646117,0.17082894480051392,0.7458680290516964,0.4413871905454989,-0.9412041957059837,2.619513845290727,-1.2788072447569905,0.07375608255122056
2,1.1426641981202743,-3.5951604870536578,-1.9194556272433025,-7.0094909532076075,-1.1538459823821439,-3.4733673469682276,2.9960076813206453,1.7334070713552057
2,-0.19753868294048516,-0.18425443263536304,-1.9959455079777364,-3.0436758056285305,-0.8847551626839093,-3.487271388679931,1.91802285150645,-0.10432579643105074
2,-0.16696320797919972,-1.9306892339414916,-0.13936935504276587,1.064520938284264,-0.31718883612651244,0.11232511164548215,-1.1730948217710124,-1.8547946828931778
2,0.9276167497633917,-1.7017851917781064,-1.345741501242676,-0.456835157745099,-2.958061198097417,-1.441230420724348,0.9343545303267063,-3.320362422023806
2,1.89083513908275,1.1054571397273183,0.512014618748012,-4.690733880055573,4.678530042464061,-1.3460812421089727,3.718826529539847,2.348426697889124
2,-0.0889226019820391,-2.4796595877447216,-1.1666229148874918,-3.5506463795959564,0.007370525096885485,-1.7856763618829599,0.4124687564392253,-0.724331193762923
2,-1.087163738253805,1.146371163202746,-0.5678831332898672,1.9802956663209579,0.8973505868863478,1.8046935938194335,-0.06221412828799072,-0.528845224032787
2,-1.956710666282056,-3.7298729459859543,-2.0152689883954507,-2.226213600039249,-3.199303595630613,-0.6480190604808302,-0.21541955418252312,-1.3789454931931673
2,-1.8411147077241385,-4.005581150689838,-0.7999539485692023,1.7865092183838702,-0.6171771921781961,-0.6096022983335616,-0.40882751338398055,-2.530107671195974
2,-1.5032075596539238,-0.8413405228174036,0.37237258335571255,-3.0966086629391634,-0.004450520520448559,-0.11111127259125642,0.7082951412571705,2.3192564876743753
2,2.3189153244606744,-0.6610628445873061,-3.0072474238697313,2.877244348633516,-1.0241863866783645,-1.2233832697471954,-1.9681876946292853,-1.7571500236244104
2,1.4891882189595025,1.0829369468047159,-0.04353691169774352,-2.0893396202379617,0.38338104460960365,1.4466363221022165,0.33463362645902234,0.3260087015709011
2,-0.6955916826158081,-2.464030280833953,-2.5281986668798915,-0.508325071002594,-2.871842361483455,-3.4316236018043704,1.0846776950190724,-0.8434157197091618
2,1.3901157458616087,3.005095307338746,2.73377269383309,0.4607327766906538,4.019712783513346,2.6959860432900116,-0.11220507130217194,2.7960730462089796
2,-0.9058714783598921,-2.423553219462387,0.4448469893906011,-1.795967855773705,1.141791677225273,0.4488162312930156,-0.5805703262849906,0.40208687828294376
2,-0.7132289493429279,3.1324638991551095,4.9654713989072095,0.03825437011071614,2.7753611591152922,2.722593835557328,-1.1328650071664557,1.8844993521631994
2,-0.8512203582046076,1.3371705031001548,0.9498519443781973,-0.10642897389389794,0.836548912311223,0.41233422125914043,-0.18250277777625107,0.4213493249605923
2,1.170583680780673,0.05821740813203796,0.8541288590046039,-0.0642751861519168,-0.15416306900122725,-0.5061947279362956,-0.2933483566583084,0.8808709208900307
2,-0.3995180308097195,-2.956925569550153,-1.3199955374202568,-1.0886013412929758,-2.081090407124148,-0.4631062840370691,1.0003575668685913,1.6747846415393868
2,-1.0669611662380005,4.017224849142874,-0.1410492270713248,2.177720334896065,-1.914533751585889,3.9506330051851064,-2.6745360202953545,-3.0151215845492603
2,0.6574019109812522,-1.4100912636489575,1.171780888727108,-3.2545600203051785,-1.2004447551116884,-1.523083880380531,1.5067606530252113,0.05401217353129175
2,1.5621655164488568,1.4028128137639877,-0.5269241315180606,1.5751192417208482,-2.0246676467096902,-2.5308395020981735,-0.5798721738168476,0.5109917586080085
2,-0.7299980437150446,-5.705286022182913,-1.6370792562323955,-4.245641398979522,-3.0150795132248747,-4.127879514555101,2.5010009651309226,2.03354805857959
2,0.8125145408196106,3.192204785676158,0.8500507343199971,1.3763606179962562,0.20058841492201335,0.673701419597626,-1.1587691775984585,1.9939679197847529
2,-1.6657495964956328,1.5424564800733993,2.764900650117056,1.3527256385322897,0.46410818518362346,3.173848469714381,-0.06582812525040016,2.346803813135274
2,-0.19121375166631474,-1.7967174238943893,-0.02013668592466838,-1.5571761308837342,0.7430859067117352,1.6097280088939894,0.06246703957750788,2.3234584562006706
2,-0.5047874916148706,-1.4252919141827498,-0.4336409980726506,-2.6673672848714722,0.6246344481686344,-0.1672027224704139,1.4006662067016025,0.4808205352845319
2,-1.3858949420147182,-1.7197078322964645,-1.6816118034586156,2.337684933101172,-0.575886084476823,0.7433679289442103,-1.3015589934790066,-2.391325189720645
2,0.7162990864101397,-4.788846994467602,-0.4169183960228039,-1.7281607625908477,-0.4857098520883319,-2.4484565709598116,0.4335865974457742,-0.1281152901698147
2,2.80754196869868,-1.623752307840932,-1.7642517871339227,0.4595945815863643,1.4419824009992175,0.8051596638464924,-2.465206180624258,-2.1919399760159703
2,0.5726292270218853,3.10597589303097,0.2760394359192619,3.909959482815923,2.390368259338651,3.276082296185045,-2.2564098001232966,-2.7237918622027215
2,-0.022179592284758187,3.3033010992342176,-0.07219987570171252,2.778955921699361,-3.2808553749000438,0.9121473564025948,-1.7753351955906638,1.9480033344442513
2,1.7423100509167098,1.0929213786352865,2.1472736225628246,-1.1245043791009994,0.5923360333872987,-0.6278553473930613,1.4493577046289254,-0.4984871983240597
2,1.1940053874827505,0.31370760905398004,1.1468953691279125,4.804618068911788,5.208094418144634,1.4159995018794866,-2.489454518497835,-4.094610191664064
2,0.615369255487815,-1.4016939351540185,0.4566305786584559,0.349671879156742,2.240934620410862,0.24014481504614651,-1.821293626566003,0.4059474617716556
2,-1.655242033141399,0.5464339758198229,-1.1808043175396865,0.6693235232380988,-2.2482117372851107,-3.8325170631102154,1.6479665529219747,0.7695095341474758
2,-2.331361728890888,-2.7628939906280183,0.39017134008096815,1.4028727356227308,-1.8940869178560527,-1.809373532594493,0.6682536473022729,-0.21837329197969954
2,-0.49459292051243375,-0.636653242916116,-0.0827037037460131,0.6154527144362052,1.5698191968172648,-1.4457795825351643,-0.5791091159251729,-0.23972341083900106
2,0.4793246468005418,2.185860303485977,0.10566990063551795,1.2862579726160317,2.0959717718179727,1.2526531253129978,-0.46040806321373523,0.8216750054518531
2,-0.9286609129124752,-1.1878075998837394,-0.4669612629152837,-3.837936885944426,-0.8134647228854648,-2.1121828997035004,3.1364976201389436,0.8918768405660839
2,-1.5995035882208946,-2.0929641320579355,-0.32195351303214975,1.8349968443337357,-0.5558101254400456,0.3089122030584588,-0.5512020256547132,-1.3482605303336404
2,-1.573839074414098,-1.4560571938364943,2.1063829557087117,0.2998256474777164,2.483286662841857,3.156515730529568,-2.240805214093595,-1.5021345332967817
2,-2.1467937140466318,2.0030667034461986,0.930917302384831,3.3136849592630373,1.3302244780303274,1.8570018196205078,0.6060255086935425,0.38541042527742075
2,0.9101728024817914,0.3856552967405755,-1.1766527797761637,-0.3158470938734933,1.6268112537461967,-4.139139160254729,0.20641441056887055,0.8733078392674093
2,-1.2308385717166024,3.0336384464399457,-0.36174579658319334,5.565514275256666,0.4893470376628407,1.597288973663044,-1.0925526165415234,-0.3160911615545424
2,0.35288805982749444,2.580856133138193,0.9583008349408831,0.01793497603420724,1.0399664359615384,1.6659170738190665,0.2634271391458818,0.15497094772749256
2,-1.4883702999688586,-0.0528452310312906,-0.4802476196349452,-0.3440632966860667,-3.722442236919446,0.0346415652313178,0.118476563694216,0.23435023860957388
2,1.690738329037809,-1.7018656255836637,-0.865185656811353,2.025140547735109,1.2572513250736936,-0.6063379251742923,-2.3428483416608836,-2.492116526171815
2,2.075910677990789,0.9277576651714258,0.04534114832498659,-2.5239477314533993,0.6417765710308031,-1.9583359291347946,0.8041152265758573,-0.1772179078383704
2,-1.861400366631879,-2.380770983753037,-3.616059699171693,0.16967253532848692,1.5534668038216068,-1.4265300465239628,-0.4839628586415524,-3.4603586103753674
2,-0.6692347346427436,-2.583292363490874,-0.35676138812837177,1.9855081673034924,-0.8701000198958198,1.2847365615707709,-1.2375804999261666,-0.02431862584802073
2,2.3746252679835096,2.5305634047620296,1.0302406039179874,-2.1769298875737815,3.1086661056086946,0.5016804074227542,1.6991424498125325,3.8796648338055086
2,0.7787488857652874,-0.18843482279317514,-0.902384707462597,-1.017186894647829,1.9510800753442132,0.20712214436138698,-0.17492285981544292,-1.4470909799484073
2,0.18933908856259676,-2.0434989355900077,-2.2123363602951516,3.5705009769370935,-2.1085728130491512,-1.1516390161216967,-2.5675601243599093,-5.126968766055337
2,-1.3186903005957553,-1.8149425878068624,0.12311623268932703,0.32880529253113505,-0.17533669750549102,-0.7432692054107262,-0.21709620414046277,-0.6921476183602708
2,-2.763639182329085,0.791233362999217,1.9236041921928835,0.5969744207307681,1.5524016180436584,1.2668768873627045,0.9528125368961853,1.7094167559168594
2,-0.2633157326548227,-1.331252524997759,-3.0029927298112664,1.2499907481638564,-0.1500353614732429,0.9540181561962349,-0.7408316328911089,-2.172040896400044
2,2.579940256989591,-2.156716666075126,-2.0393743516083935,0.11873804244423658,-0.9400413658813378,-1.423683366955562,-0.30925722438978576,-2.943846073837899
2,1.958660488982996,-2.445851157165503,-0.04050213572123211,-2.356736611506025,2.0308707667060504,-0.5311522066805776,-0.3325082754235593,-0.15428740231525237
2,-0.6597585067556112,0.7300806953514694,0.32208313320150667,-1.8849142608078802,-1.267559887655488,0.6404201041223978,0.29601881195313673,2.2826986283116804
2,2.186708553648217,1.6960511810380272,-0.08249938510933934,-4.062023342322889,2.823853905141741,-4.027606666157107,2.7011541829294647,3.1193783892998437
2,-1.6629833529471045,-0.3191256722688402,1.4446876955020291,-2.449609492489469,1.7450191531829249,-2.386911730981774,1.9611138792121972,3.3711579638274056
2,1.8828947070721826,-2.859052840233547,0.030646940903324628,-4.073557918535427,1.3344840075834512,-3.329254365674104,2.4747035791556113,0.14624889919515083
2,0.15924082257022393,-3.0963905243868703,-1.1947982043856666,1.653002982635908,-0.14795863153886557,3.521574645447486,-2.284236615972276,-5.698048094849958
2,1.051437361358458,0.7745473501281764,0.13249849927660046,3.5431850504040834,-1.2819275128178567,2.70371186988402,-3.4520014249684245,-4.347174772480039
2,-0.11019903642411094,-1.3235832067287387,-2.3880842374505344,0.21275399732403735,0.40004272004107844,-0.9275203328771469,-0.4537974124210735,-1.4513967633667955
2,0.21347125094935665,3.3449352930290237,1.1195761840087572,2.6796495206885704,1.1837467034602591,2.652685134265448,-1.9778273897376801,1.021748790314906
2,1.7155804368108072,-0.41749509451644023,0.4262276806266091,1.3182863737038286,2.399272938789494,0.3578496894966389,-1.570460545415803,-0.9337895254685504
2,-1.0400164723044474,0.2429825357618452,0.9689382101927788,2.4417879694633573,3.0594629386820613,-1.2718473234906533,-1.0369254395239822,-0.31176161733512886
2,0.2674939803670474,-0.1965304083649305,1.5955244654038565,0.5949361406719557,-2.1184996851072735,-0.1859296695892643,0.22656126477812688,1.1789862057201013
2,-0.2845246903412278,0.6043561944552257,-0.46336652497447367,-2.750232106193447,3.7207463629405475,-2.2517466497564156,1.360586118009707,0.8908002842180233
2,-0.6540252983525299,0.42474062573183247,2.0494246129392573,1.815178495488062,0.4875779914564863,2.1374222913655427,-0.6372036594785975,-0.9170889977328133
2,-1.51658025997855,2.4277014820824556,2.9744472725707922,0.7246074278646848,4.304062110620905,0.939398118802563,0.8012211240472327,3.9088771561845856
2,-1.499247437218074,0.8682349124353959,0.7664289479484616,-0.9040815941940341,-0.5302374743226108,-2.1054885673916015,1.9719921424308189,2.237255502026641
2,-1.0656903375324154,-0.3821208991280565,-1.475849019229185,-1.290895009937779,-1.1859242570173645,2.0206694480126686,0.4346356344172454,0.5041668163049899
2,-0.3141796013664737,4.2099609931525235,-0.4211321120565457,-0.3298568437964956,0.44361454705497083,-0.02115843045709767,1.0851956394828908,2.5553361308893896
2,-0.2630013345394858,2.6962162225230926,-0.04180865522598138,2.650732043279303,0.910686591532307,-0.6898425121604285,-0.42816783961252447,-0.2991991499120573
2,0.06202189385719077,1.436937696213909,0.7234141351991707,1.7838163157037823,1.1575066304312447,-0.853553657206509,-0.43437440836821606,-0.48988799580763587
2,-1.8159339379320425,-2.4043880365503445,0.14785118135057745,3.0094266774824967,0.4368641854221271,0.1355251970696266,-1.372713790341497,-1.7050004678207042
2,0.5646633253080364,1.1456051873195394,-0.28691164129155755,4.882684950967208,1.330939315754388,2.2357712035808333,-2.9101067547431856,-2.1567330386566956
2,-0.335813241786792,3.0420716266421564,0.6402477582023501,1.4487268348236737,1.0883834131669674,0.9573742407133128,1.4916846169403901,0.7941196937148144
2,-1.0773139264890033,1.4595478385094467,1.1514865260627374,0.42103670139375404,1.1078759725130969,2.556929475175366,0.293046750468179,2.0346914305895627
2,-0.6993421801027729,0.2433381764112413,-1.4718074496801934,-0.5450459696840982,0.2611160026956625,-0.565118659648107,1.5494414197357154,-1.0195033940024127
2,-1.5020571422875628,-0.684095391575676,0.9422659384191454,-1.9599105123433906,-0.9289948501252309,0.45054297329390797,-0.21115903452436113,1.1781312000338622
2,0.08831128910931671,0.1292787800446899,-0.8900190385042104,-0.5195356188781726,-2.664210854216185,1.8125707161377331,-0.7944193577090821,-0.5398903523675382
2,-0.8632500888921497,2.366832375324214,0.8186145520323088,2.282216155477433,1.4070852388873702,-0.24377180867898315,-0.3570934101761218,0.7987884958823559
2,0.7106117640403382,-1.1445752369639626,0.5516825734236034,1.4755836822105326,0.9748369206458063,-2.080001542995529,-0.8800342091473563,-0.47935641099312437
2,-0.3246883983429341,2.7134122997005115,0.04259656387898592,2.1167456778625846,-2.0979138516043023,1.0811941826595475,-0.3827830631330729,0.19634426613641934
2,0.8152738328244631,-3.6206489593843068,-1.3552415165907392,-3.2747474947970985,0.03217013573700578,-0.8646048364281413,0.5427379471469856,-1.833602644774233
2,0.9684357515812313,0.7412892619992509,0.2944778976254175,-1.640390113541782,-0.888038598725883,-2.2449248369198433,1.2151681649200348,2.275942963299752
2,-0.837865109363787,-4.042194428540277,-1.7426594754780484,0.5936001961987808,-3.184707451076178,-2.476188943465513,-0.0840089370231065,-1.5366521494338572
2,3.151472463594323,-0.9102734965026723,1.0738502186939336,-4.070845963033842,1.5231872768395767,0.7339650658477311,-0.28097283942954254,1.9637140580094357
2,-1.5277201140301706,-2.2177333834743447,1.0129430514654776,-1.1424923020438889,-1.7829926848433875,-0.4255459282217152,1.0406846899128124,0.9389739451770824
2,3.1656511331925765,-4.248213351701825,0.2849704739308402,-5.536745478555399,0.6198965361516835,-1.3050125141897224,0.9393017598234585,1.3576384057935529
2,0.47381760787756194,2.2130512938130193,0.881058525068052,2.2192616235764775,1.340417481654673,2.740640153709273,-1.5760244824613978,-0.3477089145816425
2,1.5255649264244657,-0.3078732026693308,-1.2058966312745787,0.524203252544357,1.9177086396490535,0.24289371553756628,1.1632335253638393,0.6100056575645025
2,-2.3779679899000796,-2.09743635852803,0.20669604853773985,1.1012320288975626,-1.4692469714573535,-1.143695364810107,-0.05531528567688733,0.4298854451542326
2,-0.28996848840057493,1.979063932087605,1.0552123735255137,-0.8204712419541154,2.4643399639821673,1.7060105753942103,-0.747898268998242,3.599817376564925
2,0.40493685321279105,1.7090677554357516,-1.165131470507704,1.8589187405173087,-0.4675480436780923,1.6202798776681833,-0.07891617749027657,-0.6106803262054591
2,0.4622178006062498,0.19960845156580376,2.7970657965177272,-3.754293914290838,4.503398408858414,0.4972947064525849,1.0574763923381714,1.6795799879450921
2,-0.09348012195102864,-1.2278230989978627,-0.5670179085667251,-0.8333185103747294,-0.933141281848698,-0.2130892554002174,0.04786728000259049,-1.192503656235442
2,0.7777316559043588,2.1202795112285377,1.083810420638121,-1.9878088559367308,1.8215120106660334,-1.195233190714059,1.7142381525287054,1.315825577692074
2,1.09463551011066,-2.67603449079376,-1.601290155185825,3.061714850599923,-2.068490803747703,0.12618017488380823,-1.8398327648829151,-3.87446468156055
2,-0.6114854260441142,-0.8925470080062965,1.3517344981455286,-2.8380552399609384,0.1443511588864488,0.7886066273006914,1.1324650409604615,1.9877145798512694
2,-1.3551204718092873,-3.280223525416358,-0.25365582746735005,-0.07327663677841148,-2.559894942552414,1.0261794690759718,-1.0905352597623543,-1.9844744268062973
2,-1.7016966787864019,2.3496852678824593,1.2566776654518512,5.968738386032909,-1.4363681701967665,3.930578159434577,-3.3076509375416774,-3.4143337077948517
2,-0.1833353832997833,4.14837560339894,1.891432032295223,0.4060427258379535,1.443148752720396,1.8214830166892175,0.3690458437241014,2.8053962080808486
2,-0.43970486248098645,-0.14308801914851332,-3.634269366932839,-1.5531111693521966,-2.6977944151140565,-0.2474548224184938,1.1673893841257408,-1.7046996614212653
2,1.4885518118369034,2.280811655217389,-0.5004055974983056,0.8283626724556464,2.1624386285554102,3.427273165740688,-0.9072452485329784,-2.674644511970054
2,0.6136096862104199,5.201037949478564,1.1831345407404015,3.405699607366381,-0.4398721222575787,3.1707850638871813,-1.2260061918869904,-0.1883349801124954
2,-0.7733537251723086,-0.40993320429236185,-1.8003253267460806,-0.29396026931472585,-1.5691328609531046,-0.6518422424380625,0.5143678234351365,-2.4058347245108673
2,0.4310445342374266,-0.7621425219907526,0.41958197059698127,-0.08404204623523368,1.6258258279676123,0.4124987298066001,0.1276604094014286,-1.1095882923747944
2,-1.2514539750943854,3.269840908047865,0.9386203218403926,2.761842305967053,-0.8608042296501495,2.1623434329110736,-1.1815138362152633,0.08026409525366476
2,1.1414338412256724,-2.9619444693406742,0.0009416490534436793,-0.8302909433242702,2.0196053944757635,-2.3495591729470338,-0.352539045995517,-1.9245489456659088
2,-0.7245869387760654,-0.48540575441884093,-0.38313651695208834,-3.372976690402047,-1.4380367298545897,-0.5873551913602821,1.5066071483561996,2.560197286268241
2,-0.010452092173708669,1.7378161452557583,-0.0923856496430153,-2.4505641843834858,1.4325617494618228,-0.9735783084220679,2.500558798705238,2.989515475210633
2,0.808657424254141,-2.0587421745135637,0.2256004725753991,-3.4470125116804864,2.22667624781849,2.005288598359064,0.5682569537315288,1.2420465070656084
2,1.5882782757486662,0.15466604745864887,0.41114711999682163,1.0915318526336981,0.21476489056751136,1.461938935277443,-0.24394583078960808,-0.741837693865207
2,-1.8707504777973207,3.988556367063847,2.0238565916220623,9.683859806076807,-0.46364592420211354,2.873770512871846,-3.2317666278510946,-1.4467580355080862
2,0.781949942156824,6.030621225971028,3.287008465110725,3.299303861626228,3.5316092242276746,0.4457556144078252,-0.8239365644124925,3.606512908345139
2,-1.619413588108337,-6.080271563582884,-1.364560228934856,-2.6970881914816855,-1.1004523102611823,-4.506047105992698,1.35127254792121,-1.5584958906035367
2,-0.5891330370091219,-3.456004022680007,0.09515736300753704,-2.6304984187263827,-1.2468873086041712,1.2094172447936309,-0.25742519578596385,-0.6644134431800889
2,0.21169251411362977,1.4844610760885022,0.5164023876893143,-1.1507104639680306,-0.2825860702588492,-0.8711744589182004,0.7593167504063374,2.380151617176297
2,-0.7099623021041092,1.0969883548172925,-0.9850810925277362,1.7665629056048089,-0.549888955306607,0.556846646316017,-0.20216716365481716,-2.0287767465187225
2,2.980616482326102,3.0599982936661725,0.5553153632278738,2.627714531147594,0.752092510491551,1.340172510839092,-1.220228375657923,-1.5337242196697831
2,0.3193605697821015,2.7056454704329234,0.31063673786873836,-0.0487190446330345,2.1558738366570362,0.5120653688111221,1.69082219623762,3.947360815307642
2,-0.3171196455727852,2.136589901490628,0.04956964648556486,2.4382976998281425,-0.9648826185379555,1.2871949230363744,-1.3861216846413804,-0.6589817693332124
2,1.5053011864884096,0.7498613341713893,1.5885409002574917,-2.098632759421444,2.8945484763159564,2.616786598837274,0.7265211922716291,0.887678615317949
2,-0.4507494643650246,-5.280216140964732,-1.485999909540419,0.39129078233702197,-2.191053784610702,-1.8837234798122504,-1.214041644207384,-0.694282989540838
2,0.4644458947476669,3.593298545258074,0.38859226747065145,-0.4786225366272688,-0.9989169897507393,2.305773321193107,0.1248061854184326,1.8173432214049192
2,1.2590508155450002,0.4142416641225138,-1.0484911238721772,6.555625266946376,-1.5801382968838287,1.537217033891233,-2.869045502961259,-4.6974021561792485
2,-0.8918508623903055,-2.8509715489307075,-0.17382130831982423,-3.7785956653839956,-0.48189397091183334,-1.5231439880892774,1.675558430504029,4.072860868005358
2,1.3438640115123544,-0.025434754460401082,-0.7815929063582155,-1.9819356224606377,0.010918614331094152,4.9708731410147395,-0.8685361165311953,-1.5466445763359356
2,-0.6024107308642436,-0.5903404210402863,0.18309613253050877,-2.999649908950279,-1.634631997110518,-2.704861514409116,2.1451444934769195,1.4650685036795033
2,1.2230303248916536,4.247103516769756,1.2694930430421882,-0.5718662564229233,3.3383213657774373,2.7424087094217304,-0.6984112315405342,2.0582414265636193
2,-0.8891857394856663,-5.92247622136431,-1.07303133429345,-4.0061946491738585,-0.4646727392586596,-2.134832109136309,2.307546302296039,-1.9454985808560346
2,0.6386057659698529,-3.3478197424350133,-0.9383902400464886,-1.0947920841587206,-2.026534041821596,-0.2951896130931152,-0.8511874823532857,-3.8512973924563925
2,-1.2543580376349315,3.2824229093433948,-3.2893156636302034,2.9864417429260626,-3.0601975295182293,2.154530192196525,-1.418891417116449,-1.5031353679642518
2,0.1381619569121832,-3.2980784194504302,-0.8463647904370216,-1.245526341819124,-2.3697116563109346,-0.6211299639153978,-0.3524890582315855,-0.3291289140641145
2,-1.9893664846328274,-3.438708771317966,-1.2575238638905248,-0.7140150620678651,-0.2353026027533422,-1.5575826906513441,0.12974026718514864,-1.0444758767310574
2,-0.03127137873451494,-0.7363262013887024,-0.8768937605727534,-1.016308664034733,-1.9804714583033893,-0.1167037925595496,-0.573540181500872,-0.8021713457479297
2,-1.1239653746642835,3.2862580475082823,0.9894804805662545,-2.184276191787304,-0.664678944979501,-1.1452629064096522,2.0613555962631747,3.697891518136444
2,-1.4865989554100878,-0.9015358085311831,1.0562561812914213,1.7178411741755701,-1.0663259380803376,1.1482968164590184,0.40886588350154907,1.0006398850503448
2,-0.0216340693903668,0.8280100951270418,1.1457837770943422,-2.1426090966662237,1.6170080004343717,0.5626254145318821,1.4489328523827942,2.3569146915986385
2,0.9639270014349319,0.32255777569278965,0.5847761370039924,-2.574114266046621,1.1016221281986602,0.2089732112392888,1.462481715118794,1.4376901974262342
2,0.05590227918214582,2.497234780760421,1.0856858712028838,1.619961325054946,2.358041963212904,0.6610131190225723,0.2943513225867801,0.3148363159082547
2,0.5334294452010908,-2.630906101913263,-1.005440408773849,-2.8741557790290013,2.009617820894931,-1.2193065590247403,0.7110129202483892,1.1978884997223989
2,-0.19952524860376258,-6.784381127626596,-2.023045079883879,-5.110018799468996,-1.6738838616892122,-2.321798381013876,-0.6443754350333744,-2.4115960979175646
2,-0.09225815862546613,-1.9570208536750715,-1.1391905092844676,-0.9802572197914559,-2.0672315717873873,-1.2166684971376587,1.2496576722581703,-2.1751721927805017
2,0.447351969923218,-2.995630708008389,-1.47153604985995,1.7992084442473109,2.252822553755656,1.9000490071043514,-2.968393671008445,-2.752309001846913
2,0.21400741721055389,0.29456256025792765,-0.04954260322676058,-1.032343627471292,-1.4793305507087788,1.0890460669456532,0.8417698058355799,1.423333717351744
2,0.012621626821777643,-3.1104016259321146,-0.3285501164393064,0.9079765138455003,-1.1648710148999626,1.5866407356359413,-1.397866854511756,-2.8507011822005475
2,0.4676729895583853,1.8450992398505681,-0.8238368258500163,1.3343748958410835,0.5135464714670592,0.6601540208876445,0.11019325399279976,-0.34826202863538414
2,-0.2602977262250634,-3.9755745485025,0.3993829869419599,2.311379419606904,0.660694598487562,-3.1949023282509286,-0.3135578256062294,-0.844301914269742
2,-0.5458881033827736,-1.1666358702472996,-0.5577730730105077,-1.6674579961968168,-1.1039302725391271,-0.7846655803299882,-0.021308524923284,1.77688547821641
2,-0.44724795512599164,1.4093403180710096,1.539087530783554,4.26753740406896,-0.08039671438839435,2.2171634638963265,-1.8939690490755998,-0.4797814135678492
2,0.8100090731139796,0.35317303683865187,-0.7075503107115834,-2.68889062406989,-2.143269506888352,-0.8054663883161747,0.6325244573798164,2.096428015338235
2,-0.3521998955005677,-2.5300123259551017,1.6283318661170223,-0.2999621990392508,1.3738791239422794,0.8464545300309794,-1.1225065354376242,-1.4783193354069164
2,-1.2628313597108565,0.4859513680675094,-0.05922526172779874,-0.004729598681807723,-3.2686090130357224,-0.9367046080304844,1.6015662109093407,-1.565324967220831
2,-0.8441428763058327,-2.6739218454468845,0.09990497572238292,-3.986083036439593,-2.4528610115908345,0.8777933465888236,-0.22347426524298836,0.867808123633417
2,-0.7772196933492694,0.6732163260276123,-1.8747219385755418,1.2714173879127673,-1.7357429638935966,0.12050430027117179,1.1894163765501538,-1.7304622204772981
2,0.9153027568361599,1.051012515630855,1.2400585554306844,-0.4580750092632503,2.8638324984090198,-0.12968344848691066,-0.6161865088089616,1.2229998791825816
2,-1.024687637100167,0.16482612575869002,-2.2691452129272163,4.145585133081925,-3.209868676540973,1.2509728540791998,-1.1991675487359958,-3.493986969520686
2,-0.5999228059833179,4.807609889687041,1.4388804088051552,1.4229270697511862,0.8656400175391861,0.9159284837336624,1.052654404101783,3.1438827371324733
2,-0.9412005439893012,-2.902796651863659,-1.4896695577929888,-2.7060588657536173,-1.8887358072321336,-0.9988475294067325,2.7097279630605686,-0.9899300409652725
2,2.101454216994936,-1.899230853575411,1.9346834338443086,-6.915030382635431,2.414882194733662,-1.4543781948574874,1.6294159239699433,1.0836947294087718
2,-0.5692783669505562,0.7174703123742459,-1.0526722254475032,1.381043072521279,-3.8197285967765775,-0.11177351152390476,-0.38568148617240516,-1.0705808059853366
2,-1.5620305178769134,4.0816746974735505,2.2446641534575456,3.04227277154993,0.9008630530096452,0.7055042445428875,-0.3279245171978381,2.958815233493763
2,1.5527033202622085,-2.350943514071954,-0.30637015141947466,0.664750228462959,1.7329788938551605,-0.4172197918101851,-1.4679866249955154,-2.0126243081465374
2,-0.5202168683777485,-4.326769878366091,-0.7943574402737874,-2.503195894290629,0.34613894151216273,-0.31499283846122333,0.4976061738241538,-3.582982444619338
2,-0.8090716078302913,1.1226549278887052,0.2577322245119168,0.6233226586839156,0.9745980468029928,-0.5503629182647001,2.066024189556697,2.3491490653760687
2,-1.8803707964728,0.4531964690416444,1.3534074521482522,-1.1578695634408627,1.3059981699723475,0.07398040605278561,2.8314008697299697,1.5060270841582473
2,-1.7714152126054639,-1.7415391933562758,0.6099117958017855,-0.7216582689173856,0.21238385287669034,-2.75066605111548,2.305967249185235,4.124938969738953
2,1.7360897781816833,0.6357143714682698,-0.7794958520840162,-3.4304003644364194,-1.0042746977878658,-0.47729624260526904,0.9345799971121878,0.6220479133068134
2,-0.3359276456243792,-4.634627708348762,-2.267121708098085,-0.48693321581665394,-1.4320341779976566,-0.11400638820777244,-1.2035831492865545,-3.1124913083379715
2,-0.9647027926342968,1.5125501969242414,0.3493387767784938,2.2896235675131162,0.8145901545055553,-0.07323976217276706,-0.8066040254141229,-1.0235683914456204
2,-1.5042360387085278,1.6272262727856295,0.7611331094364204,4.455393908911621,0.28101380376416046,1.6888403118845539,-1.3025536845048034,0.6274618118663283
2,1.392860221358369,-1.8990779545873797,-1.1990911397281376,0.6816852506239416,0.15674370768502552,0.684590788525299,-2.5019243371279902,-2.6113100452181808
2,-2.2796541898629017,-0.5869150609822895,-2.1696758417754705,-0.8796910274338887,-3.8670313030454864,-1.2643265982440046,2.079169251513318,0.15594078594268013
