,0,1,2,3,4,5,6,7,8,9,10,11,12
1,-2.472007553928232,-1.2399431075957228,-1.3450856116364331,0.8388677106233174,-2.538353616215342,0.7763341662723683,-1.7591534104137483,0.6884366435048531,0.10998017770952329,-1.8435344926970592,-3.389811840736325,-0.882941688718399,0.7354787201040837
1,1.3897007619262478,-0.1594315571527121,-1.6529378671470436,-0.8341727789890016,-1.512266834264275,2.977204635825308,-2.5193393821214833,0.7258958391771975,1.3701067439238541,-1.4151627657424775,1.7294870794416313,0.40395093524172954,-2.5286587834334266
1,-1.8964653964436762,2.335805607237599,-0.34861225695604997,1.3106340864395805,-2.8509890444114765,0.5297193722043284,1.2713325291149324,-1.516482988957148,-1.2945932861273495,0.19200173642373297,-1.076070895685971,-0.36378793453189584,-0.9426629855150808
1,2.0769630438382776,-1.8047403438635856,0.0578597221223024,-0.8938498888423053,-0.42439396471647683,0.8947925025514235,-0.7227998521063254,-0.3154884329577606,2.2707565496373396,2.1652217836476946,0.8431101943648097,-1.5659079709380441,-1.4847329554400681
1,0.65440687114153,1.2039604238267938,-2.443180267468043,1.0856640959593262,-1.9730494600402915,2.4158713918427783,-1.638200348209325,-1.535063872853631,-0.21308818082775274,2.5734841474488963,0.8164713440436512,0.43199663054915066,-3.465227966960547
1,-0.7997421973946917,1.583640364364218,0.9066009975267352,-0.9119798364974777,1.9893873381399083,-2.684079803984176,1.1454159011648328,0.6872210967403944,-1.9862739660199287,-1.77059848132604,-0.692364788232928,0.6199780753380149,1.6503031609363068
1,0.7821293941629929,-2.2005679103246347,-1.0553355333419787,-0.2966827732122023,0.12335045790085426,-0.6941585817148904,-1.7650430230091068,2.650378207746591,1.886788067055948,0.5739033859448609,-0.7145989527466061,-2.446699903051897,0.6914156981223738
1,-0.021632489263296667,-0.9217471670324616,-1.9418994534491638,0.34702640125179063,-0.7810801280844165,-0.19677188707583312,0.8469448036037935,0.4516166462790243,-0.0645352607904557,-0.7182625205251776,-0.0784538523462228,-2.487860013571745,-0.3383199996746783
1,2.067168312088066,-2.0602993497235182,1.4419274396475648,-0.786403038405049,0.8774057228015669,0.853107830744786,-2.6397431238593656,2.7886934936121643,3.869686246631566,1.8866249827056494,0.9806285002402096,1.7145207628934223,-1.5838730912456431
1,4.138120581945658,-2.4533233195284727,2.969082047875057,-3.2977260404478015,1.0885647973790884,0.053907253144816376,2.020068707756433,1.431373933169627,-0.900161563618559,0.472162073137132,-1.9580879825730682,0.44215424011810506,-1.8785988859913745
1,-1.5442004402229133,3.975550690262636,0.6581697982632219,-0.9620509850045883,0.8687221140803426,-0.19920701249005174,1.5132266367441471,-1.0248520313904292,-1.890503586979678,-0.097907964764219,1.6140320647099118,-1.291497782543454,0.6069944377805552
1,-0.36154905385661423,0.9949431852886879,0.1651939888054981,-0.4715935366375674,0.8347023139709272,0.5103231573845192,2.135650438866349,-0.9069519092859027,-1.8775781186799758,-2.1567018472321537,0.1712595124485389,1.8416223389160515,0.2828229804037043
1,-1.6425308796665445,2.1682032021934936,-0.40863362440763307,2.791158898613326,-1.0034088481546555,-1.1376011442408287,-0.1761987760095834,-1.3842700795283789,-2.3412196819091116,-1.8303809176177854,0.7816385635944842,-1.3835457362265915,0.6828902813206147
1,1.8162876841603481,1.8934864419865498,0.5081032109451097,-0.07522190708690693,-1.3781075460156074,-0.0030104667611550746,-0.977133192088373,0.5673294923119793,0.8547055150367395,0.8794906716095793,-1.5480374677770627,0.37869134227909834,-0.44778000805857665
1,0.3707557096485046,-1.4851479529762506,-0.8966881919251386,0.720115481499567,-3.9653766237554047,1.6927535434889143,2.270640867425485,2.396200211014085,0.20749497245479576,2.568977234836728,-2.4659260188653747,1.851696832301341,-0.9999610028746988
1,-0.6777021497945134,-1.4239328985208253,-1.2039752555311531,-2.826744407765951,0.2219471835627068,-0.1717968420656802,-1.8988407255940416,1.4602039320372155,1.4360373378278297,-2.700622722617791,-3.053368921347896,0.050963152829098204,2.1321006233239204
1,0.01592324131280171,1.7932186890343476,2.925300355079931,0.8531991120815632,1.0214530022281072,0.5980773356726606,3.231665908737006,0.8165643263620896,0.3427915743880438,2.4864246770966765,-0.07550554426838323,2.2126593654897033,-0.12816116582192036
1,2.3816938102609786,1.156832933804905,0.38992404918546086,-1.01958073506913,-0.29376114231589706,1.5043140722817943,-1.7993952086717562,0.21023065758486156,1.7692187818247984,1.0477590745374568,0.08888216942947283,-1.444100794836723,-1.6834627996029532
1,0.5899490964410403,-0.4987950274348247,-0.1024372510556465,2.1522904940215306,-3.5455132455375313,0.40817784289451037,0.18482968648611336,-1.4829005982813188,0.3503390871881265,-0.11324009740994204,-1.5430189085319823,-0.9516578455374232,1.0741700089496773
1,2.11120611621582,2.7000269802331296,0.10480448833059387,-3.2631444346843015,0.4267441977755451,0.06647498161035445,-0.41396040281644514,-0.16530363833892306,0.7146996086176737,2.2427297950567064,-0.20510699246381253,0.16944447423798328,-0.20290701316145016
1,2.477444047112385,-1.800920684675195,-0.05284237518420596,-2.1541507689328774,-0.4342173049692688,2.4867920397620713,0.5228922272656581,0.6757145352008093,0.5788182146324785,1.733563014601143,-0.38069958947881016,1.692808764819698,-2.22186936221337
1,1.5947900041800696,-1.5356040394020898,1.1652040384560909,-3.095924473701961,0.23274964301857407,0.07350948729170381,-4.379436298510569,0.17086775507948862,1.1265069508518437,0.11253517462507326,-0.04017086316553107,-0.3988704433070316,-0.3497215658508098
1,-0.18644648395270003,0.18296883526643098,-2.3780494410582675,0.8683868363904015,-1.2821753023371483,1.1552690900011262,-1.7100239505978114,0.4157470096717533,1.2467628149011871,-2.322698972521709,-0.9980338860648256,-2.6015586480328383,-0.48692446721007343
1,-0.6052843911805909,-2.3767705883040975,-0.3002740942644883,0.5743140611391933,2.4351143141161606,-0.561374344128781,0.06044909783343296,0.0950615473940908,0.45497257780124556,0.905564992002588,-1.874029839314293,-0.2888421683850011,0.8350044961981615
1,0.2059517552290768,2.469967569357516,1.2115476773033402,0.8037065715652733,-0.6171008014352124,0.3822236597036308,1.5323301252009238,-0.08099899267562391,-1.039440278505607,1.7279421968531277,1.2880121254737573,0.8401654161246331,0.15192531054939082
1,0.0685891418977594,-2.3480705694494812,-0.3367960489701945,1.0608545218726761,-2.1248682966935535,1.782284382899523,1.034001112664541,1.0990818179347053,2.3041611321098348,3.884055889844569,-0.05808626771439874,0.12945146852841166,-2.0737988084068486
1,-0.9277736361660087,-1.8603628475516165,-0.23683422743092977,3.3250350734297567,-1.584635554816214,-1.06790924398803,2.487947039286871,2.254636266697002,0.5164242415437614,-0.29091946540000535,-2.0382858956175167,-0.36896520780076514,-0.12683325271709506
1,-0.35931015762425084,-0.3719770856921031,0.5856309418776036,-2.511090575545239,0.10594187468275518,-0.5927357334600438,0.6322109438429687,2.5621605536111547,1.3162187061762465,-1.3479256262303068,-1.7136469055177013,0.887597134718763,0.9802105038689402
1,0.12025098296173856,-1.350405340676787,0.30982838718070516,-2.236486338701208,-1.8842866278765584,0.37981575263996703,-1.5611227767415765,0.6834051808941717,1.4795360409601752,2.0798238009063934,0.0393355464724213,1.0794601701545439,0.11129635722539638
1,0.03490966900007337,-2.3174584764418427,1.1658731591757914,0.35318338517409426,-3.595513979077147,1.6050946150496472,1.5085497497451605,0.7103206113485584,1.1885215021709319,3.936020672950226,-2.050697902062694,-0.2343218249681925,-0.21126037799020048
1,-1.9836922971514634,-1.9439755754830583,-0.7820304296816828,2.688149783859144,-3.0204521113844285,0.8775451644055615,-0.2538209837503843,-1.8732595641813599,-1.165765553769797,0.4587659212134691,-0.8151175337221116,1.1923275024276232,-0.20992536752473173
1,-0.9965363998649274,0.1148565157387159,-0.9738408084298752,-0.8304854349698098,2.0755328530202877,-0.43488319948026355,-0.3668812531780414,-2.840655877361924,-1.721674566890282,-0.40455383371855835,0.5499853721095593,1.0437737259414783,-0.23549304403552174
1,-1.0442838377707055,0.2706754199302046,2.0190872510185334,-2.329966477753853,3.26126401462866,0.6964164995798996,-0.9238754758660466,-0.4760986631572979,2.3655814603961156,-1.4276770625049295,4.4640349514627,0.6969657976602147,3.487927422294535
1,2.275935788813388,1.3952065152672182,3.5352242108017133,-3.3284837846671844,1.0660472262779233,1.3625484049369228,2.486012078269001,-0.46987574259628917,-0.43666119843275414,3.403661214189534,1.3960005043035097,-1.9940063506821197,-1.812458645184408
1,-1.5107946061310877,0.23468999776470512,-0.07023860975394818,1.0607355094551036,-0.384127701823015,-0.6791956696944733,-0.36194084691524797,1.5946285313881305,0.4395332446880827,-0.047033591731372414,-1.0349132721325196,0.8856654121783116,0.5309427008782286
1,-0.9416123078984815,0.9530249661478004,-2.367830553346113,0.17586155135869797,-0.40445864876797205,-0.7262817650377187,-1.2056219059083617,-1.5967313784661445,-3.109916900988226,-0.32683272575069167,0.16281662474927158,-0.019283959843750358,0.8684448830126343
1,-1.327942135895726,-0.3651724183919245,-0.7868254650924723,0.6150706692965943,-1.1738905170606988,-1.411086072610987,-0.918976905564675,1.9247564103473027,0.3682130870925981,-4.2842685750736145,-0.9495249922791028,-1.9076089020007196,1.3142195172477156
1,-0.05774104391097785,1.19238484584079,-0.7707429954810026,2.106922687211526,-0.47150883926776604,0.9640994311898977,-1.5249657191933181,-1.2376335370879585,0.2753777661034776,2.006543000824881,2.630496059940131,-0.7197443926883926,-2.336003634730363
1,0.13182167835829287,-3.4196443346584102,1.1833652387366835,1.7590381227638847,-2.1322113156756326,-0.0729331069540285,-1.683926934342396,1.3053324792570362,3.4695777063512314,-0.7526280790982757,-0.6670394250706222,-1.5375860927356926,-1.3035185648167236
1,2.224244105151078,-1.3559210019505192,0.4464478090490624,-0.1667528560514733,-1.1480421194099175,0.33989860216096696,1.2031414055544314,-2.9339348688566176,1.0652180481618305,3.9494622085717173,1.2683160770701027,1.9665302356956265,0.6143073721470765
1,0.8825520504149952,4.266936239920624,1.4427604128344222,-1.28035462475184,0.36906300174251994,1.012049127799306,1.8122736823041923,-1.420930259777507,-0.4260127019702274,3.1994476874299234,2.7229259016245053,1.4474255644978278,-0.7820621717965414
1,-1.2717959926788633,2.565464734151369,0.10668475424539606,1.6567717297470104,-3.535072463999696,1.0065682423411944,-0.9533155955847127,0.07597911003025463,-0.8847468849610907,-0.30534035655946307,-0.1527731465010272,-2.1727070020160806,-0.42950369026804136
1,0.4914932727309659,-0.9761164090276016,-0.3668309334017299,2.0283241090634205,-2.114702755623431,-0.2998001511540268,-0.1131593058608208,0.7243183681320283,-0.08687720859172321,-0.5678775381140542,-1.691503792735526,1.2611503596193183,-1.1102791178759002
1,0.18536894017500077,0.8633836100104585,-0.30833415855382157,-0.1196682997246851,-0.43042170746888725,0.2544980389511,1.0849033041222693,-0.05118220407676649,-1.0483050196311736,-0.7519182470598542,-0.8485111460890962,-0.452351314296721,1.1942848758681053
1,-0.17370225875395004,-2.7560484753412875,-0.11686499658397058,1.334793872767014,2.7445578009557403,-1.4481781520406054,-1.4822487879698756,0.6570668874732114,2.9264022209745293,1.1998606061661055,1.6175722505364876,-0.4036960427556664,0.0820028624084002
1,-0.24148004395803138,1.103995177262266,0.8451662294989593,0.0037662907170758135,-1.2617605271401007,-0.8070815278376952,2.4670408203110945,-2.5286631180454275,-2.5523128448850962,4.222785775019636,1.6186634276324077,0.9411401874203841,-2.2806448602658156
1,0.6745308967375542,-1.1739056322793802,0.9180498550749094,2.6762400344260837,-0.3856665576869579,0.6368444912333305,-0.46010882167484224,1.5824296826516917,2.1690690279330243,1.4021033345473515,0.6415532590434081,1.8757928896480203,-2.663114162951985
1,1.1377858726713472,2.050686597298753,0.9486057377668459,1.123614202240663,1.0086714471681533,1.4581325073150144,3.7172811395835725,-0.1309082566344256,-0.7548033461566461,4.473831533372298,2.5544636086007038,1.0688722877986876,-1.902035934725652
1,0.08396299218191003,-0.5181577720392808,-0.4702493386844565,-2.7102355798212465,0.6460260918957414,-2.544783024254975,-2.4296616571569647,-1.8689011642838855,0.5263131921617226,0.2758660640572517,-0.8074796341670794,-0.8523527862963881,1.9239406242424653
1,-0.3788225156878521,0.4352542487009119,0.1694167447388881,-1.8411853878097895,0.03590339811959006,-0.308441701990329,-0.14032474331855882,0.7593787884984748,0.8368678048069781,-0.2567789476908537,-0.30113233556066454,0.5570573719335933,1.7298616279901546
1,-0.2083377118176305,-1.321100729743818,2.0627878442097596,-0.4619158187307049,0.6814167079306899,0.3141839690116495,1.1997340727962897,-2.2236222092751037,0.585757854200873,-0.13366040587132008,2.1278526275878624,-0.29397494826475284,1.5346052641027432
1,-1.031619449430155,2.8753808233971476,-0.8219019078493139,3.0692570385326237,0.7443713430809035,-0.5759488796895014,-0.5234926113294462,-1.303682207479082,-1.003289241870306,-1.4426038827754657,2.0634508829791267,0.003621141154462949,1.001411066753622
1,-0.8760858781912508,-0.4063588110394858,0.9819352867865302,-0.383892561221273,0.7012137568466908,-1.3620661400370404,-0.7662604005201219,0.44753867222905497,2.5226165901898514,2.2432139976262153,0.12749848591227447,0.9525073745647961,-0.5051070485057194
1,0.9349813561283452,-2.408737146836238,-1.2134366319719763,-0.21669393084859828,-0.18464381500151988,1.4390269053534823,0.8145115519647097,-1.548171734183057,1.7837998039990792,3.2141573044905902,-1.3454527029809191,-1.070847488984736,-0.8280398858291736
1,0.6988219693453933,2.6235834480944566,0.5827114710046508,-0.7559554553179247,2.257257869032946,0.1658035959554657,0.20448827395906194,-1.5561273926378536,-0.6164689770024188,0.2188795373838117,2.3211002047452283,-0.7877411923116306,-0.48206699870224745
1,1.3689429358781178,-3.209653817154287,-0.397344523387323,1.3343427434558919,-0.16003306861049774,0.6814506954994363,-0.4831401829735439,1.0505388452416553,2.8379747467533556,0.5364048211855158,-2.9287536826013034,0.2549613394306408,-2.4019683995327705
1,3.7641752096891747,-1.6466621412002165,0.8276005699426552,1.814806086429576,-0.2795912159907424,1.9465107290191834,-1.8664097684889158,3.1604188593508042,2.718350305729654,0.5165056776222574,-2.5823255936548253,-1.5833218422387474,-2.4779937113389647
1,1.3555182786398028,3.028516385873797,1.556681653049153,-0.19278244814791676,1.1570470222212677,0.5385327742096325,2.234154733607031,0.5748276641441163,-0.11693602464135874,1.1684502880734176,3.6395812262293354,-0.6407243886320594,-1.5540476912671848
1,-0.45296154038853426,2.587981609733966,-0.18733686819476814,-0.3279708813234128,1.5114476283035223,-2.432696359229628,3.635675358894634,-0.2689892367059297,-2.303679892626356,1.1925910741003158,0.1496460817163265,0.16327528881512568,0.06363491242902453
1,0.5994840435223606,0.5091216316527866,-0.13985758934347986,2.028229419979318,-3.279272980800055,2.429521231828581,0.9490843288754198,-0.9433412944576531,-1.7557878523816275,2.8003610763678233,0.14069688612730655,-0.7859131613026057,-3.2143893655254874
1,3.518023484370237,-1.58859592283245,1.086032255414161,-0.16234678348849207,0.15868518973272136,0.1564638548614286,0.39358155388213356,-1.579270989535505,0.50205795366683,1.907582120443688,-0.5130110941850254,-0.30536322493048745,-0.6523086690198393
1,-2.141971943925408,1.2132523893357845,-2.384799561744162,0.6069947558468406,-1.409561170443632,-1.527646345494542,0.24101457619214167,-1.7147856364610043,-2.295684963309582,-0.007153248873693295,-0.5397185855539043,-1.057953433875892,1.2846561837210406
1,0.9198068358958384,-0.40382918485572766,-0.6460480604210415,-4.499403326703721,2.2193692817690756,-1.1626504793678223,-0.19693618679631777,-1.5170108058508958,-0.7893141245197393,-1.328625763476492,-0.2975706016118409,0.7624794620424689,1.5017378478295154
1,-0.8154355845355281,-3.091755732338761,0.8471117847200333,-2.5747212116544254,1.5481944853955554,-1.0787654592336875,-0.11436019674579881,1.3258151281489643,1.158703746080935,-0.7786391841172446,-1.0252445436504516,0.5850813561935109,3.7101646622582987
1,0.08691505639557168,3.489851967835059,0.6063144762486546,1.6231119850354738,-3.165633310696934,1.270502764163245,-0.02794597446890289,-0.8996354906108943,-1.0739989957312306,-1.936990198666953,1.7997340182048465,2.4864286869825762,-1.6824428216731366
1,1.7791217336718412,0.9104859983758451,0.4017164120755928,-2.705736968705455,3.9163637295683484,2.0053668396280546,2.9768088788758678,-0.8539581166637044,-2.483235553300666,2.119900969861391,1.7711191483213127,-2.0334931897167077,0.0384204708818513
1,3.1289092016847277,-2.7887358352709,0.9956174927355452,0.4106842409153728,1.178331966505875,0.21787092585391402,1.6358991485917445,1.7109029466115233,0.9178291764719222,1.9729867595423305,0.6223384490532465,0.8272025287911668,0.4649910976615462
1,-0.8330911135388178,-3.4777062970033565,-0.05943043076713844,0.5771294690165465,-0.5937707629645957,-0.010705898209838426,-0.3039492610946493,-0.1760963879136339,-0.05119137503754425,-0.9318628854746098,0.14287753999618374,-0.6951078361432124,1.1477261168109032
1,-0.4911164379007552,0.9553220023717357,-0.7145461453296212,-0.16728762771054032,-1.426295364820659,-0.3693930650464709,-0.8087034455259389,-1.1060656203425028,-1.5242770994347532,-2.056039032509573,0.3997505981865011,1.0294094454937133,-0.7387586029793696
1,-1.9900665433822347,-2.0755464592216994,-2.2158117349434305,-1.2573879248017894,-0.34984201893740524,-0.3734311849546866,-0.7659880443783721,2.1007590218978027,-1.003052139878381,-3.2871075724572645,-2.546425850078862,-0.06861002677801455,2.0788638988318113
1,-0.28491654503418945,5.168474031095102,-2.1236435692311306,-0.21528387673393215,0.2670578032945337,-1.1775132836954747,-1.0697556609770797,-1.079174528799191,-1.4214907748379486,-2.348559510081266,-1.100516538207198,0.03341496371847834,1.3252085930871598
1,-1.923055917066991,-0.11518517725557283,-1.3238806069928937,1.1486202825293579,3.1644342577112647,-0.9830185439851872,-0.017454638162410996,-1.394151721916395,-1.4887007629637823,0.3248484751420521,0.23782562754482464,-2.137248893664049,0.2322582264531409
1,0.6444697972043882,2.320492014761563,1.2938892953134455,0.6551042041265971,0.8913060902108125,2.0176025815903804,-0.2908883905220655,-3.1583486268540097,-1.8864682351615194,0.7173378495230127,3.513994249649144,1.916179282412282,-1.9506317789276666
1,-1.4587277319449563,-1.965110559238298,-1.7365466441074673,0.7534799989816466,-0.00507797603349728,-0.08226942343396978,-3.906523112345044,0.3268858991120339,1.2736130281136344,-3.9040368498120124,-2.5206868593191594,2.0596528241828786,1.1882622558590052
1,3.6199810817840006,-1.0982928352021442,1.8498883805923192,-0.3551939474237255,-0.9014601530505255,2.406965670170829,-1.5882390452668822,1.768776435133844,1.5643048756803604,1.009567658360832,-0.3302544399138783,-0.8176387822043022,-4.495049990648468
1,-0.27183274983204075,-0.113498519024762,-1.0601898968449526,0.7942942288492897,0.5835583955145438,-0.488160281470615,1.4504030580363119,0.610454005278722,-0.241215300889179,3.7437625441777325,1.0453134308036898,2.5015678329263498,-2.243516219192246
1,-0.894301231911291,0.2736507373847423,-0.21404203161495677,-0.4003117119570111,2.2115826895172077,-0.2869945672412041,-1.5324461424496958,-1.3648184707178548,-0.06677701584977885,-2.2709532253519966,1.3596402085526733,-0.4695271519400632,0.5007225608725101
1,-0.1486617307182446,-0.2138115832322315,-2.4494033500470858,-1.3930744192543671,1.0442896309292704,-2.4873257593357727,-1.326665451814617,0.6649062830805494,-0.22983046675249044,-1.2585540073640522,-1.4235140800086203,-2.039606684844711,1.3356661436395
1,1.4522961735781783,1.7819776919668018,1.5799405754012508,-0.32798169007493394,0.6434091145041735,0.28602249656082485,-0.2534105763774193,-2.51976251286824,-2.4018781340828887,2.434585527139521,1.110796654377098,1.0950409293798304,-1.08771831456187
1,1.421804419827429,2.867949879424148,1.0997091201629963,-0.2795079168092004,-0.48777023969241623,-0.43603047718045995,0.09622625549649075,-0.8963893845612215,-0.7750118317797263,2.112474284503411,0.7027578401832669,0.9149490468771166,-0.7738455405058967
1,0.6013020550565027,1.879396907211057,-0.016671716346898627,0.36955699548437054,1.876059904391915,-0.3089830709146884,-1.5471734153606693,-1.2907274030087106,0.3216115359849593,1.85410552123917,2.144263906532766,-1.0790527019600882,-1.4311037556864288
1,2.096663088634968,-1.5195323010662094,1.0616897353357517,-0.8112563476533219,0.9920693806468632,-0.6815296152294549,1.515986964273735,-1.9361451001281529,-0.5234617500214087,4.076493584492107,1.2749306927635495,1.2745721088476254,-1.8678818543322415
1,0.5072113439315447,3.5874379881932903,1.5814943752065023,-2.766138189858477,3.49867503598727,0.4761465059929761,2.5641354764941005,-0.8830733704419126,-0.9959857230127773,2.193865550577866,3.022337784501493,1.6393779996131395,-0.061723468633945795
1,2.757328677524412,-2.275633948526105,-0.25597014561102055,-1.0269513567001594,-0.7208442382215229,2.191669946059794,-2.052170650841882,-0.6582319835861179,3.1794811673873284,1.6780607343974983,0.08979830375867702,1.3349364869933498,-2.4065252409923055
1,0.016343116968420668,1.230553880903413,1.7794733506352212,-1.1471043871734021,3.274352518161843,0.534857878334427,2.8737577989030627,-0.0498130934688014,-0.4086877285965771,0.011161724332982398,1.7507413864068777,-0.07579184121784832,1.3881786292176181
1,1.6642746442460894,-0.7711009302155842,0.750326205341104,0.15083716004883982,-0.7606272655751162,-0.34850912617032587,0.5022511337268089,1.820458528481394,-1.2458133138547935,-2.634675521845962,-1.2748290664009647,-2.649488632992104,0.46991173753397536
1,2.394147155119315,-1.1931251933905496,2.354574253287858,0.9368563042223357,-1.3669970887129916,1.016463500589897,0.5923075706532395,-0.7556405513276977,-0.6381570124556749,1.3239158524169865,-0.8103928800936399,0.6926962795564482,-0.8479012257596608
1,-0.0042035902615979144,-2.764502469714661,0.45053542410287983,-0.46610123016224875,-0.6506883571721482,-1.3386827812771216,-0.8888960011227885,0.559059664552051,2.1174710569168465,-1.566263012650154,-1.4267008300464978,-0.15326560548649737,0.8888312363002615
1,4.225116547629268,0.6867888662642668,2.442324359236716,-1.231254787630644,1.9832291511996742,-0.03134529146488552,0.7757534485512172,0.3361726302300089,1.536376544012859,2.463146573787612,2.677387870072698,1.3622765520650284,-3.125038359545068
1,-1.7318283959515246,-2.581765153621788,-2.510440495182628,1.811012167923575,-3.460930264787363,1.646831289471,-3.4289340163543867,2.43328015851874,0.7833073426836042,-3.7185785989534326,-3.779361317827133,-1.0237753557313616,-0.2313847145396376
1,0.17013865502629752,-0.7578070274989047,0.10052037534240274,2.3490527968207795,-1.1831869149298533,0.4504058007188472,1.343171223883153,0.4393561100214538,1.4767226230912331,1.6893137326504999,-0.14630805404943253,-1.2585707286250878,-2.43036544435554
1,0.4600631853116403,-3.3119022759255428,-0.7849402527080797,-0.7011593924301536,1.4131236267112302,-1.5684355310325258,-2.795385853058681,1.7395577484031235,0.6853727258169902,-3.8220666229403175,-1.1574552542057863,0.6523142341257638,-0.6060156182323007
1,-1.8960384165750268,-1.4671548053855483,-0.3073973972331087,0.15984846476273487,2.1668089258304035,-1.7417504483656543,1.262176237794086,0.04739134212688829,0.001414700707617909,1.572153499539746,0.7033053652990958,-0.10048557971330818,1.2245605472169556
1,-2.886854005947534,-1.6079785263999216,-1.9299747605802302,-0.8095108813851754,-1.9610979301302498,1.4152867340820798,-1.3712333657525748,-0.6789339072917867,-0.7438573168489111,-0.5256192827371746,-1.1628766277191682,3.48927626931091,1.4867714760420299
1,2.357168213525359,-1.462202285013171,1.3460371324274667,-3.930615983268065,2.868051959805587,0.03833417974079492,-1.9826638821043838,0.6558085258951357,-0.7860027796784151,1.638675140548568,0.6407403119980187,-0.9027110237383135,-1.448268460697144
1,0.31526137579649177,2.2205793511060743,0.5117433939240955,0.022825595705504433,0.05974837009615114,0.0627198042333907,-0.7913096000584715,-1.1605612759937576,-0.2757061292416076,1.7555209963877458,-0.21764619002454744,-0.4822532026122355,0.007538146044533095
1,-0.8117500504493985,-2.3506731507387246,-0.6209710834395951,0.849396326699027,-1.697397293480938,2.446559665158032,-1.919874963642788,0.8924955417828183,1.9929538972836534,-1.0687443249567794,-0.7346502357598901,-0.9464650572217861,-0.31555200526294996
1,-0.20501564355409282,-0.9331084046803566,-0.037066387571103844,0.7826693945470833,0.47541247534619396,-1.3427649345024926,-2.6703457402892274,1.1601770504349547,0.052012686093892604,-1.6318939662229899,-0.8152371578066152,-1.731045304599147,1.7011462982604457
1,-1.2932836075177627,3.994609846708588,-0.1212672071410795,0.19574869105987056,3.3285512058238256,0.11900401912928366,2.4969472433101476,-3.2335165527180165,-5.008882609600444,-0.41657947368170617,2.70947768143681,0.3278423746768384,-0.8251729761790314
1,-0.06446952413802098,0.535165703524844,-0.9001822373239192,1.5055055608184411,-1.1143920275398203,2.1470437191666427,-0.6997679765967094,-0.47340425171135964,1.074593759440531,-0.632747168137663,0.46904860279547916,-1.0483674902238167,-0.03561111861018501
1,1.383115751214407,3.5868922834955845,0.8893987913211298,0.36278741641194884,-1.7864546961938785,0.08101164896350857,1.8909781049174796,0.26168183225254704,-0.4544339832939885,-1.1111130940700435,0.1945120458953127,0.3499911905280403,-0.2375637710512992
1,0.20742657541589882,1.0390830687701678,-0.6819662447671866,-2.7187736856774274,2.806879556169881,-0.5858812838485572,-0.4325598912201655,-1.7214041018712947,-0.9302168232531846,-4.039265342624291,3.3895677703491787,0.044528834757246866,-0.5395370787311312
1,-1.3946284520065921,-1.3076781179651562,0.28049947055646257,-0.22584086599277545,1.1315111779075449,0.057832048983174615,0.23715732865924996,2.096894164360052,4.491637731629552,1.3030041452651306,1.645606610106444,-1.5303812370269954,-0.7637743875630418
1,-0.43455742339698245,-0.4815867467315848,1.2972318517032433,-0.6055825356267889,-1.9955791638922105,-0.8546853679347616,-0.6492850314417189,2.615144494756774,2.1078440158673937,0.5428858766329484,-1.6194107292467999,0.762761786758601,0.2112530269994437
1,3.8005789948157376,-0.002508160362579112,1.755100307661668,-3.3793381168756165,4.155239800983716,-0.8595175585679016,-0.5143372476287363,-0.1495667863120103,2.167884229598453,3.920558757901351,1.2708737865120476,0.09945191603617717,-1.9851171705836448
1,0.7057344444092425,0.8101719775333697,0.20875902168461166,-1.1275293401655906,-1.633578089422931,2.2572760770224973,-1.1045554326434073,-3.2855277627582096,0.4174493753255748,1.3522654881206562,2.989871836294537,-1.5222169078626262,-1.2475694580663017
1,-0.8807305122837308,1.406708612519808,-0.42626748284545585,0.42519504678955466,0.7436214079144556,0.4412262951284476,0.5508327616612685,0.4174695897178149,0.3703492248831391,1.621892033350513,2.7430375398232885,-0.5089023284210615,0.2696481772369759
1,-1.0797722946361166,-2.154025450554044,-1.517489460924347,-0.4890017082867045,-1.9095761426525393,-0.014200133581397021,-1.2095105253724705,0.3027525288356375,1.4967352053890008,0.7157837881254919,-4.81948513783147,0.6236073234036358,0.12436133227376706
1,-0.8926344970712278,0.36398875923608304,-0.3441458387132303,-0.8912247490509513,-0.967230961831409,0.10253308243953245,0.6023212848651216,-1.2328361150673488,0.3704876887820698,0.5778883858312857,-1.238688678773744,-0.028666957918130148,1.6780228016235832
1,1.627485910582433,0.3290038823094649,0.3745301412041,0.25302378560129535,-0.1836798938094969,-1.0711555067225196,1.4588830108200028,0.6692363705112685,-0.3967554907865025,1.8605743560557475,-0.2591713612275982,0.43269513016132083,-1.5112035476204921
1,1.2622438446287143,1.7632751853982016,0.490017219905686,-1.11223397556343,1.5682853258212859,1.1477833248451896,-0.19038005555583457,-1.2309440653028305,-1.9296351815916057,-0.5890669529860806,1.4639084396806978,1.357986438765985,-1.058989335510398
1,-0.5816196704298207,-0.6103073671973877,0.027070220769265182,2.148147400241964,-1.4445706303606314,-1.7967293710478056,2.534863166036096,-1.1764237309087218,-2.2289190228679154,-1.925068492855747,-0.3515618413720808,-0.6885035981425655,2.007171268922493
1,-0.7835220837708229,-3.6405244227610343,-1.1131645632663063,2.203361360342596,-1.9094203694784624,1.41400403714261,-2.991840925151888,0.26153794835354105,1.3176754373984128,-0.35073621118173776,-1.5401758758843995,0.6061253465508394,-1.6122063601493208
1,-1.5885709671702373,1.1767759149347121,-0.7082268316160989,-2.633137542659761,0.8189144223465585,0.4095068608827554,0.46135252949075306,-1.3141877809305458,-1.5090938243813128,-0.549167710835237,1.5735984533764231,-0.777587310382029,1.6941941740519522
1,-1.9402206304442733,1.6854439169721238,-0.015967690410737163,1.6419724715138047,-1.3510641544312803,0.26967347519746343,2.33952402718141,-2.855458687561107,-1.9803919337183504,2.014668295642895,-0.17008426334851262,0.2234360505618917,1.9474417162994118
1,1.4439156922518297,-4.014646859494425,0.41664765176094837,-0.6601554763907818,-0.20944996357510712,2.0522885264844968,0.736606769579451,0.35350421298278456,2.0225851993862225,2.015669103604723,-0.7602174164240326,0.8946988857485875,-1.3037762969018603
1,-3.9845701747445434,-1.0365636097156776,-2.929471165001221,0.6116694245681806,-2.633263941532862,2.5430342384234397,-2.4593871606527413,-2.2582685405203446,0.8383715193307003,-1.916104986475789,-0.5463842590684285,-1.1638383017402316,2.7828706466786644
1,-3.006755289988261,0.0816606449608111,-2.4567508632152464,3.064895939288883,0.5162275134905537,-1.6567992618698408,-2.08421785777132,-0.3567278024886196,-1.9487714561280773,-2.582744526852763,-1.370534017760185,-0.922595950572917,1.8125291013694276
1,1.3788780459562222,-2.724959946111875,-2.143594412274615,0.09582127619032751,-2.3678252601342353,-0.21709780894382463,-2.3120727621997537,1.8449449263083635,1.4988814752872581,-0.23784579428006433,-2.1470814886442744,0.7621683728800309,-1.5942208817804926
1,1.1421224913605161,-3.2452674295376287,-0.3058245618681031,-0.6202774876123154,-0.28017197929613125,-0.09127141616097993,0.3982784316756443,1.2150913009068474,1.4240834566188514,0.8763453538196929,-1.080440116733935,-2.7830040579905724,-2.3804244564202697
1,-0.23510893086333634,-1.4850783594560937,-0.7881049135505137,-1.5104933666683442,0.8700847953094885,-1.034701658819596,-1.997546133303262,-0.20223915720636973,-0.05624803419521533,-1.5169755717093154,-2.1726676793524438,1.6596710083673027,-1.2022155171369866
1,-1.6332720434910557,-2.7699852558290514,0.2049719750018221,0.5108621922586535,-1.107181855402813,1.0511743130378806,0.6854905503490455,0.7142386121795808,3.038075776106888,0.9449255430001019,-0.4499148420625258,0.0288782395552027,1.250363027482679
1,-0.3884209779352059,1.3261349352944796,-1.4715597082471235,0.9287495641099368,-1.8930234858136818,0.06873146959983185,1.0959665569082926,-0.027647115270964185,0.23621022825529026,-0.42837021160304173,0.36065407017693035,-0.18844321785527296,0.49351564382301716
1,-0.36037018451185154,1.6307915737105074,1.0842031967435801,0.15011205766523525,0.4022536484055602,0.009515782740206988,3.786129266466378,0.1750703366015296,-2.158001463247259,3.8764173218860343,1.8429004552757922,0.20717136873540848,-0.8736196433527132
1,-0.4992815130655823,-1.1009662793658321,-1.793191504566258,-0.7018611591319118,-1.3897701664083686,0.7373884996660777,-3.379962084124716,-1.519161915012964,0.13040832004231165,-1.1501091529144198,-0.6876244318521029,-1.3202332380658617,-1.4389249144067549
1,-0.19129027848740326,-2.2568320072624632,-0.8584117781225553,2.1321308251535616,-0.5485006416248811,-0.31609056068947944,-3.638054379807384,1.3710853123815918,1.309547590730015,-2.0690607392990175,-0.6985481256215323,0.5053938056303044,-1.7534153838665887
1,-1.0405236714549535,2.4741373810305523,-0.5566129180145422,1.6188212940902045,0.8790559378763617,-1.2006135329586414,0.34134684689988287,-1.3947189009263086,-1.4981734348952775,-0.37572694899836356,1.0933715328241893,-1.9371231449869781,-1.167432212844004
1,-0.16884627867504598,0.5166353606599058,1.9505296426587575,3.046494502810162,-0.8991248343616731,-0.6222646914576275,5.459747969885799,1.3135333487781629,-1.6542106761581443,3.5206599972953097,-0.00041127142134314755,-2.7996496400900654,-2.412237046780596
1,1.4041956547250658,2.5655986007466627,0.8273988624814717,0.4926567098642041,0.27584308254468126,0.5407571583282625,-0.034532805772101216,-0.3514875042176024,-0.9829975478589401,0.5050133562193561,2.7546327677406497,-0.04614954558056066,-0.3527005279370721
1,-3.5618914168400764,-3.585261680391108,-2.9514355433639086,2.8449369053393956,-1.8541109083011809,-0.13228782267152905,-1.9178710289938903,1.2019048776321113,0.6369932435275776,-1.7066692189536323,-1.6498863154643875,0.49672896124791693,0.19091069662170518
1,-2.161390453089677,-2.2019669274174962,-2.065484883064846,0.9455068289137241,-1.6934443214327675,0.5364859631907922,-2.02532435302447,2.4834941667750496,0.7601318577515073,-1.03124067855465,-3.211830784446999,2.2993644442602528,-0.26770693167525794
1,-1.9094367755238644,0.37931422335633863,-1.4760473299181331,-0.6572715317852224,0.868092936734152,-0.20021179025428917,-1.5576131361259495,-0.9649288208668829,-0.13232022336031288,-2.082020462409231,1.2445699390632967,-0.10353596685195104,1.4970722730236508
1,1.249704060552418,-2.310653226808977,-0.5694833356705095,0.16086244856002968,-0.16759488067716954,-0.7671740223445926,-1.723445511378831,1.005180289286413,1.0922426069070608,-0.29702622887953295,0.5099707547506338,-0.020771541095620415,-0.8971810962593147
1,-1.4361162689169913,-6.1474854062004045,-1.6302940388617706,2.5544153839758748,-3.8001065146246074,1.5148044024089637,-0.6847633006833428,3.7676946945888723,2.6323328985918186,-0.597779082566843,-3.5258562262262707,1.5048187215747706,-1.2887501165730548
1,-0.9939822146657177,-2.2375411014638833,-0.9973094944972588,-0.5911746674815453,-1.7312935428277951,1.3588894959616828,-1.0216991276248968,2.585531860422165,1.8687422775621139,0.5974519347662367,-2.9220882772203685,-0.038079788270612064,-1.3725757645245849
1,1.6655096381558319,-0.31488512115841993,1.2983243727109455,-1.4193715992748401,1.925913309736132,0.3112226106381132,1.3675709273442131,-2.408824068728459,-1.6417684719546417,0.011777209971740444,2.0658896369066184,-0.5161790411843583,1.3430686143142845
1,-0.30107457421499034,-2.746383395034547,0.7711384885403585,-0.9404194342322215,-0.3032416816130631,-0.037899479130294865,-2.9268288394293185,1.340732110155016,3.0507099334639505,0.4212283432826521,-0.20633316061017515,-0.3449672064877566,-0.6317441208428083
1,-1.7646614012382478,-2.824882217525505,1.2059522287547477,-0.7504138137545815,0.1545154593921692,0.6618581308642207,0.0954378193800429,0.61366406395209,-0.23555077463872384,0.4224632286545381,-1.1522697354281177,-1.386451661362003,0.950791818198635
1,1.683713220448927,-2.5099427588031156,1.349736100195644,-1.4208793807140168,0.28163483969755615,-0.9908746349456945,1.1531837867604675,-0.6402381162479581,1.0776909096443483,3.2741336315437444,-0.8707997935627503,1.9804659903699093,2.4421564848413397
1,-0.06993077363122317,1.9832536059291037,-0.032588960043439724,1.003113539835139,-1.7084937412016037,-2.3725199004269504,2.021426624641774,0.6892452193711138,-3.5888801239861534,-2.44452085903196,-0.23969333190842962,2.900607822337862,1.6793210636814926
1,-0.9920075255610817,4.577820026485523,1.0880352237618414,-2.091245185233089,2.797134225506938,-1.7651807487983635,2.334104674517256,-0.6876972587539077,-2.6453017484312817,1.1029061430689568,2.906874791545199,-1.8079169072327577,1.4484844431815687
1,0.3175837743837061,-0.7323526358265068,-1.7351337818436186,1.4625343206098333,-1.7613024443721046,1.0881085818735716,-1.9852310177620083,1.3664742960011056,0.5979972676606939,1.281525874705804,-1.3794658928835564,0.8411610425863365,-1.236781652734897
1,-0.5507973731642564,-3.1553984338478194,0.32416694785800293,0.3129999245176192,0.6826396821408645,-0.31131304206465843,0.08269835097074152,0.680545881085207,0.5650980340405739,-0.5010671752091209,-0.452048015425555,0.8117176385883836,0.9206067137115789
1,-0.9448431934903043,0.3348985465911149,-2.3339505216775205,0.9853416069608828,-0.658772436225185,1.0049129225004056,-0.5536013206044342,-1.062844689746193,-0.8234840969208864,2.9491849105266255,-1.2940860508171979,0.5963038140662829,-2.0401566382153304
1,-2.0837903896122465,3.937071052399505,-1.1204365389526278,1.332838532451544,-0.559508648910631,-1.6037565875997537,1.1602451957316653,-0.5538218925327598,-4.018751349860219,2.0298925837552297,0.5717234024102494,0.9630567769687696,-0.7702563414007697
1,2.7686436634885876,0.009305720925939447,-0.8124485226728113,-0.46173783370273286,-1.1794106408422744,2.1113414835737396,-0.9942888806844417,-0.9750446728925822,0.9131639390229858,4.085619588003866,0.968982878242095,0.4806908919380738,-1.684571395555014
1,-0.2651069616770917,-0.28951154601401047,1.0400132093543215,0.36628314646083,-1.503901081363911,1.3967552253604891,0.9402916663974901,-0.073643684351519,0.5118091099405915,0.4486278910423825,1.146198643097632,-1.4796719697253782,0.4942464068368641
1,0.31294565362606486,0.3679472328328957,-0.8367054128079559,-1.135334499641707,-0.6312782939520155,0.9783542009520586,-2.566317445016409,-1.2833448981515023,0.49946294301694144,-1.0378626747967652,1.8631142488269536,0.8573922818455414,-0.650617725472144
1,-0.238969149804948,1.5466692787290355,-0.5883811871926694,0.3609770942154453,0.4114417030853638,-0.22483403056492623,1.1197930327799523,-3.0687242909330195,-3.3644629914092334,-0.5527890293941671,1.292299089805621,-1.921142389602324,0.029558067274310346
1,2.095504232370354,-1.2086447849956996,-1.0970473125067741,0.5765300892160565,-0.05437814549947845,-1.2153748898840193,-0.8627435595188919,0.6176315509408385,0.3286550652945343,-0.009383831930419098,-1.2503686962138896,1.4248417127865993,-2.0210747530859012
2,-1.7630677206347405,-1.362379842524386,1.1206892861573323,-0.3095815980347295,-0.3390668962563181,-1.4417662663885087,0.5039975275477963,0.20547865239038293,1.2707257635618674,-3.2612947598555277,1.016634555319045,-1.5074811200936784,2.27249328721064
2,-2.2012080660703943,-3.00502569055158,0.4051010148192836,-1.3528267426315292,1.281829902062888,-0.7172172451717358,1.3329936494335042,-2.362425838025272,1.149376098968729,0.9654099071081143,-0.013613869365850018,1.5834136465867068,1.83736941126824
2,-0.7163935881243008,0.4031492876451921,-0.019392288664099887,-3.9508293751049224,1.171593362105814,0.7234790778205575,2.4808032418027617,0.37710777763423964,-2.1891732801778625,-1.1982485866919284,0.7697493529634309,0.40131993675318345,1.7720986657892652
2,1.6860459350571815,-1.8526978317222584,1.6829772002132863,2.612870518105779,-8.394146013232369,2.1271333042191944,2.8024641771223795,-0.19841033807041347,-2.1918682117982913,2.1154028925598625,3.910885131029801,0.3779074707238954,-4.222457596835769
2,-0.8326922476725687,-2.6924073584051285,3.5995500006759418,-1.9863027231087842,-0.9437534500244007,-0.9961569476844376,-1.9369875522429094,1.5186371952121946,4.686354473060533,-1.1889435561149944,2.6736576784732287,0.11443930358681877,2.288820575838577
2,-4.014638091601236,-2.5578105697041904,-0.9307472321938333,-1.0610692868974312,0.19576589248289206,-1.8472400024472166,-2.4568593731054067,-1.7916741765497166,2.854182472225465,-1.1084848362214499,1.9069928441163626,0.306977883461921,3.1824221823983114
2,1.595177584979402,3.1737545981689625,-0.2859772069859694,1.8254169495719457,-3.7085435256737007,2.1548112410134093,3.744356181656091,-0.5873309404101066,-6.034540791549583,3.3291577974839135,-0.0003827292869863182,-1.903594039533646,-3.441329875861285
2,-2.425595182727016,-0.25163871781696523,-1.9141207824264366,-1.410726951885589,1.0477856002436854,-1.0352587908320932,1.5264112723506493,-0.870867762046723,-1.6337423182050321,-0.8198942942096308,-0.19144481791163007,0.013650942663549683,1.2935308032863198
2,2.351137955223466,1.499298497727982,-0.6105062791551383,-0.07777203429254421,1.115059128014536,-0.9241791839024166,-3.2887806285461103,-1.1973305239446206,1.7811592712158317,-0.021323139487379482,-0.16600835034384276,0.08810410846799316,1.3047961187170038
2,1.0893776918794817,0.4121382708077805,-0.09529478541986794,-0.3253459797748181,-3.0816712784214046,1.939468520767123,0.9413306013478283,-1.4699682309349023,-1.6288794533876223,-0.603522819563294,0.9092283129058626,-1.7031379814272107,-0.8693208459261828
2,1.6513507498142594,-2.803478541088564,1.2677084791988114,0.32607500245113485,-3.932164657606355,1.6094319751659285,-0.08956458061091722,-0.10220769620426197,2.117684123717318,1.801404669050263,0.41929626770437284,0.5448553889216456,-2.8891822385158896
2,0.15014366390016834,0.15990245888514845,-1.266700946587972,-1.5596641034372836,2.5806785795813965,-0.545140280219631,0.07135924266199639,-1.492042244753158,0.41715735380224894,3.2292057155525384,0.08553246166925585,-0.8964543895661138,-0.33693739139577694
2,-2.0212180642889153,2.573670695304557,1.356548252949601,0.6288888970131172,-2.255793899749574,0.4568301146039605,6.450560783711092,-0.6456725065362883,-8.346376307127615,-0.4460266504171859,1.7306396824887944,-0.34884184546606073,-0.502503046051753
2,1.2586491085446063,-3.89750604253669,2.6318784492731746,-2.051191153307064,-0.9043343359478184,-0.29834761395395487,0.08257385118197585,-1.1048769982666276,1.1067953577425889,-0.08019782276006097,2.3122791626819126,0.5979184198461924,1.0381467487329052
2,-1.7790695400520318,1.2095863778446543,-1.6436918133806921,-0.4778310269018265,4.037389397805613,-1.4279681379684244,-2.329599654180108,1.2307724562102604,1.2147119105354665,-0.6141010679163091,-1.3885094078852875,0.38836736189983906,3.267474780957032
2,1.3783273854917641,-1.5111097490716154,1.7191052469869463,-0.19428426218038522,-1.1861259558088517,-0.747968081315598,1.0643417323703137,0.03321337934751774,-2.466706852010562,1.1559300056358512,2.0584619537948665,1.3722270883189038,0.04012464219992434
2,-2.4593610457972392,1.5894838119696548,-1.9217390677004367,-0.49118668307331026,3.2283777505175575,-1.5063654124251282,-3.6006599488247057,-0.23186917790199776,0.3394343308562057,-2.8403879318525505,-0.26640320230652714,0.09319059466324588,1.7384344864561267
2,-1.864286335502004,-2.240118135373343,1.2570432781736463,-3.0676103588480648,2.0103989396058974,-1.4168732565203248,0.7801245495854504,-0.522639347314413,-0.19477799751914768,-2.404274523233304,0.6381894406993738,-2.109419533261043,1.668098217910274
2,3.083961293352821,-2.014874751834539,1.2685741728646112,0.7611115711000775,-3.6302483443113425,1.4225543232383477,1.8478327503455114,0.48411527295148077,-2.8575367895378587,0.18181882243355124,1.2673775611156832,-0.42507549127095334,-2.443582873080873
2,-0.05989900654643198,-2.8400402550035104,0.2744991428815527,1.7374425106938072,-4.9933340652175895,-0.1446250662583017,0.6340941411304475,-0.7345116458384316,-1.8967971597489763,1.1878524409457647,3.7522178582878043,-0.14407076883093434,-1.4035833950126206
2,1.9740654612106139,-2.170889424418728,1.1842884270870007,-1.374600607155069,-3.668304962345516,1.7430658432841994,2.5400490705229455,-0.46870475642405807,-2.096369993487732,2.0704379777570328,2.5600565294909963,-0.76851411546739,-1.7053892289335342
2,-1.5321465228435558,-0.08132056178442354,-0.7135234712104811,0.8935126651890448,3.1782873983644953,-1.6832024495024545,-2.3613470651745634,-0.7096210399753072,0.44109881315220656,-3.320765777079641,-0.6417110769694575,-1.9679905029306577,1.2950654006691118
2,-2.461701103397124,-2.5521837218478844,-0.6225715836594476,2.1947809261138875,-0.5969990435483027,-0.13586897079348756,-1.7365826563879179,1.4453317382418793,2.8585647629847393,1.648447884690073,-0.6017464514873194,-0.7326120406870597,0.13917239152886046
2,-1.583215111953337,0.9366299583696005,-0.8807528638330604,1.154871814194807,0.26198266520351887,0.12523784084543357,-0.4479325725423377,3.2955753708067865,3.073626437750509,-2.658922555546469,-0.9337030921390644,0.6285110408671868,-0.20460859172004972
2,-1.0859369626731192,-1.6799431487238357,0.580215292566796,-2.33147145709786,1.7776542200254468,-1.9762094251400175,1.611936671062613,-2.8148424097942177,-1.0660424556330228,0.6845954683739219,0.09537823628227889,-1.3498574137376944,2.835816827711494
2,-1.2144051403974714,-2.5548537721232196,-0.44342114158213564,3.258468536523997,-2.6136184896453836,-1.7384999042732594,0.4683088096686723,1.0664969353160267,2.3852726213824504,0.4722749961037799,1.7840910343464844,0.1956556459037993,-0.11735556894264745
2,-1.5258593384776775,2.422458366981087,-0.3275446817293694,0.6373205792987701,-0.4384911114790821,-0.17584004161105884,-1.5044813219565054,1.629883144389741,-1.8675072662286358,-1.9111194798240398,-0.4511572660853164,-0.6033171717880222,0.16099418783835084
2,-2.0485172759581727,-0.8884074820743384,-0.6411763115675377,0.9657075890466525,0.4784264549669195,-0.16144874601780979,-4.7286700055073,1.508960578657721,6.130530768825742,-0.5609833301755079,-1.316893363242337,1.4059607040732778,0.88331112550548
2,-1.6414225818407147,0.63271360046147,-0.5648161124869563,-3.191898200412682,2.7010010797393638,0.11271383977030215,-2.027846930242522,0.6175631451096578,1.980876531442432,-0.049579342551854665,0.2990129499240456,1.9771856697582912,2.7506983116158055
2,0.26667835686262853,-1.2920469648865098,0.002312604091902801,-1.204096724590579,1.6107618765525415,-1.427078902831788,-0.19226069950472907,2.489064306426175,1.9492615843621799,1.5032335823643486,0.039575632509210756,3.0531264043883684,1.7689900761198094
2,2.5172384213148975,-0.5533580076842174,1.377601367807667,0.4190854176402886,-2.2089715574007602,0.5482025490311282,1.6160138951508796,-0.8229333530700798,0.3269257623501982,2.3327552205899997,2.529245600159165,-1.6260428934696898,-0.819147451111562
2,0.5482675073018808,3.2188781468186645,0.4497651656634286,-1.19580537875201,2.9475144362399512,0.9424041740672774,0.3316233215866641,2.3468019871284773,0.33318888075986997,-0.05578342743200806,-2.158820962176242,0.47237524930355457,-1.1713894481573657
2,-2.872614740960129,-2.5112414568178827,0.5429196370393162,0.7455483483623424,-1.6924192394793003,-2.827545333081807,0.22632706747864767,-4.924787513387565,2.1355294854950393,2.5902947555671085,3.450433903915899,-1.2668800457042704,2.5867638564152617
2,2.784446896119715,-2.103492298005414,2.0663579938906396,-0.9282673455174639,0.3198426443640531,-0.17999899846218562,2.5222065659191246,-0.8903416062623092,2.622055627467077,2.544712756142396,1.6913242995031845,0.5716302039409442,-0.5890485954431038
2,1.8607162349419573,1.5124307117747235,-0.5325682998135056,-3.089955797901632,2.991892733263935,0.023262224780216764,-0.06662006903114491,0.5774643487671457,-1.3709283992415595,-2.856603607679619,-0.0038133466918721408,1.2144062162065348,1.7125651707468939
2,1.0473365877226015,3.317785591002588,0.3759642949173086,1.726941570302059,-1.3052864532673691,2.095445479483927,0.3362422987464999,-0.5197715933533361,-2.000596490946658,2.2400177412821085,-0.7805136925641469,0.9273184418799982,-2.9438920605170793
2,0.2789154310970171,-0.13556389392965829,-0.4904193228189819,-0.8299523330176982,5.98670768394178,-1.9978166663249528,-4.179773172698759,1.3584457650570945,1.9057880565804446,-1.931344792471849,-1.6248836117036027,-1.430415403862732,0.766108076025581
2,-2.1910763095727814,2.806428653619377,0.17097289568874044,-0.699497779524032,1.281191657292665,0.24089825153351133,0.25464768723444975,0.3478599595271869,-3.1076548008581986,-3.9453222927520293,-0.14143074394227662,1.1532275081156012,1.5148955745985255
2,-0.39605580611849794,5.0081874259046195,-2.1769747374789836,-0.04955594780555277,-1.0498930284870742,2.4995887163341233,-0.13629008027108486,0.8308213329569595,-2.3742383168889787,0.532328848235711,-1.5237275535975643,-0.869275450613849,-2.7999351046482968
2,-1.1542155324058267,3.1126192177348497,-3.9359536799331125,1.0313711791017872,-0.6647679752158409,0.5621710400308945,-1.836787543479763,-0.7657209570632245,-1.38073396833714,0.20834358861461985,-2.7306990769484143,-0.11299032752267656,-1.3654555378818831
2,1.2690597260887806,-4.188017811433176,2.337772809078592,0.005138288581269314,-1.9630574537406191,-1.7301867225189724,-3.686602736111542,1.743476783009785,4.125367198720491,-1.6290441279520202,2.4554889017351975,-0.15176688518774653,1.4045325474516324
2,-0.22545857006752873,-1.5651340187664076,2.9834673036834847,1.4894230728992455,0.9203494344807015,-2.277678106218461,-0.8184048795448985,0.4472367150985248,3.646456696804832,-1.029331787722918,0.12046630556399507,-1.2159827315310072,2.502586042812361
2,-0.04054167193175151,-4.832329532682523,1.70034402571667,3.4852912962234033,-5.464018369590448,-0.6517919639424304,0.14722498213543336,-1.4735533934921952,1.6804954929943292,2.6447730603547295,2.4072965110968094,-0.2978382157812618,-1.682042468647462
2,-0.3392628144856991,-0.061619932663135764,-0.4251089945065694,-1.2396383272088998,-0.3318446663181964,1.1914133581726152,-0.1619512744918288,-2.382695800399606,-0.1676481628525972,1.3827468609076055,0.044033924017975394,-0.8138851397124255,-1.7553736893971377
2,2.7844772325584395,1.7251188092107759,-0.4637782303739924,-3.7170934845225148,1.8489908629965892,0.1870218636964689,0.9564736126767902,-0.7374284369474856,-0.5921093072732662,1.2067571969418505,0.29011871123443256,0.5684333644864692,0.7142865382489769
2,-2.1278246736985738,0.12787497014518062,-1.6498029257010158,0.5372513020683068,3.054013684062107,-1.8390675819984568,-3.194386722672627,0.21644560810920052,3.2048197786863057,-2.063084352158066,-2.026047108265106,0.23953525119131555,3.3265125679815384
2,-1.0679736623266902,-2.7811379694780207,0.5934387895729103,1.6433159272063806,-4.2404717052949685,1.6471256064491175,-0.29760574025426684,-2.7933813933011984,-1.088417499342976,2.4569785957706336,2.027837460763024,-2.935167083475347,-3.2561342605322636
2,-2.8371392064833576,1.768268391278831,0.9756522103455989,2.007074462243844,-2.6034046271772,1.2356461792754225,2.2968202159421494,1.194008437057008,-2.584528365033279,-0.568480785332109,0.3496904250759885,-1.5418089997841407,0.6479096028114225
2,1.9090827334764715,3.532139391088897,-0.19428731113847522,0.431007706413661,1.6402549784256832,1.2005001791129333,3.9111495181709826,-0.1472603423029839,-5.330986097755538,2.9551695087354113,-0.9375002202286093,-1.7788898138084073,-3.680346420000118
2,1.1197207474327089,-1.0589424293142589,1.5996183764391518,0.1678467502641412,-1.3178599920456395,0.3970130154656485,-0.43629344125264147,-0.9440944611232674,-0.34958653792298944,1.513483366370996,0.6961851801474799,-0.3389682005502523,-2.0510568221319128
2,-0.3177794738084903,5.619097786538756,-1.5772775040830338,-0.7044061390846964,3.9204271144669196,0.2909881187852458,0.9931170968615408,1.5419650000159941,-2.8933185550628733,-2.2757706648853313,-2.084500973875707,1.108406289925782,-0.09652170224832471
2,-2.067702149943885,-2.7685176127593025,-0.5652340910729927,0.36511138052612957,0.33143411141052304,-2.2748845094736656,-3.4061352247715524,-0.5667857196096097,3.8788203772520204,-2.043648894843582,1.3888903333175024,-0.0611363928214959,2.7782636412097443
2,-0.7214546436993396,-2.7558134722763317,-0.19166644335042338,2.612761406216595,-3.797143238546023,0.12087317687854204,1.763254732131784,-0.7105062227144905,-1.0346825576241887,2.690392053773271,1.4900937177404068,-0.05207573317177594,-0.2809931563182693
2,2.949304525354238,6.212364428185325,0.9016153509932793,-1.3684455585086983,6.2116974232574895,-0.562267781829311,3.766759661529118,2.1115013999904533,-5.847350019973004,-0.15967315927908066,-2.29814852974966,-1.0789437922883947,-0.7509798450073495
2,-1.5381201093861578,-1.1024629017658276,0.485540244939617,0.422444304251005,-0.7081451803303275,-0.4071549339438183,1.9130462716281829,-3.161466214105478,-0.1666315781075314,1.8893986296226,1.5522120730297697,-1.0095768249555297,0.43642447711202503
2,-0.6058206460868171,-1.031075888650868,-0.8868858179812729,-0.2971734835378874,1.9719220436645768,-0.34102785104546457,-2.384312425133877,0.36516355191975963,2.3858234391527775,-2.0802401528672054,-1.5493923532325942,-1.5766164036819286,-0.0648830298470055
2,-3.503289036800374,-2.645164683282097,-1.156129310045893,1.2513837366979617,0.5415578694020413,-1.8230087403941222,-2.5575485278357086,-2.662412096182624,5.336805262048459,0.19896479093164432,0.32169908607440095,-0.3268080090537128,3.7301540409126126
2,0.2839490856697615,0.7256275988210111,-0.876184749838505,4.031118053470925,-0.611543756081149,1.9263579712593273,-0.8221241509994711,0.4215799309174077,0.7581476482044197,0.565252791980652,-2.252540832800812,-0.42492729504052973,-3.4334779036754344
2,-0.23402827269035123,1.2133613639251757,0.2637360121209791,1.3054043935655961,-1.6174453537357227,-0.10186571597566957,1.2105891330934186,-0.8937237897436732,-0.8479816479420544,-0.3655069690952751,1.935068229147578,0.7023772275895787,0.10205432919807109
2,1.8078222203309962,1.928382019384042,0.7213202376680489,0.10630962713491979,-1.7742907727311241,1.3893511929939073,0.6321787318941376,0.6770542301726272,-2.6124868556368206,0.8083244541316313,0.18600578464582995,1.38205226471907,-2.5069257317939715
2,1.3858963357183556,-0.858009758470639,0.20652171073361153,-0.15732610981353407,-0.7908230155186138,0.3838760607080792,1.9215037520180416,-0.3372193043693537,-2.3571687393166,1.1446757423938259,0.3694789219433965,0.45658693132494915,-1.916476937102547
2,-0.4556405591967662,0.5493753656006132,-0.17907110579089813,1.8596721198799286,-1.7745571470085997,0.1259274514907551,0.944613278060194,0.844095356450036,-0.7725058624058543,-1.8503648850882453,0.1449621715333873,-0.4998877007799836,1.723839470019196
2,0.587808686824542,2.4449547298689045,-1.274248967585111,1.2661489424850176,0.09845941134805619,0.42694360707893114,-2.033968225265092,2.229233400660412,1.240458297334454,-1.0741964482274946,-1.8280926568506284,-0.6191671645182885,-1.1731210906424177
2,-3.968904794425853,1.4184492850699904,1.4552864793996472,-1.0751646201950098,0.7362992085552293,-1.092365190490247,-2.183910919840422,3.0238793572740263,3.005442074114297,-3.5723606906902847,-0.8757719840100648,0.1884682378337095,3.7688886570871305
2,0.6445502635609685,-5.002295724709684,2.065841219478145,-0.38010936162872844,-2.5381407494037327,-2.094364149275353,0.00822686335033464,-2.588935837364722,-0.07613548171745411,1.055255229905214,3.837808097971676,0.6840464378769202,0.4684240818364208
2,-1.835639354732612,4.177199814817275,-1.0719502076459464,0.5501978016769509,1.996151634349273,-0.2654329737655666,3.2586315967722834,0.3961371536877662,-2.8787531541350444,-2.1158041228911943,-1.128722409778923,2.4502356076988985,0.1710721572685786
2,-1.8391013655462942,-8.651895453249645,2.4911162123548385,-1.7517823631182754,-2.4603867782557987,-1.7323601983441634,-0.6016130411756199,-1.8936115572350227,2.7386521473215355,-1.782040504419098,4.588900055552666,1.4222081076515156,1.894752873253606
2,-0.10011018095813182,6.457587363647362,-1.5988084770915318,-0.2323358206918265,0.6269089589946429,1.3709860229575344,4.872129978639966,0.43274518104124865,-7.799453243915869,-0.18505575052220316,-1.8867176219363724,-0.22458149683812204,-1.0331169910109497
2,0.09690630116985295,3.396210508619064,0.7818436539370033,-2.7634090713038906,2.1404072928738693,-0.31961500958442274,4.06433210552751,-0.35854587460565895,-3.461788373261671,-0.22918962841495508,0.5049453670493884,-1.311785288223034,2.0769116166899075
2,0.30777373295411375,3.2489498545225435,-1.1479258112795827,-2.105665589226503,0.5740575061575706,0.30802455193957307,3.6427355328841546,-1.3983587872328114,-6.43916975022577,2.491648376569997,0.21841478042055207,2.339452150120211,-0.21841480070545127
2,-0.4762074300530608,0.4071133071166456,0.8382507179724109,-3.6674240573130352,3.486198802221523,-1.4259431650531462,-0.6472025058688484,1.791321868731839,0.5186275432916736,-1.2636736585071666,-1.4899397231920402,-0.9023865377263967,3.0207220360963127
2,0.8065110556968809,1.6051359442594033,0.7836275499539513,-2.995785355716118,-0.6406414908466537,-0.3615301245730058,2.031704765573605,-1.2807156514828064,-2.208601908665069,-1.715066400387559,1.2591656784495433,1.2357833202942794,1.455928445919651
2,-2.88515074450793,-3.0335164733405997,1.5409288535511985,-1.7062569728073849,2.057286184878763,-0.48548518111922045,-0.8328263951636052,1.9016196777772059,2.661546707967523,-1.8416016819321024,0.17158848432825452,0.02686040659495388,1.7456452964662021
2,-2.495603996858964,2.374610620801231,0.6533197878701218,0.7989389240834035,-1.4256644368519342,-0.027791609360784127,0.7069153709054214,0.7418054061908343,1.5729356474149612,-0.6230398725910016,-1.4965118336292,1.0899061838513926,1.2787866542222184
2,2.705174469468219,-4.380310141049512,1.4126093488820604,0.47262389971774593,-4.029198643200039,-0.019450284151842315,-0.4215462992226893,-0.8474912905545721,4.520512760959945,3.3024798745456287,1.9916606783728725,-1.5727222401192678,-0.6689383901315282
2,-0.6131477728839424,1.655453576378535,-1.1157220374053005,-0.8441067712372025,2.3332999875751654,-0.8652697404038675,-0.6257416658530295,-0.6163030088370235,-0.9588252909334816,-2.1135764055636237,0.2804759953604813,0.515444810587176,0.9566856751027364
2,1.240996037540749,-2.6037391602067754,2.9162542657304757,-2.6004636137449064,1.2305135034925705,-1.1907935381939732,-1.9196923610869208,2.9365385221302036,3.200627036637976,-1.2841227733921818,0.5234594682595459,-0.8965895579083525,-0.9806972464429848
2,0.9530023241111609,3.2881518459833767,-1.7125454194446916,-4.1495630648557515,7.44251677344237,-0.31629226104752367,0.523533622725011,-0.2762596815839281,-0.5816501392178994,-4.322825500390642,-3.9015052950198648,0.9854438648139848,2.7827157239793863
2,0.5177389901558925,0.9011824771117191,-0.23192956897233916,1.6571286757192918,-1.7899262379007104,-1.5238831048834611,1.910026094306054,-1.447286954624827,-4.18544924904247,1.7756938920231502,0.238031662877675,0.8809220143352111,-2.629979533459272
2,-0.9555676688218588,-0.12281312492727588,-0.2857889821331827,0.8110558045226534,-0.08498845373800588,-0.6064875347481206,-2.0960558340640887,-1.296960451493746,2.270653919724114,1.9679841281944848,1.9409137088335515,-1.871261198641326,-0.7091317881396336
2,0.005177024979176304,-0.4468025381260211,1.778793422671722,-3.2825851966007127,-0.8544524341884572,-0.9268700914782552,1.079294392515484,1.1775194607737314,0.8976942811670154,-3.776335020002613,1.8766384531758054,0.8053762502318365,2.034523611060943
2,1.816268615226342,0.8205126937889496,1.2087347638920862,-1.4989978992712805,-0.5944990588370659,0.43371328029925643,0.19576796200494062,1.8869315757057674,-2.1245719153301006,-5.096811369145091,0.9643086023408591,-1.1452178522433831,0.7424140952118966
2,-2.864769750885567,0.87152744737415,-0.8465784948977098,-0.6966171917049897,0.09479472328272293,0.5168942868623725,3.062113438005508,-1.3856779280204006,-4.640812973419502,-1.0796392091932059,0.7962049649325184,-0.35689846934480257,0.6873168137161514
2,0.0592859433082838,-1.8891553326763275,-0.4018504603552114,0.44667613439847326,2.1370877761010614,-0.2543824150121211,-0.5578857470459081,0.4789264843042896,2.7512880754908218,1.3642421709399937,0.08293494289162348,1.005977879814764,-0.0018564416069003775
2,-2.1567037357110332,-5.02126418761412,-0.4752890691070638,2.9600938734624798,-5.660465851037682,-1.30939621481272,2.3409638465959772,-2.4310513683058095,-0.8439487813725545,3.371592064055633,3.700014136876079,0.12510755863416162,0.24060452706516924
2,3.139588446980382,1.6288480579165598,3.223513833913067,0.1639058613907399,-4.0012755047692465,1.6699714268787655,1.3810682742624398,-0.945288145092949,-5.091899867353988,0.885809583115701,1.5972846562450862,-0.06394570382109532,-3.543243456017792
2,-1.324661719916494,0.35026260354489813,1.3712131292400267,-1.4323801445980762,2.3087246396004106,-0.8955123955473785,-1.865047418371398,0.32106075923412725,2.9041906591091644,-2.4504888372800804,-0.0800066340115131,-0.24736349577732028,4.371509406338031
2,-0.788507904420766,1.874354290803725,-1.0916716772531552,0.7198006356551364,3.3679730420384932,-1.2598250872870635,-1.3197670539014628,-0.10718512572667563,-2.0756889910763534,-0.9540284837753278,0.4736388937218037,0.6322327195885915,0.6349799508910645
2,-2.8983120902490285,2.8227540439666887,-0.6094742821071065,-1.2679972640690746,1.0253195943922244,-1.6034426679973872,1.9336376811379605,-0.6286148784470603,-3.101601764981156,-2.5229685386149603,-0.44676288043925083,0.18492178577240884,1.9170368796207358
2,1.2501731091284625,3.732115056773325,-0.876132208118397,1.8090420752006402,-3.5630313770753226,1.3789332250721276,3.096279041575011,-1.7202626577253493,-4.633723704855786,3.519210069213299,1.019768051602526,0.20093687110454359,-2.97146193744477
2,0.05247684259645331,-3.939471896129492,0.45398255715232705,-1.515707208877774,3.693469422105957,-2.7172767715576507,-1.4946261511712846,0.950438052490497,5.900865082520447,-0.7319080376891447,-0.16687150132186887,-0.9959298338170702,3.1160014961801306
2,-1.201947877374326,-1.9898535218040676,1.2435754676503181,-0.9154498773867602,-0.1298663360591071,-0.299991756616052,-2.2414059471487344,1.0374927716852742,4.6702524650635775,-1.440743989082055,-0.351531337679389,-1.0124706974172077,2.0753351144139263
2,-2.9243399383226896,3.119803315026028,0.46072982983433136,2.566866213527876,1.0038987714727212,0.0771137109192554,0.8417483800979172,1.4502200105089176,0.9244278369377179,-0.08846984677384126,-1.2840655826158036,-0.7653160157383856,1.9980467614501518
2,1.3985265328154144,-0.9086407061842462,-0.20698315875487938,1.9005896758938474,4.265838365110535,-0.8940876968402562,-0.9658365929616711,0.11649924314413886,0.8472087745078863,-0.587325167107537,-1.5115212041884314,-1.449855433050683,-0.11482368002645406
2,3.0065884082953853,-0.5995809414178044,0.5393409035554473,-1.1081802302664256,-0.1542287989904659,0.6042870115843909,1.586163049134923,-0.8479593922690644,-0.051699314990492795,1.6054121763163116,0.17611549888620856,-0.5389082306166788,-0.7753043348058913
2,-3.062811432043336,-0.3696959408044149,0.5215094345473161,-1.389299635558557,-1.1917165922147634,-0.3811678351444785,0.5337066719896187,-0.7623321312403512,-1.6967747484024254,0.8466791451778137,2.715388245697167,1.2067436613134566,1.7433437062901573
2,-1.3279098212464946,5.984121024034011,-2.1635401349186902,-0.15018404988157408,1.0893700874587395,0.5426641739524388,3.8167046269720584,-1.9776853489377213,-6.743646188936192,-0.18430409885369986,-0.8820519377870484,-0.714217129511814,0.3805713798622184
2,-0.956894357818374,-3.3568564721563874,0.13437731472949474,0.25935047614503604,-0.8369845810318329,-0.6360758345948787,-3.5810710402428363,0.28113746355165525,2.9212657971617197,-1.540578659993052,1.5478635469802209,-1.2360385063376873,1.9536821425214066
2,2.7436431868725575,-3.777831350159181,0.15967321514632243,-2.003192330715312,3.0882158907135833,-0.6009921739088102,-1.11265919546475,-0.8719884657092878,2.731699128994876,0.8411105607313059,0.6505760958774557,-0.13681078672211933,-0.04536945398058889
2,-0.7840418667637019,1.6520843883206324,-1.096866053136796,0.0003460150352638824,3.9874944871612046,-1.9870251521145357,-3.1838426299002585,1.6600836250998083,2.1731344151956757,-3.739382621577391,-2.8638802481857653,0.3879766765296844,0.7243965260019705
2,2.255793160170891,-0.6190506947980501,-0.9052417090725993,0.35077952352019964,1.0250738936042294,-0.2373034920229856,-0.6341141897010789,-0.14937251260804085,1.7765476990198958,0.6328689016258173,-0.8451192196448922,1.8718040487531056,-2.0964645083831956
2,0.21111204988483423,-0.7954929104503137,-0.6094962764840406,0.45181623284484795,1.2314058476478036,0.4705055009556092,-3.365002785190047,-1.6772247834351992,0.8081074151191238,-1.544405257684156,-1.4096978195597116,-1.4907633505928763,0.025793183112390164
2,-0.22135550293397135,-2.807077707570712,0.8086873532440343,1.6059746134632582,-0.8895937951872616,-0.7185160959704058,-0.05841668454833315,-1.893165112326832,1.7047016732432176,0.8751353357929562,2.0017336708990587,-1.4252973553977102,0.5307238134135193
2,0.4638102071377121,-4.84934782281934,2.531231704948084,0.7466259408473368,-1.6159641897147632,0.46643266734315436,1.4917472575370654,0.7875748543510367,-0.1492503158310897,1.3428402170432472,1.7874146203149663,3.661137116412502,0.04406924366688602
2,-0.9791384670351417,2.4718150938207613,0.6791430021210856,-1.133751315931955,3.9468633682073824,-0.31985313857533637,0.8121891013501442,1.8865407392219826,-1.0437196334893044,-1.9341942787170718,-2.1398063280701134,1.2462687688128187,0.9540987159967033
2,3.123678092885675,-0.40601624202864695,0.9372039421929136,-1.795405130800918,0.9501776395884459,1.625748034744295,-1.2667228579900192,2.011925418170681,1.4696484737698448,-0.41247553004865106,-1.0324251458864673,-1.6317028100253048,-2.2842075797749293
2,0.6454770826461851,2.45467579430548,0.0016455165909232277,0.7621386691630895,-0.10707652798533808,0.8379232614251862,0.7297217836805948,-1.986682320141063,-1.0068262716947531,2.342343157404779,-0.6741123141865134,-0.11452422514101974,-1.777163954904412
2,5.035695045012556,2.4810330384671433,0.5390562417450332,-2.6255100621488734,2.231872376457589,0.44982034463916837,1.4799616406482758,-0.8137533788934371,-2.588550750063795,4.925838515608832,0.5280164706526458,-3.2370288008895853,-3.326899850394448
2,-1.21955881692706,-0.7417840104520372,0.6200522591993243,0.7967768398566466,-0.9575847265248244,-2.4157359403174534,1.1579468202588614,-0.020632239733991035,-0.30910654296654344,-1.2012729916719809,1.6551930836648858,0.08263161706529172,2.349491035879515
2,-1.0578453195427615,-2.6387284518568603,-1.0044100849114974,-1.5352979757720355,-1.8049963401879328,-2.2769240151146946,-2.43110836577086,-1.2694934021359368,1.0398223897624663,-0.7103235254493806,2.7546546737853967,-1.3613150232990565,1.860610680131524
2,-1.3475098089026156,-0.6758212053765024,-1.985066646452273,5.549180309075987,-2.557800292587466,0.49580849420921924,-0.3949166698246725,0.9552077559327934,-1.9408658875492548,-1.7099251380895368,0.06109966839455602,1.8862512442591048,0.009173258917534455
2,2.1020689585075565,-6.1495086834278885,0.41962988974408116,1.309735911320466,-5.736557072940352,0.8116818420004771,-3.053691660411827,-1.7988370725907805,2.1133303657423474,2.0840690974620295,3.743034614485339,0.9384639239573853,-2.5489246113334616
2,1.9664244989681294,0.8899579192431067,-0.3427475575550645,2.779147901942248,-2.416745880227871,0.615277499577775,-0.9529046065935537,1.4497979059677268,1.5328978997930283,0.1860926695688142,-0.7653651837004748,0.5626822452651263,-0.8885990946508903
2,-0.9614134885276405,3.3581024328874904,-2.6762941961646063,2.6411812014436817,-1.054240480377211,0.9431108245169612,2.996557295964641,1.6000319638955736,-3.603798154420531,-3.6760936783394653,-1.2303961471239586,-0.6529351917790245,-0.90415197260807
2,1.3224480125484692,4.004481482256796,-0.6280644618896098,-0.09301632261619641,1.8401837500309075,1.7608755434074062,0.9967000678091179,0.47070778612200714,-3.0547398599281026,0.25769739741927333,-0.8601402786061239,0.6977903299916319,-1.7383855351969502
2,0.9192520970137614,4.034390215493622,-0.2039327978449234,-2.078532349736325,3.9119220416036247,1.3437620727865238,-1.9770291511455902,-0.6356880393626159,1.7883527793583642,1.203575372620649,-2.635436402057672,-1.0378710084705602,-2.5230848856823402
2,-0.19859402526206285,5.231852966334316,-2.19967071213201,1.1218506544572147,3.398793001352297,0.08445162466397343,-0.24881993430028457,0.20954616557410466,-2.790416255108414,-4.313431247527092,-1.949463817439839,-1.0671842569387076,2.3599698317380677
2,4.90926479861696,1.7681975857749146,0.517982057770691,0.7204410916210071,-4.16272359460076,1.0372178498233073,2.036837491245562,-2.8722980996617413,-5.664759013854641,4.4229588817385,3.1739974303778844,-2.5662979253308826,-4.5770077331127235
2,-0.16825007598883115,-0.3292363586111547,-0.16722516088646233,-0.37769358723619023,0.4352908650661463,0.7119302636934278,1.355289606819521,1.7321478329316051,2.5517207702151152,0.019939004234077202,-0.3368903674026929,0.8147388753751474,-0.44069355886658323
2,-0.4691921814528963,-1.3059681690695717,1.0628598485452578,2.0580469052496517,-0.4032641001575266,-0.19449073136762832,-2.23741703100528,0.7510114684051937,3.4220767602495346,1.795795348582454,0.30033253796625187,2.463657938239724,-1.0502088446183389
2,-3.0839406688105266,-1.3843271057790398,-0.09945574479637811,-1.0534185407011811,-1.7585892966786036,-0.5195268460956666,1.784166437358703,-1.0270180772741635,-0.5326336675633294,-0.6729332709746688,1.3372496204750361,-1.5129322451940934,2.912208456030375
2,-3.7413407003127435,2.3211301086785823,-2.4283580582554936,1.290692200331699,1.0973987776580967,-0.8681195512092289,-0.5363743977279067,0.6980117145297164,-1.9696154533447991,-2.967320861308185,-1.4451020485155646,-1.9592724262705254,1.5443094275664289
2,0.9162067348951681,3.269910025828435,0.025590747185542856,-1.6295896608147975,1.5489356489511505,0.39709232444364606,3.5807216396237305,0.20178033582706137,-2.879331700120317,-2.202237952932472,-0.6401891997891043,1.3242416729290025,-0.40316164181861064
2,0.056057905507886086,5.472889515443271,-1.0441702449405883,-1.9027473634750331,4.825499668458751,-0.7386198049801298,0.2471747570384225,0.5001005974234582,-2.5717808644187885,-2.122603738327482,-3.5219100236002445,1.1272561181603866,-0.7296354973073657
2,-3.8525703619522544,3.483409670174748,-2.648879247682788,1.4590570257731952,0.4977514164730507,-0.04893979855405669,0.7282001111906808,-0.8082332746208858,-3.829349784651885,-3.023383380081035,-0.9724105885007657,1.0706109186701178,2.9224571574663463
2,0.8046932204457196,-0.38949397336020264,0.695829290203254,0.24996300170260569,0.25280643713546075,-1.9849168776913668,-0.6888566869778975,0.42417204100003214,2.4549276249127545,0.8657814270027855,1.5055837021101193,-0.7338351123014228,1.8198359606557049
2,-0.5539929139212953,-6.49257542984116,1.2430110833134898,-0.994659442072276,1.0814715918430438,-2.151601906065471,-3.1759765270761604,-0.2411186470745522,6.556999472109785,-2.0728998179754763,1.2149752425749838,-1.5350733887844783,1.8695611982369733
2,2.1414083210865718,0.9571236375240847,-0.6558632750314878,0.18500104083318125,-1.5696954779975283,0.9812382105024903,2.234562625860967,-1.2594554314623185,-1.9254113192867117,3.1741084709222305,-0.5010276606113959,1.3339265725384393,-2.9921283098756093
2,0.704162239638011,-4.495885228087129,3.401225541064135,0.8178252012290079,-1.4903485806044154,0.5194834191179256,0.7657723128755428,-0.47112004549156583,1.8233353955490477,-0.8120847432313282,1.890367007390798,0.1255679794845924,0.7592457994198161
2,0.8966631107721243,-3.0251647970621973,1.3920768201559692,1.2474684992769953,-4.729776124885872,-0.9417427824964851,1.566382257320187,-1.747420094759834,0.7238344288323564,4.073311853541003,2.930267627746339,-0.4548975440581011,-1.8877839198520157
2,2.4599146380938466,-3.711889577412471,1.0582776563865692,-0.3299615191722218,-0.23573185275858605,0.9988600577511157,0.605041388209071,-0.5270289360818816,0.5875538455199745,1.486012249610728,1.6229223294065673,1.4040139295188503,-2.6088472376608154
2,-0.9288032517134394,0.6487457766880789,0.6035032477036795,2.98344237871693,-5.399497667233397,1.6100486500114155,2.5550191145548293,-0.903351869316079,0.003627772027438561,3.114945059752453,1.5287932274039764,-1.1310111825486036,-1.8701746813786915
2,-0.7932024179848793,0.1692134678511413,1.6028477926469813,0.9932330861477037,2.8264920891698604,0.014233441227611379,1.5710413247236654,2.137862420546337,2.1028281334307724,1.5780647412630828,-1.6091423285751738,0.41769357582978406,0.4191008044882498
2,0.6151837846416361,-3.126893098533756,1.2121295253233402,0.23831083156703603,1.449250602745126,-0.8862437150848916,0.22424962998831963,-0.9688958063986733,5.202574667670641,3.984176540757062,0.7025392424450256,-0.5248301258454953,0.7950114026685993
2,-2.444008517280382,4.0018697645780446,-1.1603612019806542,1.7777974204428195,2.2861394866041183,-0.4512403433684393,0.196285490991631,0.629008113692883,-2.585418197230697,-0.21042939459671636,-2.7406658491995177,0.44060059590263734,0.911140415359478
2,-1.1430936875620366,2.953167011075512,-0.1631098854824344,4.6990751181478085,-3.0176243988743305,1.1887584563725948,-0.03631689761060962,1.4100427303724454,-1.545483721691817,-1.9215999701223831,-1.6300512097525783,-0.6564178798932969,-2.3681467871691866
2,-1.4878474757546531,-3.1689715740960644,0.3956336795242518,0.5736026283089727,-0.45749358179605004,-1.9978890225581543,-1.375102077948043,-2.251083016752119,3.5256946791675583,0.2067005781723005,2.4943433332449145,2.6145130210576224,3.2163439187723744
2,-0.33312045557063297,-4.8420070274451,2.6127872191510604,-1.8611529269939038,-1.8575624232384969,-0.08043057151672281,-0.3569567680745001,0.44008324861607534,1.1048647657234438,0.2717448700914197,4.62779922459666,-0.1440728403777033,2.2146583846977967
2,-1.4227715738991118,1.2961758057053292,-1.9775072700725511,0.37362674764674125,0.658779748189471,0.24099727058656076,-1.4627133187262882,-0.5181217857505864,-1.827817613367948,-3.7716896835345217,-1.4346114452278653,0.35563234125110843,-0.32049036695833943
2,-1.9657965020739834,1.0514230818140704,0.5034550036565811,0.8191922272928803,1.670834497286175,-0.06057066220470081,0.22888362312484056,3.005200517173896,2.170147071155688,-0.7428691685378852,-2.3903372826722276,0.8356604533651412,1.2320921910048517
2,-0.9048438022171424,-0.7419080259450495,0.6893531122702583,1.3983284593750394,-0.5152541871701447,0.794705908700959,-0.3474591222835923,1.3335869732538548,1.5044222619529026,-1.7878177008451,-1.4750376718876148,1.899932386001286,-0.40449354425017864
2,0.8868800506519735,-3.3013121683077493,-0.5201444924088946,0.5302435509817122,-1.3430401706066426,0.47011079303981634,-1.612179163202964,0.43066867119628344,2.040346081588841,0.2783906978892932,1.3970102409472025,-4.6403422293765635,0.41675096913781096
2,1.3761563155178373,-0.7679742961864376,1.4580313245520884,1.2754827126652883,-5.345343111260227,1.347997080900949,0.03104843334283235,-1.9201086135809415,-1.2090537371349324,2.3872070009938464,2.8267142423579568,-0.838521415359994,-2.1303619312444635
2,2.4977190704063847,0.9669708777569311,2.0789342243922406,-0.580132520934035,0.5164268639118615,0.8012259345694981,1.3750801357380957,1.3178389294768327,0.8421270989224419,-3.232204565470064,-1.081365058551001,-2.744749219758956,-1.3929391619305238
2,-0.24908802887875506,-4.165941755084184,-0.001065784712555792,0.28237829206079423,1.1648884537411397,0.02089450671288826,-3.4137361425612527,-1.3021892234999892,6.014351876704858,2.0479372554474007,0.32289671157158506,-2.27082559024869,0.1692389759006983
2,0.9142248728173373,-0.4382718560043954,-0.7666882171038649,-0.9479821515047095,3.446569516808303,-1.9991354927746212,-4.053049851010451,-0.4338331992520206,1.286985407318639,-3.8524549354022684,-1.2364244918932121,0.680645056856991,1.6263535204571966
2,1.9136236509690405,-0.716505670303568,1.5517171548543187,-1.9774939991011244,-0.13028425529881638,-0.11993404654276738,4.24081344647022,-0.6717438966948684,-0.2954825942007333,4.533164442828862,1.1036641069475686,-0.2240302613275738,0.2517197652481246
2,1.9223594474322678,2.226866139994918,-1.6925201251426327,1.141338174003108,-3.4815040712605363,1.6517033394967868,3.4942170815985114,-1.0233448369035976,-4.353467379075445,-0.43995608789527835,-0.22310942850291873,-0.06465011182148438,-2.3598112828350613
2,-3.2354935914786123,-1.0758109316467563,-1.3066118324374356,2.506551272404341,-1.0665792033304253,-1.5272587220455345,-2.279950491154408,-1.263069329828667,1.0734521263085333,-1.0444445701833645,-0.6258420827119594,1.0678957680804022,1.2960960562536072
2,1.8470409148004785,-1.9547704835056798,0.8806755071897829,1.8035203521993557,-0.3555308727947444,0.16177313242769414,1.3437815598882132,-0.5459083270554764,-1.3940415492663842,1.4468030661550841,0.9974741775762024,0.8019561643435251,-2.310919688166376
