,0,1,2,3,4,5,6,7,8
1,-2.2422185469625666,-5.056910101134905,0.11851550576009703,3.4065909574174866,2.006168866755489,0.19748193126963504,3.000341054483586,-1.3130858987729752,-1.6225215123462828
1,2.0564426087275263,6.100032637827214,-0.3641476767051893,-6.642060577000937,-3.7106975441319303,2.708171923419908,-4.14786819832081,2.0639632530308463,1.1046303219607927
1,-1.154201137630783,-4.725343111376135,0.2569159145015947,5.052643039944435,3.1346666792110183,-2.9152366632724394,2.801453643155771,-1.2124384877365857,-0.6937124955749873
1,-3.626710957457479,-9.076056826780807,0.6147313309998471,8.38052397914172,4.307960779320958,-4.983363877799509,6.235679686878989,-2.2356675240544726,-1.2287020341646557
1,0.32699071904078086,2.2669784937273456,-0.40638255007744617,-0.7050779470657967,-0.5587875501340589,2.2255228279103254,-1.2221425145418623,0.3069175729626378,-0.7565507063564182
1,0.22340970303936905,2.5929079665921573,0.8864607076320958,-5.769811740551974,-2.8434916703597493,2.3101714815178402,-2.2952069539222624,1.594884861464478,1.4044647797182161
1,-0.26079455472397545,4.20615456134627,0.06298187375326836,-0.09279467665911244,-0.3005778230131377,3.9879344420265848,-1.8490050698222715,0.06376096403933151,-0.7339361191377999
1,-0.28017835177087247,-2.1346513178234408,0.09971833659225932,1.9826008704673115,0.6200215961130735,-3.138431062801345,3.146925296280527,-0.32125573089270504,0.3440755629822608
1,-0.2841985232876526,-0.4394108163717637,1.0666237750257848,-5.391916073049112,-3.389964013818236,0.08703318379106777,-0.42098031853436985,0.7589838791749133,1.938819074913686
1,0.5588330972718925,2.647028012011134,-0.020382879849921418,-2.290903832238112,-0.16113185257682286,6.164877866952163,-3.593997983043825,1.2116255108381986,-1.1479468440002378
1,-1.510405913221969,-4.24541942852379,1.286799105451586,-1.6044805020031925,-2.4413676532874447,-2.5350239082042196,2.7905909933454827,-0.6306151860406779,1.7747413162407566
1,0.7505122668502608,3.0024156875754664,-0.6316333299699289,2.623831911101492,2.4958259085453336,1.8992700762965107,-0.8982094803195191,-0.2111966754980828,-1.7712529124520409
1,0.7829909940786339,0.26875799817287743,-0.5598909835621844,1.1139191184506574,0.5672260948662026,-0.4941360412948883,-0.41054928195225227,0.3414196570599161,0.0640437359813931
1,-1.187606865806889,-4.763936625248867,0.7025015196660682,0.3010180764510161,-0.3865696404068069,-3.403741696439695,2.678016209252376,-0.6653362525639676,1.0925455791991074
1,-1.0021578756472784,-1.8242230751045916,1.1533902083329735,-3.0354443593762914,-2.0219778264180386,-2.4455047998596835,0.6258678900685407,0.5153967927552261,2.346471035706167
1,-2.585705639459638,-6.124746951936468,0.3337574671627983,4.200956765142024,1.6422128212271252,-1.5199151755703968,3.7043414107899606,-1.6716013264886616,-0.8441745497181022
1,1.371264527170659,4.930014326816263,-0.43788251870865874,-3.7666894272209013,-1.512140187775016,4.040170895579243,-2.994982559644038,0.6994756455245933,0.13650248486875108
1,0.5360826583766388,-0.5431305182626329,-0.4972462290708167,0.13408724653021745,-0.49677006500563486,-2.1953075851788433,0.795748421767081,-0.07564162688418088,2.025324791064802
1,-3.164237844320518,-9.064171123009988,1.3223891334580575,1.9562259056352835,0.3006953291430286,-5.200570607795766,4.599075739970176,-1.1485640118567193,0.4189108099211075
1,0.41013333480476694,2.3120722934306803,0.23935042740366128,-4.458936824685617,-2.1827354134420296,-0.011982910976502153,-1.8270915403401855,0.7976276909917108,1.8346687819630598
1,-2.6299024033274003,-8.730883551494548,1.973454287068978,-0.9661742698508793,-2.55435603994866,-2.8593105070190292,3.643707317927169,-0.23159189469652688,1.1793163350580045
1,-4.227296921775871,-8.931464680703803,1.7979107178188194,5.3689039768565054,2.663974500910929,-4.198114336260082,6.37087278457527,-1.807205158971351,-0.1648877972031434
1,2.7246904843865782,4.317924800431202,-1.1528049048524782,-4.05706723729838,-2.5696658217115322,-2.7191296529751097,-2.2827004851018655,1.2340395825741344,2.303735260262793
1,-0.8350369699853923,-2.734211500713888,-0.8179280648036137,2.833484871262292,0.06675900778003374,-2.1693755746536207,3.05695972297167,-1.0951460426805433,-0.27020527248282816
1,0.13699293339149932,0.7188970984315636,-0.2789636478748617,-2.5975896208230687,-1.5714687499548263,0.45815006518937745,-1.5539315050790052,0.8035468641252739,-0.8146609027551641
1,1.7617748033785747,3.1138772825919263,-0.6780935635636067,-1.937917456183045,-1.3709305232201467,-0.32303345370374004,-1.4644864112506826,0.5056568511777662,-0.033159473417628094
1,1.1672474301038835,3.7064704678440252,-0.31850231139617785,-0.6961967037040706,-0.09662195615777953,2.5557193915321013,-3.2881054797728693,0.8217896900998022,-0.6370842977735429
1,3.1300410131456147,7.1662944095526555,-0.2970750103044089,-8.66434115396461,-4.175650004331106,3.9926976344155944,-5.137024859410593,2.19779941087789,1.436797135584155
1,-0.7023117030794503,-0.3701885584302534,0.5149871197653713,2.6995085055794408,1.2551963063337368,-0.135965670417505,0.04048091114675735,-0.4276361618344694,-0.7292966084563219
1,0.1119029420151065,1.3825211181613954,0.7459485552612546,-0.45146807098326514,0.4204347214369073,4.152496272831847,-1.3284489871493925,0.6288413793483747,-0.9427253389603588
1,0.3769224111912798,0.2953762905407518,-0.3436327759681599,-0.18465272596610877,-0.6671753656288447,0.13140647710870415,0.40732822681445685,-0.5876060704682697,0.18009248417310142
1,1.7431236350136134,5.38749505949639,-0.5449771937406372,-0.965503895403207,0.48823473431813524,5.713725926489299,-4.168995543010257,0.7239593572135677,-0.5111158490465968
1,-2.1711338681115895,-3.371994054824929,2.117713905265696,-2.9015306484711605,-1.334870569806833,-0.9211732122806587,1.231925582588087,0.614729434552249,1.2692153136012445
1,1.146613099501476,2.006915821224197,-0.800044973141853,-1.0313776700751762,0.347301260061006,2.093689736115889,-2.3231552846388124,0.4226054906368085,0.10083135183514476
1,0.5792787998419653,2.161481436980867,-0.8099043414554998,4.786602499219442,3.7454196321189284,-1.3647492964770973,0.3908254266327576,-0.718634635999377,-0.43795106566876435
1,-1.6756545429025844,-3.5093463801191174,1.0552824716246423,-0.26940569623554755,-0.9416710168366093,-2.0598661062491925,2.2814355657296326,-0.3517367080920598,0.44897318867728336
1,2.6062303575828225,5.560724548103032,-1.1598673522513918,-0.9684186574899173,0.09171180838969825,2.217217747769891,-3.373377054053391,0.48787646541116336,-0.10874065330105813
1,0.35191243323061583,-0.7152857538920814,-0.41907280264939895,2.5810356095818787,1.6057530059707315,-1.0239555818888861,1.4784486441689624,-1.2628680421067917,-0.6869406140970132
1,-3.190291197832939,-8.935732601400073,1.121259362262426,4.93316520957018,2.6065080004310657,-5.4673437213126705,6.141872327664911,-1.5732890056119053,0.4477486332512135
1,2.4586375340827504,4.904774939145515,-0.8556486480338967,-2.2011249617047963,-1.4856086400748927,1.0441983916589073,-3.270334192336852,1.0214039686930267,0.665687058878093
1,0.3534134202868955,-0.3566305176403277,-0.14402096332639158,1.7520065408385541,0.8640157539715363,-1.9137340405008163,0.09051131027548565,-0.48279674538811496,0.08871445832838673
1,-1.3808021722097452,-3.628035652887348,0.09749992506553293,6.430600859678321,3.4250352041021928,-2.3672665416102667,2.8125880219044133,-1.1334262842322689,-1.0655779751600334
1,1.0151440914874843,5.132964848598914,-0.1170885830531285,1.3758182454663666,2.66618865096743,3.1702460775874557,-2.4274989948872996,0.6350936795577987,-1.5460411517651533
1,1.3715233158763587,3.7987905170140532,-0.16798334177969687,1.6764055992983458,1.7260409860971095,5.388596196050767,-3.4517930690444234,0.30008609558692717,-0.8975154769552944
1,-0.5863358278334968,-1.1728472100750569,0.7968024707809375,-2.879207496119664,-1.8224252517650732,-0.6923559671710682,-0.34075278463648245,0.7349509726604231,0.846791050303708
1,4.097986626255063,10.04446703854812,-0.36290345186197037,-16.573383026005374,-10.369354184649014,2.108099114333962,-7.114845835092612,4.270823456528486,4.376163253562359
1,0.8789952838166174,3.2498121550886565,-0.2617778172982116,-0.7641008768663419,0.2190185322221168,3.070827345189045,-2.9380228042942016,0.8273451232612451,-0.878114439708165
1,-4.327113204711106,-14.810965715230827,0.3149928762099595,8.706997182730914,4.317637179888842,-8.348348063068869,10.119254352501711,-3.6561060084914394,-0.22047517376232464
1,0.7390833361201427,3.7398964431127637,0.5329371430804286,-4.639235527625828,-1.9702971942897676,6.157651745063265,-3.62365622875844,1.8951736630130496,-1.3324009414921851
1,-1.2882290671382366,-5.223937981978424,-0.01591931357006987,8.200555211077909,3.494332650172274,-2.7017890294040234,4.146768096096066,-2.2375119362987657,-0.9865582079212833
1,1.0062846796012455,3.0288270201874257,-0.5746906111665387,1.8930891211845038,1.156317071002681,2.2594595361682326,-1.6827520781947922,-0.18816122188628612,-1.1540277333878939
1,1.0274812723573752,2.038903373452549,-1.7362844481211497,2.803640540982278,2.329393373459301,2.6016173009926407,-0.589348474150371,-0.20875540782605145,-1.6379285601228755
1,1.8907907276045435,4.153106377331145,-0.4669846978891691,-3.625776459927974,-2.0010740348455194,3.4144179801901173,-3.4394142306471016,1.0176487933155893,-0.5790633771739543
1,0.31383629359145143,1.351883721416604,-0.20968380852775553,-3.8499378318681448,-2.5443301790112662,-0.3288021928551224,-0.9705082594636686,0.7247030602491185,0.11425099685195414
1,-0.48061520881058734,-0.40386222017004136,0.2823823581334062,0.675643976445063,-0.10897427618269928,-0.7233010513612478,1.3963595064077805,-0.7004715555159091,-0.34539470883450873
1,-0.609377604833962,0.11278739349784499,0.2387311835449581,2.4570247398110743,1.231081621328183,-1.8127175579429453,1.0870961306187268,-0.4355039966569285,0.5949568031923158
1,-2.5654074583844126,-7.207944578086586,0.5261893301289702,5.402943828710108,2.7782665499078245,-5.019141080495033,5.295432637614576,-1.684906794286911,-0.27166691733809784
1,3.366006988657203,9.094512900226652,-0.6273754454284739,-5.777332570078006,-2.1574142134901573,5.707071072039326,-6.134712385013523,2.155859453296173,-0.23817041549731582
1,-0.842308213476994,-1.5972573467233375,0.1694264691922388,2.929725961642527,1.3457897642730552,-1.627408912846584,2.1717855401406463,-0.8187731893197332,0.012129049306823068
1,-2.478307283904002,-3.6233732608277567,0.49288718631404826,8.04480930728235,4.794914823846538,-1.9965835552298279,3.413771595794315,-1.4209699675123404,-1.2214275670394221
1,2.0884248117690767,5.5681106043028725,-0.7722980819653484,-1.2462019620832112,-0.7273024237044855,1.1612735228390798,-2.1151073193677714,0.04905923176978516,-0.29962025178094653
1,0.4887145916531767,2.7117117059138525,0.04230972788814606,-5.283947787809946,-2.1099877839249226,1.6843515029693354,-2.544236808031794,1.124028420797945,0.7927569867294925
1,0.8035025178259352,2.0614243751236088,0.3435401202693562,-1.5111837078119432,-0.8964145434751304,0.7122726663920502,-1.1897902891731589,0.5483034919452591,0.8389115546041483
1,-1.066063197853764,-3.1171517070771584,-0.15506764675363632,6.2773604515922345,3.2968337563483012,-1.3235095355231679,2.0070733151218962,-1.3312620856337476,-0.364113204168229
1,0.4143245577134119,1.0483635963363185,-0.4666367756813934,-1.2476317231126954,-0.28966585020907465,0.9399328467282103,-0.8167176931548403,-0.2651112640070737,-1.0363893333065874
1,-2.318017077195643,-7.253252430426696,0.45295024746102514,7.682494420893837,4.531105217461596,-3.0702730807709364,4.582771935482659,-1.7508990658933168,-0.4340884815391133
1,-1.5325754764172737,-2.957776947570281,0.5877974027566516,-2.673157040739304,-1.0339018817825498,-2.8909689058919703,1.4559577079832828,0.3910125421720869,1.0367246017495353
1,-1.3396642367497793,-4.671433237373124,0.07843555500611046,2.980494809997386,1.169400953033237,-3.109010244745883,4.106364796610672,-1.646625795883506,-0.21339092427271583
1,-0.4323524124486935,0.6884075284474753,0.17004916464067626,-0.5370010031801082,-0.3513281262558492,-0.6758072551542524,0.804518790288469,-0.6937455461794371,0.4540123307642028
1,-3.0164638130416743,-7.532709546641396,2.069541221457015,-1.6041560093346765,-1.8798997157571802,-7.2070830269918,5.047903286493206,-0.5502188524721576,2.0834828711303515
1,2.5584628842112216,5.00331084443912,-1.9000967977454803,0.35538644670525765,0.8171345802633997,4.176373225218962,-3.476995672085607,0.5550755865583087,-0.5854035433388862
1,-0.03557705704348482,-2.9241457624031577,-0.4484582134656651,3.2182783572576223,1.6895284738571956,-0.5440545392324294,1.4131274982724573,-0.7967425553293236,-1.519374852029979
1,-0.27064489397343017,-1.9351313828033085,-1.8095670358036167,5.626930919820454,1.9998929396169072,-1.5818636343940233,3.049678533228166,-1.8312635763194451,-2.486685307507156
1,1.8425806321378733,4.8779160839808835,0.029592979767410793,-5.820545758419658,-3.353466709724399,1.2838015659734652,-3.733329173834565,2.0487920316316433,2.4142688901049336
1,-0.6317246148725244,-1.651536987022513,-0.06458435998790107,-0.7736610277332397,-0.41804977776130814,-3.0470028269064158,1.6523576563224958,-0.005520633743041209,1.4254930757703865
1,-1.6049295110862036,-7.438434091104844,-0.2941672421505679,7.729568630234638,3.384701091335851,-4.770846935884522,4.809387479498832,-2.0462805891298186,-1.2050261408651035
1,0.16502003371268717,-1.0204262442013619,0.06678604085297835,0.9634340070977816,0.9411188859791566,-0.4553137622567138,1.5375737400062528,-0.21633886849756878,-0.3008827011653851
1,-0.2369923009157918,-1.8449062939303027,0.14478601673978025,1.7218877078743353,0.7400893100864292,0.8210795961406292,0.2836688489567816,-0.3124463992971273,-0.5524649547447468
1,0.07509318436526269,0.15661098523290135,0.599196701625341,-5.675502750866017,-4.42394783357857,-2.719584558386306,0.6849748189677953,1.1339419448995132,2.900579921766469
1,0.5865705917766638,2.5344144750012148,0.7178482837750618,-1.714310226883555,-1.02280329524976,2.2991698165740218,-2.2988229534804927,0.9853979457705557,0.1924430919658321
1,0.6825191248223785,-0.3536324073877443,-0.7067944061356966,-2.929401155795702,-2.5744766970555104,-2.8330680832479844,0.3473454184276122,0.3952918018037052,2.1540319348984225
1,1.5753211773461657,4.241466677621743,-0.9632515497553051,3.2995611321109473,2.084401072899002,2.73822661781941,-2.627533225091587,-0.01202278681174667,-2.1391519819146465
1,0.8283829294874738,1.7876591082737898,-0.33531145230970605,-3.19792644072955,-1.3236134462644848,2.6526343042801575,-2.6903220305244155,1.3613605851339678,-0.6153665498003755
1,1.69449596074567,4.014567274018614,-1.6039637633886268,1.9704793939025949,1.8547616807259064,1.3551549427609741,-0.8985780623398936,-0.5061281166547097,-1.365625386060498
1,-1.474021225769841,-2.929906507220957,0.7085901955393269,-1.7881257382179518,-1.1105094217039335,-2.4451109445355677,3.0184173250683104,-0.3939188998422627,0.7947631184527052
1,-0.5427833569553034,-0.6149139469182788,0.8775262864671204,-3.716125549231083,-2.959451480732983,-2.056022300068875,0.9482066182685848,0.4401795160267986,2.2242541342341764
1,2.529525253848285,7.580300644775455,-0.19653045815733364,-6.08780882294114,-3.057612784603777,2.2741058754635963,-4.54813968358075,1.930944235429154,1.5821710150914141
1,-1.3333897697997188,-2.87118601858186,0.8229244327773843,2.9355645844798373,1.0822162219538045,-0.6726124365113825,1.6397351231229054,-0.44981239984963495,-0.431593511980106
1,0.5109061052615417,3.374537154364467,0.259607382931918,-0.3079459636285363,0.15111363243178996,0.8161065475573319,-1.4270038927143844,0.23467864923959236,0.29154939780257666
1,-0.9141894810964676,-4.0737744236234805,0.022349364369833882,2.6363271241556454,1.0886957355074725,-4.924491554773405,4.13611067948474,-1.1322073649520032,0.16244137285101665
1,-0.8040373778824477,0.15578474090888664,1.626129268560026,-8.485745392376533,-5.532199794686066,-1.3213947860730313,-1.1372361596600638,1.562136929938121,3.234991606566058
1,-0.025962748525460724,1.2415690561786692,0.17406606484813925,-4.281066801464882,-2.716273099966006,1.7079688497198722,-0.8800768635578814,0.25227215365166467,0.48781604518152955
1,-1.755397690077507,-8.317047825718282,-0.4880726144212456,6.54167911873274,3.2250745105330068,-4.805871357435863,4.470891826928258,-1.731464713409827,-0.15427545230684112
1,-0.6751134156523004,-0.9887726970588174,0.6576153523194669,-2.6511858889294158,-2.500042090211193,-1.1565320008578623,1.096351935229403,0.7286386463341381,0.9864061773909483
1,0.7435586036957907,2.684349598966494,0.382432405611046,-4.894785517462991,-3.0393857806681854,2.223817456352455,-3.4200142779979488,1.3284115590214813,0.757219849208321
1,1.5255738956932645,1.1954410884634092,-1.4153962353266443,3.493885848882594,1.236251763962911,-2.345655013052227,0.18038884339758596,-0.6388826152440384,-0.3998546194331798
1,-2.7721786226082434,-6.563916134784428,0.37105542717446666,10.130984584715558,5.590099826328985,-4.431646485951752,5.607503363155048,-2.847268236865181,-1.9499578349044886
1,1.1944639947908744,2.3458948758648663,0.5810478213140187,-7.612853578050853,-5.061180241955637,-0.36082779858875047,-2.079214838644741,1.1873868192522992,2.928527818792929
1,0.6947761658672233,3.059615327405714,0.25200892997030366,-1.5364419126573798,-0.7720390644826781,3.2313941980917074,-1.9363238474423152,0.12527955937154603,0.5651346827863845
1,5.395029276199735,9.82364540095281,-2.386362630890373,-3.8990722717852666,-2.3984719262763607,3.2999838148633738,-5.668786999359605,1.5946723949338213,0.30184604686925726
1,-0.3971669147156788,-2.204102680131975,0.27471109219909307,-1.6818081648040373,-0.810464934529965,0.03164745304084127,1.5074760184028364,-0.5553549287263013,0.6807940789860332
1,-3.572459666531324,-7.8327434770144935,1.7597081524385196,3.165170773419035,1.496308942928766,-1.6893243530705102,3.5881534324216644,-1.0752198475791868,-0.045247152569866445
1,-2.129677679219893,-6.70437222223165,0.05426015673244755,10.517787335166124,5.759355916091534,-3.9554898288049536,4.925377753962343,-2.945590810009999,-1.6210785731786734
1,-0.9453537911230984,-1.5210345898279485,0.42513052024111914,-3.6631599150814416,-2.0007087326079094,0.7501055443484936,0.17456074824646117,0.5800433657965905,-0.5563913214610838
1,0.7399416108114958,1.6602344314294137,-0.3726199026129601,1.8259928013748488,0.5645052619696974,0.22108593703501764,-0.8952926057165725,0.06170836547211489,0.14012979439879944
1,2.1081852374299057,6.145836293253022,-0.8379384640005277,-1.6123236393214573,-0.20521489768834972,1.4677884793674068,-2.8747248563174557,0.6198243919391342,-0.23392370890903577
1,-1.7039224749679671,-3.300721017650691,1.1698290309452806,-4.900178952980156,-2.8753464384209546,-2.4963403621922007,2.007929108514906,0.8461510748978904,2.6102062670346453
1,1.623775990453117,1.3245790120183367,-0.3906425792752436,-2.8742381642542973,-1.2253361545532697,0.3637662579698221,-1.9682010348601395,1.215774169919719,0.687288631899049
1,-1.6209770594502872,-1.47315657163965,0.6657137692997868,2.2718360349673175,0.8886324514020539,-0.31167768657670153,1.5847190866266165,-0.5318754950329352,-0.4285185902057672
1,0.7805728543470214,0.007590052881968504,-1.775583052851537,3.2556794852364983,1.0144449150796664,-2.200562229070526,1.1435649923123552,-1.096134834506285,0.004500541249187376
1,2.2954787732909714,3.897036207676193,-1.2216486373698987,-6.665877266624202,-3.7052744040856975,-2.912458958412516,-2.1012631679293343,0.9418734481860302,2.7573579466073315
1,-1.7421315520304377,-5.614441498428786,0.0910267552452414,8.93696217632476,6.568985985734529,-0.06810291129409478,3.1121498378830643,-2.127224637079108,-3.127813012160167
1,-2.0383131363045988,-3.3530519430719328,1.3626491258009046,0.4070628545651715,0.35616441374220653,1.22572707600991,0.4433917239094107,0.5389324643184588,0.2398327171923884
1,-0.9983874472817195,-1.816206566404307,0.3623751408773106,-1.247664162785227,-0.7693154788901552,-1.8006194565746245,1.0758369458624018,0.12022813448358416,0.6526182676730341
1,4.503235866652799,11.27368410214091,-1.4522802376220803,-4.758213480948187,-1.0170073203476628,7.496582809971743,-6.826802839627629,1.9591502932926252,-0.029468448170410267
1,-0.002789219213609251,-1.2823580866731494,-0.01887577954300934,-4.147054661629608,-3.120377299416793,-3.7398297772473454,0.7025166528751888,0.8074059191620937,3.404434439564208
1,2.822840925302311,6.297138378876576,-1.0200991873998744,-2.098526317847972,-1.733080688018231,0.5427571182979467,-2.593216784924977,0.45213993375536465,0.33248969001243456
1,-1.4757925174426845,-4.356556292708854,1.5671454546568642,2.755019601636681,0.4329934922037315,-1.6801525552895684,2.6225222562524872,-0.8043969315422287,-0.23740502652680404
1,1.6370151199492387,4.667402616491042,-0.735088946278111,-6.939989117471755,-3.637820073690795,-0.16886956032935183,-2.12917998994014,0.9864168222394609,1.7472772818733528
1,2.9046724226635594,7.892266931339568,-0.0934726122595943,-6.994287146933875,-3.6689019827556515,3.4544697148395933,-4.948671738540515,1.7921898269237773,1.6356184518195673
1,0.7019678331293507,2.597387523820989,-0.26334032021270654,-5.168543262280133,-3.2601666400874034,-0.5506760764703118,-1.8785149925194653,1.1046507801319787,1.855536720544176
1,-1.739081005805339,-4.835133420407638,0.0815027040520476,1.6351074988926926,1.2201759470178049,-1.8219691738054091,2.9869088472911614,-0.6578268410508141,-1.3431046545883938
1,2.9116858423543786,4.541296350024415,-2.0741705097690697,1.4408482799094555,0.9059452812243397,1.688886095999483,-2.3236249698623186,-0.15721592788559757,-0.9114980771934518
1,-1.4184821969188421,-5.065043133725418,0.14425288927521815,6.3428151670547415,3.712996368001307,0.5456174718077343,1.9733546725260278,-1.5280178972879424,-1.6362257200865526
1,1.8909886597357946,6.113851693427888,-0.15791467281617413,-4.772540395379687,-2.714521823698889,5.389431473067422,-4.816780105028117,1.4955445219451466,0.22312782198511436
1,4.155786729941125,11.515986275171329,-0.8140045242854806,-9.394309170805649,-4.055965517062472,5.104288321677408,-6.684939285720022,2.411299980238811,1.491992213998507
1,-0.3159129496840805,-0.38632205212222165,0.12329133294942878,-0.3102536752797235,0.012175897386373188,-2.0667960223078197,1.027938821984848,-0.1408626858851137,0.013305501417699248
1,1.1130339609342277,2.9051426443226234,-0.32410180713719705,-0.8993234997458773,-0.5478220604699063,0.5841634358609946,-1.4619809164255657,0.6336786919316846,0.9785683805825635
1,-1.5837180973235099,-4.929012775886828,0.4264842977154271,-0.23891104191030998,-0.6747814808787396,-5.937753241771284,3.409381797686993,-0.05884831819177622,2.342800344732055
1,0.9316762890834451,2.762495428406044,0.6418246969213429,-3.4720048011550673,-1.6248476028092105,1.9226294903756138,-2.298678898701305,0.8902122127937613,1.4392088306458752
1,1.437419433238694,2.604235991745903,-1.2752698601118018,4.103255830707557,2.020258307695819,1.2743516290542172,-1.6853480191968158,-0.8262478915859482,-0.979850256273063
1,-1.2940464652594363,-3.3008335002213833,0.7440693463309377,-0.46768061337127714,-0.5503885468093648,-2.6939520093553435,2.417570782709089,-0.24615444529980193,0.8980361841566126
1,0.25147289515268717,-0.0747813134901655,-0.8917336894821057,7.2109574329987955,3.991409992822722,-1.3356673694241032,1.0822429785156689,-1.5881255452013325,-0.4987427690337159
1,-0.29309060209305954,-2.3719228930552045,0.11624362150683572,-2.3325214813874484,-1.723343934363542,-2.440747787399151,0.856676430524355,0.5299869698649127,0.7660607263967926
1,-0.63902153166414,-0.32522685971016746,-0.08584195561312538,5.061895646396059,3.5584213396263267,0.7581348233187779,0.8406715140718213,-0.8352260271483892,-1.0540156074095577
1,1.858593698459436,6.740508262023032,-1.3446418781698093,-0.9355405991383654,-0.024704105505511286,2.346963066800577,-2.9111468376023026,0.4847433865068803,-0.5803260505111417
1,-1.023843824530841,-4.724723298966145,0.27470109442364776,5.131537522434604,1.8686903059162079,-2.412002038113683,3.2169110250301,-1.7480355761631294,0.009651743622390366
1,-1.7275643256182323,-3.824731715934503,0.08902050260992625,7.729680302465629,4.920787529932351,-0.9935124683622325,3.2508421640799976,-1.5307930386408921,-1.8288721682355178
1,0.9794303150777119,5.545831371061671,0.5310702253402203,-4.927577102275409,-2.9351080308353183,5.441339284867693,-3.5542155646965905,1.37771986463908,0.31072179020260554
1,-0.7150213608153263,-1.5193490585337874,-0.13122149845500264,0.45719709285559584,2.0265290807841607,3.368075924329933,-0.8690816431476176,0.02675179862833205,-2.449799469068206
1,1.1270111181279647,3.0472173495025845,-0.7238479613523762,1.2878994599966054,1.6129639956036128,2.635631772766971,-1.7667881160979308,0.2974637419138816,-1.24496495313234
1,-3.5448497299133845,-7.612503685208291,1.5202816598895148,1.659114187551019,0.9060612536362381,-4.151753777961807,4.623459659828204,-1.1954004647806853,0.8882792285079968
1,0.6973110574063306,-0.06017949183320202,-0.3971222949497894,2.027116082067429,1.2501074322938117,0.4734470821208861,-0.8788927230140171,0.03175687182938113,0.17409613761274478
1,0.4019183300316159,1.519488490610089,0.3239698417839738,-1.189693777316749,-0.5321923924558717,-0.32253298808773784,-1.460364402759911,0.40685140848261,1.0581267567740884
1,0.03575891289386965,-0.15227051422329088,0.10449672462224174,-1.5918269440717856,-1.2214451930345094,-1.421320963301923,0.42858701687293316,0.5953067281404931,0.6423133384292993
1,-0.01851178942029886,-2.5356727740412253,-0.23749093544985386,0.916030533267925,0.3762216941736138,-2.517864727497508,0.7197833033828777,-0.24007864871363602,0.8097829329050263
1,2.1045466182687744,6.586333468826765,0.20276941058199002,-3.235124047717124,-1.8104883336413613,6.967214848986643,-5.47497842790801,1.3018572343774666,-0.7750418198372665
1,2.0810178199551306,5.196731897129747,-0.864563274459581,0.15423073262822168,-0.2550888383499827,4.517963242584406,-2.807569385442253,0.5573564126317875,-1.715740415441698
1,1.302098101241641,0.7862423596053455,-0.9330832844914904,-1.0185428973699202,-1.674709671739527,-2.0097630190780404,0.22515249849265484,-0.40828022790593155,0.8038054839814618
1,0.8445795798886372,2.3885946304524004,0.6061412957194673,-5.747628013190836,-2.894630974474547,-1.4618503872011481,-1.9981612349848508,1.3242929347875396,2.7666393294479112
2,0.2254886063486295,0.48026829922708153,0.9583762228078211,-3.7932731537736677,-3.2955711609352263,1.0750819712836728,-1.6333276335055198,1.293705704172647,1.6402167743301563
2,-2.876004528554074,-9.383548623146334,-0.26540997610012756,11.095704271867682,5.536268325863047,-3.246715926316001,6.137951542045205,-3.207599229294514,-3.073757478548556
2,-0.6207803429692154,-1.8304664291878534,-0.5754821651384732,5.3394585396938385,2.7594283616358823,1.99243682081752,0.4723351365310482,-0.8464759453095506,-2.239695663946636
2,-1.2058611328398432,-4.753821142395321,0.6911627734752379,3.6165393835669413,2.1304461258806597,-1.4849598906339296,2.3959622104569402,-0.20822046596875549,-0.895328353002014
2,-0.6040716960930621,-0.367286555633544,0.7048230938500215,0.8524480008848186,0.2612986607076231,3.4382184553880233,-0.030721178360586333,-0.33108894258639937,-0.7192829691117758
2,1.6655809117796345,3.0358940668981376,-0.7331335573304861,-1.4958433691583233,-0.637455502524851,-1.9742751217384253,-0.9080999422288791,0.29760471867716376,0.537572010178446
2,3.3058162003179086,7.053864023588839,-0.908176553801765,-5.966729501103782,-3.840453823349031,3.6748658051199716,-4.114840555381635,1.3918875382551057,0.2078136051245985
2,-0.9754781406865494,-1.2414908004826783,0.7931943941458348,-4.094136427131912,-2.641237204235863,-1.6304258393252604,-0.15292550307805605,0.8418118340535113,1.8124791971048362
2,2.0579753100360887,6.23915122364791,0.5418641791316772,-5.087150829193661,-2.8027563039712287,6.676638608322752,-4.722060402555158,1.4389308943058534,-0.34308670404785385
2,-1.0850480585138407,-1.2317512304681402,0.961634772175705,-1.7404288675674267,-1.379618044525147,-2.0795622304086154,0.3589115619947918,0.409605982004884,1.4670202497836338
2,0.872361119331564,2.2745395729878966,0.49236993625183667,-3.451752785401153,-2.100489459494441,0.21695526000846083,-1.153980482821198,0.5055596637929869,0.7273567612429314
2,-3.134287124240026,-6.35881853081467,0.9304477260152677,5.596147001085081,2.2807627233293046,-1.6039540232257943,3.225170610016341,-1.9137470153573903,-1.2488971206471755
2,-1.2633281810818966,-1.9241816409896448,1.986226089809888,-6.147390856265061,-4.0085900871299325,-1.6625695292667528,0.24058556218433294,1.6434551145610228,3.0977072198820004
2,3.12633259026749,8.229191508571441,-0.797401284800335,-8.209686743910416,-4.897759343399814,4.055026640293277,-5.43860949295959,1.9676797974131535,1.0164380836145757
2,-1.039875699115015,-4.948304837044296,-0.27487033678334244,3.113504193282529,0.14423993710775385,-7.233601691952565,4.389501912064106,-1.9434858926849778,1.4476154239188568
2,-1.6778387681713323,-5.299567682869456,-1.021929063197618,3.8332212618660577,1.1937127554982196,-4.537194396232388,4.14185310642858,-1.3206012934748999,-0.12151472234551675
2,2.671866456534369,7.883353953616099,-1.0683080390031925,-1.7733536036019506,-0.49268171449242826,5.648785790523409,-4.312167203342842,0.7527794070238967,-1.2937664332008705
2,1.0666529164285283,2.4318018076983474,-1.2154635343604279,-2.521342650675014,-1.9759526597666182,-1.666943206756102,-0.8805340772131025,-0.21189420221920763,1.305153209540539
2,-0.9111719220297261,-1.8057025688347441,-0.38645519733745604,3.9686969312409173,2.1694018767333643,0.023129128418867766,1.7664145415709096,-0.687414759378655,-1.6178018378522707
2,-0.5015233734582485,1.1580289800430008,1.088543897374241,-4.574224769142019,-2.408157564321651,1.5102698966062171,-1.5214456109393752,1.4567687659201314,1.3876799907687019
2,-2.442837627522291,-6.200803532579825,1.1097067451526104,1.2932132178254663,0.030772779859948092,-1.5537642706054409,2.4215041995480755,-0.38416985291646133,-0.46182393304106323
2,-0.8136896372754476,-1.2508455526493443,-0.1249428504226311,0.4941369820483084,-0.4553982652508117,-0.8278309423445518,0.664048132726555,-0.5931159977008973,-0.702813438830692
2,-0.19893826398304987,-2.918885965148333,-0.5760333702831347,2.026596286989499,0.526950642425213,-5.850012690086855,2.508819640190787,-0.8206722262377611,1.0066150931533564
2,4.087989312222967,10.202218827457013,-1.17619272113896,-7.67153352062064,-4.118138717148596,3.3399708872160376,-5.676276157411634,2.1030711911753066,2.0649259479250266
2,1.5106493009734818,2.1072724025842775,-2.187185363682059,8.64053382469439,5.12839173706039,3.9577283889384915,-0.6253329360856924,-1.4798871239384581,-3.6374645856801804
2,-1.6486482215572853,-4.653841975834638,1.1443327332885107,-1.3347393953969373,-1.363844755064956,-1.6456924261004413,2.748581347999192,-0.29856450275169666,0.5915039397741414
2,1.9886205606263083,5.909440957680387,-0.9373951391770512,-3.1785975928167667,-1.2854908054063328,3.2643989186759503,-3.6419216033175643,0.6133501136637179,0.05371924115116155
2,-0.871898744064537,-5.470280400451484,-0.08091482303812464,5.076853678585437,2.47416601231418,-4.138125144355253,4.85922108497627,-1.6739031028071714,-0.6515089999926378
2,-1.9755621966156958,-6.232180844486667,0.26512827675365314,3.946502950696773,2.80617656582434,-2.03870147437632,2.6547481586981725,-0.7369601371449886,-0.43841465665264784
2,-0.8077963068935474,-0.3757064463628911,0.6622934885011605,-2.8401975720859416,-1.8464015142746906,-0.4591304970101322,0.10206317324632448,0.22862347701711302,-0.10521756308776355
2,2.7727978329714174,7.698520870270698,-0.05995910793520491,-6.774667068701749,-3.569982661972158,1.7229811971564317,-4.1482395683604265,2.0993935583955627,2.7157042519932135
2,1.9831327587819254,3.9460083601056803,-0.7855033212215006,-2.372287732582621,-1.3040755640726618,-1.215990505456811,-2.105943347875068,0.43173064826276564,1.5302004413656978
2,0.22011927444581098,0.4938056157957227,0.429275648180679,-3.9222575726996567,-2.5201148279019767,-1.0280896786743843,0.4989455893975165,0.1591417793658452,1.277018677172471
2,-0.4308200640127462,1.7687320360056356,0.6675969473322108,-0.6014792438929979,-0.35200838654098787,1.8702866622188987,-0.2441425765324502,0.4569933399567015,-1.9548215038050343
2,0.22234217282903332,0.992818122478604,0.08622783839012585,-3.368661102273517,-3.0104846747627994,1.3480707632646838,-0.754119637599071,-0.1967954677093894,-1.3928416876774126
2,-0.4738104480545053,-0.569236460313594,0.26514618315226324,1.9689638686129465,1.6319721076994995,1.4900818925699462,1.1170995336446485,-0.07558945975406055,-0.7181939794248248
2,0.25159070319273086,1.7444975282038893,-0.39854398655079387,-0.8644164811204182,0.002770650101365445,0.00290017904877615,-0.08634053705405582,0.08174296606890416,-0.2912323033031887
2,-0.6203199503021937,-1.926213650081043,-0.529076562383409,2.6010829610445234,-0.13108931698847962,-1.6681473621799876,1.610669532484697,-1.1297787247316426,-0.9160925127980551
2,1.4910300899967068,3.8268268562008316,0.3014116452338109,-1.674523711464946,-0.9106961977715099,3.351049338094517,-3.142738880148775,0.5710098683468692,-0.21719767664971534
2,-1.5319385875475737,-0.8810360171649632,2.0737975517405904,-3.5454016275257176,-1.9367933833057294,-0.18555570897187232,-0.0669782055864974,0.9722985637223654,0.8572330368440699
2,-2.538457669746367,-8.243965961570087,0.9076002580747503,3.5692149793452237,0.8286224317064476,-5.320911623518191,4.530345925653632,-1.1237341905457032,1.157638487687567
2,-0.6644144143880827,-2.723935274121144,-0.03850776337851394,1.2978293159648115,1.1787462301674745,-1.5266209296240767,2.2975518858256225,-0.34925189079420044,-0.11234998029125094
2,0.4217238321709909,0.9543687685603133,-0.13508820466071939,-2.546846112830387,-1.8119150983122823,1.7079204763180063,-1.6112596760922846,0.42285677690304546,-1.7385247873579066
2,1.2837148856183285,2.5091740634808044,-0.8697432487430341,-2.180412021918859,-0.8402231862451032,1.77619627950183,-2.9100423700677247,0.49804973927917323,0.5988525646140942
2,0.43275822423270305,1.8355912651689845,0.6269295072751072,0.8541527265289843,0.27847022836955004,2.675756398128479,-0.8547500820692144,0.12037955207394249,-1.1915385544104788
2,0.15034178038334978,2.3729101610415704,0.13467435250914517,-2.421418821594198,-0.7972067290677524,0.6117097486982365,-1.5651500304347339,0.8555775459917708,-0.0778433160411116
2,2.5414252855157904,6.007091812770789,-1.3924272315450743,-3.933062870616527,-2.910765271045572,2.485035237526481,-2.696353326656332,0.19253702910932302,-0.38752696872701825
2,0.9058465404172611,1.2689005735808765,-0.06044443814919476,0.6900366904337771,-0.4122818515324017,0.15593406328273451,-1.0257163486385281,0.5396776559547427,2.5137010083664775
2,1.3963667866094083,3.2447587260387305,-0.6153265903931321,-1.5837141117819737,-0.7004600124677719,-0.9642658657738651,-1.8227853704529837,0.4778586335953615,0.02042057713325886
2,-0.3896188528966837,-1.3630110370454696,0.5746306141787176,-2.4181498628493325,-1.8046773314438236,-3.5807405516141206,1.4257272821743197,0.24449832785848952,1.8773389462211854
2,-0.4590441035706033,0.21063522191887243,-0.2710385947857629,-0.5396065069411699,-1.1030859641272102,-1.300540462361523,0.8223464674753939,-0.29683954066066465,-0.19300653162713072
2,1.0686325392460134,2.5737713403554943,-0.873313486078904,4.503345431992215,3.1324618812538754,4.11869513036163,-2.2159900348937698,-0.04103759398752673,-2.568329341538505
2,-0.06340931097191069,1.955240267027588,0.4733550038490624,-4.495383657065724,-3.257547830917275,-0.5699918822088526,-0.7548128894044949,0.7117275942031809,2.0256552422697593
2,1.558630340261456,3.524983803872694,-0.24054664306765428,-4.703391490151328,-2.6210522893581714,0.5015107880846972,-1.4582123206366528,0.39680287632761246,0.6281840509469307
2,-1.2320357717817998,-4.435390554761418,-0.5438919837136795,5.09058282804093,1.8225372539250386,-3.9172036670516,4.065320438471972,-1.515660108937864,-0.8999111146615308
2,-0.9963738653239396,-2.49034337723048,-0.7613472115803491,6.717388277103768,3.3858322082144188,-0.262701196898849,2.3744705987464125,-1.708183567815868,-1.8183463026933502
2,2.8177582651427597,7.901059678836399,-0.5664994568028006,-5.3443560834498,-1.849114768703444,4.511322186597333,-5.734631743534826,2.1589174375864375,0.21930041396028344
2,-0.20376511113740753,-1.323115394534657,-0.657646811718341,3.93115714655404,1.9681793324642778,1.449810519868299,1.2067101413760304,-1.2534177155404305,-2.1468986045024896
2,2.1863906174012024,6.167264816882225,-0.943933030779065,-3.7492760821406534,-2.5513124817936115,0.06441009317572073,-2.559219919367353,0.8633611958500174,2.160926230734163
2,-1.1731726870319805,-3.618836762958708,0.5093599117385705,1.2050553038705478,1.768974292225247,1.6396581366365404,1.0013618981224428,-0.3555902169175862,-2.2780172107311203
2,-3.284125614875164,-8.155585148977988,0.7852914307778165,8.880560064209549,4.810446031446472,-4.7339167765866605,5.75605101129732,-1.840255325558157,-1.3364155796960315
2,-2.666072548447551,-7.599506696641889,0.7883717541615974,5.471939356049314,3.630569722040134,-4.94543367801736,4.571703474991846,-1.6993863350613811,0.8657019997187704
2,-0.30568988878757175,-1.5246162326402306,0.5729824156549206,-0.8599808388967854,-0.15744196181889974,-1.865179788395024,1.159996304708764,0.5058222503160902,1.710089670732911
2,2.5096680023485196,5.189881454724686,-1.427103420831922,-0.7846936875971914,-1.2671244945800397,1.827249364464544,-2.2991464386344447,0.20513646149545867,0.1330850489174472
2,-0.7317981616437366,1.1140826660442174,0.33098925060467416,-1.7352111768889475,-2.1305646030159133,-0.5378507408479862,0.6721410348391184,-0.05326093619477125,0.8514098789815818
2,0.1801463132472894,-0.39006731114144444,-0.40310506795269324,4.2612028754796984,2.6414390025911176,0.3821024384822157,0.4807382720740353,-0.8472928114567129,-0.5771030292288614
2,0.25888231277149054,1.326609283509781,-0.36418967006058767,0.060620962703529034,-0.008776973062916416,-0.46424246858132545,-0.510021432376023,0.2885975441471487,0.7433752854803699
2,-1.483007596333456,-4.1080010548540455,0.49371396388498273,0.22901911968699717,0.28720836602086247,-6.426592632198354,4.083982605896645,-1.2186781919561795,2.057625358894848
2,-1.1478915909030922,-3.0102707775127775,0.09966033299175651,5.832384629843319,3.0063949184229406,-0.9215976473471644,1.4955410303909427,-1.4793122606327853,-0.7402924417135391
2,0.9840788875465949,1.6905570166763795,-0.9405409332073346,3.4997911617274067,3.316231800917636,-0.11849454973880484,-1.0418770572805987,-0.09226949329969852,-0.9060457895024417
2,-2.0684293288167512,-6.445577667513808,-0.4753349301853073,9.67045601234322,5.791222887899364,-6.613293561099551,6.230493090353651,-2.538286970986956,-1.1596250509352226
2,-2.2775217397856173,-6.388513857449988,0.49557723658461805,2.117829863300754,-0.6316807671802568,-3.860655747659357,4.230775954347785,-1.8162579005559085,-0.03633640633276523
2,2.9244413687549904,7.766254436271523,-0.43669401068620406,-5.343629732194125,-3.445914086920588,2.668778825218581,-5.587905253146178,2.104588367444475,2.061271571066043
2,1.0431557328637604,-2.2149173418846315,-0.9170760792647881,2.2112786377300884,0.8764316828097715,-2.1758410308733773,2.035732815007431,-1.2358076106925666,-0.5839154111559581
2,-0.11846635639155181,-2.028451175218213,-0.7965763666439968,0.066369586971532,-0.8506066210513148,-3.3552910748409372,1.6422056843434083,-1.3557821671429666,0.13163204069279674
2,0.4538162425441865,1.286420118500986,0.27616664513741757,3.0484658298213603,1.3847117542619003,-0.6108958718700616,0.6545808501103193,-0.027915300283149647,0.013168111930318624
2,2.0612059446352564,7.482820263777581,-0.8136830207953927,-2.133117070280589,-1.9450970510066938,5.207027334744531,-4.538098910002548,0.8222221356008003,0.14931118274256225
2,1.302056790703583,1.3552823395825944,-0.6535972181052484,-1.5792528122340939,-0.44636672884408585,1.252367075709722,-0.5321600730929368,0.17536280019998407,-0.5701939084670197
2,-1.8049398425785308,-4.767308738779962,0.6926925763236219,-0.6538967974156349,-1.941512750471457,-3.408259926169845,3.089604783049675,-1.091568502549298,0.8357937694973815
2,0.6336528869334128,3.2112446750231163,0.6730575790352112,-4.634920104807835,-2.2797134548565374,1.9633927297792313,-1.744208917086515,1.3745423176169569,0.9851461743523248
2,-1.3550148333721748,-3.501408613950586,0.19045215795079581,-2.220911221574776,-3.732869192060486,-5.533288105879915,3.1122294981225713,-1.9880406065874108,0.2247392897887161
2,-0.5994431835454225,-0.7043342183189001,1.1198898022811097,-0.756529140384338,-2.0464915482636807,-1.7574706259091346,1.7200682746320701,-0.7964146747688514,1.1780794582687548
2,-0.5853589665712865,-3.3265784339280087,0.16472683413252692,-0.7380822139010721,-0.5873248049792782,-0.908976389251695,1.4156304472004115,-0.10439431858857112,-0.30804649439524845
2,0.8421937209113294,2.112681458541408,-0.23610932919520294,-3.3931890538991047,-2.2619177625687015,2.2705481391076363,-1.737246591694579,0.34067310215282987,-0.20553559721917303
2,0.39371856729321353,1.7551497201236148,0.05857105966324255,-4.990929052981743,-3.1939335835282603,1.3477893486502655,-1.2045032589145972,0.5868639846218462,1.042157566884224
2,-2.82379141056958,-8.065658060248703,-0.16223700280679365,10.565343840222518,5.5251014933193705,-4.015192743241365,5.556668080887404,-2.2392774188313656,-1.8116420417496044
2,-0.1321702391648615,-2.576766336165183,-0.8446893989290843,5.5454739203832935,2.9341577053096066,-1.7904389529787366,2.3734955645951423,-1.820473493566806,-1.6503060016640296
2,2.3975246653294846,5.892322505236968,-0.49736327136463765,-3.195980829039342,-0.8133382194150733,1.6087995051268391,-3.2502268021008014,1.0061452689676469,0.8253700208211963
2,-1.3501476449509255,-2.966589143622206,0.4187574054284658,4.907037105274981,2.4977050210765617,-1.1565790964678613,2.7941445949555277,-1.0501142782851889,-0.3668004344976213
2,0.4293259328797563,3.012020050295118,1.6821822070978862,-11.053386002150923,-5.807093628583458,1.6911982548302147,-3.4339395621481046,2.3622375830871536,2.9602429910929655
2,1.101471962644928,3.164156144410384,-1.0356199185245303,0.5154249986359544,0.4074106724561825,-1.7795551747389073,0.03204288660885806,0.30436326250983003,0.4052531500649412
2,-2.7333570846480977,-5.524286408198413,-0.0055730369201277,8.839634898615016,5.952216150111091,-1.8263771890743812,3.212747733596056,-1.6536390238446594,-2.6601377497005445
2,1.4295876710804838,3.121323598457523,0.10387116702796531,-3.315834860462125,-1.2894577772004092,2.4287440596421748,-2.363365721355707,0.8769185359046745,0.43453057551503266
2,-1.3471391157031383,-4.161457577112695,0.5387883969254609,-0.11719879379415961,-1.2726182390981293,-3.0476986877294316,2.324978706955029,-0.4557166198071496,0.2951419226213424
2,-1.740843963116923,-3.8217423272193436,-0.12296137067459229,5.227681371028588,3.9583598083226565,0.07556217836543902,1.945694046991468,-0.3604436133856357,-1.8082485555299037
2,0.9698184483848525,3.02858664536519,-0.39555562846964354,-1.7740322061090807,-1.6303298298876057,-0.06508239095333697,-1.6098724620358023,0.12264094082122907,0.6206638690063424
2,-2.204337143882555,-7.006794972630626,0.1485317596130914,4.766490184068626,1.727439001773746,-2.978060137484562,4.2892039572510985,-1.8806631857496305,-0.41690285671363886
2,0.08916499555123265,0.6171890835555603,0.0667953685083542,-4.142042700702822,-2.547579236884307,2.1396565273958252,0.0010769200776214027,0.30245672487599906,-0.261328840767265
2,0.19859867240320014,2.053898906861541,-0.3398658164403544,-3.0342260212213166,-1.6095817940169301,0.1905322139896375,-0.6282255230032137,0.6746499849278319,-0.09917819639867864
2,0.2364981124297879,0.3982541311298862,0.3642685298191962,0.007326101797049233,0.898915401350368,2.113233609252114,-1.3332256909764615,0.4852020024935055,0.3355447280923126
2,1.0458628897809064,2.972441000784207,-1.2345368350331072,3.8020481940913453,1.9633230706844167,1.5005753727298008,-0.144118692976286,-0.3259862057145637,-1.5347477082459555
2,0.555980050540129,-1.674782271708799,-0.9537540260402156,1.7680934087149,0.6560395358195785,-3.327044687561826,2.021942302687111,-0.9930198858153086,0.9747385348027322
2,1.059463886166192,2.2370399521268576,-0.07304018718354183,-5.4510491231853635,-2.9970153259605308,1.5437492441632763,-1.633084932199186,0.9055045843155972,0.19650746380895637
2,-1.6100800024206616,-3.351545931339457,-0.44890921044601,7.935035029283824,5.2939268172902585,-2.8636842889377023,3.9492216164542255,-1.6367005415192408,-2.31172640337738
2,-0.1281008609577317,-0.8746179878951623,0.4412045714906083,4.791560554917744,2.777685428565593,1.4073514614623437,0.1810447961850172,-0.11682943891044964,-1.5864397783234305
2,0.24843576408858214,1.5560970965511072,-0.6941450650155933,3.1471867382854946,2.038521192294209,-0.7658946226984422,-0.14679423015264484,-0.19554815037208578,-0.896261085190091
2,0.8247258813664057,3.4268820713499486,-0.08209222211578923,-0.7527424141506699,1.3366208926556944,5.0882491044105125,-3.5259440460316758,1.005595222792911,-1.3129526526567192
2,4.37110915937464,10.85993838865182,-0.6212065607139705,-7.340874388529887,-4.101906512836418,3.862438127466759,-6.996038420518692,2.3296204582737556,2.028734568254995
2,-0.3714395559746731,-1.6350862547075296,0.4319386237299856,0.01983806835239442,0.8601357203689715,-1.234622533513299,2.0438147585692374,0.22028304293383727,1.1864183457626947
2,0.6372204672827493,1.4169833312139728,-0.44828636843518843,0.5100168405605944,0.23468802363336655,-0.8198357061417647,-1.0220698447438696,0.36329777387735523,0.07070529386719716
2,-0.04657004756226801,2.524296418387648,-0.11507285094452754,-1.207159677119334,0.5344886233633783,0.7508958281726588,-0.8217114039925693,0.7758403465587392,0.2541746869141609
2,-0.5881555126630755,-0.23469877579105103,-0.23285253143273993,4.004842637017939,2.950587552818088,1.0356019548990179,-0.41446718567310786,-0.34903694811604696,-1.2000327358075193
2,3.169314290374923,8.733713099967161,-0.21187506615490811,-11.737992695672476,-5.43218845276766,4.334905878322359,-6.948339383290641,2.6121573117552903,1.384626431717621
2,-0.011623321062496458,2.629596940611169,0.8157326227502883,-2.6260500413375754,-0.46326725913203143,2.6748045852988573,-2.2824870546540814,0.9915037817253733,-0.1657483099313819
2,-0.7940659646828715,-1.9465003597523944,0.8137873047505424,-4.229383413029914,-2.7066881620680023,-1.430194806263473,0.9694195172250647,0.6033417607474757,2.159065074856425
2,-1.2749288757437025,-1.6915010622046787,0.7702247895965233,-4.017876664698109,-3.257477024433381,-0.39751279338562123,0.9280578998652744,0.7125758475907938,0.29927617503228743
2,-0.06547825137053025,1.5442272608266092,1.0460689736078972,-6.569822988976414,-3.94860813682862,1.739739318785612,-1.5008911976650736,1.1548886247301005,1.2062538590937162
2,0.19018416364452576,-2.0496679755105487,-0.999497777481818,9.124956416607972,6.502896625397081,-0.21724892575778407,1.6864926471311266,-1.559898842022843,-2.889174335637018
2,-2.4118605027973077,-7.65903385481399,0.6667434088194758,3.5664772739858166,0.9038647571914143,-4.939753576102606,5.044760422912132,-1.1526073433433406,1.3496919498969704
2,1.3634331980387913,3.2765714523008054,-1.4303946083485628,6.530464174772455,5.339739242728823,2.7831873705683328,-2.2606028145901265,-0.6289527300993106,-3.0244034273144687
2,-0.2722859190313112,1.2248652520692516,1.3474007435533326,-1.4265533255882448,0.024846783296324063,1.781115461451432,-0.7880664990304825,1.1044182972234937,1.9792001853490102
2,-0.6351215749943021,-1.8124466693108552,0.3621362343258066,-0.22395660162791012,-0.5811555254045453,-0.894169617145893,1.344327428248336,-0.17063752478664776,0.29643836271193585
2,-1.6170514159052318,-2.90581818833369,0.8170108388964351,-4.059686590338712,-1.9017137150910108,0.4322658128268276,1.2521698139953148,0.41820519945163365,1.023039003442449
2,-0.9109347054661956,-0.8846526007202131,0.23094219757618104,2.4383332381809284,2.5524932205081035,2.1415620300725258,0.06756842833976542,-0.39252982659930297,-2.755397715052186
2,-3.8450959770568485,-9.398415377421422,1.7230638792893644,2.6001477992433393,1.4027955824427287,-3.5240442279733752,5.288345429994199,-1.0569252334662735,-0.7328471513810509
2,0.058162707470416505,-0.5409702596480471,-0.2634178945632531,0.9927841778761002,-0.17611959009911016,-0.21277613152499725,0.4901842532707963,-0.31783107152368845,-0.8483701915826597
2,0.700152849823749,-1.3113232643369295,-0.16246012940243104,-3.2441796028731567,-1.8199987063492795,-3.954507975135744,0.18112496648362728,0.28885198235511983,3.107776392302129
2,0.6103431361784121,-0.7357908551821198,0.3771278732395573,-0.7386720117038155,-0.29997472911253603,0.371452968692733,-0.34405015801474764,0.4825408773075713,1.3274031853690516
2,-2.2843189844670326,-6.218353018288157,0.29724561079406825,8.364989859165142,4.489747987390504,-2.2713032764660905,3.9385465935062056,-1.9757290059467236,-1.5076052244381746
2,1.5491748514699635,4.1156206894426735,-0.5392518000071923,0.302038794344141,1.4395549420891243,2.8981982129857107,-3.2459327664453426,1.285027890120041,-0.4863518325777269
2,-0.03425591047819293,0.3732404614452961,0.05471310117263667,2.2274528955466892,2.753977598725852,-0.025795367796380936,0.043130325976319266,-0.4433041627756279,-0.9119535685887687
2,1.8714556617896991,5.429879771707288,0.10162370087681367,-7.829349655510454,-5.262065601836186,2.7643267942985488,-4.184078768900554,1.4013366054539458,2.308751037697428
2,0.31347535086120226,-1.3738826113127929,-0.6174120359908829,0.8758747157226654,-0.43639209697442044,-1.9446368849900624,1.7652471101895282,-0.5670724590930203,0.5266023349830145
2,-0.44454841270997364,-2.0107509712095073,-0.43769954908686887,-1.4118053359606495,-0.8898463958900125,-1.4335755102951813,0.806673971001861,0.1961065661130827,1.293977248766391
2,-4.079392912046388,-9.73238376412765,0.9276760213493384,4.712507803982622,2.588330986021721,-3.3391996610823345,5.5058305773061145,-1.425132880989031,-0.97159554287824
2,1.9420023988983037,3.446805778594832,-0.9640559621069021,1.251645489233096,1.2455284339266797,1.4593406582271502,-1.4207943518514736,-0.22502439543414285,-0.8735897385955627
2,-0.2920821694190378,-1.0960517308692017,0.08459057776996667,1.7928227974815656,0.7204239532146633,0.3866733899111878,0.35512574463023266,-0.3971325001812727,-0.6423911734107907
2,-0.4168915831921036,-1.406497162481587,-0.08138200143186897,1.9611717635727104,2.088050479617831,-0.23427802576175147,0.9203270849891341,-0.11631673771298225,-0.4129068757770572
2,-3.5524142409085364,-7.453137983946472,0.3710084719275172,10.319407882838025,4.04668046983211,-5.615315222578966,7.485608582902651,-3.042854207234855,-1.060513805776693
2,-0.232564491159704,-2.4053417719131054,-0.2979200799950456,2.7294329368437475,1.301783044801379,-1.1771390207458705,1.290713069993413,-0.8132120041505314,-0.4887913632534543
2,-0.5606042612155577,0.1573498562246335,0.3220275867518404,-4.209739715207805,-3.8718552023136654,0.3362724558477238,-0.31283326137004314,0.43054100093316505,1.402399317938204
2,2.772534557905537,8.188040721940029,-0.22427045238470278,-4.779984947245284,-1.8935130620576213,3.7456073764930085,-6.100646895282003,2.198817950491257,1.4786544775798989
2,-1.3067376979305088,-2.991602289471229,0.8629575287145917,-5.963661381535183,-3.963355062649629,-2.646466032194163,1.8930368268764783,0.7355564272753188,2.453249629868071
2,-1.0496878273278083,-3.2361220958628745,0.9650713269055369,0.4220810804427591,-0.4359397710453558,-3.536159557381435,2.046114335921623,-0.5749713535793871,1.62310308825252
2,1.081261652175206,3.5899309204177023,-0.5420113688096639,-1.7379197887213986,-0.6745190351630339,3.02358693064016,-2.406228595724484,0.1952728550315396,0.7536109306678437
2,0.7031185856689834,1.411315048615478,0.5097450944638472,-2.649628492783536,-0.8407933316537131,0.7822236463789921,-1.3470660953396758,0.8106659222503461,1.9326722634363784
2,0.5522233313183548,0.5955909878694665,0.5619679740516452,-2.678086907403601,-0.46556764699210673,3.5965108099812717,-1.66054532338727,1.5506132099063197,-0.3595818892287088
2,-1.7580907405139037,-4.467316274870329,0.36246227813342624,9.158677577034283,6.154571198809966,-0.3675473720179632,4.052069818784895,-1.2533157214162198,-1.1670531828658985
2,-0.7178284095782671,-5.100961953476273,-0.7838386745512576,3.0730162422667306,1.2941895327189863,-4.076594130452007,3.970839311977769,-1.5704235715430086,-0.07249831322923207
2,-1.055674139256329,-1.650291472211826,0.786198507936254,-1.2689360583956768,-1.4685466866796786,-3.1409361775108446,1.3099555362917317,-0.2811336910139126,1.333527076136898
