,0,1,2,3,4,5,6,7
1,-1.446079063650406,1.7061108067635276,3.2814240069185923,0.5653899628403167,0.2263544365227063,-5.882168638674428,-1.0207970211089075,-0.3544604909224489
1,-0.06796655887049997,-1.9978457014512383,-1.9962399431277966,-0.21777088356542784,-0.10732803743372596,2.3142159481319258,2.2061664883931016,0.6304333622114097
1,-1.2214453184265255,2.8061440255423116,3.0906689882680434,0.022553956834544742,0.6058647406390953,-5.921678506011845,0.4944270484810678,-3.1433184916396377
1,-0.2466611403791437,1.025794304416227,1.4034717035938964,-1.4631244618964478,-0.3829366520981465,-2.785474802179557,1.803437074529563,-0.7801983553421784
1,0.07525126382880185,1.9957747173055622,-0.42020105943253205,-0.4530757909361993,0.7595263701728836,1.2292531419217902,0.7979661672011007,-0.08792682071516374
1,0.5717679453644147,-2.0624362111174483,-1.1271134735445223,-1.0133396732173428,-1.8105849534823144,2.6358490329345523,1.459708340788777,1.3170905772361863
1,-0.1969297069322074,0.7818506719393137,-1.6221052467723758,2.0206316159638016,0.6961239776121716,1.43633623654273,-0.3791482823070858,0.6518879686461211
1,-0.011331529166885929,-4.532107995892606,-1.1329244436224766,-0.4605344689846856,-2.616983433869376,3.3772410280669427,1.386825850745199,2.9534506884982785
1,-1.5369867501507626,0.35737978645339447,2.3481738057719794,-0.18945739655272398,-0.5719982045358787,-5.223376867481419,1.4672425719731181,2.449434780097894
1,0.4961782371498055,-0.987580083371066,-0.5595069174133471,0.6605418471365712,-1.0193692692245526,-1.2633114794708096,3.4323410945110804,-1.6862584628070239
1,1.224826538702449,-2.3091828323130437,-0.21944522459132004,1.4792321464204872,-0.5312572432889967,-0.176447768393915,1.9744664711448723,-2.346783064204131
1,2.5724372154068638,-0.8390964236472549,-2.8939879564255344,0.4433947771236524,1.325063517595005,5.797254544689718,-1.7299821438990275,0.3835224956934121
1,-0.43244894790608407,-1.213299574034651,0.9074403391334546,0.9014505277280851,0.1415198483226347,-5.27092568258324,-0.7050791558975674,2.231070878965978
1,-1.3486632902282705,8.022013655405159,3.6644155248747463,2.062555374576044,0.7933443470780696,-7.415298700929887,-2.0708877987014023,-0.868274486996275
1,2.5447870493559157,-2.9315748120215024,-2.832003424658953,0.11429443539584748,-1.155019358620685,7.624374242983111,0.6473367842254042,2.043790122961027
1,0.7784235088991258,0.1620195317360829,-0.8271648857412588,0.37684723201862136,0.7472870692420817,1.9750483512306165,-1.4970557427081401,-1.8585088226647388
1,-0.16495284172577002,9.254737471593907,2.8762101054052907,-1.553506805134872,2.9532232402671865,-1.1496543240842025,-3.2410038147482476,-0.13977020175767388
1,-1.0882946957736561,1.2915273976576667,0.6620042617460854,-1.9918576842133233,-0.024883963243897897,-1.7870091156731616,2.2913094013845012,-0.1861735254580441
1,-1.5265016984765585,0.6900109554424818,1.7188185180027085,-0.22038893920794364,-0.47971669499050457,-3.4084576132604885,2.334815801357498,1.49395692864517
1,2.6709574964096214,-1.2248799451720078,-1.9025982976328717,-2.0725828577552607,0.17451890368509043,5.339339549666224,-1.9462171755960251,-0.42211687244632784
1,0.3566204532492029,-1.3910190306606904,-0.11092445223681657,-0.2140133286041076,-0.23048628714110164,-0.16756597271060958,1.609688877785892,-0.5068656029327732
1,0.6489228147640377,-0.6005070689134044,0.13418709907083476,-0.04605148929751271,-0.6490952761819424,-0.4287007703141074,-1.0580074683491618,-1.122234206726864
1,0.8399604615257551,-1.7963541449072558,-1.7304699862168302,1.5287556570616478,-0.07390370752093822,2.062672200687409,-1.0791083329352886,0.05026776616250825
1,0.2669886783617369,-0.207737215523699,-0.7570487932960179,-0.9495872597934301,0.8094064526487543,1.1967722958462998,0.5526838211457936,-0.7354282109992074
1,-0.39260673238742827,-0.6492398386413931,-0.5044528162116635,-1.8203488096208722,0.20979389308003032,1.8047719760522356,-0.32383122063979186,1.611011788736912
1,-0.6983856807315202,0.09845539489090657,-1.2491619820681539,-1.641093422507171,0.45343094222120817,0.9417620921734619,0.3828830889940986,-0.06049608472821049
1,-2.3355344735040493,1.545928745748621,0.14690798743840144,1.4330746990849041,1.0543360109561168,-1.6987661032118218,-1.3901621720941402,-0.007813840594455983
1,-1.0752363276798054,2.8540988420845923,-0.07094595544194149,0.5306440303450676,0.9862952344997757,-1.9001830310650654,-1.2682425088062006,0.2846946418861147
1,-0.16300270221348123,-1.0872386151098539,0.4288381532290214,-1.4031754257437412,-2.044942322979972,-0.7937550209205679,1.4800032256337834,0.6731998224588324
1,-0.4154210570398309,2.2933916516775277,2.0970967429487266,-0.692873719457294,-1.1474099584792625,-2.382373881975144,3.7008460312742333,-0.8783662299026297
1,0.30446294037712185,1.6959022301718576,1.4159652187937417,-0.6925763137373689,0.554349108559036,-1.0455084004077289,-1.1085908671929177,-0.3270704001479886
1,0.032659422300346276,-0.11241950204690007,0.8373833035262712,1.4824025218061327,-0.09914004284912575,-0.951856459061143,-0.6297107502071358,-1.0584989770695892
1,-1.6794220062846126,-1.319525520947147,1.1387947300985086,-0.03321537706193233,-0.8825955704565489,-3.401996975282346,2.9512555244160676,0.6372038661401598
1,1.3988499301649648,-6.782806059447814,-1.9833446750565753,0.03564652891308058,-0.8366407557415072,4.9017291590906265,1.1055460413828901,2.217454800434078
1,0.3584172222094242,1.1886499909231358,-0.6601364981037672,1.2683358795836261,-0.31926554769528837,1.6562499229391052,-0.4130473630286663,-0.286012906795267
1,1.0573721857198575,-2.92406853877576,-0.4536809711223906,1.9929919993183531,-0.736425091151192,1.0004555174680612,1.5940890501412914,2.0109858471903364
1,0.401054836973355,2.451258183605581,2.0360029690901174,1.1344608416413748,0.710945050435601,-1.6772519727959436,2.700711881092525,-0.22021763402140357
1,-1.405027826525239,-0.6460432684942095,1.1394307158653585,2.8288454230424462,-1.040390791730187,-3.54913579350239,2.5277875734424304,0.8676307173524798
1,0.23255332062605272,0.02941755972079796,-0.015031137878028622,-0.4621591927009195,0.9863388602848637,1.0773121715257896,-1.5149850073635507,1.14015441609712
1,0.2667498176353934,1.5866449753353025,0.16058185309925502,0.907355731550009,1.6872163565504623,0.2225355601001734,-2.378206900303235,2.4138995519715816
1,1.5476506180360636,-0.8452898757745506,-1.807999775924587,-2.235308635466715,-0.4380057399483328,3.3263451969772198,0.8064625368125865,-3.058755977118931
1,-0.08685391645325398,-0.5224530504368516,-0.9399825490686877,2.1947900501095208,-0.0792148551281106,1.6182051484748963,1.8634175063920884,0.47296601703601965
1,0.9708029101875928,-2.8585522377392283,-3.9545639335624965,1.033860541640228,0.6870053170285998,6.3049880115304875,2.509714191067528,2.5584965534084536
1,-1.4559113993746216,3.2507507191056364,2.7296390900930754,-0.09272911713208278,0.8483404890010413,-6.080204288297135,-0.04920616014914327,0.6255929605241897
1,-1.2441490135714062,2.076284914922974,2.306552551596476,-0.8394678922061041,-0.4303892991233649,-4.210205686731496,-1.2755322603752437,1.5765891427379108
1,-0.13654035477624926,-0.8571127324213647,-1.199320712210782,-1.4083743167177016,-0.745913489614191,1.6841401935167413,0.5400368512935511,-1.4261358101994588
1,-0.2599425963689106,1.1032547123547671,0.5334600818115555,-0.09474978806630577,-0.9815869974100406,-0.6377665946382205,1.520875189600987,-2.272226892104163
1,0.07684918770066806,-5.782847320733774,-2.2518253934726076,0.588096312737837,-0.6219510838458686,4.2418746118473765,-0.7151807985687358,0.4165025952396151
1,-0.26778873872713116,-3.401845977220651,0.05093170416968505,0.2139402977037846,-1.3990860695784468,-1.750146348150166,2.9110927612617337,-0.299585667598905
1,-0.4587882394968728,2.7870753817166265,1.6116118829997124,0.12337644105137945,0.4381046366318893,-2.146165269886279,0.4515650277227673,-0.1098267291202042
2,0.20597760447268743,-4.429793156167601,-1.2846578574345857,-0.42428209226895613,-0.9009068683269323,0.7471508425225991,-1.1082321090865526,1.0957424459961875
2,1.3873316350232092,0.6751455221560461,-1.273906672453497,-1.1306554883435502,1.405510620626751,4.130936214736541,0.257081021709741,1.2758295857080244
2,-1.4330753581928408,4.231910308900746,2.6752389594702892,1.6314434553430852,1.0472432482450946,-5.158113230255703,-3.858615877906787,1.4134945672067591
2,0.16800702536486015,0.3255547894039248,0.4162522438589416,1.032301557310395,0.6278198553820878,-0.880474731557099,-3.4024174908415024,3.227538938475806
2,-1.0362386055761121,5.025889635515193,1.7539668611037298,-0.5055175495458394,1.5212063085759997,-3.2384730182743557,0.5818673956492354,0.2312593419320119
2,-0.7530294301937206,-1.2283237222311925,0.8952322569962758,0.9753887475003115,-0.18884885068653398,-3.1667107365712877,0.6420883932134499,0.34278178620910676
2,0.9947483412553626,-3.879034527760438,-1.408695740309366,0.6611311029159862,-1.4880177385342568,2.933118273546335,1.4971421957492927,1.5758488983019872
2,-0.5112955780786749,-0.7347241491182862,-0.10744949452766506,0.8243194434532031,-1.33821977453649,-0.6683279051694213,3.4819342417973695,0.24969250025079792
2,-0.7070496351908326,-1.9314265743370869,0.5080665227483131,-0.5717427645438775,-0.9327189200130743,-1.7639153072903095,-2.9203457453175017,0.7585899905090457
2,-0.5595724150850154,0.6073543946433034,0.9983770773388875,-0.7795572560835521,-0.8288619872819036,-1.2596661277090662,-1.6475983007967312,-1.2298007082750766
2,3.0515601750446413,-1.2183686627649521,-3.275306603692244,2.4288200947049217,1.380256181430875,7.978775873246018,-0.40221471563691896,-0.5035321329758102
2,-0.32953275268576554,-0.23898732682212526,0.9262155832328434,0.6484336817608083,-0.9612924639912013,-2.5994320296425393,3.4993906653368945,-0.8949403341083092
2,0.7554468350547751,3.190579155584163,1.1621351384819307,-0.3866603079593477,0.479923737084416,-0.3009026554942143,-0.07179407914518574,-0.8500402145601859
2,0.7622112958957794,0.3351593185643924,0.8733316806609339,1.5664146907515641,-0.5090898119591046,0.12782904540783224,0.4005718105228184,2.1452490651571883
2,-0.20634246886943067,-0.1635388650688102,0.25549646589301517,-0.4229531762048764,-0.38191920447356836,-0.3452410528678622,2.135695354143914,0.44664987880505524
2,0.8382079966502503,1.007877824724243,-3.292600431410992,0.3150035751142847,1.9044246553493256,4.9308360178205515,-2.761994901484655,-0.06986195073928886
2,0.8440991733598472,4.858349851862017,-0.4197022745712158,2.123060046222172,2.833218956128493,2.5220075779676545,-5.980675379157286,2.5795143159384004
2,0.88224304082063,1.2860761209147522,-0.3734027199122479,-0.2561168597081761,0.6975619408745293,0.5838307811880649,-0.3849460757922467,-0.14001014216951124
2,0.06995741176869054,4.6997467837041045,1.5367827654128998,2.2702691269783766,2.045714096690523,-3.0315521985702243,-5.251191903036137,-1.2112665355434982
2,-0.7395644661073844,5.49271159933738,0.7088573626386945,-1.0973627356744984,1.8426416126038836,-3.086677007980138,-0.08285277425078913,-0.2731562268052198
2,-2.628493408441236,1.7763195335605693,2.1573501829405677,-1.3758627598894626,-0.45761200787879996,-3.926051769435801,0.08786781621704068,-0.12255850693734506
2,-1.560803408159868,0.17491232291153536,2.201733557600293,-0.5167687884338085,-0.20824254799534458,-4.702423470135171,-0.024375157266286147,0.561330887978168
2,3.2586482946722497,-0.7748776930546605,-2.2254976307529657,-0.724180430551196,-0.3112375827944785,7.660850678230875,-0.3908750709481682,1.2483757947175
2,0.028236293457669245,-2.9977010945064566,-1.2149602702400464,-0.1073511032926736,-0.6930838580502974,-0.16651628729817344,0.4002616076827076,1.8623614645191928
2,1.263516636058511,-0.927326714197547,-0.890660420249258,2.4175935150014354,0.07374446988045139,2.128267663256213,-0.360507700974346,-0.009657220420015942
2,-1.7327188135064593,6.128942939815352,1.7103557022597613,-0.12987758720474443,2.394955477710041,-5.846302863753622,-3.7370690946715928,1.1985627179905032
2,0.2773406720391504,-0.8385916193175523,1.2268713078063178,0.5614387320747481,-2.256260530637598,-1.7584512182274785,0.8056991452894491,-2.8302627267144227
2,2.517576319689041,-1.0683060649804856,-3.5286104243673484,1.3054212026994072,0.3372723054886766,7.448860209523685,-4.897440028294343,-1.6037007346361616
2,1.47107697334772,1.4913023381720096,-1.5373381445012027,0.8240322913057758,1.4525418184663967,4.073814752100879,-0.6748307331445351,0.38114220541664334
2,0.664160523404425,0.33451771019457277,-0.5294886935510109,1.827120523440325,0.4567533362231735,1.7640487127016384,2.939599199985165,0.41886900430773966
2,1.3293245795131283,-0.42055980043006147,-0.2956157149123143,-1.2711902023391926,-0.11091577901294403,0.3485243324795606,1.8368031493312171,-0.9121540803720687
2,-1.108680737815401,1.182604009796567,1.8081144875126554,-1.7583566142080105,-0.10863475751205201,-4.714701085654833,0.5531937237435975,-1.282086067943128
2,-0.7732922406520574,-0.5769946757979938,-0.05316842465637271,-1.1831081037466449,-0.1486510599439203,-0.07564697326034282,-1.2077303576387999,-0.3318349879551492
2,1.7121625461550738,-8.80239238287719,-2.7013536072356135,-0.34812273404207145,-2.075053936815401,5.769089361456552,0.4511448868984254,0.033818907966033686
2,-0.1234820920697975,2.833685335769921,0.5332199725776707,3.1858657407207684,1.2558225232221383,-0.49138534249447546,1.8010555769491656,1.765892966299706
2,1.9178348853017089,0.5278449085764085,-1.4422057241222248,0.7292522998961665,0.555183433618162,1.9934074595354334,-0.10677689409198896,-1.2374599160121733
2,-0.645758850032937,0.9707299488897706,0.8540713880767071,-1.0842314716913082,-1.3198127236468555,-1.4070887616394752,1.6293432910296572,0.6393662879187577
2,0.3763405459091664,0.5733237262701447,1.0774139807447993,-0.41890847947627463,-1.1813521452947688,-1.6585152359390487,2.0391924590022272,-0.6385389779863051
2,-0.35510086597211277,-1.5417016481842971,-0.8784979940947146,0.29518838691438304,0.12289640984942055,-0.7042042526125765,2.6190981157129776,-0.6186220623386981
2,0.011111389381263959,-1.1755656669709236,-0.06766423980783949,0.9632741651208233,-0.6150069438164257,-0.08780650907351853,0.029912097725680254,-2.7419706191989386
2,-1.5429308054445645,3.5466757566682126,2.38272272376162,-1.0880525991075853,1.4239061532412252,-6.815730720930818,-1.9801315938726842,-1.0627571741257338
2,0.013373840185334468,0.835909296791823,-0.9864115724367023,1.0958089601197247,1.6830258114283403,1.4762701196826837,-2.1925076862046464,0.6151998966192727
2,1.7556832747658668,-1.514264040209633,-2.045568296924509,-0.43116886642122726,0.5396989388222655,3.695368757717251,-0.2652060821024411,-1.2735968045083013
2,3.1970744893792546,-6.688096287224459,-2.0449867001429958,-1.4434711092339303,-1.198317225155421,4.8967251336831294,0.094088011341598,0.24054952290543677
2,0.14576935546472128,2.4761783264818567,-0.6915542515882647,-0.43593685088313194,2.027054016612429,1.5176798406255032,-3.951930560718572,3.1925362684328378
2,-0.014959218417004025,-3.8484287819889076,-0.4961035700023815,-1.563501679586931,-0.8308314376751575,0.053648284288479245,0.42470104836923656,0.1728790117974279
2,0.09631016160603019,-0.49115283153850126,0.00744485515948131,0.17995346092156062,0.4071756011186943,-1.299978626733087,-0.42435162715164565,1.2893802518400677
2,1.6693421074824808,-1.7547712385865566,-1.7665831528529874,1.0862159425441043,1.2046531284688369,4.60873211504362,-1.8163500270408055,-0.670586476780285
2,0.4949159296384019,-1.6538397469272708,0.1108655347066681,0.09438293939249591,-1.3261910104537409,2.5238932649176276,0.8775692699028064,-1.9124568436930172
2,-3.0135400915410733,-0.008968922685016513,2.663322209095412,-0.4456523458857873,-0.9284835966204587,-7.7265286278910645,2.0693499451888173,-0.4758995973761333
