,0,1,2,3,4,5,6,7,8,9,10,11,12,13
1,0.8617252527381193,-0.01897562037119528,0.15707321851630818,-0.9171284264323238,-2.721270463719116,-1.3910009182796215,-0.6970857181859887,-2.8951669321940834,0.14176193757927627,0.40767781995590674,-1.2487838970913094,0.16076093484080894,-0.8572991590886737,0.5507241520010819
1,0.6829861220557669,-2.237528887954441,0.46445420627240896,0.8109284069163317,6.149118482114843,-0.4945953379321283,0.3945533779788335,-2.340077092245227,-0.3503721642996425,-1.06617430276068,0.043040638580485006,0.7220154563956589,0.8052715497901993,-5.015579918515103
1,0.8321702129351711,2.511571387648727,-2.177227598487241,0.9554481868241678,-1.373808698831831,3.737212291946883,1.7318329704954256,-3.1603550104097224,-1.9372493479065414,5.185934394501629,-2.526806907333527,0.554367272965453,-0.3514207877723308,3.034566517059404
1,2.3999548950537988,-1.456117509179973,2.001516021327282,1.3824841666424317,4.904700410754491,-2.9497835667852224,-1.1377837936809718,0.30029725539083585,0.643957731868862,-2.5428589697533206,4.98941439905215,0.2900619608876144,2.61503981953523,-5.584125996986525
1,-1.1716957642454704,0.6540719632132953,4.125004538932689,0.9785443375551249,0.763002785397061,-0.6570213378786312,-0.5987853517734826,0.7198113884394637,2.3438252939253292,-2.174990439719007,2.9204555842995497,-1.597719441542466,0.5852064826624925,0.7382492121870383
1,0.6137445597252823,0.3594812105553692,0.4567972891409735,0.17040685340756806,1.7521264605998117,4.3440175185700305,2.2469700299868434,-2.247297784799714,-0.3860081875317405,1.4295867792833317,0.711235197507167,-0.06436885348626964,0.7790696024502155,-0.31498892807263096
1,-0.14823414652781342,-1.4952242571574215,0.9655038795989567,1.5632099250063827,4.936514274010528,-2.0976575035521057,-0.7345165320198279,0.9488840456064633,1.7260611389958083,-2.8505890398971454,-4.79510055719041,0.1106206195910009,-1.7391038565374362,0.2497756559916298
1,2.260504814662834,-0.4810778568671392,0.021770013709598073,0.3604532543264025,2.5375126243802577,4.155409179655047,0.6729144598390849,-0.8281921337560408,0.48395919458041725,0.6713845050700554,3.988217675932089,-2.303760098567988,0.7071924436336078,-0.5135129484543646
1,0.9059286023898653,-0.23125122325487021,-0.8343615931431168,-1.3273353045599365,-0.43686760350459414,-2.9492320631389006,-1.7780766749447403,-0.39554700677618426,-1.0228681656217453,-2.9778846014494706,-3.728403092368342,1.1712541180244043,-1.4379745678979268,1.266023973315252
1,-2.5748087458387285,-0.1501064421645414,3.691795390747149,-0.819210133886011,-1.0350564129407833,-1.4936778829985498,-1.1547875814550852,-0.23401237286530926,1.674913386043319,-0.7758351263141675,2.5555634027597405,-1.4093677614313496,0.22883551398385282,-0.5223388548361917
1,0.5010676764323007,2.006557870224817,0.829810980182775,-0.576940887448545,-5.7553169366543795,5.397545450867286,1.382736402446058,1.1024721259022878,0.9848359411051123,1.9177002109164576,6.693054287239859,-2.511686342787062,1.7673097374728406,-2.50216933850343
1,1.6175257776695078,2.4220115404286884,2.0548900167116275,0.0715662967606281,-1.9494801040536098,-0.684464899765269,0.00805860595785418,1.7232149097967266,1.0827682115568842,2.78682678323166,5.868491623879294,-2.0883391402674962,2.5117974077943863,-1.9114533161680418
1,1.2731710544641275,0.8049887931225636,-1.3358121702966264,-0.26260364060278363,-0.13351913606599664,1.3707687417781356,0.7090644771562321,0.14644738407552918,0.03142502345088563,1.3905973548072035,-2.891426509522825,-0.11982623505342567,-2.091959499088003,3.8453586344116726
1,-0.2393163731279943,2.0717989432655357,2.2237826661692046,-0.5320474571951543,-3.9239908604549756,-3.990769874621604,-0.4470421017064602,0.6290607739156926,1.3445601168648627,2.470721538841277,2.3455558791640287,0.001545566165681614,3.1599170712878513,0.37765369973424434
1,1.0031889842585178,-1.5331625290576611,-0.010390459829251604,-1.012114022939325,0.8653115141926676,-3.8455077967264666,-0.864479839755046,-0.4267753932546035,-1.000189536472225,-0.6606601148760457,0.8168378163947358,0.37112978536863983,-0.11639518808519711,-0.027273699490969458
1,-1.280418063429089,0.8521451695077595,-1.356215012472464,0.27797476315892744,-0.43712318094266134,2.7475153557590732,1.6582699575531574,-0.04452881676822454,-0.6054534012834341,1.10237549279769,2.033112476099465,1.074146720294376,2.2437343460294796,-2.4769495051996224
1,-0.12061820951783803,0.03260236596205903,0.9577335710323316,-1.215718640297296,-2.298356917983329,4.3637085037583825,1.4456809551730472,-0.3031733343290724,-0.5826030114413006,-1.10213920078822,-0.7486417377908341,-1.1266051023950288,-1.386246411440941,0.8096747181369433
1,-2.3041151068232755,-2.006998524407994,2.1166524091972776,0.9198145297553962,7.196159842397829,1.0108939871152067,-0.9238077091097161,2.5894376242902166,1.599459123102326,-4.542995308483933,7.315251693465621,-3.592607031207679,0.4253409314426198,-3.1594591894881194
1,1.5328666434372051,-0.24008857249084156,-1.8902589387035047,0.7029861467781975,2.3911723844068495,-3.6602749808166335,-1.666546051737261,-0.0766732069894299,-0.8414825627422744,0.6156225346111143,-4.835775977285472,0.835253527424173,-2.3980755195894075,4.8243059004098585
1,-0.3618208317628493,1.522186703365193,-2.9466752883574334,-0.7173071625107146,-3.6037240960302834,3.959911446522648,0.6873065191143704,-0.8240255380531093,-1.3692702755984374,1.7638670219164936,4.7092737639991435,0.25519073953772026,1.6584020402328963,-2.6988787389432134
1,-0.6878395928133723,-0.08785061252045313,1.8157394332566235,0.9256477818574114,1.215735852990008,2.7554266666695946,0.5438443497700578,-0.34132502315389945,0.8551242347186528,-0.39957005031699766,3.745171576904393,-1.4458802708877017,-0.3342856855776214,-2.633540915812566
1,1.220387433142553,2.0600523650410762,-0.006535905819671731,-0.5574006793313216,-3.530664413065924,-2.701534031152035,0.1170971698868484,-2.998539314739389,-1.7403754884023364,2.3400157979548517,-3.2820665842929784,2.439976056183276,-0.38246199983524864,1.8868308304269554
1,2.4972158628908456,1.124356071772455,-0.7014100769045953,-1.2802966837990373,-4.684655750907193,-1.0382912646062827,-1.3199575350709187,1.832582390555794,-0.26355515198409957,-0.0075107274612133245,1.463280039270017,-0.6713754538556829,-0.15460089457951606,0.6851363858597546
1,-1.3066898942441325,-1.2750342394810483,-2.8228238300786317,-0.18630803440335506,2.659737559921205,-1.5791732122809992,-1.8146915488399862,0.13135132351499862,0.4831862714124909,2.3959041298878643,2.406922548481991,0.7121691870062021,0.8679588248204496,-1.3406823499622325
1,-0.39748991952513035,1.1130610248878647,1.227552123000098,0.29613161262007603,-1.586501092730191,-2.7386426176492886,-0.6757539226012247,-0.8892958005769205,0.07920444632169378,2.9158918380251215,-0.8729748167074155,0.5257513258858562,-1.470822470141826,1.52296096687878
1,-1.5287506819969536,1.780006288725754,0.021582663745827988,0.0845004691073902,-2.0336294041837926,0.6984138615621371,0.06392393862240953,-0.6365057550068616,0.032783056381760656,0.8651209650481372,-1.8159769488222834,-0.7174193590712233,-1.4646766634536788,4.651344622670146
1,0.11461648018169328,0.6742602204400511,0.9541019724057899,1.0031447404999723,2.063299228734243,1.3657743185178781,0.5657500418760932,-0.25445373354123635,1.1574396313673905,1.506675385750082,-0.35728177040268383,-0.08100428392048639,0.6750372949276525,1.1138219967818586
1,-0.946626512218831,-0.0735910177565287,-2.3446162049793884,0.8704622136548118,1.9827184080260989,0.08573825129954134,0.30032721582785926,-2.6244927212189855,-2.4611239612881515,0.37569347540846426,-1.745436795222572,1.712718248251345,0.6360680737712424,0.03863235685986462
1,0.020827140867779623,0.7291159746845747,-0.5074869116003594,-1.175335270566174,-0.7557667277270078,-4.676247194075145,-3.4553137176972104,-0.16320265266170028,-0.7246819512527329,2.331300111699758,2.268783473489757,-0.4578052389024546,1.5935952053782971,-0.18956273321953124
1,-1.9907631169085056,-0.2873448754208204,0.4287517990951711,-1.750612625796348,-1.2823959208787163,-1.9385843184078508,-0.6754789761987474,1.1372999849830778,0.02762504581768036,-0.969543699972942,3.5249567210964985,0.05076586680631427,2.580997858206256,-4.154601222091175
1,1.8877352927752054,-1.024211232817557,0.15276796270770562,1.0200712352420327,5.354832559199066,-5.211416822782775,-0.5496717246736716,-1.6038410407556607,0.23851856278630226,-0.8313299376085608,-5.019580066699082,1.0389430674595947,-1.6907413556877762,3.269784722234074
1,-1.207775640911933,1.432189280059768,-2.46750806551937,-0.9743585530605882,-4.892495370964002,-1.512934366864444,-0.4663860825879078,-1.2497084570603856,-0.6167175292273659,3.5971943963197988,-1.8333801546619541,2.091430267368224,1.3576415480337762,-0.35849194400808126
1,1.4681982385142234,0.7228744065893125,4.2553392173489275,-2.075511860000342,-2.9409590490456443,-5.2645297288103166,-2.067829345309928,3.37206159660272,1.4864422611581631,-0.20922976235061788,3.285876140473297,-1.0292234937116704,0.6097487623332136,0.45261371511664195
1,1.698491863930773,0.15686680295411984,3.808433460226291,0.26740328212720754,-0.8157729227590182,-1.888888489620507,-1.7219462350009156,2.0497534839740648,2.5518517239228893,1.1187902004613406,6.729574869101314,-2.897849123751987,1.5264455756868474,-4.432735543516971
1,-0.7720234606339306,1.056617760595657,0.932858008284901,-2.267599833458614,-7.440165208714027,3.92177421762387,3.134150651759225,-1.6178835476428015,-0.10016983289424869,2.4581838883745766,4.037027196779237,0.8015678357293299,2.681741107369348,-1.7803554466614835
1,-1.5426679777994712,0.536975308261071,-3.2264683829069396,-2.7054633986281598,-5.009583164572947,5.660173557221239,1.2353844813150892,-0.6958902178683151,-1.5071716873677417,0.505756450927486,0.6518003455763395,0.38784193181864457,-0.465390767920331,-0.24999527615168607
1,-0.8519676846991017,0.7453499540614518,-1.7663773915858167,0.5765287905279292,1.37499465680946,1.886834986468191,0.13923484044807344,2.6171691663390915,-0.020991485447054002,1.5702914787312456,1.973545140595748,-0.06876400605525704,0.9785423324549722,0.6071273200660989
1,-0.20744833852957884,1.2962835529246257,1.8947969889712681,0.8807925308871142,0.4056356010124864,-3.8367268194124176,0.07373359137681294,0.897953164280844,1.2395823673506468,1.5315123553867476,-2.2546694120119573,-0.5885087460518866,-1.3207413831306698,0.20796938877960525
1,-0.003444805365929661,-2.04504702462067,-0.1770164796895609,0.5285969791023974,4.7589138763936445,-5.967892590990598,-1.4627998266558653,-1.2490420580586703,-0.38669967748420664,-3.2529049415477274,-2.9667858940563216,1.3189533938164006,-1.2758676652098881,1.2382330177425729
1,-0.9000657567427183,0.17745570661828158,0.0023573821775324695,0.6603918505362983,2.1805228246192967,4.182268218501444,1.5147890306241778,-0.1450375403206128,-0.13656736057922217,1.6583253680110848,-2.8608276431203463,0.09561931936622341,-1.4878054329430646,3.100015550275039
1,-1.1500395959885403,0.47499601909021466,0.1845206181516438,1.6988348730054166,1.2414599253935874,1.1426964829541029,2.2480683301823685,-1.7269264869561927,0.3876560972859831,3.036507944900106,-2.411162937606265,0.04040333508106892,-2.181459498753889,2.370507830579232
1,0.590780211283081,0.1709658579885236,-1.269821272700022,-0.42782582806230157,-1.8276454571651992,-5.303678520648354,-0.6628940102372677,-1.6081728046812431,-1.1313818175127275,1.165035880500229,-4.2105512197598385,3.4869557704322087,0.41557351973312,-0.5679250315627788
1,0.14083718041879095,0.9750574513199887,2.366844514669685,0.6993426712463117,-0.23096706869911107,-0.48731555734595017,-0.16917486608846494,2.3192878852480483,1.5392193857221,1.1891525276365074,2.2078605859074742,-1.167502942206731,-0.2894806833761964,2.818498168158971
1,0.10186195086374211,0.45407757360562084,0.3608985951284211,-1.1793987654612834,-1.7440491029402767,3.9183326983500137,2.2374688125198348,-1.3332238801353948,-0.2327693556483712,-0.47438568978942297,-1.38351402670319,-0.693203885630267,-1.5215190197095247,1.9086746040612024
1,1.5753038094253151,-0.06644335065389076,2.2993709351903275,-0.5818083929679491,0.48567718650293656,-0.515634860139777,0.7318389424503197,0.8715889527994433,0.3361266179593542,-0.2370909704244035,0.672748049018534,0.17526439504521954,-0.2801335947361482,-0.46499417342958704
1,0.04615828775249554,0.12863548107766354,-0.8850687803213483,-0.5306852219058963,-2.1666774530810455,-2.9153932802904614,-1.0833901333961773,-1.841199012103172,-0.8304937892313518,-0.17397937671390348,-0.27946863816970147,0.8826836285101766,0.26487734352770886,1.4009672788356362
1,1.178936716939154,-3.1657419189607086,-0.44466202596735527,0.6649905879241621,1.8140996515093128,-2.870017952458384,0.47962476275213056,-1.1049199195277446,0.5630098776661916,-3.889934303529278,-6.9329512835184355,1.7855628476156,-2.122255412936047,0.2223611564970968
1,0.4530901682138683,-2.000424104807351,-3.063378604958381,0.49128666010990074,3.601325869997294,1.5059522091403381,0.5133435276990592,-2.8844613330282374,-1.2283623419556724,-1.4116540427259425,-5.149454874011231,1.342197350587385,-3.0001580823690723,2.613865205977774
1,0.36382058010556495,-0.7828361900939196,0.8502305527987786,0.4579641254093119,2.1628027761596673,-0.7968881394851282,0.31524858840370396,1.4414508415251206,1.26844587414348,-2.4258560671017553,1.2872363023154245,0.21468261195107674,0.9117268645468004,-1.4950177304792274
1,-1.4662418025299424,0.6624747720513118,3.5606860610157303,-0.32953252953988404,-2.2553563863443657,-1.343109643328479,-0.46054982747656303,1.1406765169379287,0.8819609201968196,0.8450827679544345,0.1168231007030371,-1.0545020865300918,-1.111785010625056,2.983878270340607
2,0.2766267648242718,0.011521000640014809,-4.268635516766188,0.5897350227978155,1.9525356814426167,4.617559966413534,-1.0234586948117437,-1.3643390517089706,-0.2566027430042629,-1.1171494053415076,0.08670960629896583,-0.4422283702537771,-1.4832074268611606,1.8778469932183197
2,1.2657433430022664,-0.030473510370083907,-1.7701678086310555,-0.5743028600662691,-0.4373289875772296,1.9684843757040813,-1.539364137898918,-0.4692976572481705,-0.40280352754772075,1.2886040153325893,2.1531168297990058,-0.3279999525131783,0.6803535304496385,0.6374432565971194
2,-0.13257929045969288,0.9372305047310091,-4.396411887227103,0.897568547523538,-1.9123904408564034,7.873802171125031,0.33950637940664685,-0.4899826902085783,-0.17296285024810426,1.4159649763486768,0.5388437737895715,-0.27012151317141203,-0.29173696370222096,0.6973078378605209
2,0.08343053019019028,-0.3951598569521196,-4.073062005651282,0.19516267229798748,-0.1597723798398085,5.831772786179066,1.177455248086083,0.1073751178143822,-1.5497696754333028,0.8941695610581916,-3.5805881496221805,3.2542838549049296,1.0847238711712635,-1.2419753669056688
2,0.4350358721219904,-0.5971920506359704,-5.382068851104702,-0.7231221032647993,-0.1897159938850671,8.031752702347186,-0.3803118813836831,-1.3931244464155326,-0.7042553001752522,-0.6426522648727643,-3.893313921428299,1.3895727868817833,-1.9333068935579039,-0.8305214615562756
2,-0.2924147828393932,1.4878286352601895,-1.229889561713569,-1.625979187756158,-5.704140787318331,-2.3108461215188254,-2.6725615671926484,-2.084387427095456,-0.9431121489598694,1.630555216828786,-3.674144157250684,0.9358004473555931,-2.1321084489115,2.2730465022997084
2,-0.421551237476795,-1.349916561399042,-1.9346862529537745,-0.4258393212623387,2.69004317584757,3.2879452134657736,-1.4456086881743566,0.5990400364467713,-0.4159448838773325,-1.8143166919793612,3.803309821122501,-1.566696974009447,0.19087203907195044,-1.53423660737886
2,-0.9517177827974851,0.7661630081036575,0.5381551817281158,0.34775565931805236,1.4918370191352197,-3.011460923430282,-0.41839928747086214,-0.419073294463464,-1.426361530451755,0.47543231614251846,-1.2931207233563828,1.6587286462519129,0.6264356129082502,1.22336248317259
2,-1.1626372861709364,0.07216395090549006,-3.9153458400122862,1.4948031452106398,0.4185677360629416,0.7974733499431951,-1.5238792430294563,-1.7894286477152102,-1.7174343788553645,0.9978467481916272,-1.5642976208566606,1.550009874538319,-0.22735215035252831,-1.0029643440492875
2,0.1465861527367748,1.5037538108864772,-2.5543056482313906,1.2511536661498837,-1.7589470429680072,7.481053623568244,2.6138837267167965,-0.09248783007326847,-1.1792416058669055,2.6291901952971686,-0.8712483724227985,1.3812026408506066,0.10092183255139428,-0.08893570228816278
2,-0.4136044727543145,0.3550746302987672,-0.33290991213940996,-0.9101696552954008,0.010434857209439024,-1.4720856340063586,-1.2408632259737549,-3.186697566933773,-0.8107164147654636,1.7730006887217127,-2.394249314534794,1.0366683847453317,0.6253278652135599,0.07315360174213847
2,-0.15987672715523313,-1.2967161342923939,-2.4227208537079354,1.5223802808389844,3.021041941544175,-0.7050484206414415,-1.3813882790469783,-3.049211824593613,-1.8548593673031062,-3.7152957507184325,-6.816385835749728,2.8091919553656233,-0.388153088504131,-1.210059360995654
2,-0.5791230391479989,0.9842965502636776,-0.7718869013035771,0.096068242400682,-0.7516027465195063,-0.09615630588292579,0.7615630099399722,-2.1029001845904554,-0.05429189327866406,0.274896671904568,-7.550787764599958,1.3249670685092825,-3.6286359774166765,5.2432906231983765
2,0.4164533864042632,-0.054414645259399284,3.9671303743259125,-0.15143678020639456,-0.37497822525674557,-6.1410276323821575,0.1508367599187115,-0.3643295780621459,0.8101976499867158,1.6379904101055982,0.4262399953057758,-0.725418236228272,-0.09731955525230136,0.10883668748389323
2,-0.802438876280972,1.5652487032825089,-0.05798283603157828,-0.008167255183476555,-0.03727455800215255,1.4856905982840745,1.3245873375932178,-1.420100362807818,-0.9060884867949227,1.304719792784707,-1.8442071330478234,0.66926394974545,-0.5301113752560513,2.0643311096602117
2,-0.17499438869711398,-1.1857494174882357,-8.030056310936187,-0.3145784961052929,1.1862090049196805,6.405496284154387,-1.55405170625509,-2.5575316259137564,-2.009843627432467,-0.4606751079271313,-2.965158533171993,3.131763319138538,1.2693642613107803,-4.557085164760704
2,0.7787132078074934,0.4118224051334442,2.006025602378369,1.0070545995812088,1.0465690908300849,0.40929238219498,2.016326658915984,-0.9884797515762038,-0.5618796149214396,1.4044130024383636,-1.593811445147481,-1.5879891155845751,-2.0562689358637884,3.6699053733919715
2,-0.9929140513900686,-0.6987036724787307,-4.613369678872439,-0.6793128245461707,-0.4395765003520586,7.365514329737585,-0.9979292686542304,1.5150676927789197,-0.36701542796977754,-2.0861088553553726,-0.5718837442906854,-0.6451391717612835,-1.269038227212197,1.4369307579643844
2,1.031767220232511,-0.4230857825679764,0.0031792159909902803,-2.425837571923069,-5.892711227174596,2.5628823303902326,1.2039244080554954,1.1565108403565063,0.5042573135989803,-1.2071050091768578,0.38883374569707313,-0.6357014106393752,-1.3950059546990403,2.7812892426467717
2,1.0106079663538325,0.19886394508840888,2.7506592713524243,0.8077329163097637,1.9391718678208574,-3.0657606540238826,0.2445570864037564,1.6396701351889413,1.0955465728166256,-1.409199059909922,1.3294513791285243,-1.9185303899694441,-1.2495509257985113,-1.2033956989112158
2,0.006444004020743804,0.5174692725843644,1.5599713818135856,1.8069939354693072,2.21106555837639,-4.272940124785049,-0.38656319176685006,0.18148694734693935,0.23182247953354027,-0.04533180799398528,-1.7947045618586064,-0.4076195980047805,-2.9685788990083246,3.6413141542498693
2,-0.3349437685067824,1.1284397467589051,-1.6790237646716912,-0.9362472998144606,-2.64691667998919,0.6654826393598242,0.5755004487333029,-0.2624059191543314,-0.8063042387559185,0.731012726681507,-4.1770459017659105,3.2219759890245796,-0.10107619807058055,0.4012619170278297
2,0.6939268145814959,0.9664886515976,-1.3777590707227838,0.5238569212084786,-1.4651501566675706,-0.019111514281828237,0.8502993505283527,-1.5994090178905005,-0.9792551336762141,0.18401320074564226,-7.871219334062072,2.1324220721947595,-3.3379043464031444,5.041105877538425
2,0.7957748976777839,0.7490277230008705,0.8317260800726113,2.2628382974723893,1.599536117070001,1.1397732068663597,0.4443528930274782,0.8822252137418416,0.9739565033265916,0.6998043891281118,0.6529861527059408,0.8000158578226256,1.5406770267469259,-0.23342289304738584
2,-1.0453408258872157,0.43204747325801474,-4.097264706565915,-0.863149684495792,-3.7581867420451864,3.602308608139005,-1.0305171974003813,-0.752753539249384,-1.7516600833811766,-1.165197668013602,-2.483902133301775,0.25171565662297507,-1.8688973170959307,3.7554226031774944
2,0.7313898105043707,-1.3751495504436135,-5.225791894546987,-0.4291751653201412,0.1313243573737837,6.99835379056063,-1.0575624460152182,-1.2610668550336277,-1.6774424520796756,-1.1827472169747317,-3.5254998749486606,0.5772392090025665,-0.1327162748103254,-3.280412015498338
2,-1.0509200514675472,-0.49545393718816155,5.769309647009144,0.5721072875254503,0.3470449876361613,-9.862903330205615,-1.8614845413178327,1.1528199609576009,2.578293312031536,-1.1459064051965175,4.977707507347363,-3.309814080874676,0.9280260135075054,-3.0872716342364566
2,-0.2292234411878982,-2.4954450608183656,3.033066787467554,-1.1855436232480205,1.4357766036563364,-6.800262726913607,-1.0813868473906583,-0.6034055579957969,0.6551735024398617,-3.893243988702937,0.7277160130972519,0.30905658122857793,1.1229397535557353,-5.258306292172255
2,-3.097421220514179,1.1717906866879035,-0.6472311269152367,-0.6408394741242053,-2.57136940757375,0.10290383097577696,1.0970804251895048,-1.6828547475831153,-0.6451654307967057,1.5371060737758933,-2.425130013883962,1.348124967133543,0.6877407570454978,2.794952144466842
2,-1.7146389896998322,-0.25558669379351145,4.353003289380377,0.7498461693311638,2.2995393415094454,-5.079036455235755,-0.22499324798327464,3.378775586749927,2.054409484208019,0.4761319893899523,-0.08524189994854248,-1.939162705115302,-1.2561809422203674,1.3273451099255933
2,0.71762813246995,-1.251918378561504,-1.368646503454352,2.2020701087235013,3.4138819013601873,1.772130212986732,0.332819263021422,0.2794531882514258,-1.5447248196488261,-1.9001240962734012,-1.6781354084028437,0.7853912210743111,0.9615582870293458,-1.3055144513535044
2,-1.15149379758749,-1.7797542249917278,6.014972906482161,1.167903179104463,4.367500894896252,-6.3916515977341275,-0.5501757360961887,3.2682810780985485,2.2719974748414575,-1.5329318878802605,5.061794564056648,-3.3453272875939817,-1.159821571302029,-3.769046763184588
2,-0.17680240891765103,1.6121575741672858,0.9573300919510166,0.9755539287299787,-1.246147217916564,-4.825069791287403,1.0119328535659144,-2.7566079864128414,-2.048365153544544,3.656707083126417,-5.965832217740313,2.8882023272522668,-1.4788838274823748,2.913087404269638
2,-1.0732361326942224,1.687042152593932,-1.3262071868701268,-0.7343680808357474,-2.8740017317092326,2.3136553362236643,-1.313139795297719,-1.756275989911196,0.6382556141366257,2.2838836931003264,0.7892900371816911,-1.219821173524444,-0.08345482661223855,2.7028626697117724
2,-0.44666186398640856,-0.8670081455967865,-2.8311600176106153,1.1288069650815629,2.7243253216496823,7.043200335729767,2.0790033650458226,0.7916904166824517,-1.3937764398465475,-0.8972763576736273,0.7324851373063931,0.25726132974207455,0.20269268787614692,-1.4032822078864922
2,0.8632675175136983,0.8316778645721895,0.46286007198719575,0.6263567012015393,0.9833028511204166,-5.72039321263992,-0.6458780384307556,-1.1708267865455948,-0.4234367192865837,1.0804623607656136,-4.029008368542358,1.8724035632377283,0.14828686866148705,0.07639218333913839
2,-1.3607477982240608,-1.4064001079665207,2.6223598657876344,-0.7619703091850784,-1.0205062727558074,-5.122290209516478,-1.0354354732301287,2.7469663433972453,1.3514646855968873,-1.690944497170521,3.9085773251784004,-1.7077064705869427,0.0652534333220577,-1.6857200074879122
2,-2.459688905438352,0.9166308519387855,1.938551567670046,1.7201820805329298,3.03496585249097,0.6769395644496871,0.9737068434933839,1.3536899496862553,0.2782887552802458,-0.16096724956389846,2.3614569112379025,-0.777256892959922,0.39031894158835473,2.9773012341354006
2,0.2877564480515817,-0.4580252655249233,0.3449154699386065,-1.2427896670304943,0.4704770100795346,-8.315908343272705,-3.01048072987151,-0.18963339497588533,0.41029594206239095,1.0620019069098434,-0.4619054314059573,1.8068694457593961,2.407638462355622,-3.7142745918552786
2,-0.6037443804030899,-1.4874266137502246,-5.4437422312379615,-0.49260662314874376,-0.32704664255346017,9.371863204116904,-0.033388284836747474,-1.5199560845248634,-1.234318333804863,-3.797760747604052,-4.579353111043226,0.18027334223643193,-1.7738769524834868,0.029718979471183148
2,-0.48846800236584453,-0.49458244491018766,-2.3039796191435755,0.6056029632232015,-0.5222463343695669,5.869279254140136,0.7271411950686029,-1.119947151346162,-0.725726444240428,-1.5477451826509303,-1.7489313735675307,0.43955174256652674,-0.6764173881631296,0.5292945989345847
2,-0.8959403217192082,0.16851899962424371,0.645137424028319,0.30866691987223593,0.6568316611635526,-1.9205198737701061,0.7720601585181894,1.1759554977323448,-0.19604379132684324,0.7410599773265777,-1.195594218889143,0.2962328810754653,0.2215908301773053,-1.1952131312312877
2,-1.162893066758771,-0.8910963168245133,1.7957241604230831,1.8491052710280704,3.4948697947695577,-3.526114361530226,1.3969124124033983,-1.0142561317851055,-1.3417693287382522,-1.222321451043794,-5.891434645441506,3.2500463910795814,-1.574099117135231,3.3435165574285564
2,-1.5628194915299982,-1.951594251183154,1.3362098350001104,-0.9042326719461703,3.0496025570300143,-7.866878763612821,-3.0608894257884027,1.9655021451469628,0.8827935139834729,-2.830579470955393,-6.525534775335707,1.471906021849281,-1.2659435004850463,-0.5346985505890798
2,0.33970769862830813,2.1674583591556815,-1.3698591326516751,-1.9980564484787242,-3.857892952342207,2.1606833228116016,0.0940546924423846,-2.874153436749148,-1.1521588848647142,2.169433569073627,-3.1124450207502155,1.0989905502884287,-1.9234998335137619,3.947370037428257
2,-1.6027050973090917,1.0320901941329792,1.5797159978550397,1.2759072619328,2.276243413592636,-0.6133585407792783,1.6144228944483792,2.232050301999112,0.79867424104861,1.2335246719317066,-0.37741307811591235,0.03263411363243403,0.5271871935954746,0.7604983266167866
2,-0.6286505770065703,-0.1440733256203995,-2.712802391590378,-0.4884308603053465,0.6585498115070482,3.6235995286429383,0.11260734711357666,-2.007029480186593,-2.1929501159830904,-0.22783679814111696,-0.7743137845058262,1.0682572563188404,-1.3330913765831722,4.239913065729554
2,-1.594290632358907,-0.3596021369709694,1.637909258057437,-2.2746180833372804,-1.8428525049622728,-5.0845244801680645,0.3644453756739677,0.8671683989513584,-0.8181845815640377,0.5561867738656656,-2.5942997448332767,1.8049065258521806,0.7729711653347294,-1.03601135963517
2,0.7893732128654866,0.29644778357142676,0.2557013527393396,-0.3631842826541513,-3.703624492284456,-0.19730818547981407,-0.06197902744194978,2.678604517452516,0.3886047855213618,1.4532437698086256,-1.782223905103441,0.3679434605036113,-0.6867636348284876,0.7177944481394458
2,-1.4370992849929083,-1.228168290690431,-3.089474148713633,-0.3291064667573729,-0.2590846396642198,0.2349887544429393,-1.5125843571115678,-1.1217936079719122,-0.5572731929488737,-3.9974173626290104,-1.8260723414786133,1.265729343146481,-1.1068991653131819,0.014825198014082754
2,0.5549097266877315,0.34074497686066035,1.5082392341018158,-1.8985789896910203,-4.085539873190472,-3.197880530343102,-0.49305983152763583,1.5359961568033906,1.258888649656286,-0.07496938693733077,-1.5568897573886435,-0.9581101182512842,-0.8412209108136927,3.5213782367029745
2,-0.29289440181069726,-2.0302459496159533,0.8715683944498682,2.341776525281386,6.661853732188615,-3.9821579396887734,-0.43586867859541534,1.5446340427489857,-0.15994893527649592,-3.8225268265107553,-1.0525403308740033,0.9980276880937046,0.21087747237933685,-2.86514533428635
2,-0.8394563941164297,0.5597672828989856,-0.8492088991251615,-0.05604112342721905,-1.2238832235470996,-1.0144979951043551,-1.3756188424010694,0.976218165364627,-0.25935987491178714,1.2203207921597603,0.9999540359995064,-1.2102015304433034,-0.41503316926896017,-1.4924968432795809
2,-0.04849977154969582,-1.079433365200877,-4.260568708832837,-0.7661964049821042,1.3509952348781802,4.664272144234851,0.30992772504706423,-2.604829222223804,-2.955911813599226,-2.4660214297505316,-3.3193863793917617,3.242871776676143,0.8980986379228942,-2.634420704698593
2,-0.14155021568474363,1.0576914869768952,-0.23212470544885688,1.1875116829327401,4.590725813366883e-05,3.467862651569298,0.4782269756960859,-2.5319929771251224,0.2473592717581743,1.5123911335307418,1.956529316054435,-1.3855644686611108,-0.15519448668717511,1.318940311476679
2,0.3505859074748043,2.017745231942032,2.142544963944952,0.5756366604457172,-1.75643314871024,0.34198014865711596,2.5133787401475383,-0.6470007559287244,0.6279239903460412,3.7213529741010993,1.2715878504088078,-0.45858190573914875,-0.36706536445892546,3.630505268879863
2,2.334473821863675,-0.3459782528565654,0.2722524848035101,0.48310244744022746,2.110371135808212,2.015969600174983,0.5488600425590497,0.42608371245014437,-0.09424717069628034,-0.8124587794897179,1.7145043811466263,-0.9863428916948688,1.5002570288086798,-2.5470865795806605
2,-1.111853898895371,-0.07772703791914672,5.307166448873022,-1.7560222068417748,-0.8886316389184704,-2.754069395421298,0.14199768919812228,1.787188749550377,3.455296134220435,0.7949084464356004,10.982417882187823,-4.060550539142371,2.5393208981841404,-5.171425420023328
2,0.5872030621852354,1.1035183987201684,0.9522740795852385,1.7213580634983126,-0.5839495769237593,-4.261618474558283,-1.2765301748448223,-1.6323909942041523,0.06641414672228506,1.4403894722480384,-1.7785786967632042,0.5400756143044624,0.5404640113665804,-0.4777086841035681
2,0.39839241494446925,-1.0223298609076614,-1.4273746745608216,1.5531571433041385,1.3877237358525865,1.1405828794898558,0.6470596114586799,-4.425758670402234,-1.17437127263849,-2.563182015915059,-4.6034676308036175,1.1183060762093113,0.57712303885247,-1.8347317997091024
2,-0.7511747947529469,-0.8884407527305603,0.13953038929663086,-0.42939618486901165,1.010297560231061,-0.25262372262554195,-0.30907562915843034,2.7896733951578594,0.5859389153674264,-2.0530087025116335,-2.4496619965638455,-0.5717368582376228,-1.0648867655923226,0.7633483804993797
2,-0.5091054255715752,2.1334834272065715,-0.4861802112753332,0.7014313139877809,-3.334462071171052,0.9378149361860195,-0.8482050520667911,0.96395877005093,0.7332297865735442,2.8980148627350713,0.1525838477942019,-0.5302735484817257,-0.5510309187641337,3.5627033173630887
2,-1.6822935576507267,-0.6770686087501133,3.535678318405848,-3.315114388233203,-3.1207819901111375,-7.042743314576991,-1.4119304139132631,-0.02558174357507407,0.8074226994170063,-1.2005322359503643,4.571215122541739,-0.7465083269224438,1.3413501166580937,-3.524299358047971
2,0.6531826941641409,0.322789574783062,2.356033971191223,1.1195147322350305,0.9622451540894001,3.8927937112684896,1.7535510154079763,2.0790944969587595,1.3072451942559051,2.7956687466915806,4.428627873677802,-2.697083090726305,0.8826693994524738,-1.9779467031191516
2,-1.519809265170649,-1.393768330920652,2.997816988688908,-0.7282945993589619,-0.6166570896870509,-1.6101553366532935,0.9555061513417358,2.2356945543894087,1.6137727309062704,-0.2690486455729593,3.367805298081611,-1.6917130430210563,1.850729027301321,-4.7035401583523475
2,-0.06773025573481484,0.625979519527636,2.2158647151981268,-1.5593972883709355,-5.656364728250275,-5.5396076567432235,-0.10043286706395783,0.7179182435082871,1.3258798870863486,2.4494051779568884,-2.9297632122986457,0.11649676548463467,-1.2679050041647992,2.3469972954352722
2,-0.6295186600768768,1.1263084884990826,0.7827049061569024,0.35621493891733047,0.6562474347463219,-4.782055382289775,-1.4026945751468858,-1.133544412286442,0.2752082985569129,-0.16097465516397522,-0.2981022783269134,0.19789865809704232,0.27588435532376654,1.0194165601724139
2,-0.5641973875794782,0.7869124689599144,1.4600184162983967,-2.8470070867033406,-5.889754546368367,-1.8160146908167252,-0.6604956262898182,0.8365847265006603,1.172203921472886,4.153610015125217,1.0973626957196199,-1.52862193331749,-1.0212374706549474,2.252638401688352
2,-0.9757195830654837,1.381149694918089,-0.4748500530537228,0.9198900871138445,-1.38131531552069,4.305724216744613,1.3131697571911007,-1.612999508905087,-0.2781096947052401,0.650801246843411,-1.0226367047582527,-0.45411400013886727,0.1545859566417596,4.100637730413875
2,0.5068241029429777,0.08128624698398139,2.9579273863668503,1.4954101191057318,0.8105013462393055,0.08840890197461258,-0.1163025329851896,4.846116500690891,3.222498739360478,-0.6529458438770545,3.4253688000991125,-3.0061024605670568,-0.9566722976050622,-0.3760155270069194
2,-0.9972921233355421,1.8335583232438133,0.5335720828516112,-0.2429277397297282,-2.3029420108885907,-4.0297524395068995,-1.539884538431597,1.0823750081152335,-0.9537041179739572,3.7602437061320324,-0.15050778127549697,1.2953453445933512,-0.22382256469390688,2.151683774664082
2,0.23649465927396912,0.22403340768665225,1.708084559800587,1.9094174473018377,1.4355675309091485,-3.571471848799447,-0.3538594334628392,3.591470207932023,1.2452079647144196,2.1063231813726304,1.9977307920670102,-0.7997198385731565,-0.721361989030597,2.3369092547146777
2,2.0329826202703645,-0.9270070431440488,2.6486328279514084,2.0339467013930825,4.264704246422763,-0.4183062167697377,1.9560717981172984,-0.49325575005500066,1.0119236020958158,-2.8152035302973353,4.404610034481572,-1.3045476373435396,2.1973000730717884,-2.7783526602496726
2,1.7562006493515019,0.4104433317062011,2.160994121165796,-0.5993111347163074,-1.1736021839668074,-2.759729449157364,-0.23375389180691897,0.72774470958272,-0.00903221911416439,1.8662956045382715,0.4574318827637139,-0.6480129636957999,-0.22350527037077322,-2.4037771459582857
2,-0.5953703663005209,0.40887261285885984,-1.3303710302413978,1.5987884804367885,4.159847445160701,-0.018558329102415453,1.5208054117177028,-1.879505341670491,-1.1804353508640002,2.202299584533308,-3.7087222496716823,2.9454968953352956,0.32646979311925517,-0.9441620025804943
2,-0.934661072631215,-0.6815899183895625,1.6086078203346643,0.6836427677973609,2.884896830592262,4.439868015141735,1.3141434979161672,2.688142079835264,2.4686212599539563,0.04303364398212587,2.421240663902692,-3.005240963784232,-0.18164670762701768,-1.2854006162463874
2,-0.060000190909576596,-1.9202665774698677,0.8419836924688942,-0.08965356182939417,3.2302102805315194,-6.495215645533095,-1.3805858469479921,0.051644444826031866,0.0068061400552244765,-1.9718776986498134,-4.589678346654049,2.203681441026089,-0.5402634387758817,-0.8759363288704154
2,-2.1372053209361774,1.5809505302996922,-2.774395683665553,0.9480127992044036,2.1544356256525528,2.4641361227296033,-0.07568720714749094,-0.5403751779325092,-0.5348458509967449,3.7047370950073,0.8378580055230578,1.3815053693650508,1.565330511231711,-0.08532850966425651
2,0.8147813255257736,0.5168706874517381,0.36319357678264336,-0.3213685103917404,-1.4561547130486503,3.4836890490429653,0.8422748656788577,0.34245224245172456,0.5062797648368892,-1.754959756817181,3.232490022854275,0.09070995074811285,3.194749828173517,-5.569872994560959
2,1.9731393718099068,-0.21635087072679757,-0.47123357514344366,0.7772664750206495,2.6276762471762822,0.36118055171135854,0.6380848094308131,0.3534401314407943,-0.5357437685630709,-1.2686333907838623,0.010346987001104915,-0.17296031657708255,-0.8572864748319577,2.7867102674872872
2,0.3542870412884595,-0.8957738726318214,1.5457631829383869,-0.554382689947961,0.7185420163134119,-0.5435615338867188,-0.180444944822479,-1.9787191888711317,0.9148671543461002,-0.050376940449357546,-2.3003927219910936,-1.7817358111815198,-2.940400722160028,3.598641264715122
2,-0.44055416568186095,0.345175693300641,3.1943069161484305,-0.45570374166297967,-0.8437019511376612,-3.3019773782687705,-0.987135742616347,0.08606595334798378,1.6217294074920008,1.7089435394509527,3.5768777378603263,-1.9132350830708584,-0.3381239784600524,1.597576479219575
2,-0.31577256957624483,-0.5701954676927878,1.3034860226781129,0.5252934328046104,1.4675974881296614,0.8021931764920996,1.3978395205118164,1.9838540389535397,0.32275969867989346,-0.43696706290969217,-0.531422760196194,-1.3167459969414317,-1.2950358026157964,1.374030048742113
2,2.198142319811876,2.3542461128086196,3.5945126358992634,-1.7038612587956492,-6.3414508742026845,-2.8312638871087406,0.19267749016679808,6.044101431607177,2.9010622610050723,3.4507277422373828,6.407317940560301,-2.152359946627769,0.749728191193427,-0.407971354012396
2,0.7893222806340693,0.17750946864772713,-3.207793230905152,-0.7463082380471274,-0.7649766145528233,8.119315473699604,1.4690720730601017,-1.6020729333605654,-1.4874365398889744,-1.1299560557674366,1.5896509844865785,-0.268274197358971,0.5360269665146865,-1.8068747175388074
2,1.4943529602904253,0.1569444609702633,-2.812266955244361,1.1672867849360289,0.803620105345406,2.2785343836776635,-0.7704504363032452,0.04978383768983572,-1.3788425952821382,-2.572593950573745,-2.937858628185918,0.576864350023266,-1.1355430781889213,1.323716674253795
2,0.4090729002983729,0.004342568806162558,-0.31064678408704605,-0.956804399608306,-0.5939059889316697,2.1215546636522267,1.1141990551132646,0.5463527024811844,0.5453689397310266,-1.055993539799992,-3.1640285904115455,-0.12614763015926986,-1.8140295005636446,3.736867070480107
2,1.0393169689520574,0.7498981426641526,-2.392292885596225,-1.55029747883844,-2.254990673886323,-0.9236471586305305,-0.7806242029404007,-0.008081082876059761,-1.1967494432768264,0.4127961530540958,-1.3769165041134324,2.489666413297737,0.9591612150448424,0.5510174327622228
2,-0.10550041470979721,-0.6893536671583742,1.116084072216869,0.535917021511979,2.952396303505464,-3.4143642462756727,0.6985675001287861,1.980346700876137,0.6380196569220266,-1.5364262245213496,-2.259726821279414,0.4606248590247177,-0.8700328381018394,-0.6797642995666824
2,-2.068914305378707,0.44402753691438596,-1.5575187564258843,-2.083558220178199,-4.557639454613139,-0.5955841286396442,-1.3595106163296362,-0.9648116354234314,-0.48536083199975694,1.5033218975902674,3.855045771350968,-0.6105470187929547,1.3965523514556595,-3.565480389559473
2,-0.6761234166583966,1.628227215225566,0.5245076024353296,0.6235685738562105,-1.8513337065725526,-0.2365002081671559,-1.062328701662076,0.8141259065379304,0.5448704830439596,3.373355786544541,-0.8420522322900247,-1.0295694111752676,-0.5485014442050545,3.0368669334641227
2,0.15564479924758792,-0.2022384217359047,-2.837374791973748,-3.3522639995295407,-2.800974437136943,4.990941689498518,1.7065937889758145,-1.3120879477958973,-1.6961730326081372,0.952191549146078,-0.4301188329421474,1.2031413208226018,0.402639043192862,0.7255456772094402
2,0.2875565630331952,0.5797128344798317,-0.6697102143311715,-1.4792022751126075,-3.7393778545401424,3.930431964420835,-0.008018083322597357,-2.47999410721733,-1.196736460935154,1.212741503479974,-0.6437395575221758,0.20139997364804987,0.6266349182471281,-1.1629141190441494
2,0.07013992965547775,-2.5073493007758763,5.529738194579178,-0.4922838702944209,3.8464609934570357,-6.174281808304998,-1.7893906835713687,3.8375062687990438,2.887907019373792,-5.092791705001536,6.655522649464106,-3.463856194393903,1.5783373026661647,-4.597124637833613
2,2.3001179555811717,-1.3409973569662603,0.7202047176332278,0.7266004310320888,0.26217706282151587,-4.798850944121353,-2.067058589877541,-0.39609356505960824,-0.17579740192505222,-1.6061636821938803,0.36717143043514006,0.8298258362779796,1.6215404417807846,-4.613240327444113
2,-0.9708060581492624,-2.419613806637548,2.4410718094390838,-0.25974943547671203,1.5995943156200074,-5.12641999240984,-0.9860038533805727,2.144371099671695,1.070207937847384,-6.960155501819925,4.3841800994575575,-0.38996542496239234,1.4179597842495764,-4.7006474390486845
2,0.3448660203473893,1.3829687544657578,-3.083547609646629,1.6273606749695706,1.2110736517021354,2.078067138663538,-1.8307279671632049,-2.3136357522615003,-1.5794858092393016,2.098297597092178,-1.1459390621093373,0.6844363433061601,-0.7217104983551308,4.386792080493732
2,-1.1800637709760824,1.2332637691502455,-0.1855900339127125,-1.5010717404570306,-4.32477543410068,-5.602508270421789,-1.6093111981906956,-1.9764372162552053,-0.45677531213785905,2.967885170929605,-1.5394447578898267,1.7585970173205043,1.4043997569877846,0.9212382350082644
2,0.7463669416391008,0.6762621444939635,2.1922984260202436,-0.3919904639027804,-1.0154918005271574,-2.955114099459427,1.6646623516630823,1.0786243161399844,0.8049500555643385,0.8900772980183621,-2.9607510009180475,1.0891785988644513,-0.5586717178384956,1.8445944594723034
2,0.7155121666390039,-2.2124078784152053,-2.1958451496763045,-0.3096929867439226,3.1170175287616795,4.246658727325281,-0.24070276658212827,-0.5899491133598534,-1.5014287383742404,-2.623776639838358,-0.7000119864137206,-0.26568696357245547,-0.5666832968892926,-3.282787369460109
2,0.18602951121279154,-0.17822722437750252,-0.8978997483636427,-0.49401495455242095,-0.3772867053663078,2.4742219903983456,1.4952674802695372,-1.2819373531700322,-0.3154728798711615,0.33239035948959067,-2.048838113493939,0.9307100403747247,-1.2161900338960276,2.0297609886269243
2,0.39526187857780304,-1.925531992311481,0.12485399023374164,0.4811539400128159,2.5941521078069623,2.967005087235526,3.2331928686504687,0.17824972337498368,0.812833607198183,-1.7757085722255377,-0.9629570273386188,-0.016970259589399725,0.6699699623726046,-3.1604671039654564
2,-1.2259945669456025,-1.9237207560445297,1.7294512278549834,-0.1460892271818009,3.5164421560999,-0.33663691412549085,-0.36696384525939063,0.40728208581811354,0.8175525412756177,-3.2213209279377764,0.7236739462646821,-1.036238209390982,1.1959264649503751,-3.730428219958732
2,-0.19407330355208757,1.1086781650651807,-4.0169373094724685,-1.3646433856945257,-3.441546198058261,1.976541417914302,-0.5655495929469363,-4.067982576208795,-1.9879271119229973,0.8942217350542684,-3.9428055449421797,2.34907751907645,0.13168743349564047,1.7707979683302055
2,-1.1410662123427815,0.5874967842387809,2.799472166916154,-2.759278951473672,-3.2082743846919937,-3.6821785582617492,0.6001622381546751,1.7233735149360727,1.548450189279197,0.2510028791203908,-1.9161846228819785,-0.437916580593291,-0.4539516095904197,0.7901625065229435
2,-1.0785707641708473,0.727262769095742,3.309000954030453,0.07769362364373339,-0.21560245319504553,-0.4449864586490082,3.1351089952020073,0.8903448954013156,0.2696218201062429,2.103097948953081,0.4642249498146941,-0.16364711637399731,-1.6879082538026298,3.688159124618656
2,0.4207643084559037,1.6669823351323152,0.375377545426244,-1.1550360087830647,-4.000483671533144,-3.069440424463335,0.4815259363755549,-1.7256804156037255,0.14956208643607552,1.8253455030485761,-1.1110287253494746,1.5303362417088122,1.000134063143494,-0.06997611023965912
2,-1.3935864397026678,0.12111779106812369,1.5244024798519682,2.0449235302479827,4.183170306027224,-0.5053656063818568,0.7960095638088034,2.163954842165671,0.42084423604553484,0.80686752361627,2.547231774030863,-0.4574172919037968,0.7400065541160088,-1.5880251594709687
2,-0.7580765892524467,0.9727574987815228,1.3721092807005821,0.507433796402167,0.8155421078858043,-0.9753506045083762,-1.2396948602440299,-1.1588597836922636,1.1144804684155094,1.5699596504036832,1.7612838229566676,-1.9766277883425099,-0.9260243356306618,2.2519185521393297
2,0.5545494281017415,2.473316249472336,0.4250693793913675,0.7806776830615862,-2.1325298096885366,-3.4071203111488435,-0.2934509997089569,-0.4284294688565749,-0.5279670089463367,4.089264501218601,-6.568583276149074,1.8739057111011297,-2.3233200179670006,6.576007184076746
2,0.33065828072286024,0.4194073104579954,-2.256732737145471,1.3540009090577036,-0.8105844472745973,-1.0136923139491851,-1.0701907930666528,-0.7350085112372776,-0.6893061261988068,2.420092279555615,-4.8087368037421445,1.3553560925960346,0.36275685412351444,2.0460876953405998
2,-1.7216664881430948,-1.3923621900404828,-1.1953060718722122,1.0431858368505067,3.702238898336749,-0.0208612228435008,-0.47113955457298723,-3.7866183396236854,-1.595328833843607,-1.3780114050166645,-0.7818098587526497,1.6383549786644143,0.8510735478860112,-2.8497543247652426
2,0.6201076624017309,0.06873167848403777,1.0978571562335933,-0.5946512845872725,-1.1831363231052012,1.4519726365415462,-1.1094331060341114,1.0583890709544417,1.708042833565626,0.020994525997102803,4.404010163969647,-2.109432117457961,0.2996657289553095,-0.3706195883388178
2,-0.39414038492730247,2.3615961683918143,-0.5915145604132429,-0.34615887211995733,-7.716432445319861,3.3670286474907356,0.9627058401967531,-2.0927436926787504,-0.7528137319400042,3.1904264466310517,-1.8733781747140466,-0.1032225851610809,-0.6529943296651665,2.912054079027599
2,3.0488027635422803,-1.9490055760626726,-4.534367102662872,0.35622524273789885,3.4450005526054137,4.548174803643062,0.5641615939359841,0.8636256720884927,-2.5828428980167284,-3.508394763462499,-0.5218109932869648,2.503752127618128,1.5424818232765138,-5.891267494548783
2,-0.2343637751301189,1.646210973375724,1.2884740354610218,0.5406531987227846,-0.5064292414835627,-0.9841406826171333,0.04451472510518243,2.8141933784056907,1.538430993566681,3.3885603728230125,5.58336863645212,-1.1827197667603808,1.9834611505508377,0.6260748766781793
2,0.14796167035657087,-0.7173700927610035,0.08634669074661458,-1.4284381801684571,0.21335701965806755,5.234270094708673,-0.24197227643680172,-0.2753104152772374,0.09547702770347291,0.9789563828451175,7.968189342667955,-2.515140154260566,0.9542322909265638,-1.466065280779611
2,0.5913014349109583,-0.6102514219101056,0.28827050232784807,0.6624772357793512,1.7299041829210513,-0.25107526034715427,-0.16748405424751647,0.946237497845102,-0.13164088040192298,-0.7433061361838877,-2.8980026825696474,-0.2714687767589549,-1.4669232992818892,0.13057414277206245
2,-0.9328410781959721,-1.52207403832748,-1.9675606716243446,0.3728135228005037,2.79671174885541,2.2813869409685705,1.946548823625518,-1.4230696387096993,-1.5161168391003386,-1.8952572991731635,-4.5641693471774385,2.464358468868207,-0.8562787539531472,-0.19773377213723448
2,0.2821948977452512,2.697680547813319,-3.463813687900828,-2.6186194372375255,-9.702042239586213,3.981791781416623,-1.0716786657860404,-0.707155241915419,-1.3981938841163142,3.429631459589952,-3.4261809243096284,-0.13835335780818406,-1.1825822907651948,4.643237438976013
2,2.7607906959205577,0.2751863639888908,-0.6135955012956658,0.5417121256616648,-1.190768513963064,-4.008366322255202,-0.9090535126625198,-1.0348343968791514,-1.4320867361304865,-0.05257673994875897,-1.684701398786873,1.7654751605759245,-1.815049828486534,2.369406556101562
2,-0.01331144841877299,1.7798413786664473,-2.442006863286693,0.408544668506848,-2.9144711116316904,1.2209956557236992,-1.6119465793410845,-0.8823030480686437,-0.7779872396630882,3.288717442871196,-2.9844822684828585,1.0803093937087849,-0.017977148936990216,1.857953521412785
2,0.41825128058472016,-0.9586618179374988,-2.2054814630348405,-3.9157170488006576,-4.953649849490067,7.138286872390381,0.7698368811747246,-1.4044224964068608,-0.48555802865517494,-2.084618475289554,-0.6927002637322814,0.2604984346148003,-1.136437472086154,1.584542765889384
2,-0.03595676477985786,-0.2595637588604877,2.0135917012689943,1.035123732729291,0.8987496587580748,-1.6748491375802028,0.6914989935988132,1.9229339095076696,0.6677078248545745,-0.32304268207494063,1.1626177665715118,-0.8348227026547129,0.7363566479880743,-1.01562926245906
2,0.9988962960289944,-0.0031244889589799097,0.9029632645379,2.22222610680635,4.362998781524113,0.4908403010005109,-0.13887104688356514,1.7055985336737456,1.4295500928680893,0.2949587727020673,-1.61558966340535,-1.6178877175277853,-2.139221365242109,2.302681086194553
2,0.2549669707724178,-0.08065639985958295,3.427423700667668,0.3577130523107223,1.1166783158175142,-5.8156531615103715,1.0232600627689532,2.3087366583245688,2.0487179732449925,-0.8598375717232464,-2.570926177875449,-1.4314237223250126,-2.1399360299598142,2.7310411497387976
2,1.036181000982711,1.5702856943190129,4.489788664104327,-2.459286472126511,-6.445112793054047,0.11542227849503275,1.657804206679523,1.2642742254383326,2.5292753057327837,1.4168546652739387,6.760168626365547,-4.897835000532915,1.5279494736388757,0.7496466687832708
2,1.0500847661962964,-0.471776783438738,-2.8573497125474407,-1.3132642655867182,-1.2626472945687068,1.3207585322483377,0.8692788798043732,-1.6324751188579656,-2.3258175103212397,-0.22065553891479533,-5.760485919109199,2.6954481726637094,-1.2432850876353567,4.056681965483712
2,0.20208403930606256,0.539045318435613,0.5744071399569014,0.2499196052459076,0.7027140236114573,-1.3299638043900353,-1.0352469855913937,1.5468202707375944,0.8903350266347683,1.8777713750446612,2.749518112223721,-1.0596902285747447,-0.5905561809570344,4.303387106708368
2,0.337649491132121,0.34743494957640403,-2.0646585935137374,-1.444775604781073,-3.3186009856873033,0.12585263287025406,-0.45365927334522693,0.0622093550760947,-0.3856326255931164,-0.438886419135549,-4.3621424535149025,2.5516887038616276,-0.5294926794620383,2.432338951616491
2,-0.15710743936870228,-0.2506466475903992,3.6539673246137747,0.02212014400482208,1.7033223189197975,-2.971138247531605,1.081954053029277,2.326483340019279,0.7540284695711541,0.4474562187106321,2.5639614861719253,-1.8500104885646393,-1.3734220154084813,0.4012647598556377
2,0.07162909085036594,-0.4124635196723508,-0.6484206297567219,-1.5109547990510244,-2.8413157596786203,-0.8361720586723477,0.8396375560381935,1.329625828472914,-0.34564372638620794,-0.7071413406206564,-2.5407874567785704,2.3686070868633284,0.06694073523070863,3.706766498698343
2,1.5183129548458765,1.6389454695800372,0.19115253654717554,-0.9572819528417236,-4.717463831530644,1.7729532435523274,0.41493380346313025,-0.03542756627609789,-0.1769093617116091,3.7235080118119237,5.615421850824356,-1.473996760399074,0.25381247493626,1.5152919529221842
2,-0.8113589084964588,1.977026125009315,3.11596594795404,0.6864637753559082,-2.8723701534717154,-4.20087599292572,1.1303413844023666,-2.3339181828010043,0.11143348280498723,1.7712967918105469,1.1810492578616099,-0.12922109685316777,-0.14711153833364296,2.2600870277103353
2,2.6588105837205642,0.4429771011535425,-0.2001849170387093,-2.1609804533076464,-4.5317823957917875,3.4193204905008656,0.6492219032109708,-0.36050034566569816,0.1658791176786593,1.0367151749436414,-0.4193617221242091,-1.8134512766207942,0.7294300739471122,-1.4708625715451722
2,0.3459975335001239,-1.2080244395674427,0.6837528783397867,-1.0175569678800223,1.3578785624177718,2.451349227082276,1.5514787876267593,-1.7800540972524903,-0.42151942763925226,-0.3487328495283072,-0.27305246058356847,0.10223392631052247,-1.560103197586382,2.5645467452839843
2,0.22765198032157513,1.5833218951173662,4.635804103015421,-0.715429761618462,-3.1594832473345718,-3.349327013260498,0.48826627325439503,1.8046429539341695,2.034555443934457,2.5538807712462157,6.62297850434595,-3.10523753434288,-0.8888262893546436,3.5522674976775677
2,0.6498526776390008,-1.0697145301056534,-4.274644086966485,-0.13179282590231103,2.5763563905905755,0.9749245963210513,0.43477104383326176,-2.111133607979501,-1.807866475313958,-0.5188741736884256,-4.980146945718149,4.672148674524654,0.2999712380689207,-0.841626773515169
2,-1.7225667045999413,2.0646580292912153,0.11628488787265455,-0.7322720538087705,-5.682658762235129,-3.0152433557618687,-0.66496054166718,-0.5236911895960542,0.004521273784370125,1.1780403172364071,-3.6775495412584758,1.1677672420293208,-0.7246447680294403,4.329910003261377
2,-0.3984276746675479,-1.6050024972519452,-1.9732324219253718,2.317828499545956,5.663886710886435,4.081827654632573,2.3456081013670778,-0.35852688774008007,-1.3268806895253649,-3.4893287660954693,-7.289283278475389,3.078759422761747,-0.8452824725233344,-1.7767519511028236
2,-0.44937019690665037,-0.6270688414626114,1.5004653978945384,-3.1986924590967125,-5.4697452388651016,0.2028427694107147,-0.8900858176493205,2.42502357547513,1.3817683032661252,-0.19630780291889743,2.1627267122189404,-2.2361193074434973,0.23583301503694448,-1.3632326191701802
2,-0.15976825772468872,0.018253082618382568,-2.0713678425354076,1.0877748481250036,-1.6503039098855596,3.6006876615105567,0.9339633879446669,0.1710805846958609,-1.4656386328424909,-2.2540804856514396,-7.3108574002577145,0.1480469217985476,-1.410409052636722,3.799482892905137
2,0.8129718458697077,-0.9588131188825797,0.013969924134007295,-3.563459667397776,-5.872023759083521,-5.162707030434543,0.5374854647085068,0.09795804617835352,-0.011896396152021364,-0.3407062101383041,-5.594433331660769,2.9801770518630892,-0.9386098801048293,1.1908605566171113
2,-0.6800873453072238,-0.0975622264023456,-4.783662641407619,-2.4932665590334433,-2.414057401529392,5.386662890026007,-0.4108650506692305,-2.7150388326461856,-1.7509096774821626,-0.03382444635254246,-4.700535598320337,0.9085183059679413,-0.8301725761099426,0.6327975159418003
2,-0.5604235433587672,-0.23549000119626257,-3.5819388582557514,0.3824409605807213,1.318409016819963,1.278199092214555,0.4637772643815089,-1.5165490566940487,-2.8489932781576246,-0.8934794171780948,-7.549586842309921,3.59622116689032,0.7098165033000222,-0.8097246431559283
2,0.2581404764210054,2.5863204899462295,-0.3878998656178436,0.20171996486913168,-2.2950884073268782,2.136555086875375,0.2478874244415051,-0.9680182702520862,-0.6304494079293066,2.9241529285912633,4.1078132180028195,-1.0171145556866712,1.648627161304047,0.6250089813582996
2,-0.012309045782539994,-1.7082760983717638,-2.495317173003922,-2.0986490522239434,-0.7000744900306367,2.0815422613149153,0.40583158215419635,-2.421422132529249,-1.7252660586129778,-0.6638735630968797,1.2986544578863026,0.8100457631556012,1.0373965474216635,-2.9336163159604305
2,0.17793483509865765,-3.554881371561668,0.6761823223063295,-1.4553111352521422,4.782515887692125,-6.010358417352499,-1.3619625622591243,1.2272101876831734,0.6032051993307117,-4.596510203017776,-0.14973413453036113,0.675202134292255,1.105818057560365,-5.260324221421494
2,0.32693649286132664,1.9104960072038255,-0.9650136613886486,0.22147540399558865,-0.6823544495289044,1.2432010506524915,1.4891019233453193,-3.1757781477384497,-0.8112290057411413,2.682886804164681,-1.3194516778454866,0.6744082425220606,-2.0631955379760587,5.07656468095543
2,1.7789662011267529,0.6749941991866352,-0.9783836801018087,-1.2413047179178034,-2.065542180514669,-2.8206952079728134,-1.4073789638200742,-1.1408218282070168,-1.0998711565724304,0.7976368468514795,-3.2430656727189326,1.4145183722598182,-1.3467382853259926,1.3959117151023905
2,-0.6883036117743826,-0.022091161128650613,-2.507644762784669,-0.8025278610278385,-0.29376371733629,8.714578548944267,0.9185643488822848,-1.1220450559125168,-0.7277103905758628,-2.160266823634233,7.130483433870504,-1.9817323980721733,2.556453301362607,-2.8290724535552254
2,-0.41138556804750503,1.2997490077924565,-0.9346881883210015,1.264078336912431,-1.805975369222987,1.3198616488888608,-0.1802624889372798,-0.09120552400516553,-0.5662596549461225,2.4570043906309182,-2.365316345047539,0.3796155510711276,-2.0131401437933265,4.79989616450041
2,-0.5563526672240636,-1.5197815768344805,-1.310965559920256,-0.8873832133938668,1.2603023294805389,0.8784530912223142,1.4106684054076248,-0.4185043605187708,-1.1810782112776792,-4.08262085147186,0.7555756325156131,1.9447551636262475,2.062153653791314,-1.9192026674683693
2,-0.3112937832787688,-1.459710695622779,1.1854159895925365,-1.2189538558487998,0.3705313505502442,-1.2362522051516527,-0.6170864304132605,0.5315303650391152,0.6094550663476441,-1.3572374600029207,0.7462922993981682,-2.3045179402032945,-1.061526663478198,-1.0966032441906424
2,-1.580619447450814,0.43800271976405764,0.4328684905339778,-0.2826148549609982,-1.9845927657514841,1.4444511266499769,1.8159060711998256,-0.08702157545299886,-0.10904366165413992,0.36260007251661347,3.355430482334948,-0.20309399659697241,2.2705487390446772,-2.9826342922482283
2,2.06699542764563,0.5835421849150834,-1.2327770723736358,-0.11328432609166177,-2.260291345160789,-4.151938324981187,-0.2222199652076776,-2.076792381529023,-1.0264501157886905,0.8387751737814012,-4.911241308550863,3.737587752888015,0.40288284869317265,-0.16005355135323096
2,0.8649903341519206,0.862097196607548,1.2019403677622118,-1.763148155844494,-3.267001727257395,-0.5405938925416779,0.19977860557770954,-1.1625825808119192,0.7845453273921177,1.82721585840774,-1.0076301752241912,-1.6091944983804323,-2.6157962794243255,5.01548989284222
2,-0.19771101687025774,2.088930773910454,2.04857501873762,-1.84933697234988,-4.3915512199325555,-6.797750072635593,-1.6043596586878994,3.53740923317598,1.2008929074546737,4.982810434687216,2.224654455921925,1.2490773551598051,2.1566855859552896,-1.903666107939344
2,0.30352970325838713,-0.37480183866182015,-4.007033987693036,1.5393049209120904,1.7699993909020006,4.634104586745608,1.3664342993752374,-4.795635347843471,-2.580151160890772,0.9554678031896532,-6.6856747253951765,3.294054298811247,-0.3532894616840308,2.2041146726635716
2,1.4429435273777163,1.510502067907768,1.1095307007155368,-0.6840035569257578,-2.8083342320498774,-0.540935447026771,1.1106678280890354,1.412045720421834,1.2869438334887615,1.7515802877991378,-0.8671028894681421,-0.4669123905498955,-0.5214435432690652,2.4256395502099117
2,0.04308622421772183,1.9329799950388482,1.8349938685465823,-0.9621942274753813,-5.815080567110533,-4.6901558508014904,0.005194753444216166,1.355604713737005,0.5691499536247409,1.2768083738609761,-3.5448505876358967,0.4364335968109726,-1.2871871355340834,3.696937435455078
2,0.2796482946665792,0.2030600641357984,-2.175326738702948,0.09439403226101215,-1.889235416036118,1.1084237264997987,0.25741182322005673,-2.048668737837341,0.20035491749626888,1.2072730304459676,-0.9242017730286246,1.8739262445397389,0.9272102197429941,-2.0829499074997373
2,-0.1749320208489804,-1.180112837794691,1.7997568597039397,2.0719221203042695,5.63296077614017,-2.3699930509056433,-0.6881297798286444,2.1310245812463573,1.671761428628694,-0.9928364593798604,2.344016446755588,-0.4623275419569986,1.0756904122208002,-4.435863000202232
2,0.8593385445152604,0.16379826417747162,0.5877018507431253,1.0341998923094913,0.4967748212348383,2.7706899075278497,1.5402817672595013,-0.8779924051172763,0.838913155000745,-1.144672014297424,2.250418670812076,-2.289899459555361,-0.05262007620768905,0.7249160461127464
2,-0.17497861644813803,-0.5986158192679595,0.1728575087628741,1.448472722192177,3.544638461213654,-11.519956609008789,-0.012143701586586288,0.569568530572972,-1.0393996838712314,-0.9483424719184486,-11.221061429388747,7.3629461396285745,-1.97787919990186,1.621161264759587
2,-1.9853199165355029,1.4892300918284438,-3.026025698622217,0.024145160099293017,-2.3626225210717005,1.4707360240378813,-0.08080294449301045,-2.353052043692894,-2.2566135207402223,2.5361052148474705,-2.201570908469445,1.6783736320319451,1.0155348228099614,-0.48042605045620357
2,1.534280377196175,0.8059253190398884,3.0459743746917836,0.7616045629037929,0.00922102457389851,2.711574325605813,1.2176409077188495,1.4997916859915152,1.593286056945783,-0.25331460523719795,2.627458388125072,-3.167510792365106,-2.766105836443872,4.588376629081877
2,0.47047902324098434,-0.7044583581149686,2.442248329344501,-0.7856925524243215,0.7626823710899177,-1.827379257766097,0.26929881009904205,1.72761086595811,1.6679188256777626,-2.0809802715414714,9.429607328087155,-3.799170192995395,1.1182862643739728,-2.0388819128838884
2,-2.836325355335676,1.2541624504395117,-0.40804618187612024,0.11824662711177218,-2.9443238666336597,0.06799539470953302,1.5749385708615713,-1.1355665308459455,-0.9431668286489415,2.5317894139393458,-3.4224712747281107,1.792960248009531,-0.022470866427313926,2.8570806152635635
2,-1.5684391072968096,1.2670652571270664,-0.5630687457824821,-0.8907089386450203,-0.92344036207006,-0.6893286080555635,-2.104671491964052,-0.9940729797454517,0.010413089963586204,-0.21807173735018065,-1.2938402118048649,-0.7196705644305077,-0.19162011844295906,1.3251011109809376
2,-0.6394665311870891,1.758750449817891,0.7587980271277599,-0.23360210137006646,-3.093120976225485,-4.226054488999886,-0.05184131984703258,-2.6794375922277585,-1.8104177723350663,1.7840750918015846,-4.51257250009156,2.8083591980096885,0.299848595223168,2.6960986893498444
2,0.21033391235835802,-0.8433288808665204,1.238859314161368,1.593642312263305,2.3102953020521113,-6.316317130509725,1.1441130311842906,0.09996144128164366,0.3308735758029652,-2.9943524018872405,-4.530240644359996,2.600395123685514,-0.5607691483545689,-0.5081275078205474
2,-1.568014435152612,0.07357486512968087,1.1021090985884312,-1.9865623424023167,-2.8173133259528105,-1.1722597476833043,-0.7499567806508899,2.137774402605509,0.7107956316010783,0.4214890237866908,-3.827614558777511,-0.7354436390673573,-2.268824083241372,3.276621430196722
2,-0.8483095646968853,1.1136340041684611,-1.385310268815478,-0.024218866211905953,-2.6416407518695086,-7.224563021434339,-1.3615492686234762,-1.3150704815376595,-1.0497795465974114,3.576498940900825,-9.11624352745333,5.245021720732887,0.2642060250305264,0.43354935840745573
2,-0.704594973195952,-1.4786509289306624,0.3283963893886259,-0.5907555663703982,2.497608294687443,-1.8614585047534988,-1.2822410530356896,-1.4689675901796109,-0.3345854826221321,-2.6507041448017183,0.38474228169760666,-0.7374442819852766,-0.21510810397513802,-2.431528615694307
2,0.9743652544168647,-0.7160062522155413,-4.175214657255239,1.283108895808398,3.808757960967961,8.334598734037202,-0.13920129695190764,0.3986386975704683,-2.17215999002626,-1.2545294433179264,-2.0048756504354537,-0.49159350096460175,-1.02497390657375,2.467219444967259
2,0.7405277356278513,-0.6244903276948549,2.7645619577438088,1.5907440250016074,2.1917549994659025,-2.2243903329902124,-0.6284137059551286,1.2972677804984858,2.009108470145866,-3.1326741115059895,-1.3920181075994986,-1.1776218578939817,-1.46587652651115,0.4738605976276938
2,1.5281238570840705,1.1657439652333046,-1.220749709196673,0.7406532272882228,0.6042112544959917,-0.9103086751519716,0.7408677459170009,-1.5435116828036461,-0.8529330933001817,0.5326297048867946,-4.552544573790355,2.9890164383764453,1.548888330696701,0.6581620420095132
2,0.33834527885281473,0.25247790355944805,-5.70972208451677,0.6999261607911499,-0.5723987697703274,8.946873426134596,0.6108403676563114,-2.0496549380242364,-2.8749684279523593,0.7653060830041635,-2.117290425773594,0.5036341912311957,-0.022643808808917643,-1.2669288204555382
2,-0.8498516465635725,-0.6241519389710432,-1.0524063203965262,0.022436738177668888,2.612083906906973,1.100500771838237,-2.682760852195787,3.5471756717603657,0.20263188448511335,0.11477885635168794,1.125947205379477,-1.52330632621603,-0.6720129889393,-0.5296479084515028
2,0.34928391121279573,-0.08806512462591577,-4.005414990748197,-0.975525420640428,-0.5424514607218572,7.212957015248098,0.5914502693992219,-2.2929410453186287,-1.4078903699655205,-1.1171740319839356,-0.6351086413539072,0.6121346212113341,0.4329253324162404,-0.37334796901510126
2,-0.8886982476813127,-0.14783318854089297,0.33125011427976586,0.9915537335991277,1.5839126439435278,0.16523997014788772,0.7653805546633304,0.5139216156972259,1.5908459797932684,-0.1304624686041962,-1.1120082920021637,1.2431079384268946,0.4254915552207513,-0.22659523167630363
2,0.8128413723348968,1.7366002793744515,0.25418660988976277,-2.7154397924608356,-7.523743651401928,-2.1361992491224115,-0.6821013471377465,-4.2816099311901095,0.2293042430197442,3.2610602528651578,-0.44570331757401976,0.5853947574467452,0.736432522944649,-0.7668770852113805
2,0.2631099864164562,3.0704118878462814,3.284114437727864,1.2646156824413761,-4.102280129002897,-3.31072850682663,-0.33802232005066885,-1.6316228891653084,1.1051564927272273,3.0239291227101583,2.86015324873328,-2.1405810928765816,1.0994381997679088,3.0645084894642816
2,-0.1537421232603383,-0.269037875292282,2.7059639041210577,-1.2204570096326004,-1.1461655897554657,0.41294100540549605,1.7721261423573278,1.2425518764223749,0.8492913498042169,0.568352591829595,-1.0055907564458286,-1.0819217864565265,-0.6255933702702579,1.8752215073634875
2,1.0242690229160112,-3.0648304802887596,2.9250524158350557,1.7904378447229785,9.192644620675981,-7.3818134474654995,0.4261130637305917,2.401575660729216,1.191738478596986,-4.597914979969071,-3.5715637114643273,1.5505343819207948,0.28199674550306,-0.04193761397922437
2,-1.2526255758825435,0.09243132154228949,-2.657793194154346,1.4560127370629412,1.4649470446853916,7.926984443838859,0.05604452483711192,-0.9844537332558891,-0.6674431104143477,-1.7550351544233949,5.9290745410968775,-1.8261191778229517,1.4745935833901822,-1.8897886812109288
2,-1.0615425102693106,2.047424566291392,0.8921384440622852,-1.375295396677157,-5.051086932466045,3.790478790010564,-0.5614933211564,0.020906142825432048,-0.7596904378575713,2.0910009076533327,10.335049210558958,-5.175103954885253,2.3712613135175467,0.5327641810179757
2,3.020195819225715,0.5293857969762532,-1.8181831999960676,-2.5703505561896134,-2.6174659745584234,3.0754882433190387,-1.275500546891907,-0.35493810203458376,-0.6103865467067146,1.5421523685656733,-1.7703321140313064,-0.14668472882210543,-0.4580511812836562,-1.221134508555524
2,1.104266214049169,1.146936806880281,3.4129162665924255,-1.9679791558944357,-6.086810903744707,-2.6704166983651785,1.102890717743066,1.8041248243775685,1.7506800636031012,1.3243734945307983,6.563218545105213,-1.03514192817502,1.151026824724077,0.6418195825185014
2,0.6682999124820989,0.5179524786440007,-0.5941370608676649,-1.5655927394015778,-2.411663873896805,0.8409757281511833,1.2692839477390294,1.8089451493221433,-0.15742221978631876,1.564569092466057,-1.6614308212307831,0.3887764111832305,-0.4887674307272167,2.715289700360016
2,0.9881156719246998,-0.47158975181863355,-1.9176373033863903,0.5151772355949068,2.230218655089745,7.254350714465747,3.0786209007801295,-1.2016642000979572,-0.997441147251899,-1.7782207916845256,-3.493772400357325,0.36319355876595244,-0.1474034273546203,-1.0985216886956626
2,-0.5817089253464938,0.5101607354405638,0.4450500361567414,-0.8707193718675798,-0.57061932973658,3.275215166518275,2.0874710892182575,2.3782799471465337,0.4710497359343245,-2.0676145139477913,0.14472938811862643,-0.9479416405647626,-1.7938041801550886,2.845741058971518
2,1.4687391339597278,-0.7817185939035662,-1.9948020345293753,-0.29416655327010127,-1.3001963448036207,-0.7488775840830104,-2.27345421217169,-2.8475061905613845,-1.661780096038871,-0.208753395102065,1.5378121967551677,0.20239592596801556,0.8902101492794605,-2.4479731310367434
2,-0.2732020692621252,-1.4322467708702589,-0.09445064358117425,-0.48798945172594316,0.7273475012727912,0.9702736636215867,-1.120606113690391,-0.02827990099547967,0.45908794078407567,-3.171002164843961,1.5808366643829688,-0.48908502064818,-0.4379115753815289,-1.7897557416971197
2,-0.9931728297972732,2.9143255669481496,1.4478991097026344,0.15019330225204094,-4.369725994676913,-3.1506033663319553,0.2964043316818484,0.8231933654327538,0.41279859073447966,4.4330717082403535,-3.6370442564852836,0.045554316075337296,-0.14002055928167487,2.529892381450622
2,-0.6544467559836946,1.1477895359708314,1.064654172783593,-1.6885708971381135,-3.950219352314423,-4.903706223038607,-1.4929952267099964,2.395338342698991,1.3216464329873625,2.44239083261209,-2.0497643160422028,0.7280654584210688,-0.9542168435602334,2.9852016276649143
2,-0.5470470914953036,-0.42401028379464506,-1.193962021580325,0.4569270476238753,-0.7139412990976064,1.9850511801219217,0.18288033446171387,0.13047094012637891,-0.44214561165655997,-1.8076876903091346,-0.9371057414081966,0.5116941190012123,-0.19554108610487134,-1.528823585887936
2,-1.7834129967424328,0.2219867677448564,-2.0606602436285746,0.2097800574595759,-2.1318114704723974,6.18713933692905,0.5145830440389917,0.28258694335958984,0.9424818309129028,-0.6231798164709701,0.5099136398544917,-0.8764606089209057,1.466287469521341,0.354930616074886
2,1.4024375090089187,-0.8850620695788133,1.320566354481554,0.5314095665479133,1.4414018492611984,-0.019672010378547967,0.35705016296582764,2.1275808317340394,1.0313279717391215,-1.1890346786750094,-0.7096294251157911,-1.146166261350932,-3.05164114340374,5.379636049433609
2,0.3323341077097934,-0.5135261411510922,-1.9212987595710018,-0.8712176197567375,0.23661258477963576,0.04739617736224961,0.27514508620795736,-0.14479808209378248,-0.9867706085043537,-0.8425471705754772,-3.990232422970971,3.085928966387816,1.7062263312871302,-3.6494170790088685
2,0.8764438464176073,-1.5451056121330902,1.855712683402426,-1.3302653720228244,1.7506773374045896,-0.6746956209761259,-0.37595289412425253,3.305280103472289,1.9619236077353113,-3.3535881649443646,2.48404285231347,-0.8490370651343704,0.1149241780604131,-4.603136275673678
2,-1.7889169232982787,1.1056139664919635,-3.6822000274745244,2.1953144229160984,-1.4263790814481183,5.431386477519495,1.539879233658071,-1.6646685487266506,-3.491263318440744,1.2742933979099695,-5.303841635678444,3.1091611722323775,-0.24068210961114633,2.543815136923757
2,2.354857852667595,-1.2027178381990251,0.2928657007451471,0.4675505852174192,3.9918837509742966,0.7267251321423672,-0.35542440418063015,-0.0832519724561244,-0.08053870540547527,-1.2450625461536544,4.01467164491056,-1.651922918087908,1.1105591998243565,-1.8253978929353591
2,1.877710937360187,0.6522793318936896,-2.1356418863880946,-0.8133088824761229,2.078209943930067,-0.007615602839466985,-0.6206276075687192,0.9228225413783621,-0.658071112157099,0.8884026056384386,0.3104374193415918,0.4465385569710967,0.2489440086113464,0.22481894281065137
2,-0.8473185512107102,-1.3109920269857964,1.425726945532365,-1.6071778253963267,-0.857426107487733,-4.474438985458993,-2.250643860824896,1.9678040230295868,1.1950141782192056,-1.4226416582650117,0.7453636047625251,-1.322571283886407,-1.0947044087592592,-0.6940731004886674
2,0.8969041343879879,-0.5469294859550041,1.1182970241618169,-0.013712991572710342,-3.5353680531936766,-6.898797310222085,-1.177218252236595,0.7299110521476578,-0.2503109605823503,0.061082421884790086,-0.9993320694481926,1.8127082892337467,1.7800501369620276,-4.35506238674584
2,0.5771839237786478,2.4456091735154892,-1.4020613770276213,0.8562249692197255,-2.599089097935182,3.190360876919974,0.41958068540972426,-1.2684141281889194,-1.2296847264822914,2.047702010633269,2.591345436704778,0.3175111376433068,0.8812920545655276,2.089723769826563
2,-1.6395380905291108,-0.8076409809310009,-2.4972236820170632,-0.2598192646994795,0.9789739280136045,3.5008514885242157,1.1562759330033736,0.17849422078258256,-1.233792257815325,-2.4311059691441192,-2.4925782734168607,1.3715073568172829,0.21306158377310075,-2.533736594044416
2,-0.2302036773977267,-0.6348897130667899,0.31417455094564023,-1.148509794289773,-3.4211947817449975,-3.0320977787697863,-1.0376334866644221,0.8092700682018455,-0.10690240667501427,1.755783556236445,-1.278190972290753,0.25856366064833847,-1.4084984846516522,2.6605434665357293
2,0.39744477032037057,0.6017207261866816,0.20955004348588097,-0.5586863998612824,-3.5514124036201142,5.448991497607027,0.4433231906073901,0.11038689182101659,0.914779142563737,-0.02732919946092905,6.502658066608243,-3.3329940121818913,0.2212557884537385,0.9361713446978221
2,-0.18049001238869114,-1.72347975112662,-1.381150006156228,0.38455298235565544,0.9632572988073927,6.659769149432042,0.3251521041844938,0.461712034461115,0.1639497854623042,-1.8479992864393335,5.934945053892559,-2.010792586864137,0.08402867467815768,-3.6636303168744195
2,1.0206285332054854,-0.06647149116069187,0.11313600391229399,0.266182758809873,-1.5539464826519997,3.2196572700801394,-0.17243141167476117,0.03141205393579306,1.3648188992172774,-0.7072967295429875,2.7207332532582473,-3.0359673209696663,-2.383856945954452,3.868315033700429
2,-1.1405364842833159,0.49352256432356584,-0.3677040206185797,1.038212064559625,4.285111586511797,-0.7862626382444469,-1.065754471345697,-1.579536742791235,-1.7158053940616564,0.6250436856437476,-0.4907949965922084,0.8885081185864053,0.7948021066083885,-3.3189428627806534
2,0.09444411594560867,1.2457094152357338,-1.7188035996787299,-0.34760158633780863,-5.2742891573484245,3.9194199893476975,1.2075830347696632,1.0898158110350256,-0.7712491082249157,2.159953877510884,-3.3540367851253285,0.7752297978533009,-2.586163947309697,7.493993163952946
2,-0.005089732802744596,2.135134134953521,0.6071765591134886,2.0903277435647962,-2.4071541160090897,-2.3303808060833604,0.0545587506973149,-0.4391462402492407,0.3816697040345783,2.0833495273810323,-0.1092010207077486,-0.15032887080506294,1.278551378342171,1.9133649269512025
2,0.5605865145292539,0.12239445625627028,1.1418054575444105,-2.356619092886878,-1.4838567997582404,-3.44176970612684,-0.7088117412352104,-0.8430988299236826,-0.22402744957892448,-0.880798557024604,0.9783837806917527,-0.6105325111944578,0.4203789391317693,-0.5103420248558878
2,-1.2136924414385772,0.5518538345894259,1.6595199126791138,-2.45397773472105,-7.3221373880677145,-1.4233645086707225,0.5737263109084542,-0.9639826750429327,0.0236045070570097,-0.1582460459211855,-2.9729279768747956,-1.301816267535592,-2.0920917178062983,4.335857268540802
2,0.8500433821079658,-0.02242463440767911,2.1647706744774635,0.9496591038990092,0.7404495718413084,1.006930790969192,1.5462977406874077,0.3290803845259909,-0.39019280041202936,-0.8003579293515514,8.062041230097961,-1.8774901448450043,2.729930831799795,-3.194262728586746
2,0.6053496223414794,-1.0209047788794223,1.1562806052283374,0.5308530116807428,-0.14298341093844394,-0.04709660339287123,0.8197898674183784,2.50111220090749,1.8521585015701842,-1.7183833087646359,4.563600682051185,-2.2127941118017618,1.372156022255027,-4.8050839695290195
2,0.23756756908251103,1.235843365161854,-2.621362450467731,0.17902266803996678,-0.8294661022669113,0.9130642570648705,-0.9239292720365369,-1.4188183744134468,-2.045244840678299,0.48239101157007286,-0.8739316943236135,1.0412722470747733,-1.6809172411617035,6.573867460814764
2,0.1516505253088412,-0.27443094149510994,1.7848912776220676,0.871595313663285,1.4927836346647325,-9.569254904393445,-2.0980434165621573,0.6741374664844747,0.016425532532714403,-1.034142157657028,-3.6506539474647637,1.583563356533603,-0.4569503378816481,1.552646622752263
2,0.5211229039719192,-2.7868920663247736,0.5869381095989656,-0.4386564129385028,2.383561692843725,-4.079041036690848,-1.4780516797410417,-1.2707326947041238,-0.755097645639875,-1.798775112947641,-0.6700871236854774,-2.024040687653176,-1.9412753594522156,0.35463027014420767
2,-1.031957962994717,-3.5654603122265356,0.3589651315947346,1.1696154878834872,6.77775524937512,-0.9417119720704197,0.5881908370729778,-1.577839848342359,-0.7003765158038624,-5.201384361452257,-2.886097646704814,0.8083578973718775,-1.6537108030963403,-0.9633770876748505
2,-0.7724677841977882,-0.36117282677869433,-2.0218558280436087,-0.3489692879974075,2.8845857395449235,2.487694614547836,-0.1359988072683243,-2.0031864383605695,-0.9307967395853985,-0.06404746320507972,0.0548790921919367,0.11046286226497191,0.15987455480799476,-2.2422444003830813
2,-0.9554712257864593,-0.24154768826606618,-1.3549377533292934,-2.992512130306191,-6.830202843359598,-2.926384459186343,-0.9645345861935607,-2.0000519997566335,-1.2006728358525218,1.470638011333561,-0.6285150767467629,2.183425701910501,2.583515056273914,-2.850712136352009
2,1.2019713411457893,-0.8481569605695577,-0.41993064208717107,1.2653796383837574,2.2397786439659715,-0.4711084759852455,1.7823891116157973,-0.6762499761694541,-0.9793370570185512,-1.1601761662781345,-4.65174708687919,2.9197331430498967,0.7291876489389243,-1.516417382503444
2,-1.9260255049620063,-0.9176519597200482,-1.3927081500129963,1.7966764788773832,0.5841931732312231,0.17296515644471028,-0.20646288045352867,-1.1768260062696136,-1.3591047078700105,-1.7120968607185654,1.6591758138563664,1.0443006064411124,1.5625214179845897,-2.8927262672130594
2,-0.030238183921624407,1.5991293777397597,-0.5450204668089605,-1.5020277649133864,-3.6929724905640446,5.795775351390872,1.7358967214645138,-1.29389888919636,-0.6334750124732749,3.6597086015551157,3.578411232814571,-0.6596189001434486,2.429004204814468,-1.4835539826746038
2,2.613939551487353,-1.765955175640394,-0.7798899809339696,-0.7996706083117795,1.042737685124423,-2.805716310391242,-2.141234193471159,0.47236417623692945,-0.7645409816726507,-2.34509836260469,0.15774533858507567,1.136639578279406,1.0537577980520738,-3.9408931367853226
2,1.3868544748999392,-1.1184855615025415,-0.9202989545418138,-0.2917262763849066,3.7120054431035934,1.3316791678775126,-0.3201667025490567,-3.0115383117603054,-1.4327564025408657,-0.30309685893202254,-2.37234323710071,0.5646554463153632,-1.9159495303483791,1.164195262001347
2,-0.346929773775373,-0.9515234010090963,-1.4340944295069533,2.624817796373085,0.916937263551067,-0.5113804733744427,-0.3459789264897203,-4.3961936811517415,-1.6499328988549904,-2.8359816450984154,-1.7319987062756252,1.6593656889267498,-1.0956377221458162,-1.1440074349005018
2,-1.4388790898685138,0.36394648659432455,-1.294391915446369,0.016384193039721363,-6.0746682118810185,6.25185081399165,1.1353430954582946,-1.8519301620376596,-0.10474681762681155,1.562049993419244,-2.4649219920486334,-0.383553382455053,-1.0981046794143123,2.307776781547936
2,2.3848580088211233,0.24947559662658425,-1.661965840861697,0.39986125499886815,-0.24924760676169566,5.1338488324827,0.6078479099116204,-2.2110960375259743,0.0811607643809535,-0.19857084873952308,-0.2419074195476646,-0.7472723581199024,1.4258061747901107,-2.2443624254103276
2,1.8294934731825572,0.7727758422787103,0.41852016849025775,-3.287747118860956,-4.808238575375976,0.5968101903190632,0.47030066757465455,0.9091412993988233,1.2193724262569228,2.4650476804986985,1.73788065560332,0.17693137220768218,-0.04049683003033598,2.80198312305683
2,1.2296668331671177,-2.106879161759028,-1.1734096447473952,-1.1394415542605594,1.0093931720536802,2.0796586474149916,0.486860721751598,-1.7559323782556016,-1.4449270703861024,-3.691930935198805,3.326372265046368,-0.082994710976505,1.5600573798457233,-4.032749991997286
2,2.285012131949366,-0.0053381153725283,-1.618781535923933,0.8369496997870655,0.6572811446242818,0.4628843612221604,-1.3552375850961178,-2.8781369338545835,-1.4563381100308888,-1.0712735649565095,-4.531565544556083,0.507357782318624,-2.1188078558517423,3.1726838262747226
2,0.7779046819523476,-1.7683245437621542,1.4413609853271465,0.9919424648352715,4.303922813744502,-5.782922142044315,-1.122698174815308,-1.2589430531783543,0.42275374986201225,-5.332903175996932,2.813117532521304,0.5876292103337251,1.7520577181030734,-3.7990504444220683
2,-0.48655120041806993,1.866963727968651,3.367525161317169,-0.4528935755341024,-4.63719807129886,-1.9059899937872744,0.06570795136431858,2.188436407118765,1.2733048889695624,2.2221329252917283,4.038536665104549,-1.8320759888814824,0.036821508496364314,2.8919490826969607
2,0.5236705142833542,-0.3508178304144259,-0.341533364528168,-0.16264135900741336,0.44882341505197054,-1.5291713511260536,-1.0584965331241123,0.7635461660248481,-0.07562971827165255,0.0939800317919692,1.0280092316994462,-0.22070585099321505,-0.2857512805631469,-0.38078037668404213
2,0.06904531954396895,-1.4481956740814634,0.9448516074991693,-0.4043425126566321,2.3149177290062783,1.0599995458001437,-0.4255987346321454,0.2392845666283769,1.3497118354112219,-1.0422075545560046,3.981532848753787,-1.595386120302009,-0.19963145077723582,-0.694286402776745
2,0.11435069771493726,0.7004994944244547,-0.33017785562934054,-0.29617718340182886,-3.7731234479847404,-0.3528878514473431,-1.054511288229449,-1.426888794050422,-0.1399230680120661,1.1158977745698786,1.4047540083957628,-0.5815879525375668,-0.025913755981874953,0.6322433007168999
2,-0.09427476203933888,1.1564464861254653,2.0970236175439876,-0.7544246299023425,-5.000906907163673,-0.29026638316098063,0.6103159324123214,0.8775619055139835,-0.3753359794139561,2.7683392076801856,0.027426776866532127,-2.0171449260234247,-1.6338847822882794,4.9350577447783035
2,0.3469090066648196,-0.8711697100876519,-3.5536825752042156,-2.0635744194071495,-2.188579005194456,-1.0046580491170363,-0.5937535782023492,1.0650262982577758,-1.6652195058433679,-1.368001038952684,-8.187313919275647,3.660399278674982,0.07277868908834023,-0.9417411001586554
2,-0.21621529041839643,1.419275462414234,2.67633983963836,0.99602971471134,2.720710884346469,0.9989739254294778,-0.24236097618905997,-0.10532085829412524,1.9064291947703467,2.2290282437563067,4.55859189178328,-3.7299082823317486,-0.8174609123241762,3.1220082004681107
2,0.9749844037016854,1.5063701515979488,0.4424312556681311,0.07107327344318301,-3.784851914698675,-1.784642026068918,-0.2822146322557502,1.1405758647799753,1.3003491749419218,4.473440933447516,0.17252142641889998,-1.0041264570679265,0.7623097129564572,-0.4288654903718803
2,0.747578707018027,-0.20374480982393117,0.3219420608617403,-0.7048484604338641,2.297142030041032,4.789698268819091,0.10924626210760825,-0.7119889406390767,0.395365429015548,-0.38350907402741724,2.5150831718093833,-1.4535646922540137,0.39401845601282515,-1.558474735098546
2,-2.5918032747157556,0.673575246808403,2.606421461101103,1.9283133420199174,1.6713377522462562,-6.581258419697403,-1.950631643008622,1.512119092753989,1.4527504893642595,2.8616459805393646,5.292324022507225,-1.3973386701234987,0.9131160422288833,-0.21621701054642048
2,2.452960964613133,-1.7539398674408777,0.6597076755266739,0.8534079135566204,3.0970764447579415,3.130011967802214,2.432933409322346,2.4269274699649928,1.740270754287575,-2.959703518315846,2.95456529102668,-0.6440314715840724,1.0512806464330622,-3.573573024552526
2,0.8643613875033533,1.6770305472234501,-2.084727764647343,-1.0134999232971633,-4.440731221825978,6.271307257273362,2.3647505450401143,-2.9770673374773406,-1.493931808874554,2.1092997385756154,-0.3787935354962625,0.9702071823102042,0.28891177694297426,1.3233195703750171
2,-1.9063986620156654,-1.4755837520588522,-3.200724213655791,0.7384785832591522,5.299316207113177,10.053857803644211,1.7046421847867088,-1.1662648107752036,-1.2953518197890526,1.8506345228922876,-0.9832088041079395,-0.9500748981529078,-2.1679652937248135,4.895473328179329
2,1.9940292819880436,-2.668200703839613,0.5075879868035365,1.1363053272390649,7.80550551099656,2.988592550494278,2.026225118635611,-0.2247779378864077,0.6491485235119324,6.084113155449104,1.2776922980849237,-0.7259906820433736,1.0080495013998794,2.271467487740675
2,2.011838529079731,1.2491105811315895,1.1526148163862635,0.7418563894830773,-2.5126078599907133,-1.5275618124418213,-0.5936803626988312,-0.74457490784764,-0.7650450173250039,-3.6160951239339747,-1.6452534978295592,-0.351959709794943,-0.6336470645359442,-3.673725488099341
2,-0.4288967102647682,1.0232595080197875,-0.7810819399949206,1.4012619941362898,0.34235942754182463,3.76054148671719,1.4467222267406725,0.7214874782832366,-0.5561254993704887,-2.8166162159670973,0.714926903922488,-0.7214285703302983,-2.3091573562604575,-0.10151821661244728
2,0.41298234618534535,-3.772089083942101,0.40251795833217247,-0.5758979103581506,5.4675028773422,2.9154898762490626,0.28038543295112284,0.8892677691948194,0.1827717152111131,8.16094215036146,1.1053204449883114,-0.6705681621740902,0.7644265516959381,6.083941110669181
2,-1.4018154918008496,1.8413857494974444,3.556767329780259,0.49194284160428264,-4.405886450215045,-4.528078896448243,0.25587869914932676,1.4287894171621696,1.7966384469185743,-2.651397945065134,0.09477928307812329,-1.6470709426237302,-1.3048726433108506,-1.1409714676126335
2,2.0431485546827854,1.2405480124535362,-3.3270489394722254,0.41604730050684036,0.7940114228277946,1.4120492227721262,1.463032978398689,0.11175394336001489,-1.0939461929984624,-1.1022937618159214,-4.594833474107264,3.4766597509658013,1.3286262885675,-5.076960700770518
2,-1.5301135029902868,3.195141017912328,-0.9624150911580908,-1.5134145249789372,-10.6834025725928,1.1847181042750305,-0.890564378645132,-0.6606123765707692,-0.22061242811603327,-7.198688189422887,-1.2961417203717975,1.1240094272900583,2.0151875112366797,-11.017066452322748
2,0.2835365767172881,0.028891855950433535,3.2400205750753743,0.6642247585400682,-1.022566754574707,1.4302066367996356,1.314962046880382,4.617999536833621,2.1893809758778513,-0.26424374738005674,5.008088148455244,-3.645123665326783,-0.40159575700242756,2.340633943593653
2,0.02144854032953519,3.576854377370412,3.37434532118986,-0.3968921156460194,-6.480877836664349,-8.21253153810099,-0.9144660308914867,0.2845422336965941,0.01778125957083377,-8.628373567660145,-2.9076920484011457,1.1444398581295865,-1.1758112356042447,-4.292092715640301
2,1.9039249437684531,0.10801533175662514,1.3537037615719123,-0.8964804931134053,-0.8591083028016633,-3.490558508314233,-1.6801536206695094,1.9254451929740282,0.04276260133673176,-0.20735396359627042,3.2741967612892267,-1.2170653944931682,0.7299324273659726,-1.6769570124243625
2,-1.2374341472301744,0.019502652743800218,-0.9743766119480911,-2.3993698108118475,-0.844037589652048,0.4177314828461845,-0.6667641345286227,0.1937369256919689,-1.1435851997011612,2.323835296469348,0.5682113151438694,-1.0676874294949315,-1.6062804827901642,1.295015084405275
2,-0.6625923502717346,2.097447547201377,3.3038967141252615,-2.248878346181188,-9.156960423479013,-2.6796382372443652,1.2241637915257717,2.5306411488197442,0.4943242235584629,-5.04881405521313,-0.6354768103419883,-1.0383750824619595,-1.9905423978961427,-1.5107298135086678
2,-2.567460309251954,-0.6660487461384281,-1.8075029429392186,-1.648322407990563,0.4476432766142895,-2.653045815147622,-0.8120823659944536,-1.7373736120889212,-2.4367895249341855,0.7295851285083425,-2.729363856937173,1.5804911043958032,-1.0335818542588866,4.102425176749524
2,-1.1695219715508451,-3.225609815755479,2.0799073765970064,-0.892031510333745,7.494603192969825,-0.6055182283499183,1.734782866086832,1.9441904178160903,1.120169790078726,6.890850761328819,-1.6565749904159672,-0.7997867982460047,-0.3535707709589345,7.64013509274734
2,0.13770947613005066,2.087312174783226,-1.3158546638806508,-0.9162227382064513,-5.375814430116756,-1.2849067139893062,-1.1521697504384532,-1.6946945461702583,-1.2449171446075817,-3.312381441499286,-2.2664190422997463,1.1767956494945109,-0.5223194595926781,-4.234015741348004
2,0.8079157388741315,-0.9122093130359856,-0.38018150702700493,0.635060756130175,1.0977423029067406,4.2084085822838775,-0.8604904684474662,-0.43751687997876115,1.1695475051813011,2.591927427352019,2.0543440136371744,-2.7039494652450395,-1.3902633531584843,2.5926878070978425
2,-0.43242690659617533,-3.7914545172596372,3.085523284754926,1.7686862911025432,11.693294583058504,-5.585041353516696,-0.3663046757949908,1.6623545774379271,1.0637751448612947,5.728341029307374,1.6588649833929718,-0.9758734065371305,0.019435433335409306,7.74195280221152
2,-1.9321025697632033,-0.990720508695603,-3.2582047182335945,-1.7132025536993498,0.03710465953528339,1.4917193944356808,0.049885816814287824,-2.7807478545639808,-2.4664113999789254,1.8796663361360917,-7.790632592545007,2.7094747879717564,-2.186532897768319,5.293979019422415
2,-1.7071395182889046,-6.825493117503413,-0.5483184924591779,-0.23330924979532713,13.130434082672412,4.075680523707938,1.9645100190592084,1.0739073043556715,0.8742362560074736,12.671334328402162,2.249886892491444,-1.2229853999018467,-0.6753759199252343,12.921193041175998
2,-1.381928857368111,0.8400944333903168,-1.1801517949210862,0.42094692636829706,-1.2195141348830258,4.29375229671911,1.1883449383930405,0.8670722090592837,-0.35418150730075965,-0.35825736339975234,1.4523628199046703,0.18671750492713649,0.6704622335564341,0.11057820910276327
2,-0.5039895495075459,1.2667118998932092,-2.137582730921197,0.5267386403151348,-3.157214302965824,3.092446134614249,0.883669177139168,-1.0587541446734126,-1.831550071058049,-2.247635391762235,-2.8644001787233697,1.6454902870092631,0.2695082369402271,-3.59145441193319
2,1.7223989392364527,-0.7837606610630197,-1.329653478962747,1.3573021790168442,3.2951340829460833,1.4165082115615593,0.9913179598599824,-0.4338910516854418,0.07766249283945195,1.7683490065540488,-1.6615655518060493,0.27585874191174586,0.714096055148167,0.4620649856064687
2,-1.69695288410979,1.037434394927952,-4.7412359525298315,1.659359322511853,-1.5564102038223095,-0.0410522314200723,-2.4886901870478275,-0.7306153112187552,-1.7978715273783856,-1.2835358298388,-1.9946790191482076,2.211013914233878,1.504518397637522,-4.847080953451401
2,0.21799529745221602,3.881184586252219,0.17252224830369445,1.8506446464238522,-5.729281839176923,1.2643016573259411,-0.36811841805736795,-0.8770848152538184,0.5686944602038915,-7.755956520977646,2.5802197207330817,-2.6668262879985023,-1.5070465328316127,-6.284079991386313
2,-0.1409771740154972,1.8073057412405316,0.16596108760514433,2.6009281619174742,0.6987913555602678,6.893307503226736,4.459165221874775,1.0820080251077269,0.7656542946272777,-2.4236402106421386,2.08392546150503,-1.1835624686235062,-0.38850313355253785,-3.433722873030729
2,0.3613010084073299,-0.5775918939836008,0.4894158923042189,-0.31786181294309945,1.2292027439851665,-1.8904594881656103,-0.5453498266534035,-2.2696209900003677,0.2187004791595861,0.9165243693340027,6.062904238562745,-1.179023891745434,2.948534715462111,-1.6508908781856437
2,-1.9040234092242299,1.0687972348454249,-2.1369540045328566,2.5802499743348695,2.139859966129065,4.358386435861987,-1.5301559258810764,-3.281635225642436,-2.121280654354644,-3.5297121218211007,2.9212068622446794,-0.8460263658605123,0.9388366360021989,-3.775234276191626
2,-0.6004665441355279,0.08592483711858456,1.208841087743054,-0.1072957614226868,2.2368507621347886,4.328080962491912,0.9192392001398364,-0.5975541269766592,1.8596214919404492,-1.5289552313345123,5.309255095416781,-2.309113261156771,1.3746828106919764,-1.616732909334996
2,2.7402573111144934,-0.6872251160921324,-1.8687251877073405,0.47087046521671494,0.8594439657044132,-6.239034076978487,-2.732013272120979,-1.5064830768023036,-1.3706120915989803,1.2350196006434997,-3.4666434601697182,2.6103553789327325,0.9744982893181436,-0.45060667970239393
2,-0.9828442982547041,1.0317975733636855,-3.272772745567487,-0.6378913190378482,-2.5465213633876806,11.29385154840763,1.568702728439592,-1.579384098091057,-1.2363681992263276,1.2081027694420758,5.001557722125307,-1.6233275827876807,1.5248365294994548,-5.1254660421611495
2,0.6531306053926786,2.3950011544278995,2.190618812591403,-3.1167942290692996,-10.233016086022987,-1.7435242353482572,0.04392635889491671,1.4009910693581014,0.9905989969250137,-4.3193735542253044,4.511993977508475,-3.0212573239758993,0.5112270500571583,-6.549268767709557
2,0.22072701387651472,1.5796199148280252,1.308986608398026,-2.5208327081341175,-7.797239094661368,0.9749899730239161,-0.12623639891968352,0.9431082614750563,1.4276563112376637,-0.7827947159681986,6.347383955062011,-2.17143789783955,2.161774726270369,-6.958650498163649
2,1.0934549089541297,4.650929866317751,-1.1449003405531892,0.06947598689429016,-8.604378866209538,1.937428130184905,1.7107412052547857,0.5130682010679932,-1.2831716256725285,-7.725887986785855,-6.331051700566424,1.8123423956331943,-2.1514117956897385,-6.931058355268933
2,0.32284012886225655,-3.709604629750395,0.6450296864921468,-0.44293221622449563,6.763773799673592,1.1269552833951793,1.1810687706770016,-2.240448765456956,-0.20124298911195274,9.172453648348975,-2.6689729191002716,0.32365257169291073,-0.7557753987601563,9.445546783897246
2,-0.9053541292360464,0.2022808023680335,3.610887245471403,-0.9005613604606015,-0.7267148265813028,-6.715257481521957,0.48411841411146134,-0.3822691126877551,0.680463495413265,0.6645611441218172,0.14212908389357232,0.09937768246043786,-1.2968533209731348,-0.058227489406150974
2,0.8809906175831774,2.7007139038569994,2.2052046229452724,0.3806853146114048,-4.714275981395721,0.013462711119253139,0.4934620015384224,0.2038122715927065,0.5571989469306461,-5.334847285839171,5.1789120151410115,-2.4814842041673315,0.10758952536967054,-6.289786264813714
2,-0.7955966523285103,0.6759873697576801,-3.622429447484402,0.44523286757513975,-2.4380756111777635,3.482841405541639,0.2914081964426484,-3.384087633723425,-2.538114177845385,-0.15492150775423388,-7.5683804857949735,2.861601376410461,-0.8950863739054196,0.7649817458450039
2,-1.4525351211652862,0.23072151851621608,3.725420065647082,-0.5829524616617062,-2.948807384697929,-3.648476847399317,1.0553148662730227,3.1419282100221926,0.9783981358125869,-1.349466228016768,4.382602848096993,-1.2637980805582074,0.7814153860835362,-3.7017835654371227
2,-0.6768192625075983,-0.5900319283690023,1.4502401103279519,1.4248208868316898,3.5679401102116226,-4.3464514745460825,-2.195200453007372,3.1868958273671293,1.4226069579344025,1.9231007510601732,1.4502808125561735,-0.518295917101878,-0.3048842638482254,-0.991545578741976
2,1.689759581721708,0.7222537797896001,-2.3060588301049156,-0.042141109308986915,-2.9582551755200623,-4.570511129241951,-0.36281372533287354,-2.0264859857206075,-2.7591686991003908,-1.8650894761640104,-9.599836436173161,5.093978569652432,0.09516712699950768,-1.7592077203471432
2,0.3538158117147109,4.149961701520416,2.8631723458372083,0.15271078726420145,-7.129980220403001,-5.5705934015558105,-1.8858610010399273,1.631938065784995,1.380743218227827,-6.491192305169144,2.523053604479568,-2.2651888069448707,1.036462961071352,-10.30315516860943
2,-0.6825921500866234,-0.47403213914652975,-1.623044107646358,0.8135242035145749,0.7326694018801106,2.0414089697521622,-0.15904357007464484,-0.9447890682460788,-0.773517202975911,0.6096494935490204,4.757395005752962,-0.4889813062437211,1.712734797293662,1.3805477754589228
2,-0.5437020139800163,3.552259585457617,3.116764293347743,-0.6827628643695732,-9.697669304769782,-3.9769344071706487,0.9235874749729349,0.6632391186921468,0.7965700610876312,-8.608338068948616,-0.9783627065034712,-0.6430060976978231,0.38121859768751976,-9.34886974070022
2,-0.7337564632714375,1.462859526064131,0.9505810385908582,0.8050602649466477,-3.9265659619033717,2.897506638631083,1.6173982224499606,-1.4417050609534732,0.24382846954662798,-3.5933483282614724,2.203771980302285,-0.807704073717349,0.518784069679425,-4.1689449066270745
2,0.3829912159736194,1.2898215790398369,-0.9567862880827456,-0.8523652177321893,-3.710587980861956,1.6493496330561577,-0.9914051041232426,2.1042101818711534,-0.12963588562308634,-1.1921528091117017,3.2397067863396707,-1.1357701668794165,-0.8518844202212732,-1.972298470343295
2,0.1524727587948619,2.9778529356892967,-2.0975479865374242,-2.4570282927342757,-7.432510240888674,-2.778180999863312,-2.0349349486209727,-1.9875283626990332,-1.2917604919368493,-8.22264986943895,-1.9181373504224235,3.0511814019675287,0.8082609973451537,-7.586789638642379
2,1.2204330583146712,1.975686919168505,0.5139449159268761,-1.229186419104671,-7.215775075792328,-1.9943982595611136,-0.7420447576988988,-0.4535548568881599,0.23424983563790827,-3.8699099152391394,-1.6133385417131754,-0.2245209079372504,-0.6560964476850272,-3.1325983278669893
2,-1.0471707298369888,0.635626293876765,-0.41444940643046835,1.3423328698246966,-0.9333717679160746,-1.196449170352348,-0.19056316848379207,-0.19010127663099066,-0.5745232584815002,-1.8629380274847984,-0.5913440095214583,1.5114467730730103,1.3271680852525758,-4.483731715485249
2,-1.0446450641875993,0.8501348655411721,2.2374957319661424,-0.7603815806883077,-2.3275907048988933,-4.696888670302155,-1.4638046731201557,2.486402227383155,1.8822225708676732,-3.7239437909516298,3.1057477196151804,-0.7164745769106337,1.4521025630363968,-3.627403154210196
