,0,1,2,3,4,5,6,7,8,9,10,11,12
1,-11.420395447923982,17.36361823919811,65.08322073594472,3.6132733068103273,-7.767409847869391,96.95229938163749,79.76604160276315,-1.7579674011675035,-0.8953743614471652,47.2409493114684,-1.0655643485453206,0.09000249445671174,-0.2337287569347342
1,-3.944375394422928,4.511813672079891,19.527462910373174,1.2309704195228803,-3.137363033837583,30.821934599233593,23.800478178834386,-0.3989277070790827,-0.5362485817085004,15.400663252932368,0.05874887737194632,1.0231166502626432,-1.0740523762074827
1,-3.3298316926558607,4.565316270017767,19.598596309959724,-0.4444618315562962,-2.2889363897963615,29.24081065480449,23.191066281255527,-0.5467824070161167,-1.3747782964317938,13.606902295352509,1.138060351820407,-0.30598211932320907,0.0009628707624271312
1,-2.111866669576884,4.3455052652043165,10.240842739195488,0.9060798658178904,-0.6664320490161515,10.22868352174598,19.559147974670555,-0.15056824875559882,-0.34675013476849337,9.65303964493862,0.24044435505047984,-2.5031212393229363,0.5714677695020836
1,3.231244951381897,-7.1467087290718325,-18.300192618792483,-0.5188629075073949,1.2548092657427663,-28.422179678099667,-29.536515215801874,0.31095532661650677,-0.35907011827880236,-18.0816756664585,-0.3637247805271794,-0.032588201159026914,0.10762702470242026
1,-0.7111689503244875,0.6747633189345685,3.7370626614088964,0.5667170257004444,-0.898690683279636,7.945904238012348,-1.1646298507430415,0.05999185148430313,-0.16411084202912768,0.29212863538891004,-0.5420263962019347,0.4514473214908094,0.27832361266607597
1,-8.83338851338076,12.028385764535798,46.52202545063052,0.5613857954533095,-5.8384318985009385,73.2232083543253,60.200725117467485,-0.2659900277389639,-0.6600515235671243,36.34539826030766,-1.0173447022852267,0.7643621718975293,-1.0625562512364624
1,5.63430465266277,-10.969116680842626,-33.07036574345475,-1.0520458356474527,3.375070902963423,-53.88963084179791,-47.337998890267755,0.3939497076875135,-0.9005310706373731,-28.35901623366998,0.22427573364746883,-0.18393525121768023,0.2113789830580478
1,-4.658229213107178,6.645930862029,25.997546830776603,2.0769396299919767,-3.2875414581525733,37.762727866296366,30.062483869912917,-0.9224395701835302,0.10773500073055571,17.653781230084306,-1.6512772216301947,0.4161162531425489,0.937785340696492
1,-6.104020613543929,10.131240097125419,34.714993891630805,-0.1424070739161664,-4.1340585112772565,53.048255086691974,51.191235108047266,0.06840106615000784,-0.5663177212620155,30.18332621896988,0.15159369374611315,-0.3192062441605703,-1.6901832580258214
1,2.2111153348448513,-6.3343928914827226,-16.47139861933908,-0.2474416830838497,1.3591855785525777,-27.163722517820794,-20.787017687556062,0.24951663996338896,-0.05977274699554968,-13.246506263281743,-1.8872254188137882,-0.27647019862470473,-0.14169338102941026
1,3.1516027928011243,-3.7101916434234616,-15.882533159885245,-0.7456756025504947,2.181285316097697,-21.759236186750716,-20.93797950411861,0.11490733162567925,-0.2635948027451685,-10.757501841149336,0.03264913711775521,1.2896935934995872,0.3767765018103076
1,-0.24755277776452705,-1.55690360489531,-1.1037282524247012,0.22473305851609107,0.29160717897054833,-4.224649830263907,-3.7269275168705978,-0.0080362243170188,-0.1514387115509682,-3.031383435670416,-1.2198483853852315,-1.0209557020440734,0.7460867962347306
1,-4.617788487203865,6.9256538458036205,23.80397882494432,2.118861566075128,-2.969593335242222,37.92248329868179,28.617164760092574,-0.6283694561601605,0.4929387924630992,18.0260529770082,-1.662609446819054,1.482668293938974,0.027283919962804003
1,-2.1067747821833285,3.770830464729295,13.320404955157981,0.09207203821905628,-1.509968031598311,19.984819691932714,17.398024477493497,-0.7048786433621785,-0.07950374657464138,10.28364067445403,-0.2074163013133254,0.16090550345134425,0.045231326955040924
1,0.8754668085812829,-4.923400787914924,-10.853355017682032,-0.5971164500910435,0.5996319087137052,-18.35301759262501,-12.748213476225475,-0.05301442133033851,0.02316892791096524,-7.886903695584179,-1.8463244042040226,-0.41418846313274404,-0.024893223617383282
1,6.703627229222576,-11.68396740782461,-38.364974858319115,-1.1140444387841895,4.087535384944767,-57.29543918261074,-50.46488680407914,0.3784886543374992,-0.10513827127085607,-29.51632759121157,-0.5538285448598534,1.0533699981651294,0.19053271114194206
1,-10.178585224074906,13.965755657371394,52.50464396560794,2.2084502501623104,-5.28112226730143,79.32717037356761,65.45333767000676,-1.0659192842702576,-0.8183137959297351,39.3642099219982,-0.10139191231609013,0.03689801697681606,0.2725209507565013
1,2.3187843534517687,-2.7082057678497073,-9.177814202934893,0.4317356255068242,0.5637663490512118,-14.462932286551515,-10.77372966923508,-0.3356412545738237,0.631737784313581,-6.646902785197364,-0.5326163855921572,-0.21354212016803406,0.3931422789033421
1,-11.634181484483003,25.044186862260894,73.12477728946939,3.0100483291886575,-6.9696938044258845,113.09713255065847,104.40722778716287,-1.3829105997396345,0.8464772573732865,62.24818978210459,1.8057215439243903,0.06886006338001166,-0.5016072387265963
1,-5.981660212244009,9.70736357435884,34.08700761365598,0.8217606182025269,-3.62096064889674,53.86411836262664,43.877642399772924,-0.7995763624635317,-0.3183035605290853,25.836620313780795,1.060192849103339,-0.3816812857388554,-0.2645955130549806
1,-6.841530258955255,14.529367613156317,44.29474287425124,0.6756545498646277,-4.297179858251646,67.18479421860286,66.07555047138297,-0.7943076772114332,-0.025662747243433804,37.91077179887777,0.6530207438274628,-1.0315613641930854,-0.6655193069146051
1,1.9094019185646771,-1.769909707209671,-10.604517465062697,-1.435461191829458,1.8610392130051867,-15.330051382333496,-6.777309212529392,0.5291517865045378,0.20985384105432633,-5.6927188493421355,0.39263470145786944,-1.7432600248543209,-0.5909629560963363
1,-2.3363282983745157,4.228451266314405,13.951353915881734,-0.7535042026573335,-2.056859695186758,20.783018680614198,22.228087245909773,-0.012620003113597077,-0.13595630665390868,11.533387091770203,-0.49933512150186626,-1.8207000527025397,-1.261762852508122
1,-2.263996503919979,4.116060732191391,10.577735097935399,0.149933351107227,-1.3097203686232597,15.770507198311403,19.240529421135626,0.2086974420723049,0.6662851503850737,10.727516041502051,-0.3721568038235386,-0.3439385210296198,-0.009121132644331884
1,-1.1045887848728053,-0.25840397742433485,5.958058189353338,1.581175142925426,-1.3488738665204918,6.5013335604517,-0.10832012773040313,-0.6656696819781225,-1.2663602168683707,-0.22633203665682966,-0.33473833860476415,-0.008832201625995899,1.0509096495897141
1,-8.37325382771494,19.292112211162316,53.63825172039578,1.6722233827916382,-5.730386883429893,83.51619629364087,81.73386919407986,-0.18823826346549416,1.1599652966619987,47.60381343270621,1.5866474964965698,-0.8458143150913148,-1.2418765916427636
1,-7.069205714065147,9.197056425889901,36.06133992404673,0.9753443620860146,-4.528621915183671,57.71979405121625,50.135265881579244,-1.0023547539379214,-0.011510260458375443,29.6214138179066,-1.3164649798207229,-0.15755414631221334,-0.8065192943234492
1,0.9794257360757104,1.4360284342050817,-1.512388125022614,-0.7209090358578295,9.043760142665976e-05,0.2724550974545483,-0.6816243087805726,0.0902765609074449,0.8001162366299994,-0.26737966157377835,0.6645829367396434,0.2748828830606844,-0.032208521758695985
1,-2.346586573953169,5.584003630783237,15.381588968673324,0.09942681886429376,-1.2046057468211648,24.744404284403466,26.431784592342975,0.029790201378027837,0.007495554520022597,15.356243007556674,0.6290147828688558,-0.3952453027163096,-1.0078539996451226
1,-3.8285331000948095,2.4054348230932066,12.993594722350535,-0.7082006238871563,-2.1754299738290905,24.70293868387177,17.661583221274018,0.07591519175404368,-0.2804944306798464,12.235499640155297,-0.7314584950088313,1.3127659978179993,-0.6240063896059651
1,8.477528699799132,-12.412758176828477,-44.40388534531132,-1.4191133239712406,4.985386319237982,-70.12741698565124,-57.9257199224992,0.9531752019781423,-0.40002661969333436,-34.06205950819399,1.0359084275905355,1.043931061408367,-0.3943350650803804
1,2.0442561394619925,-2.6561556080658555,-7.928509524666442,-0.8891028411136985,1.2644692616188495,-8.667128392846735,-19.498199318893658,-0.896950297866487,0.19831702589185954,-10.628210744429413,0.4129530133495255,0.6984927593504288,0.4579675016552787
1,3.026796059175885,-7.621799501268849,-22.492729669436166,-1.1013369050562616,2.0709352144491278,-33.86118618978341,-28.48791478735593,0.8895312810496878,-0.4986937992572967,-16.87598233735594,-0.7638969516945316,-0.4023782326332932,-0.9672559626550502
1,-7.2570914905156965,10.7155934071774,38.082604735837506,2.9101145232134655,-4.746430760376264,56.909128594394666,47.726323194955114,-1.2825444042619811,0.5266624872262438,28.695173412543443,-1.8238607965144675,-0.210452522250942,0.40208675028386676
1,-12.019140228632587,20.92575540945596,72.22307152438688,2.855122129276651,-7.789838162719309,107.36133698646955,94.26798334600987,-1.6416975010119703,-1.2490459887665906,55.44649657135418,1.163348131785643,0.27124697800074415,-0.22022001581064568
1,1.0359870267731952,-0.8364398394705521,-7.108038613968216,-0.2493625747989878,0.9347914732867413,-13.00018311077251,-4.657385356858089,0.8587497629026454,0.11643640355940589,-2.705467451919344,0.244461286695467,-0.27024988629011293,0.35433477148072273
1,-3.312440914432614,6.217396845119242,20.098928298852833,0.13419502104707767,-1.8514405584708657,31.54244700560908,26.09488779568004,-0.3204334980377102,-0.5731515262705831,13.87916656755741,0.7528844215493907,-0.6995324919058757,-0.23215700712422643
1,-6.600656038117686,10.834336501688325,40.48793410026988,3.8264311024628723,-5.20788179023457,59.20842190987194,42.63977552276114,-1.0098994269686519,-0.5324714973881083,25.95792685130981,-0.6441703754111889,0.025612582617400476,1.160847492282231
1,1.7817790269076248,-0.6295957174517416,-5.274312820222131,0.4885622875274524,1.0360171530219442,-10.3956556075967,-8.279327219337212,0.29374245953665995,0.09797471199144911,-5.069965949752021,0.2064387433929158,-0.6221270607748806,0.8303304701215373
1,-2.73009080755545,0.9381305382327461,8.946568110018202,1.2681445986863893,-1.0670670668831777,15.067758852626172,2.822365927813426,-1.0160712504359113,-0.14254022266376856,2.4699605819138872,-2.376967770011052,1.3686200008637621,1.5923558610311968
1,-0.42591574521611775,1.1747424675448237,4.783225595054086,0.07495305104298806,-0.5937331841419974,5.780935854633208,6.908681649150794,0.6081650563371165,-0.7749804943861252,3.192140513170844,0.9036564588267315,-0.1906500124962133,-0.4997036597508654
1,-1.8628810454323488,-2.2470753639344907,2.8249440206833514,1.0645821174151247,-1.3838532274579827,2.0651703467666187,1.5099842781424169,-0.8758333603434171,-0.3239696140590567,0.650081917329482,-2.507879124358148,-0.6826522161153218,-0.060902210803942425
1,7.581507416785883,-9.421077360386565,-40.82535605544702,-1.4900440270154955,5.309042110466465,-57.667675198497264,-52.225225166265275,0.42361133770111115,1.350499185790702,-30.24925047549594,0.9055245797427498,0.9520719468669868,0.6751121140028286
1,-0.24506588054462516,-7.004750817844392,-10.191249604656496,-0.20673428264573293,0.8801823649604911,-18.062673652107314,-13.784609474495893,0.5566769352692659,-1.89628229641503,-8.759445036655992,-2.2569185938357625,-0.906567201840736,-0.6908405952727182
1,4.209371172117448,-3.8797744314748313,-20.07931244087895,-1.5315117334147106,3.173620242876659,-30.06903927383884,-21.900478083712553,-0.2083240361614675,0.8334656833184877,-13.597653604184297,1.163449733925937,-0.8574626845454618,0.7089924920691565
1,7.535183739814118,-11.578777032872344,-42.16883808515185,-1.3075640274461269,3.750396078492284,-64.11786569107531,-55.173291595798126,0.35673732320765367,2.184813164010473,-33.220948359931484,-1.7855139823247899,-0.6487231957886648,0.5877976409743847
1,-1.0099510516536043,2.2495730731600916,5.223524030072111,0.37958483466742976,-0.674444478554343,8.40843159532112,7.327721389746031,0.42020910287055613,-0.08018542754468191,4.624412073245996,0.23531221046217612,-0.1014467258114265,-0.2193253200649929
1,2.758559537256851,-3.3859072737927027,-13.311168638046535,0.1631294518429599,1.5588238600912165,-24.075976303567263,-16.93756914763657,0.26887155526548817,0.21220309353764516,-11.740096864347413,0.056092993991333086,-1.8042607187044974,1.2420442242394536
1,-9.197682918584439,13.536283807153103,50.53831023475853,2.420427877438466,-6.619438570787962,76.05785487004408,60.69581070347286,-1.4671262062815336,0.3603651441426235,35.807640215604486,-1.9765724287106592,-0.3676003737162697,0.8239972491235465
1,7.361113137992409,-10.953097529169568,-39.4655575257983,-2.0445374590585237,4.884229695260822,-57.32172497309754,-52.769906909677985,0.9895017210622024,-0.4151907143204754,-30.281627409488404,1.0280188593844557,0.9948277352682736,-0.174944585236783
1,4.49241568630853,-10.994136778971631,-32.367936617245995,-2.2302633726859935,3.585973704469355,-46.34303664452251,-45.88501703897209,1.3229489138528807,-0.0068373648792297735,-26.156143142084403,-2.2774362287731136,0.8171289526015488,0.19806172167938235
1,-8.1999619757665,11.99934611233907,43.88792296320081,1.3195801032119705,-5.202523087989662,68.41679769225425,61.67322139557642,-1.2523154610033926,-0.30857593969055885,35.54610625504063,-0.12790159032494727,0.05995299353177251,-0.4037438080398808
1,12.609644850255139,-20.159387732268076,-70.04940625357405,-3.1819924755526894,7.957571065659527,-107.23739805859421,-91.71317753409227,1.9124081839428284,-0.2032450140472796,-54.302731156882054,0.018897570160636333,0.3956296403743109,-0.304300130589587
1,-2.2302854039164117,1.525527621865563,9.513678206958241,1.6289513251878573,-2.2201607600552937,15.806435711392558,7.544422443261799,0.04122567409028902,0.09863682289032741,4.78845298722752,-1.2633899118152356,0.9616913282100733,0.43843472829319285
1,3.968094162835839,-6.9080099999266515,-20.624338875598216,-0.05950446484630617,2.3658290733834164,-33.91978049226182,-35.68717602122952,0.12293470443019212,-0.5507985732072708,-20.186823504787466,0.3600546263073862,0.5251973304662082,1.2590768430787689
1,-0.5815496049710404,-1.2865554479302523,-0.8737420436102705,-0.43156115483778695,-0.554224840420227,-0.4952058394026827,0.09165434732526109,-0.24655331866371613,-0.08296530846429778,0.2968887019280844,-0.8619518103174427,0.9587591458224127,-0.7224382566859163
1,4.073703667890677,-8.524966065655327,-24.64659717006846,-1.4546905529977117,2.5731815174853216,-35.17150544194695,-35.285570118960656,0.0011460226666914662,-0.13712799302017062,-21.296317528141955,-0.2059357159604058,0.07570212479442755,0.7406885822112504
1,-7.809902444892889,13.607100326543234,44.91997070117647,0.6472327800124038,-4.071510766652081,68.4316744841847,63.69457161488135,-0.05869434819185626,-0.8473709188443906,36.970599772284906,0.19305469623478813,-0.4596439782600008,-1.5018965631609165
1,-1.415418118180711,-0.8820005995746932,4.270621581286224,0.40975713749660486,-0.9658414033857748,5.019568406964113,0.6351687096832177,-0.34824312899675797,-0.8741763774130897,1.4350442163680432,-0.3291014252570007,1.1495098593699506,0.35494709893137194
1,2.3651999848150735,-7.216418144324715,-16.96880543684551,-1.0210560436647222,0.7768790559770047,-25.716357466835387,-24.188785613519325,-0.12585774436397226,-0.4904340835813354,-14.216308831322376,-1.0444485350479196,0.10709788258721537,0.04423202010157061
1,5.0201788744349995,-10.571301506001168,-32.12611371408308,0.5104699086635093,3.0160561605968788,-51.520067196256356,-48.63762999856231,0.7574814287656675,-0.058044719305828864,-27.9871000861284,-1.8898712973156642,0.8637335717947253,1.1221218055008446
1,5.29017240045678,-7.289021007236341,-31.149354513293233,-0.5787898107790908,3.958336584087272,-46.727849251915856,-37.45835875342428,0.9671363829204177,1.7481800704280928,-22.80850594091376,-1.1301076203001035,-0.08564618640292593,1.422658090467037
1,-4.736104324743719,8.995388933588844,30.163860913994466,1.5172084070448333,-2.7392505574975905,45.10315152543646,30.43615144557345,-0.7663228998353694,-1.0908371722809447,19.20272380398886,2.224298286944706,0.8731700201596624,1.0461680981138435
1,18.382250090450388,-26.654751209005106,-101.48991745695734,-3.905459230043623,11.521860178811806,-153.4192082254586,-124.79132151539784,2.628230898673972,1.3879473265450728,-75.03842205117566,1.5315349524972572,-0.36533075826060724,0.10823519944021529
1,0.31391965328119725,-2.0400973499896664,-2.180543460041247,0.02210511261569455,-0.29406741563890987,-4.928849430096995,-8.538140315655244,-0.2162868595370132,-1.1769722787266728,-4.08348747008629,-0.5142710822964115,0.528093156901759,0.38396664257295804
1,1.6191074533224858,-0.7547752274977276,-8.642360684630804,-1.3404099089901702,2.4120398363555577,-11.325605873839558,-6.4386820148876085,0.336432251928554,-0.07436035771001234,-4.022093710055533,1.4657325690355658,-0.008016083167017862,0.3282677425278821
1,-5.52165465304537,6.617780499539469,27.60521142102058,0.9381109932604736,-3.001406330914292,42.628994304264886,33.90313797396286,-0.837117518850375,-0.4044442253260747,21.022698419369565,-0.8508050809124365,0.9382780795234918,-0.3752033792524413
1,9.327292810946437,-16.82038495933182,-53.33250116900561,-1.2416682507957253,5.044901718761437,-82.2321481250875,-73.8595950095884,0.37652050525907843,0.3761320776364666,-43.17614813586754,-1.0779732204151982,0.14027851175670558,0.576719433698109
1,6.045097699426184,-9.03854373252975,-34.952939700154346,-1.9951050463177964,4.1661873322636715,-48.06408811521142,-39.09023258042327,0.49143679425250936,1.5439750846010583,-24.337054172425617,-0.29278393674477365,-0.07876160806198283,-0.3836139187672901
1,0.16062383084638823,2.922874691949335,6.128829320953749,-0.13739423665590636,-1.0261219161249586,8.942354553092043,10.820265943838253,0.047330698565138905,-0.0627481225920436,7.014603607492083,0.864234702691594,-0.39467096700572685,-1.2744267157487765
1,-14.294681509874868,23.72646749773974,79.04063079944903,3.4107128692891924,-7.711158236292995,120.33625247993555,104.77781447292132,-1.2286636814257728,-0.6443982814755633,62.06403224643191,0.5181150654109278,-0.26612785540525025,0.8909351800933564
1,-1.3573322216440025,2.2091969934205506,7.517319242066544,-0.20883824598861236,0.4153691834872937,13.394007116424094,5.2782017281565485,-1.0795638337461382,-0.20606041186198476,3.5028624013150567,-0.28270969008831165,0.09041988544322999,0.6979371556122778
1,-2.0208642001428823,2.8674750490495278,12.160009029031942,0.5692748230659512,-1.1294448612270593,14.469479676438745,15.58591707386634,0.03847159449068856,-1.0169172833272158,8.516143707624733,0.2812849701464108,-1.5306535691405003,-0.10981897266251614
1,6.147869561303911,-7.5574718913111285,-31.966785641681728,-1.8382995918281317,4.494772954345179,-46.61417473927338,-40.78150892546586,0.17683248670765547,1.238403640385268,-23.888358176644857,1.400502092152634,0.32847210612609046,0.2683804236908497
1,-7.132704391895318,10.979607527340463,40.62493318264615,1.348889411888708,-4.413807292270113,63.83709941541558,47.589053385669295,-1.0779465028655972,-0.5353795571187838,29.50130864358456,0.46437893730302426,0.6464392472429229,0.0698937168072943
1,-0.9054563628706488,3.0608563227975587,7.990053208800523,0.20371889822272424,-0.8739413653094377,12.879436021429438,13.567082608922334,-0.49109076378407823,0.5633764440195028,8.232989898501081,0.4527235462890841,0.26503080422982067,-0.7815351186177558
1,8.758190619330975,-14.764574919331062,-50.629833213758,-2.3861033005777257,5.875383930255718,-76.26235623438272,-63.58475929270389,0.98343002006334,0.4589398307788473,-38.06545149082641,-0.4140646309984878,-0.0641393871663591,-0.6185178138138395
1,-0.2314033065083619,3.0419888398552914,2.9696935296414297,0.8428460644885855,-0.7956604662484058,5.2419029860460675,8.662022411583928,0.5073552488927927,1.0542719176658906,5.491874140274285,1.2107041559006992,0.07293779378085256,0.2800621846670619
1,4.603512547245898,-10.869843380164792,-31.578730155370557,-1.0697542387441468,2.880372738046127,-48.39332461710512,-42.012434068259985,0.48099381653097234,0.0029428304852870046,-24.650639407739387,-2.0998007288612563,0.2795497840778201,-0.22806247473204294
1,-9.204179906616455,14.066116669064078,50.553390664203285,1.0857819209273067,-4.910231706025931,75.84586924231066,69.18634068084235,-0.874684794433643,-0.7929783376522271,40.742351700257686,0.4622727892468567,-0.8493358829155498,-0.7952771371978332
1,3.7959628668376677,-9.04005146730992,-23.292807104370514,-0.7365652768069969,1.219455879523894,-37.008319845880095,-35.86709093389503,0.48918864906883375,-1.3909702686108703,-22.021874108524415,0.09586950300256769,-0.07843314961356931,-0.5831115679770638
1,13.623611093370457,-27.034856171660078,-85.68994612599525,-4.344029725148479,9.233479688900347,-128.92668373832416,-111.65823744699792,1.8997844699446325,-0.09572146626794502,-66.70818331495333,-1.5240624390100501,0.2295441190400065,-0.3814804087800502
1,8.095186057877484,-15.529090458623282,-47.275961420638524,-2.311146495247367,4.029045137214362,-76.04417067274733,-62.145749939726066,0.44034348201650025,0.014161672407359053,-39.42972848692897,-1.2898919235396122,-1.97771017661603,-0.7344795811519989
1,-3.5102295671799966,6.892962690020612,24.232812041272084,1.749573835875401,-2.980191605668625,35.86584827299409,26.92341962800772,-1.011364940258907,-0.4077438413495077,15.696123914544826,0.08420979667772911,-0.6452221948148312,1.146055162239775
1,0.027560475370763476,0.5408820651450266,2.3154257532993117,-0.09116055921547178,-0.3606141501597031,0.5915049298186535,5.281989766346708,-0.09526792919613598,0.12673737449957204,1.0560144863996561,1.474297200109507,-1.6652274668602942,-0.43516254501661306
1,0.9964376762157546,-1.667956727785043,-5.14221929374822,-0.4645907466275162,0.11827361560454748,-7.850947592837928,-5.740058721317568,0.4383138970754744,-0.16232969535212213,-3.7707517296278024,0.542145157658666,-0.6288700424539034,-0.39786029855701965
1,-5.071638411080909,8.360907374538606,29.747339663625343,1.6193026727121422,-2.8126338506783597,42.13858756967272,34.545716501205405,-1.5933213983240961,-0.41156169095068157,20.78704272834704,0.4656710851907025,-0.8911207348456548,0.7608391396861797
1,-1.8464983728279878,3.2833152064551046,8.455558882712015,-0.0648824992260327,0.001296391782189092,13.78547941767919,15.020311304096973,0.47146616667562297,0.2576047921831842,8.321017060805511,0.524744795091623,-0.4336173563666289,-0.28450714391178017
1,13.466797029091772,-21.518838855317235,-72.49474242234035,-2.332354499171242,7.248261375866149,-111.59328673651852,-94.54338220484087,1.222972499082815,-0.5600214965898702,-56.32952482532243,1.5762236692222573,-0.005411332957535858,0.1372471699596357
1,-8.395961545311119,16.018923619413812,52.19359810364734,2.791107755355294,-5.876190599388806,80.12140482655113,68.29581373407257,-2.1454860165027037,1.0740453470792781,39.94728150503199,0.71328710381862,-0.6649039563286209,1.5462563515769294
1,7.268949711059685,-16.04778308863988,-46.90588833980482,-1.2204264323047385,4.115023460561866,-70.73868697452606,-71.09767629703215,-0.15100744955398304,0.09931290128253116,-42.122767839224814,-1.8490417582695917,0.24373801060040926,0.8276679691429923
1,-6.335977643274945,10.93919755330806,37.10456280311499,0.11943963269264939,-3.7157737696753257,59.497554567474985,47.52402353332109,-0.7508920288747798,-0.4675746073089874,28.760299614236363,0.26780789076954137,0.028043408187179097,-0.9830296880213426
1,-2.9479649889270165,4.145425516656869,19.425435401915127,2.3865334828949183,-3.227631590653989,24.902188878179626,16.922898896762188,-1.1414621536468532,-0.5419949952942561,9.667959826400834,0.4498441197134579,-0.9206054983630045,0.7016826874367791
1,7.798774573837512,-10.062685510051297,-40.92828684969863,-1.6208324190403613,4.862826155619086,-58.9751576513041,-51.18996345622273,0.5826065034622052,1.3854537438714598,-29.64944993799868,0.537737544877285,0.997087356019887,0.7454238962173503
1,-3.8438716055237663,8.463598648127535,27.399336582719883,1.1337966736544014,-2.975404720850529,39.83120105915258,35.2631037348898,-0.12562738692817962,-0.3573795298783336,21.100056390968696,1.4543315671639943,-0.4897672559641423,-0.10928040441278702
1,-0.5847879641598935,0.9033562782001023,1.010935038814057,-0.014723417038211775,0.43271909888263227,-0.6905481239150977,3.352270250026639,-0.3078231296876805,0.2883845117968737,0.7572838674182437,-0.9201974818965177,-1.5183419561238873,0.9271347308095049
1,8.54987994041046,-15.04095225661119,-48.95342729140866,-0.9589088127718601,5.083124211866293,-76.94025806798516,-67.66548814526244,1.3597608320608217,-0.7337373286162453,-39.876416940569705,0.4757234174469127,0.6338437637330079,0.5435246714279401
1,-5.405350135016659,8.932802775982605,33.31606794777798,1.1974448140826346,-2.9125722407002863,50.18867107705092,40.30957270549065,-1.3688277899915258,-1.0555553678594107,23.55644033700068,1.1837906211957308,0.11086064527184704,0.3815933777647304
1,-5.905212365401126,10.530213455765487,30.19855584549221,0.7493328000663679,-3.1539022773389305,50.61993282267939,48.341057305311786,-0.8143263908485128,1.5117721635359145,28.94894512589551,-1.1846977947991226,-0.1845399015099017,-0.471814932615593
2,2.0856134446073513,-6.10126706446566,-14.021767999111086,-0.2811960814165087,-1.350284922599219,-24.166222221976106,-11.301411556200355,-0.184699314829457,-0.6900572760652407,-14.916499302529722,-0.26215363403464764,-0.7909399738328753,-0.2197401548539364
2,-7.802655739868229,12.909227962712194,35.17497090185074,-3.7160039792562816,8.238495119109595,63.6633269084884,26.164108340282073,1.9312718268588043,0.9214427916142718,33.67415706712132,-1.2534958619970462,-0.26793809918118905,0.07964909035431955
2,1.151917843170003,-4.269999361503422,-12.991780014142746,-0.12499111851738026,-1.9258631176519443,-19.660615422177546,-4.058524305700664,0.5125142998748984,0.6751032021768331,-7.600220634144061,-1.1525807856783907,0.17147049004037077,-0.7966795789629045
2,-1.4061977595521802,4.382847749909066,9.90348028313633,0.020526214056564348,1.4512817261203967,17.646939420279203,4.757500780526807,0.9385069113914322,-0.3906684270832195,9.169385963963881,2.6306236020682308,1.2801263024978238,0.22069099022569102
2,-4.008462893674542,9.828065316851191,25.145327269720312,-0.11456738321841439,2.6261123089124365,38.29150686802257,18.848497539291785,0.5074117187515106,-0.5489761790384531,22.38431831016795,0.19034607758554417,-1.108997124231859,0.16011512291209004
2,2.640111360157112,-9.32513171598356,-20.202523728419038,1.1840263600345973,-2.8531312337538206,-34.04399251965305,-17.266900909586965,-0.18957063960535503,-1.0808176134675367,-20.911855056736147,-0.12320513103866339,0.9905540399748614,0.09657040189439033
2,2.1083128180743325,0.5412106114831213,-4.068894211838116,0.07428973630596902,-2.9036550767577594,-6.7799857180757925,0.6815451511185706,-0.5264780674898736,-0.15009997397335745,-1.1523617599660796,0.13464056528950216,-0.4545484594339431,-0.7475614459242059
2,4.7187308370698915,-8.212952090830576,-22.14133248539728,2.1029455331884033,-5.610210642619429,-41.520718033070665,-15.769188424370277,-1.267254761581127,-0.5203089038165588,-19.860153098198335,0.5417045028063451,-0.09503830830247868,0.14422929751217584
2,4.46561544019973,-6.441689267485826,-19.531215844485498,0.30323981019494295,-2.9016037260386365,-32.38083089787993,-14.594196242905323,-0.7771499846649068,0.11374376082612277,-18.311003933444933,0.631774278933987,0.27895331425411524,-0.19619169198961872
2,2.5076576156681334,-6.462805344859781,-16.992721864452932,1.8397993756878073,-4.405855336163148,-30.41077202458677,-11.290499351506073,-0.28947197548850423,-0.7120943983949681,-15.49157978308273,-0.9326667244856184,-0.42857223297220876,-0.010051990512591584
2,2.47014010145936,-5.193960962306723,-11.01729205378398,2.1234945380204926,-3.5591726599106095,-22.812483742608126,-10.875360300176785,-1.1712742005020411,-0.8493930493340653,-14.418897072484482,-0.015561345871848414,-0.5607538706713173,0.7786943155567998
2,0.3042669754552286,4.193634710540779,5.528622126882178,-0.3477942416897625,-0.6698321505956932,12.793747363009988,3.8643592262773625,0.33875968799801603,0.8331797048672639,7.0469703291998576,1.0505875086196095,0.8466599882359925,-0.6848571628487174
2,2.6003104327639197,-4.056069256115729,-10.185075324126561,0.24686559868321373,-0.9445601691251099,-18.618470059566363,-9.426946037605301,-0.8460059732653075,-0.2310560465580164,-12.648625099833513,-0.4075666375901483,-0.45597660001343177,0.323854443305438
2,-2.8605431636920815,4.072437348493381,15.437613585272434,-0.8565152932165064,2.3130908558323933,22.64782617281494,10.032652455757171,0.42739707932638965,-1.2615475414752424,12.343023279200224,0.5839060277582426,-0.5802898131248175,0.017040425338453284
2,1.285217216373019,-1.3675058781099694,-3.3726258762587094,0.7820019748024656,-1.8286159416800754,-8.277311648332946,-3.313280278318858,-0.7971288971059489,-0.7024045478970006,-5.0952991115005215,-0.6480608084106954,-0.35799505991157704,0.12946754843588626
2,0.5459765606331809,-3.584743627949108,-7.592844006514102,-0.06246177340125169,-1.1566300600363222,-11.931320522944448,-5.498805089681313,0.37368375859001096,0.07451800549954023,-6.012733885461498,0.4108420493246962,0.020835206434400216,-0.6419632908612436
2,2.3536622194917425,-2.1934177645959836,-5.95296293155985,1.405780968636373,-1.8310855338357932,-13.245755252474577,-5.4814176463373165,-1.2354223062789123,-0.14219860422253233,-7.428866993118182,0.209825485517529,-0.3935082658036921,1.0404252583061304
2,1.3494462362160158,-4.819384663065508,-12.0504918156329,0.8624651136581134,-0.9579735745439385,-15.507501785575625,-11.391064601117288,0.039305709854088,0.8860465095154575,-12.089421054465088,-1.2926904606691278,1.7099380615568258,0.17139074066797938
2,5.1907346302237825,-8.858763363895397,-26.400035790397975,1.6623472506315273,-4.833750905150695,-43.59826208140876,-13.592007980590916,0.033412984956557285,0.7127058543916964,-19.980198218652223,0.02847715238713101,-0.602401974070901,-0.987043581153916
2,6.749964984264548,-10.41130670938639,-33.06416326049496,4.1723746276525615,-8.163950739196094,-59.29668455881249,-22.106727939616018,-1.4263268203066801,0.7345680737222238,-27.968769800985406,0.5066226519054505,-0.4323612474512482,0.39886260637436594
2,-7.218234630440152,9.266160817920776,28.33322195606111,-2.603386197070281,7.225834736432929,48.00212395431381,21.310299791451662,1.8014867710556313,0.1374994787500516,26.784661538571335,-0.4162237885879183,-0.5771356303444527,-0.325277884516093
2,0.8806738815257006,0.9990253061859814,0.9872730762831117,1.5239690965787036,-1.1118253603229913,-3.1125501764572716,-0.12876429737199077,-0.5645639205632558,-0.5228765761409278,0.0017601696909385507,1.5479816427447406,-0.22740544285785896,1.3771329824231089
2,5.0701426339115665,-10.534273073695879,-27.89006649130414,3.2188349909186966,-4.805930665610768,-51.31387576559364,-19.694696094459925,-1.5806764181031796,0.6062282718929355,-27.815583998597564,-0.9363537890001418,-0.8414215298373989,1.3564985522119646
2,-3.7056136730884397,5.296731501584879,15.709144857182203,-2.1953709545230504,3.772874420531837,28.579417563166295,14.357244434162638,0.44625630984955916,0.4682063702366726,15.818361437196852,-0.39092578449469917,-1.0567487568290623,-0.4125582715448286
2,2.106987506848255,-5.838233988262663,-13.710467190486254,1.0707629009474795,-2.6533744887823913,-21.69171137608417,-9.595211093634637,-0.18435180007086666,-0.16599932243250845,-12.991864496976218,-0.6300193453562003,0.04593168823513867,-0.521386401640215
2,0.6443412817088016,-1.613325823118732,-2.9993144685557707,-0.4739786756820294,-1.143968328688632,-5.727367874591165,-1.0858770906297128,0.11371189761269004,-0.9512037540764118,-1.3875522197118175,-0.7421198613415939,-0.5265401192775636,-0.43452176072367465
2,13.84224681372673,-21.927223772052034,-63.733281856877674,5.332454621893925,-13.768921777343285,-110.5581667623229,-45.282829424087716,-2.5046747235430766,0.549419816615073,-59.76742785205827,-0.5150090516105705,-0.2957223262897124,-0.9006573604445302
2,6.005178362453806,-13.710695984223761,-34.07598525833601,2.2870832962008447,-6.911823624025843,-59.95291561289413,-22.775961459193258,-1.1974532985956325,-0.03353113906570124,-34.10815684126128,-0.5160214186434054,-2.192888421237377,0.23635037780999252
2,-2.03127626896925,0.28073042558303984,2.721463468974324,-2.6470974066277004,3.5197718404034744,10.005859026784059,4.795195264180849,0.9977375119768713,0.604054364239659,6.7581758567281955,-1.1196293979445773,0.11083572351127287,-1.2780266894111254
2,-2.2902035729479615,6.191806327347459,13.166255155014733,-1.7859380230842887,2.43771602758457,26.570472394642024,10.85750117515847,0.924460399066626,0.5477581954261035,15.40417719332501,2.2373325768909775,0.7782946818493542,-0.9011435015288471
2,-0.2627370859637955,7.416136715269338,12.51722603974486,-0.2670802537499452,2.1556297098400834,22.541392563977396,8.971057258597897,0.5017153961645548,0.7415275547696896,12.382409903503659,1.4312487885285488,0.855721430937694,0.7514263050441261
2,-2.3949666657914293,-3.032880440331371,1.0536342779461874,-0.5337849180266095,2.7115927259081203,0.3160235953783192,-1.259152456956284,-0.413012648833151,-0.7370714160181702,-2.5920826162662163,-0.1998998786405009,-0.7247256946693922,1.3604894852016536
2,0.414592476258764,3.427876778821494,4.490801921109644,0.11131294484364677,0.06849646863088119,9.49565902168907,4.980687991455412,0.02674676419962253,0.10915768558110386,6.979556284376772,1.051914780966478,-0.20577809711169423,0.08642628498371208
2,2.8775563316385506,-4.122117262451054,-13.126227565191606,-0.19813687096950364,-2.4844857125093385,-18.03352680580426,-10.222607804723495,0.03985992830912983,-0.13942583083950036,-12.099856770496633,0.7908902361705522,0.5380858191427337,-0.7633497327877616
2,4.343018003162036,-7.150316509220504,-19.953534121910536,1.264698616060465,-4.024959409932727,-32.78289236866951,-11.50985338738805,-0.8721733278304566,0.3272418651232,-15.56973303602285,1.2498953505766803,0.6493921730526837,-1.025793716478736
2,-6.034640864993794,10.835094810500198,30.46165323431258,-0.9338020573169822,4.200870099556416,50.51873023821039,18.69283626736027,0.8151911030722455,0.2297834210762172,26.25522421029964,-0.35399805147947655,0.6397116578880444,0.8326177656337374
2,-0.7885257269381543,2.0301791783314864,4.795872424033392,0.7171316844466682,-0.19799823688922044,8.092695217607565,2.204979608581867,-0.4159777402886146,0.9455201816246632,5.310321723917587,1.1425925499626723,1.0996025679601986,0.6673422012291108
2,11.456297909457941,-19.716968419129735,-53.80975343766363,3.1887119931482264,-11.45434647383417,-92.87992488474694,-40.469416323687696,-1.9111902079000869,-1.1794425285662729,-51.64764330121257,1.9222564249637821,-0.038722323724780454,-0.9134684053591253
2,-3.782144751351862,11.482665529061993,27.627783945331124,-0.8068906021116987,2.9614619278744976,43.643229108596906,20.55576947428343,0.15001836628047271,-0.011128953738497874,25.150614267906008,1.7420660973171578,-0.14085968428558757,0.6441414901226673
2,-6.2138406538587665,8.208889604724488,23.657356766954553,-1.6542729087155288,5.718299747973419,42.36185424385827,15.38202513890666,0.6452458596826046,1.4818416376837398,21.247858822185588,-1.1865251169326936,0.2163893536454052,0.9935063851855994
2,-1.539881809446014,-1.2794273055208443,1.9323849279835936,-0.9508060315539165,1.7631917715794108,5.531669345738921,0.3179913982105479,0.1284685275029295,0.5104375612103637,0.9233680379436678,-0.578375498364607,-0.28252894385803895,0.029497701117712313
2,-3.199824374195976,7.764600423156757,17.927022843662186,-1.819214343406031,4.464978903150588,34.77973628009864,13.407667409736675,0.7790806569001889,0.3993658714760315,17.84576079838749,1.6266980281020655,0.715937320791451,0.2765494343775486
2,8.058654527218867,-19.54325464190863,-48.95196142436459,2.5082621002959855,-6.566553950347951,-84.23271259165878,-29.90228269781051,-0.5450725632335992,0.2609593806161678,-42.82007199464918,-1.7750813769476075,-1.8077388457097636,-0.9454268215545498
2,-7.1084154070127985,12.355283737028143,33.709284440907396,-2.8753276741376115,7.236107018364497,62.39924747807972,22.646761871017933,1.1242158014401664,1.091519337149546,32.66280644828507,-0.5331432273229086,0.6465580715611531,0.1008532575907816
2,1.63114825976042,-1.1807898422754552,-5.923817505712821,1.1497547090217743,-2.0626617326238854,-8.988085138524626,-3.9076226986341145,-0.5377430839040807,0.22898501918313674,-3.0340578350694742,-0.36275250351462124,0.6554211282288547,-0.02521369402181416
2,-7.287067724088596,12.411607940266927,33.10745105807167,-1.4187142673792192,6.286968371831176,57.95712482902265,22.930839024490048,1.2061187790713883,0.6148503736837369,31.728448388222343,-0.4012618486354641,1.2766508328285973,0.7497186484230957
2,3.3721666202195832,-6.481073145322585,-16.668565826626928,0.5012740332407266,-2.3340658143130093,-26.165632273993985,-12.627007929302529,-0.911220444940615,0.24962797477898735,-15.692713233845893,-0.49324108953415047,0.7020321703444543,-0.362736202473945
2,0.21251470475478376,-1.720730614062546,-3.1718021073462004,-0.7118096605184954,-0.47664023166307395,-4.993397263657429,-2.975727225531768,-0.10159535868213491,-0.09392087757564137,-4.626390769507007,-0.013667478877151721,-0.3382009782273218,-0.007883894451425151
2,1.8916218904959525,0.28262181198467695,-2.7305782334398936,0.45156095803534346,-1.3632648814269839,-6.875147339790149,0.3398438996275332,-0.3337637196572701,-0.24168130393373824,-0.37388285411707944,0.4166409445544015,-0.5218772424436436,-0.49678442124720656
2,-3.3478096421627,7.684742475134659,18.672598183930084,-0.4282615625930919,3.4412208219735203,30.472637933542014,13.797281634363022,0.48293606178945114,1.0669585847754628,17.103686343415493,0.6025147561824523,-0.8442633176005013,0.7012803260076244
2,-5.537599576962395,7.710765116886544,19.5014949891905,-1.7644600630244904,5.138426000176209,33.796009058165886,21.339925374877133,1.479798476890509,1.4094236509478106,24.111240507993504,-2.2012914517524025,-2.059330754255684,-0.45091612308265094
2,1.9875284520772427,-4.343365653464912,-10.267448674037247,0.8057470405028413,-1.971913921555,-19.23031286158675,-6.171506849025594,-0.06618098409102188,-0.6063039360284244,-8.875971286282185,0.4419180108261128,0.2903772872106383,0.14708110280106734
2,7.470011653965596,-17.13751065789162,-43.796377353797354,1.227018580751112,-5.731570108891926,-70.72221606997027,-31.271393031836897,-0.92642502552728,0.6761145964693338,-40.09464479198216,-1.6360512357313328,-0.20590164717754858,-0.6289997856878954
2,6.71515001389176,-9.29519966964865,-29.84115068963289,3.0294787965202077,-6.823957373574765,-49.070024703423854,-21.871700950358072,-1.6143968892339493,0.877328754198448,-26.257144421874987,-0.462221741427266,1.6684399623028277,-0.16918906464053107
2,0.11799750798618631,-7.3009815839260455,-8.134151096504123,0.7005001131390379,-0.39426125941285084,-18.278909483671406,-9.648040498494492,-0.45739675635753047,-1.4656470686118253,-14.397293271104184,0.6003638618252426,-0.5167572118346411,0.9939536057153909
2,1.4199592780918842,2.6830069933757543,2.244885270869976,0.7611858870475304,-0.8827369789027177,2.2488423515787437,0.2373121703341957,0.08907565092094982,0.23918177764030282,0.4205216953656862,2.782933523623788,-0.3227379780770504,0.8916093555041155
2,-6.368205339570453,11.331040136046461,34.42913753246587,-2.4368287896006615,6.906142276531943,62.55877065981431,19.666071276316153,0.6094984235222223,-0.25300868467505583,28.62575216639132,-0.3592718168363267,1.6452033044255971,0.5733441128222854
2,0.021425399851978805,-0.3775035061403795,-3.4908643572734355,0.736867278714954,-0.6804157145966719,-3.993562675476042,0.34602162780037005,0.3924912525783869,0.9798537912124983,0.7108404286488874,-0.008116739368987456,0.6694831974988799,-0.29835476416546924
2,-0.8079835146308407,0.44005938758210805,3.101770411928713,0.6221834796440534,1.3536639153956902,3.4147071114255656,-1.7010818035564281,-0.19374976631178248,-0.25765767105026927,-0.8446212603012219,-0.5625851194855342,-0.07249184211768474,1.4786419961367236
2,-3.6574791056058045,1.5233412544319296,10.985327765109096,-1.8809928769243995,3.712999527038809,18.90966473136884,8.49912253384985,0.49217087771416956,-0.5018134809423125,7.840567906033087,-1.2077976770743,-1.267696882214572,0.05216359114834149
2,3.618775043676443,-7.172472165725158,-21.006712760282213,1.553399793777206,-3.3595024871012598,-36.62352272902084,-11.511047848139015,-0.3030449126764695,0.6789889083334922,-17.57264758425015,-0.8992498892738748,-0.7714601595506578,-0.14632219963868554
2,2.02662696989622,-4.2137253247846855,-10.668903669860724,0.37152243311285965,-1.539885862441287,-19.164143745572602,-6.411415079090593,-0.22820782946814075,-0.21414617404395134,-9.541056868706303,0.3664145606707824,-0.8024054160656515,-0.2678311768517985
2,0.36289391704385365,-2.0703836553108137,-5.096720104748362,-0.1928605371185004,-0.23566846373946648,-8.362345200943514,-3.1942668198324706,0.018038604504738875,0.4934771695744801,-4.062743986751855,-0.6419535244532903,0.0376266611376972,0.0400152142838798
2,2.0501660637099093,-0.46595072184679565,-6.0572497950691115,0.45604919828957624,-2.5651979840022747,-8.353680296207974,-2.707351365903779,-0.20109411766441745,0.9735610533354823,-4.2433146235380885,1.3524481896472165,-1.1605698172510035,-0.4509926729918276
2,-1.9883837354062686,4.126549535611113,9.85323696683437,-1.7782005185901146,2.35473855867851,19.361702489369303,7.620947444115472,0.45023473714812134,0.5945134003086591,11.960375574476899,0.9870795517382177,0.5306932227644471,-0.4941856520000855
2,0.5418197496868055,-1.4155527616433765,-5.550000132211149,-0.3065183514062194,-0.8167672598883552,-9.84177781189689,-2.4142858331632056,0.23720293449025276,0.6112278025638082,-3.5397511325288864,0.5890243506211725,-0.7613075173632281,-0.31865544694603676
2,-0.6808760729144041,-0.1680039579230626,0.21479257413293784,-0.3690630315971149,0.46946512917124933,-0.12227100552374212,3.9787112651004186,0.19975992170077392,0.6281047942487029,2.423818764041799,-0.8992429476830177,-0.863167972749922,-0.6790162689091122
2,-1.4337133965539204,0.10067325669385584,3.7052879615253214,-0.23573060415579472,2.4122663140314966,5.834971491767074,2.3680536502378224,0.4899278750718286,0.36898270416858503,1.179782986980362,-1.3527031747263771,-0.5243720374124313,0.8172708852971643
2,6.378226125193614,-9.16499892944041,-27.96374959234513,2.8572254719792736,-5.860344266425389,-51.40310693701971,-20.528159335825364,-1.3679514935217618,0.4522802479278073,-28.091034936162405,-0.524250199124065,-0.8471941244350137,0.7728885725237561
2,-7.3004485110821555,10.121190485244188,30.42354442519474,-3.070559486482949,6.485918608114588,55.603158052893725,21.976868162903955,1.2897018334934143,0.6676242634913124,30.4788041099815,-1.7454012099030871,1.0773153381810705,-0.8441925440410494
2,-3.534697269880443,3.091543958601058,12.715480085723126,-1.484892146871998,2.7325303297096695,20.979938653987432,10.064706877297219,0.645278720321861,-0.11539765093117886,12.226753065871955,-0.7307757106259739,-0.17613388291341875,-0.13391597163158098
2,5.107947295135743,-4.842890544049966,-17.274844907429145,2.3284865907347716,-5.349805377481846,-35.76851398850164,-8.997794895638519,-1.1836472102390037,-0.4197936850269774,-16.419696780145784,-0.03839972129899951,-1.2052165548374543,0.7213883846406347
2,-12.15772820594515,18.641926020092914,54.566168796289865,-4.312618966256624,13.465544653745361,97.53713627451744,37.061531065841066,2.601375684902881,0.35744065093730876,51.939902719309515,-0.2581969903908683,1.7685051624986177,-0.03021387814986863
2,-5.886184059870465,9.95317875351811,24.876639122527134,-2.7016559668092905,6.502051282490377,44.035955879389356,26.785350265273713,1.465667831146686,1.2852154165859118,29.021789915300648,-0.5293203002456861,-2.6188476905394324,-0.06414740575748999
2,-9.197415204562258,23.117752470120234,56.97798622552169,-3.2160740837023343,9.664585589610974,94.93019357280768,39.889549171840564,1.6620276736156765,-0.3955392443827827,50.930319462066116,2.116704886086348,-0.5116325636033112,0.9936860337756289
2,-7.8928048542303975,14.990108625105844,38.75921016419683,-1.0561035220597665,6.585077447502682,69.58560038471373,21.618649174477056,1.2336746561007776,1.359450079224066,34.69170299774892,-1.4579364126696266,2.485790777727242,1.2476397880222938
2,2.104617948415296,-1.7199741641048671,-8.668812721606516,0.6916652401369029,-1.8338541833477178,-14.468116366792323,-5.055065862555438,-0.4869041018151846,0.8427671501436238,-6.942110698680487,0.7630513703269952,-0.3380260512946797,-0.2823740996053831
2,-0.38359913559105063,2.709916287550243,3.2233148723292198,-0.06353198939457604,1.155483801052203,5.726032960877221,3.840815735066966,0.3381297963406182,0.96425467044595,3.3359675366317707,0.6286585264537775,-0.9534847397453682,0.09271794690880572
2,5.179254974124592,-5.2268520517685095,-18.628007927343198,1.7890587187128972,-4.699819785623534,-35.22890417647144,-14.353525583454244,-0.8527431730544761,0.046335045185299406,-18.118453443029495,1.6439070045374293,-0.005087239730767948,0.47005850965006224
2,0.5789446548514467,-0.9780922765913288,-2.1010666153290734,-0.8177082937132462,0.9732505288917732,-4.13998893461205,-2.965077660488161,0.5309990235336507,-0.6928674836560896,-4.9909824836251655,0.5039224152065719,-0.45260580105123305,0.045434045634808434
2,-4.3487734876101305,11.573335939552244,25.572658066160802,-2.518791362529194,4.219097127423782,44.12794993845151,23.724494165580648,0.9118234149062803,1.2901665145678418,27.502400847397492,-0.022482531354809838,-1.1191605565247862,-0.5566313057717099
2,-5.767243306477568,7.173605867822759,22.54051702199851,-1.0178736473378895,3.392017780527224,38.98524173844649,13.486801139823408,0.7260262727666704,0.06395485795242922,20.449899587126396,-1.7706798365432688,0.897791233221707,0.19850539566797326
2,-9.918174056202142,21.173513416341773,53.224963484074785,-3.97607336212971,11.160700578213989,92.56963720596487,36.0799084898783,2.426199857114196,-0.2636507100510994,50.05698274484109,1.3669845446918418,0.6846766959186795,0.7123764148498167
2,-4.03295052702135,7.282020373905505,21.17274885709248,-1.170277472151209,3.6689492062428197,36.66847713410451,14.996652808969083,0.06206519160787728,0.018732141320787123,19.371128530733237,1.159575887716949,-0.6574615176081529,0.3819074332422565
2,-0.296790280925936,3.0675396477810684,2.841636223290575,0.21037693826132675,0.20800788327447312,5.7522844237815045,5.2253114726019705,0.35637392026873954,1.3015694104535769,5.883652428221813,-0.7129214775456427,-0.37787817412215696,-0.11237313605351103
2,-6.124237026698186,13.466846890139,36.77845543572843,-2.9123990811520044,6.9061873665821345,61.87770345139621,25.8295700850032,1.4836132690176145,-0.857751545437007,33.317530577764074,0.1650281588996844,-0.4141761714536064,0.08262285906781691
2,-0.8380900515458389,-1.7831975120584165,-4.221606592187641,-0.13356296974035795,0.6115583349713178,-3.6302785418412125,0.0022786929864897316,0.7010575454987297,0.7653952114599233,-0.2762678233549498,-0.8711463073771706,-0.4144316384649757,-0.4753934822479026
2,3.4252337001421544,-4.768315242451128,-13.856723067003658,0.30327245002939285,-3.097982221668747,-24.724389545936518,-8.107223199004869,-0.23090350675398597,-0.8478830384058278,-12.343002145592141,0.763020152315571,-0.18096214752359163,-0.572368547765038
2,-0.9127665847594493,7.938530570926865,16.393049745495247,-0.02735532340047455,1.34956760530041,26.89725185052673,9.378359634634927,-0.29423377791401,-0.0467925613763499,13.504754903679087,0.6016525323260564,1.3540067585351856,0.4315753958355712
2,-2.3823357299757673,1.9457624703346124,11.040053520729215,-0.6508107961531722,3.3231845539114713,20.136365449332605,1.9079195360448673,0.3039989225461822,-0.7689339720104236,5.418137297183373,0.5742063295033568,1.3195132874162625,0.5123367455055143
2,1.4584496695630063,-10.10045963967559,-16.343894041244173,-0.40048252397678913,-0.3626284874745402,-24.069474351503477,-14.464201075537401,-0.4512800346849973,-1.579879490850077,-17.736356729317876,-0.3084348536255754,0.5045318449217613,-0.2290618247709893
2,0.05597511909034685,-2.2070164278987203,-3.9734701369331447,-0.6454910752041695,-0.6963763874121595,-6.85616491281868,-0.9093120624744304,-0.06493449505419623,-0.8856488696222081,-3.4834768404163095,-0.276222193559511,-0.4642446733988359,-1.0800258450455824
2,-5.294151697857614,9.623025116176631,26.283649087880985,-2.288619498430416,5.017865182840965,44.28543885613307,19.650171002277173,0.69484451308802,0.14690535637098345,23.181783430661536,-0.11319355920312572,-0.5489043727509804,0.44359684009362266
2,-4.305991225340663,4.542607445377588,20.85693987148471,-1.9033019947254237,3.428749630934743,32.582807551053975,10.82102001336214,-0.6514443444924437,-0.9892315981293063,12.151734878421438,-0.5993595532717324,-1.0185009690058213,0.5203436717023927
2,1.2240669828393251,-2.7804252397625207,-9.454916627377818,0.02475016842825366,-0.9104279252341111,-9.041867731165599,-7.34192398837103,0.3407883956441364,0.7050344779745861,-5.528245890264327,-0.6412085844465144,1.5238924976724764,-0.4002844204721584
2,-5.135666609472079,8.014317149022222,26.882465156524905,-2.2629849597713196,4.8573320718412205,41.16459235514461,17.84195607693733,0.8683408861854265,-1.7141978212283755,21.12210297127939,0.34641256266643816,-1.6705375240674856,0.23896729776701592
2,-5.932493537401422,8.058580741845754,22.52137203135802,-1.9524241543307603,5.649892261790458,41.485145031071326,17.210984107441977,0.9346449608945071,2.0995662876771477,22.255104000024744,-2.2428349130092027,-0.5413407439192296,0.6400880883303925
2,-2.576332787098844,6.803690527744959,19.529988485932815,0.386560063851712,1.7972562488164492,28.235325272370357,9.534558883765207,-0.352055305245694,-0.6896271175354031,12.061739849771387,1.3222976362619885,-0.29562528702775526,1.311744716611117
2,4.788890114184098,-9.14686657256936,-27.775415365934347,2.7087961181600257,-6.683501970325488,-47.49409825706675,-17.694746650461383,-0.8430625762026368,1.0480052918855467,-21.569977925189008,-0.40896311083388487,0.2906856102623635,-0.607879987493082
2,7.197509869739056,-11.326816529179146,-33.4552339379426,2.506803256173926,-6.602579220465793,-57.04363344167441,-23.301678789134193,-1.0303856145390213,0.554813260018088,-31.858338515119016,-0.43498495902523876,-0.13439895467759003,-0.19904237783047174
