,0,1,2,3,4,5,6,7,8,9,10,11,12,13,14,15,16
1,-0.2872776444816011,-1.1879111684622818,2.767953638048635,2.822366068500199,0.9126608507890139,0.1285910850018337,0.5127583249874244,0.31109043467785163,2.8621999879813327,-0.07847724013983054,-0.6648923146143092,-2.9925576267112906,-4.479866290872846,1.5480329027094302,-0.2178348271144265,4.7423636338993385,3.0645426550243653
1,-0.4280254718407563,1.827461653330669,-1.1652601936887141,-0.6771910883229268,0.3756050551653497,-0.39705051905018707,0.9342954761559095,-0.22548578957439738,-1.6031891980582824,2.154235398753582,-0.14883382584411045,0.8221323662308071,0.44572179832084974,-0.03268712105773124,-0.3717867249334994,-1.4710718703302044,-1.8492459638384373
1,-1.0932389730451892,-0.2991598142200191,2.6023569386442698,1.218011218571458,1.5665496955317488,0.31845902186289554,-0.866225922673002,-0.18282140206189776,7.568269380561572,-0.8351364530672278,1.2995515068133086,-2.4069030586575146,-3.6262103783247492,0.8589684046985547,-0.05871595707676517,1.0510959206557426,0.9675607328863518
1,-0.07491376481889357,-1.6173781351186522,-0.38625408678248835,0.44857233738110114,-0.4146777968950212,-0.8435469424962576,0.895228186419159,-0.13808458446774258,0.285844336058575,-0.8623007877283416,-0.5646760840509715,-0.9212654057561753,0.48160051633248174,-0.10585680029235066,0.5008436536921437,1.626470622727923,-0.04868741101503268
1,0.10251405480899607,-0.2873829999148855,-1.8742945226788863,-0.03115037894120195,-0.3394058810310259,-0.7526055404285739,-2.238993119820097,0.5338370716494835,0.25114496058079444,-0.6380300417938252,0.23552512288996671,0.09403279794770471,-0.359095857582539,-0.16341556162427048,0.31439247816052573,1.9514040070899141,1.1225102201361457
1,0.5119971593721253,-1.0448670332294263,-0.6968698882117733,-1.6668657031513001,-0.4488008887650526,-0.1436153488126641,0.24750369896554208,-1.0965166914505429,-3.16207199450831,-1.4263954253263949,-0.366188761459421,1.5278318761496656,3.27232961477728,-0.7082596198971967,0.13318012297280893,-1.0297017676167086,-0.9387654032154282
1,-0.11290708251777458,-0.13175058918673896,-0.6065986467247809,-3.007076878690623,0.26661843059491436,-0.277743612711187,-2.2597003960038977,-0.0263465991025169,-5.544932754920028,0.3518728716733934,-1.01508786192636,3.743478172593037,4.1282140264810705,-0.458078211867328,-0.04660651217069539,-9.187866519394742,-7.381401087174273
1,-0.8262100797449334,-0.2723702197978363,5.873624358164579,2.627534877799655,1.6920768697119477,0.08283679241688643,0.26244919006131223,0.17986820135771886,4.627669938482311,-0.03695377266051232,0.25378582650567133,-2.7227289810028226,-4.179160259040379,1.9188446192390352,-0.4801073802962021,3.9072428566305093,2.8511261715837493
1,-1.9881704169106247,-0.07725504356021336,2.063570892834869,-1.7882977553209842,3.242372124002887,0.9759845043997416,-6.774887362820974,0.2245562521820218,-1.3686417061434173,1.4129933074688166,-0.9528466180962578,2.8238638238778746,-1.206242871915816,-1.442431226036963,-0.11969924239131623,-10.260169849698462,-4.798533886528615
1,-0.168866404064243,0.20297649842337712,2.80817324851875,1.7895441748869385,0.42334744132676366,0.11721295131573996,-1.3697677306431721,-0.3345824121125546,0.21809665017250265,-1.0320669660507438,-1.0296789384669969,-1.8522507350742974,-4.1804095798936585,1.2988345004150395,0.20028590688789116,4.26770160080129,3.175512663900194
1,-1.4177013951658086,0.20091200802822617,2.5919734103120375,-0.07287218192547286,2.3172318821408675,-1.16939782065582,-1.806503094579514,-0.9504280387215124,-0.5579317206083039,-2.642413313709192,-1.4783181856865109,-0.33770566440668626,-3.145356598301731,0.1310827669571797,1.5123540025476832,1.0414778890802705,-1.539348322326543
1,0.308194205853497,-0.8375135227671495,-0.260016382351632,0.9800357331755869,0.031548957996487714,1.041615033279926,0.8501740089952781,0.6803380349704753,4.341795769897717,-0.8479742839284763,2.5250576361140395,-0.9896273360497418,-1.454682387020771,-0.35526385533550264,0.1581814748633927,2.3364038278793577,2.5240648249855755
1,-0.7583010261571878,1.0450075966899863,3.6522843183536633,1.9371677394778242,1.0071683892532768,-0.46156434269603297,1.2244960060511216,-0.5602233865286753,5.837528747356905,1.4303206223368192,0.8665268687051787,-2.5637235576714077,-4.444619654240528,1.2367448499836713,-0.043679864733779945,4.461363248001016,2.5165492488221117
1,0.30438303921325555,-1.5340476723541656,-0.6113742223566675,0.18793590991202624,-0.5611845822609437,-0.7574324607440628,-0.043193044943904656,-0.31161125665953693,1.1729384445354716,0.04076128733033683,1.2361178715284533,-0.2957667362363287,1.0367048593914612,0.07981354674109115,0.31439663238437876,2.6896070674179615,1.6338164257774515
1,0.23797583274148687,1.7887304114319824,-1.0484571926751758,-1.252835696633288,-0.5443846461544362,-0.9797612625675003,0.2841351473900224,-0.21369893169257592,-5.229801015847497,-2.156008786467557,-0.7230960351079142,0.5521482986142259,0.43204625226200705,-0.21001451603760707,0.5116729485580436,0.08571090390280774,-0.33820495645064874
1,-0.4243524756721558,0.6354989191971427,1.9672724319611534,2.3310410871143743,0.4291963658035949,0.9136215657334167,0.6033267548721937,1.0907553364095026,1.932444376318107,-0.4930338114511979,-1.2568743301393774,-2.072427830548133,-3.2890873831991265,0.8876864264865807,-0.4848629348927637,-0.6140831145986159,1.8568689172612487
1,-1.200883613163863,-0.4226479463542475,3.0224866443800193,-0.6361911893808985,2.6790570788073897,0.05352981366701172,-3.462027075400976,-0.2258175641979233,2.16178501953758,-0.3965664973845968,0.4565980997667568,0.41918953476254567,-2.4260156053720023,0.2588365250715954,0.028675902645015298,-2.518410848119539,-1.7148989069721265
1,0.3309168210354477,0.3372762088535585,-1.3395311219552828,0.5118821600879551,-1.1007872646265198,0.26975558021219315,-0.9825385738686983,-0.7556050526309968,-2.217586962061107,0.7387710042879623,-1.4425238577216841,-0.6923628701446868,-0.40867964549708186,-0.05359432825451346,0.09203753394499121,0.3823166392722462,0.6404226281092136
1,0.30832904474238126,-1.2344319987833479,-1.3526610195638393,-3.016365618338547,0.20895548156141194,-0.1396810723941519,-1.7241910909651248,0.43059238596009924,-2.595926655870679,0.047577366668036414,2.014207197369729,1.5955432708280384,2.5105778990427647,-1.3267787851100448,-0.07118845034025029,-2.214434886685774,-2.5028224718771748
1,1.0151967282659955,0.509024156410408,0.9418976999001127,3.254377480183792,-1.8053570258194689,-0.5332479450097676,3.707236514401382,0.41365540120550137,0.8810618224743918,0.12185940163062878,-0.08208097104887335,-3.0673150980068087,-1.973404031687825,2.450005966109207,-0.010024459892818801,10.209548256440018,6.581061220231743
1,-1.0874173742073483,0.6825462741015618,2.7131474954565116,-0.43338255380654583,1.8766688349346194,-0.337160135469641,-2.535890349809156,-0.01726849593885983,4.679790064635966,-2.0046215174027546,1.3474287261796467,0.6221546211819556,-0.6868742355966433,0.47415873084471577,0.38684924122557257,-3.6085130610693974,-2.7164600729728186
1,0.24901874488047218,0.5484571520522777,-2.2093908560515776,-0.8077353218600944,-0.5019749908191061,-0.29018894389427524,-1.2096113566167515,-0.0422173200520388,-4.170650404937285,-1.5227040751591103,-1.3932908075779113,0.7923546812939667,0.7398833185730267,-1.0282548357958718,0.5214466819604044,-1.0302577540167164,-0.44271308415048544
1,0.22313685058433408,-0.8782509175884806,-1.2295285889116758,-0.420540485387972,-0.2790216849479388,0.6165839755099233,-0.5377601772543449,1.1134076796136239,0.6629676022240578,2.0324572358333453,0.3702953465470637,-0.41728309604909436,-0.8998101019005978,-0.7664844067580084,-1.0045493246368025,0.3899468861246704,1.3927313389437972
1,0.10759237911627006,-0.8922316112046077,2.126578685087745,1.8439689899085725,0.39577000132662815,0.3516887769829523,0.4423604349716923,0.4412574501475909,2.686590243767877,0.9286744100645516,-0.1528449026267056,-1.2656904718437025,-2.707046419063585,0.7559022870001645,-0.6007460621777102,1.4915223861498357,1.5800107237222376
1,0.15868486047038624,-1.0355140467676422,-2.326462164947824,-3.2011731246223634,-0.25221478709033923,-0.3507217484676641,-0.6588667612264623,0.046715336555328585,-5.30867768720636,-0.9350657623170997,-0.27567862280791644,3.1714276096406295,5.0243761249585415,-2.576847665882914,0.009769309197709079,-5.1858826818061985,-4.021270132820549
1,-0.5640706689388728,0.8943483896403658,2.7254205401094573,2.8407343551588924,1.3342546768937096,0.0924022002656861,-1.1194650298172495,0.7095709009232002,4.784140873192708,1.0171999939929002,0.18012295956033364,-3.1209537829413896,-5.582105806862705,1.492521874791382,-1.052796593417077,6.065908216143758,4.5634510241977875
1,0.16198040348775938,0.7125032690297733,-1.792007177877458,-1.2298164562803888,0.3848421078371199,-1.9327023304835018,-0.44047991035943335,-0.9998558404210608,-4.110974198832631,1.560195210517993,-0.632382594029225,1.0467963533342088,0.9891150771539586,-1.2460763961691748,-0.2103129866054252,2.1632499161190983,-1.7106803559742865
1,0.07952734006589221,-0.589038865655942,0.8030172965951653,1.074517230460908,-0.5043769674815591,0.6819680254303915,0.5215655872759988,0.35681088568285046,1.2130403511688157,1.5880911531785262,0.04104842999311918,-1.0827306422592968,-1.3027636160098401,1.023571486074761,-0.23789434166878407,1.854197279175891,1.455811882364904
1,0.11179694995396675,-0.6887906756706016,-1.1552499543525334,-0.8619999353706723,-0.4787752148451319,0.4719131702188025,-2.7481923767329555,-0.05603369846571837,0.21310793541450382,0.06709043334191447,0.2547570269429169,0.9649240115132335,1.290128274827635,-0.5201558947002375,0.0329887662160148,-2.791996758492097,-1.625882453439127
1,0.27133812821055164,-0.619908270214058,2.0938421975274784,3.5894826701660514,-0.625880355748191,0.06713477526873628,2.183611378263461,-0.1084462076671409,7.817827340424602,-0.06156253042677412,1.1557688841915872,-3.3709849757084234,-2.776465290892685,1.6678654393860493,0.5333736571670065,4.969240149880336,3.941177348948481
1,-0.5300632964650647,0.22101806754510783,-0.8537996205510217,-1.589857216087221,0.9781508055856384,0.5209282437696283,-2.1560583287821764,0.6825388247838449,0.6580289321279632,1.3603923638785227,0.7723714596615573,1.9697544485524874,1.3229004828783826,-0.7557596911576274,-0.650180824086824,-4.262026582120112,-2.2553588465634578
1,0.6324279081781787,-1.0868440690156547,-1.5059984362683345,-1.8261462511231956,-0.3594281886405329,0.5659428529648513,-1.9836883409737682,-0.1380937234693917,-2.5972120500261555,0.5981130062263137,0.15690436443289602,1.5735763633605082,1.3825517298065162,-0.8869008958950784,0.38968672352896555,-2.2311238169907406,-1.7047003854074911
1,0.7624948751132706,0.6959709394193583,-3.197461473258976,-1.1367802563313398,-1.475808197190029,0.18334051329461507,0.38466945970063865,0.8977322009697741,-1.8455081587255446,-0.7091616389258955,0.1944268728734332,1.3270731301404903,3.5934954039382423,-0.481768620725339,0.14352750925166285,-2.3085263776657663,-1.5002172435379737
1,0.2133124867996795,-1.2124781823965365,0.758309542601957,1.4009494466212264,0.10373625589030791,-0.6259202882748414,0.1952047912652508,0.38037892436033977,3.2865235737181338,-1.6711449499884532,0.36673337822021523,-0.9722705510256111,-1.9617017366878047,0.860508495572157,-0.4691075732060249,2.4175541397532228,2.2370310748270406
1,-0.3058240686162069,0.3417807922748602,-0.3773865127178381,-2.081872634234612,0.16506900052053397,0.12654417379694732,-0.7027463472075455,0.6028639862874555,-3.779270967341817,0.02747616228262178,-0.6226414997982125,1.5463839738197336,1.219208105322933,-0.8677987033294914,0.63907872494162,-6.269075234638452,-4.2655632349471135
1,1.685280052457262,-0.03032268087428756,-4.86704367121648,-2.7096484307095583,-2.6704660781254574,-0.20892182123036887,1.6815041347885749,-0.8213063617677049,-4.094044316499949,0.6680574784426676,1.2778825936887825,1.6415165026022442,5.251661377946481,-1.2553138376430344,0.4239259079842642,-0.6474721794117138,-0.7635021877014894
1,0.47657224205881055,1.0641053374839682,-2.353182248377536,-2.1731713809224003,0.16691022690508933,0.03279089308851914,-2.9727878433297152,0.4198613833797176,-4.66282653803189,-2.0455679245094456,-0.016541243978360497,2.9880587050856473,2.503759026858702,-1.2731433829999135,0.8684773572291349,-5.234188994648053,-4.490510492367766
1,-0.275289627899262,-0.9154206603484963,-0.11203147142805882,-1.7376374068400449,0.22237501470568413,0.9879588582024184,-0.6959065915368867,0.4842162050525771,0.494981251686761,0.8228756258268741,0.9135091902389352,2.8677886536996646,3.246431106267547,-0.43775354132053157,0.21387225622530304,-4.8996382648338495,-4.071947266178088
1,-0.19308149431638336,0.2218969731092966,-3.7874227957631175,-4.339218513004618,0.11410301521226522,-1.1154213788850313,-0.15452598725036204,-0.9526393381586685,-4.762438773169546,-0.5123047501088387,0.04306774579508425,4.821393343520949,7.696454427077357,-2.3386091201377672,0.21167308811373958,-9.806254835572311,-8.553100867004192
1,0.32146386445329006,-0.5296330887551128,0.2596884371682908,0.527538154446073,-0.3350839967502908,0.1606688448876759,0.6183521346399938,0.6517849739331839,-1.1049732834430004,1.8820218214432345,-0.3972030910934652,-1.0771812820265751,-0.17217695518789797,0.3792157471535902,-0.8414019804417416,1.4667626593736118,2.196426491990818
1,0.42070887007660857,-1.0359163706958896,-0.40583206797944305,0.6916538669443163,-0.8314539228450432,-0.046085020253339,1.3708722675009415,0.42902138599257517,3.502682453201954,1.818222761075332,1.1663399805001913,-1.6186409443036083,-1.2979168640509278,-0.0909121498764318,0.4531875367850847,4.862125831674082,3.84342047311712
1,-0.4527692448913608,0.8635222509356879,0.7575666404937247,-1.647082716686244,0.2653765101750924,0.33014132944821434,-1.855729574065969,0.4856322545892639,-1.8948638429071758,0.713905600970952,-0.34399686044929145,1.2427998102755118,0.6327700696523393,-0.18268589936912355,-0.2551684122451337,-3.470258912837418,-2.1322177554222597
1,-0.5349038206589117,-1.6116413103738856,-0.2874848974683804,-0.7175489598110268,1.3927887822683247,0.11330376689164987,-3.300455423307799,-0.22142320347316216,1.0202611347016106,-0.6740443640131722,0.39817170120505124,0.9385910562801384,-1.2238819440258197,-0.7255119840599908,0.29403160680858426,-2.989373654807435,-2.7864253078426002
1,-0.31351290471916504,0.24601160765550992,0.7347975144273845,-0.4794766051478276,0.39075299547982256,-1.3201345943348002,-0.29514991300096194,0.05861666490854153,2.4509932343634566,-0.5100768603435752,1.6985795043593883,-0.1521636718416392,-0.7853134511495299,-0.260520486708958,-0.3314127117121424,1.0001375731912794,-0.33755132519130787
1,0.703957047587258,-1.180738045437742,-2.8324621518783326,-1.6185072062196701,-1.7080500325859522,0.6773956807564556,1.77657450112876,0.5381059932304526,-4.898952898978931,0.7670410059052286,-0.34151562899581767,1.740280963675389,4.418510213473889,-0.975988669605827,-0.12176620825819458,-2.2386379660859252,-0.9528106706375739
1,-1.5501293072825943,1.425231072121537,3.3509465089899737,0.4064499945815264,2.4063513231587144,0.2088442756770741,-2.436179704554032,0.4613226995021376,4.31796232110503,3.8024641905327643,-0.03879932274628981,-0.8273875883882092,-3.010969551279235,-0.11767851079090064,-1.1010887585040854,-2.7044380434897706,-2.2957463998909104
1,1.2953008491850289,-0.504004827252579,-2.7568830255739973,0.42128982251316066,-2.05820821694715,1.5907328882098364,0.4199556791256019,0.2038047941612234,-0.3213806072457078,-1.7066961332077386,0.5460423509461916,-1.106763184767885,-0.6038268055334992,-0.2642273790333577,0.5656044590597921,1.8863330784702947,3.264447051468352
1,-1.131414738311713,-0.18481044100217453,2.7110310334140215,1.5534313937798023,2.085769144553213,0.15719904769489929,-0.7839780334786448,0.27305819234631323,5.068704457271319,-1.1178243110349797,0.6990094673318785,-1.8637850280923125,-3.6835604597901495,0.6768141677563883,-0.19488497855919837,2.290096979105613,1.230114543673901
1,-1.768329633659742,-0.05603423220277586,5.258472147633041,0.9662042858551195,3.5701618825793977,0.5829271127979148,-4.706546053994933,-0.15708189584882415,4.257261689753622,0.40612716776815555,0.8755793688715968,-0.8599000491122477,-5.186668527158807,-0.3797632430893596,-0.4613108377979995,-2.221059742192122,-0.9808792129989602
1,0.17378337996715482,0.8256627388061775,1.694671573666246,4.185366694505458,-0.9728119366936415,-0.29238895153046407,3.6306837861521375,-0.07668115393136862,3.5231192812217644,0.2909363744943868,-0.5734772366650837,-5.084700123441444,-5.112019574401481,2.1091304152569057,0.2392519365974874,12.819927942406872,9.23583382031142
2,-0.2734782191336404,0.7872920799009067,-1.9840223544585927,-1.103454574562761,-0.04753164994271737,1.318411643008792,1.2344701387816144,0.48726000063232944,-1.8962813969943266,-1.5977751950592347,-0.45151749555760434,0.6395462806205442,1.242367705401108,-1.6196454198026633,0.7038282290379502,-5.835042746164472,-2.390567841634584
2,-0.43945335458501755,-1.4697697369111926,2.343443476569216,1.826153168953362,0.8550751920107496,-0.5181589167753515,-1.6276222340354836,0.1477582377641106,2.7310786567908765,-2.164769362297842,-0.3914821708684301,-1.4661258438202625,-2.4496052596450877,0.971453771207659,0.2567617466191255,4.193770341990874,2.216885256676896
2,0.9103086531125806,-0.5948012622546598,1.1730269711311012,0.9855075000218806,-1.3281949274259348,0.6382049794187378,1.268211911047645,0.1929958146546379,3.3037813503090847,-0.9788806008601384,1.6014495787246852,-0.9586991570864868,1.4622217663788193,0.480628547413904,0.5889903026224521,2.69532138121291,2.8248600318365886
2,1.0243025489528703,-0.49560929865956516,0.09270481121779432,1.4559745122536158,-1.490856513515822,0.6342455405538382,-0.0670609694814792,0.3239994594462178,-0.45549564494851624,-2.1328385834662615,-0.5542590839108055,-2.2639619046929687,-1.2112382075107861,0.858999156380036,0.17073806113674586,7.013232707046312,5.202787440535632
2,-0.3447449253815103,0.4908065842040474,2.7654399336014777,0.19679955051677633,1.4172082204677374,-0.32638341389631786,-3.073099899838266,0.3816178667640414,-2.1405805184271345,3.7347660405244616,-0.8597708413459694,-0.4206726382629904,-2.848359365786564,0.6271542551575652,-1.0947161236291434,-0.37551878494982305,0.28191184206230296
2,-0.20381157661239574,-0.5945212090742338,0.15097521446903378,0.6234668248728614,-0.17794070950005778,-0.49850090536167563,-0.07894997301818008,-0.3238829750450374,1.0330997140743805,-6.43848925428628,0.06282292983096543,0.10618541584780954,-0.4507351413351434,0.5263094371772665,0.1885655607868343,0.7526554377339405,-0.3017118872648041
2,-0.873377236681275,-0.7056033328409849,4.122620458074078,2.8736885955616622,0.9218268625956788,0.45748409980476124,-4.546590623323092,0.26359097735146697,4.057152364635079,-1.97085770419338,-0.21757248443485838,-2.7228910072767945,-6.014636000737314,1.705286361272712,0.5321581988266806,0.8263319398705626,0.6614340613046584
2,-1.2147000749424146,0.8212537619041645,3.2300008504023037,0.12888951428740725,2.5664441807062977,0.3355822123733947,-3.193191707758101,0.4020198407288391,0.9881507481998731,5.507477200409237,-1.0991543170682927,-0.3260850481711141,-2.9571887893170423,-0.07114097785321594,-1.38680549694704,-2.3325327969201606,-2.021213150958189
2,0.5683232193031973,0.6574318830064024,2.0839286931627514,3.0197676081664073,-0.9689733975233357,-1.0633595333617447,-3.0532959172567686,-0.41752351157118134,3.6878342019950474,-1.4994554061421912,-0.5968636087031016,-2.830212098216606,-3.621236618562286,1.6045229135877803,-0.29677940433208294,6.063295792572731,3.380017634263914
2,1.200916307126103,0.7955166423480028,-3.038817503088674,-1.0056578965527667,-1.4256845416274624,0.436202521570354,0.2959662543527302,-0.12778513223815438,-7.709945857880053,-1.5771422748993749,-1.2865793977280549,1.248933544048137,4.335515218492396,-0.4558577618510089,-0.4767867498039705,-1.7046002365429198,0.12516890883700618
2,-0.7168171999929088,0.8649735134980173,-0.45848258376282114,-1.1464487653486042,1.812896229927626,0.0353117998575292,-2.4173801638112504,0.07251084925300204,-0.3655067742360657,1.8089908999310051,0.3007110952427424,1.8664765556133767,-1.1661782655352728,-1.0206039358519592,-0.23596564686726335,-2.9764173866135906,-2.8255702849835185
2,0.9281343139227956,0.35370961998754347,-1.4063580701292258,0.7914190527984537,-0.878794270821977,0.21316903061609146,-0.29911171731592223,-0.9216107328461344,1.674035756089474,5.490918983816999,0.8977295100916766,-1.404429981793849,-1.3925886717902474,0.5929574996363997,-0.20332142412433152,1.284712420492454,1.4572192604234915
2,1.0124061581809487,-0.5621487046869752,-1.7209547730286874,0.2733560089712162,-1.6739808223529808,1.1965889572011439,1.0023029844114206,0.703610627043776,0.18050507861314802,0.4373156660188306,-0.1529039644814002,-0.4958875021464503,1.304351338910861,0.01278992481071296,-0.7810930171523277,0.3752495177971038,1.719592057938129
2,-0.7915557948877779,-0.6000439892032896,1.5143202562631866,-1.1412581919165288,1.171558227264106,0.46827793541980806,0.48847333411686966,0.32964172231792654,-1.7150434156190488,-2.8546340956246268,-1.2931680535796126,2.7528352432517855,2.9518698409085533,-0.586292218271518,0.8177226947872923,-4.782332322401922,-4.108407811530678
2,-0.22903891930037074,-0.5475810667956824,2.459164872590482,2.5035616838535337,0.03273459039680122,-0.818551657972562,-1.1746663872099097,0.28612897391067094,-0.3810184327918994,3.715922785970198,-2.116001154490929,-2.8029029126625593,-3.431463834658178,1.5628492651172272,-1.2131727045029987,4.112473892326508,2.927355543862085
2,-0.9530209326793249,-0.1832279837875842,2.7641359872217537,1.0398169031796374,2.242463566754368,-0.5355713471183754,-3.4942614453352303,-0.21306957905353804,3.131908100020069,-2.7540533943924284,-0.12982843415070153,-1.0969307012141027,-3.4062519924555734,0.6956917884132605,-0.22268226855844972,1.3274247811895898,0.8590325485308117
2,1.677726688939652,0.2584230280943761,-4.157222713627917,1.4426727638541845,-2.746755031424616,-1.216353522941592,1.7420033341025019,-0.046760921899498,-0.2645219576784858,-1.5191724790667496,0.4164622362179726,-1.146989298059402,1.1612620516112078,0.14541499506918934,-0.44840165181120845,7.126394378449536,4.2173793612126005
2,-1.519440015138682,-0.10374420472535961,1.5010014290690166,-0.19036518395445604,2.5858494743549354,-0.4556393072816028,-1.5642239519601404,-0.19092689601804658,1.4621020488722511,0.33875431944189266,-0.6245416911872117,-0.30229957912047883,-3.3119788993411867,-0.06981641281371985,0.2380883037778487,-1.236949802144888,-0.9977582420943543
2,0.23523674579279288,-0.16929812955615656,-0.7929966036039423,0.923678792995018,-1.3065748870084521,-0.013917255489780452,-0.6724937417331418,0.39551133830975443,0.5684110491944662,8.16045511365688,0.38499361220392314,-0.5323084761593005,0.9712157876612129,0.9316408156159908,-0.7671797220878929,1.0771706725661452,0.9680214677757982
2,-0.8312596583298468,2.2690085042014765,0.4120182116782839,-0.2981897413568276,1.114162984109444,-0.7636773572602674,0.11653267948140307,-0.30089976391419165,0.37789478999715087,2.3141303651699068,-0.14423412625097565,0.1348580986005321,-0.7659016546292761,-0.07756183909576059,-0.7092075923093696,-0.7932667034276372,-0.8078534751065787
2,-0.182928791378777,1.1470828148672203,-1.4284706508916325,-0.31329338765290404,0.591076487203786,-0.9445909085476796,-0.2967935511117677,-0.5117402203039954,0.8398310484212764,1.2375267081559764,0.6771328486977598,0.468919708177143,0.004442274206464283,-1.2769313956627144,-0.08189653842289833,-0.32619399891636053,-1.1467235280166794
2,1.1013746789412042,0.5214600907633221,-4.852270806909086,-1.9636582347663525,-1.9374571154552425,0.05094452649021482,-0.11188633627509516,0.12287168710153462,-2.5655553499261785,2.030322734659454,1.1139279988510316,2.166662969689273,3.6424994103059167,-1.3712188311299263,-0.019367126205922847,-1.1906551345130951,-0.8488163620724345
2,-0.04376464368647662,-1.9245476452778696,0.7870736207072851,0.24314344826618503,0.2901165226991274,-0.8802368101696184,-0.28970854450747363,-0.7236795655798084,1.9808529622857676,-0.6393362497721314,0.7539437837180544,-0.16099625846856072,-0.027372100525335563,0.2325651828772295,0.3971718870925433,3.7999335991038032,1.4044201401449188
2,-0.7223006358710339,0.3704647283294893,1.0553474572608215,-0.05894593895426874,1.2403743909883604,-0.4598989243746491,-2.209425776407749,-0.3371036565318406,3.0174372844743087,-2.5285014038287454,1.730213064993883,-1.0176275284300385,-2.7676169136782938,-0.3626151365435532,0.6797959018173013,0.6488018080144693,-0.01823997669523735
2,-0.4401623846761643,0.5858411184656697,-1.4329830397871655,-2.4334233069760343,0.32439966783626856,-0.685931743359419,0.987692638454431,-0.6731668036579835,-2.6957416821569558,-3.0199371950190987,0.8195305459861346,2.4125562881777407,3.423697023004958,-1.7441214461650871,0.407977414380904,-3.1078101527541873,-3.2271879623415574
2,0.6040256496436085,-0.3673647561955451,-1.652233154163721,-0.7889808588147742,-1.08203032702877,-0.6234900161309253,-1.0448380389465852,-0.4279156181384152,-1.8204428991740613,1.0596945680554648,0.3187861835185254,1.0831945922103305,1.6431668413412992,-0.33037925350948594,-0.08098010923222133,1.4064359038860605,-0.07474817680227626
2,-1.5178960670259738,-1.6055823496367494,4.348860315167811,2.3470371003430954,2.273770202124163,0.4469540836701558,-3.2528440309919855,0.4219539318161054,6.760663784385681,-0.2877907981854461,0.574843678219914,-2.9814895564198,-6.547466931542867,1.464008378920758,-0.6482779837544873,3.1607168767137974,2.9562861395822346
2,0.2122852528482078,-0.12729198580946022,-2.085369941523133,-2.0603556548403876,-0.7719654874255176,0.1928328475255026,2.5071362421725953,0.5020299077081234,-2.9317354472039474,1.3858093332316381,0.809101786577173,1.5430492504242226,3.340723290526134,-1.3137879997818083,-0.07650414998898844,-2.7166489985456646,-1.6751184412140636
2,-0.4326524011103414,-0.70590192777828,-1.520064673944271,-1.4422124216112135,0.5952864944031939,0.8670685495100241,-0.8160726698126494,0.3401176484163419,-1.2373610936304893,-1.5202054580611981,0.6069779460508069,1.224929607377107,0.9890589010107426,-1.631278518773199,0.05450275703660651,-3.3880815131544906,-1.9545205518354811
2,-0.5123373599022325,1.8551541702048209,1.7865396448990003,-0.19448484463174767,1.3269117532718397,-0.7576162582630334,-1.577662729848314,-0.47227127926383283,0.016484937268390686,0.22403171694652957,0.7289011319636574,0.5537263453844754,-1.1440538463863485,-0.046038930682552354,-0.40581285784462184,0.5497337044486683,0.45300179542739133
2,0.4545725936564929,0.28787308389723043,-0.697980318079247,2.4378502579338437,-1.3514089780499954,-0.35289464436256957,-2.0063335397418607,0.1348408645012106,5.729844175641193,3.720251120453208,0.6502325071224052,-3.028902141990935,-3.3574652557984264,0.9597626871429246,-0.3862133267612706,8.117440827647163,5.1797299560046755
2,2.0511397133446736,0.609831163717238,-3.5752504530534988,0.754682958883237,-3.388755829067791,-0.2531610883956032,3.9966242348064447,0.057720738342890286,0.3135590662570602,1.2227086117704626,1.8384511949810343,-0.5885530342142299,3.9766904605205835,0.5385424885434346,-1.119588348002277,2.2241988928699556,2.1868099443864164
2,0.24838257522506854,0.38486905412244093,-1.4401681656589218,1.1266065296067074,-0.40752531529045655,-1.4950372183534804,-0.4925842231459987,-0.8641618358645138,-2.9800458409907873,-1.1091240166872507,-1.8544770721411454,-1.7676818593656956,-2.053559386498457,-0.36185669450322183,0.7270036285053145,6.012637271040501,2.461580323810202
2,-0.13443407233213042,0.37515247252174616,-1.0718031307072131,-1.7166703486745456,-0.1377626703177333,-1.159803709928117,0.5139902730003171,-1.0976453785773939,-1.5782401756545588,-3.765379322402289,0.47887038971845947,1.3478800579597017,2.0504896740488094,-0.5134354763959819,-0.5615491704046023,-0.8192163894180268,-2.9182340706885634
2,-0.2043760509017391,-0.6598831568971193,-0.5657460945661817,-1.2544615247165662,0.7683829021848392,-1.2331808305810963,0.027044554180293508,-0.40867571373473155,-1.2296600207252846,-3.052415272652518,0.2050484276493237,0.7699968090648427,0.35964472530870545,-0.374619051372319,0.8571137668467291,0.031533579669148555,-1.2237614159639272
2,-0.5899294908721566,-0.8076459819921882,0.9914612658397433,-0.2603117357950348,1.1375083009097349,-0.17421214757927345,-2.325521157978033,0.4694671925468056,0.8456641943331815,2.0554660783999683,0.38141546962143846,-0.6652732977060111,-2.174975620914547,-0.33162598599939025,-0.28852425074045335,0.6425492623204059,-0.46732045806475053
2,0.18391624405927817,0.8372488389119243,-0.7119051443021464,-0.4825782962508789,-0.24826915160093002,0.3987414497000819,-0.23218098394674444,0.21185510434932178,-0.42965884379645974,-2.320896633976688,0.0886160136198257,0.7785317463010916,2.1789101180821033,-0.23698367186733665,0.7429960491139288,-1.737260223403564,-1.3329612776429252
2,0.9233187204715194,-0.8647195979850816,-3.1851347776387584,-0.009234602624315212,-1.5240314593835025,-0.48418135554024144,-0.08850395639944011,0.4977617899792135,-2.370129446060066,0.6666287883225187,-0.2878548905744062,0.3640845783614888,1.9367385053444652,-0.04387809987797516,0.164703980485895,3.4847678992298774,1.095625998594017
2,-0.09832374244315085,1.1956943812748062,-0.9079160335510952,0.4173473971845805,-1.2529364751594585,-0.16835678550393762,2.448922944358136,0.401057956002862,-0.07169750773362889,-2.1088305569882877,-0.1409326001481755,-1.1582943668180863,0.3415773166015636,0.5930924857011979,-0.4717043787101918,0.5204474532662927,1.2822072754594624
2,-0.677501774385952,0.4305003771840082,1.9331813914878573,2.4802238494977975,0.38806295519120354,0.7905587099378785,-2.1632498906994226,1.0789017947122168,4.3506857926241285,-0.18963504394928746,0.21655560742395324,-2.504566795027218,-3.6498215320745517,1.3157744999416328,1.3647908965566522,2.2787889574252556,3.6082275372311305
2,0.04761664638472277,1.1531562545846454,-2.606369040939043,-2.1856756259125163,-0.15209634568191782,-0.2783209348350732,0.9758497897983774,-0.5095865182505214,-3.350424333025551,4.645127531741958,0.2647417450704079,2.6909893997673917,3.4082128491656745,-1.0801771152256523,-0.3781959092791628,-3.103796203110245,-2.6665532495862574
2,-0.7561104189620288,2.1707797151633055,-3.1775294974210704,-3.092337468364012,0.770605210870139,-0.6829718671215511,2.2407426424305217,-0.11678970617467045,-3.1549401934513184,-0.7268603740781181,-0.20197833139497068,3.7051361211586897,4.2271426335604,-1.8322765755516701,0.3831922073626669,-7.396505843673294,-6.310963011180993
2,-1.6086496814044684,-0.4260429868646645,3.666784531959032,0.786162820917898,2.9105127076089463,1.1162974091043982,-3.512783756106908,0.09880102289075544,6.132692108858935,-3.46292356732167,0.592856500068303,-0.8269774503881065,-4.111701019515258,0.4394305667752516,0.9292563293016651,-3.5645705371807574,-0.498159303509028
2,-0.08670195859062321,0.6793757923764868,0.510630678187431,1.008037853498441,-1.0553483774793713,-0.5286399666153205,-0.9477093374196662,-0.1010688685693935,1.935916587652638,-3.8420005907704913,0.5161669313873097,-1.1742312654605205,-1.2948497147529876,0.897628917939417,0.23746362081432726,2.3970443572804703,1.808492734907901
2,1.010087755863492,0.359632341827509,-3.4701335945000196,-1.8972991629387443,-1.5689112844754074,0.032686172984386364,2.731579485686244,0.2894610716751244,-7.73880793297319,0.42931420296683054,-1.7072108069355891,2.709764268794654,3.83098100430659,-1.0230973356535769,-0.26901692549508815,-2.5693444677277997,-1.4687490132670973
2,0.3634444111074963,0.46200155639534707,-2.332619596592377,-3.309710551489351,-0.29910550092860794,-0.16741293541069216,3.180442542974093,0.17811771648219962,-7.536831069241413,-5.308808035161706,-1.0829632240684506,2.499721063289952,4.670503953014019,-1.4017951806455229,0.7461862580112029,-4.543110676235076,-3.738406997958977
2,-0.5704857665070598,0.06822624167698957,4.774065484798954,2.902571950226296,1.5118426105064113,1.3407259877138702,-2.845951188897648,0.42774522193803177,3.5725493718041874,-6.65116334903559,-0.675098027465117,-3.1300748762937576,-5.57639272051667,2.2069914254175593,0.5845734648124785,2.6353993052224003,3.452720950082237
2,1.3335578062201807,1.2872718363268756,-3.2809564891071754,0.10692778511374816,-2.62420050181733,-0.2922515229308301,3.3263350856688016,-0.14638553922821732,-3.672706986828871,-0.5573073445761243,-1.6471127350257975,0.3983879788977179,3.9562185274243378,0.11433545833932553,1.3318046214047627,1.929881244799463,1.114653993956556
2,1.3477506300473188,0.7606511594505446,-5.374658776727446,-4.679360382284093,-2.29166614296731,-0.7360758975967854,6.293550872314921,-0.7775879203371251,-8.852873765897384,-0.8299491537935278,-0.3872699012418151,5.5761779844138575,10.859816617675236,-2.2008503209364667,-0.14809876436859165,-3.9354091969523455,-4.333655390676265
2,0.16827468272631269,-0.8200000130338805,0.5182427241538644,-0.37326639337993994,0.7079075719995402,1.3046217997963436,-1.633019953888639,0.4196461742683856,-0.9382361611581839,3.047695535861257,0.21764064546102643,0.6121806089169957,-0.6121030462147627,0.047041186674158963,-0.7812529377940498,-2.2690162126402122,-0.04445767003594227
