,0,1,2,3,4,5,6
1,2.2598440931482204,4.248409257009376,1.1620947174139227,-0.39558767674424206,-1.7736973529493465,-0.6165833771292862,1.0636799763870874
1,-1.0413576513611258,-5.633031810249469,-0.5468653990582559,0.5133673903411476,0.23911687552108496,2.082611349038206,-0.3037117356958067
1,-0.6580746910199755,0.5934956504277802,0.17721659588759175,1.132294123673974,-0.018900087158573286,0.28722022190316365,-0.3863655823725358
1,-1.7645388094008074,-4.380885890657547,-2.943221900623181,3.2778137473818054,-0.328011847304825,3.9166335242592845,-0.7056870557268975
1,-1.6281474012688475,-4.139423727196357,-1.9399832382140307,0.917484082930519,2.8801018918272803,1.367261973308534,-1.2061393518364392
1,0.6426045512466455,-0.5105043420423888,-0.2950007404787925,1.246758920257203,0.287237035722212,1.9883320518943064,-0.09552204208622192
1,0.865618723548011,0.6950458131463698,2.1711354036173214,-3.4189813906264774,0.13809768947903198,-2.7082527870119337,0.5885712231936021
1,3.241200860538453,3.210960117683137,0.8241658770687302,-1.901467655654513,-0.19567699826529295,-0.17001230799543393,0.5905144742725612
1,-0.18768480227045228,-4.93277897668937,-0.4805967519169339,-0.2144451169772746,3.119264149209828,1.8868803019545761,-1.1267964755156044
1,1.1685947375719279,5.369239024404125,3.469985810075388,-2.8404928133566947,-1.2686661574995046,-6.145573205193287,1.1094668657135283
1,-4.277852897012176,-5.535291209666838,-1.1748737372250027,0.46492803277306055,2.7348720257234365,-0.7614799899464696,-1.5032862641748752
1,2.9815400004421697,12.318356803214726,1.7014236781247338,0.9840099589598122,0.011287953033758747,-3.9301520726340278,1.487128096638624
1,1.34562599570466,2.47686929385195,-0.5164898255572045,-0.09774643933157856,0.4084038479822962,-0.9134655203003073,-0.03253332068077103
1,0.7662044268841472,5.780230589364862,0.8810926668141218,-0.024831202829442928,-0.7563059268869085,-4.002936693913273,0.27859779595379225
1,4.508203025309554,13.41288430272738,3.5681461619657786,-0.5824116113788615,-3.7313727747378347,-4.409151626201947,2.761044494850056
1,3.2482252045365527,5.781173011454492,4.7059841204468045,-4.842682296653086,-0.2106861761273239,-7.633045952918908,1.5858508583981734
1,-3.4551114219953565,-7.536105584213019,-1.5800748480678606,1.7337360550223624,2.926331553172629,2.8866192352689435,-0.9685387365988632
1,-0.40505634134609214,3.955543204165923,-0.5198329281966185,0.5193349067329543,-1.21092688555081,-2.4067907477902613,0.20663398044024786
1,-0.24415997690121816,-2.4244861370125754,0.7666168940803312,-2.2185980677164725,-1.3173670455966164,-2.036826088778146,0.29913465033647957
1,0.25644604783741987,-1.1147917370120701,-0.8553931918074094,1.116936306063227,-0.5122183569922057,2.722668457336496,-0.6458104106355211
1,1.4321626106343874,4.640421922437432,3.0258563907706986,-1.085639163794461,-0.8351661383574606,-2.2514030340997744,1.6406681772841551
1,0.0614416879187736,0.846854540233874,0.3656964336801992,-0.8959425562945909,-0.3401906800045686,-1.1766285559320364,0.14591364631166187
1,4.332225761161657,13.194502310965841,5.724179497145687,-6.283615075224651,-4.664954114777455,-11.22177627428486,2.472248367727273
1,0.9188648058144594,-2.667184480831501,1.8076544640060104,-2.6966461944977547,-0.7653165676936302,-1.1493600841466165,0.6337103342419576
1,0.27066769704773125,-6.981080041745594,0.1854897312744727,-2.713533396044302,0.9780557866444285,1.1046605395302849,-0.4276635283031952
1,-0.302397535025909,2.9075076343870583,1.0723599294261483,0.3993388353012318,-0.020014310767484507,-2.0409889067626596,0.7110425943651653
1,1.9937820545406688,0.5944682309316577,0.9625676229367626,0.282160009643332,0.384191642692143,0.2767122725898565,1.1869972319852995
1,-0.051974579378919236,0.7033411567269834,0.35986597051103647,-0.41688380978747996,0.8905841922946607,-1.1999757161097993,0.37681667144328873
1,-0.061795592359638586,-4.028902483616402,2.23181505607506,-5.407202545004519,0.1774990253514906,-6.006150609037993,0.027241582200572212
1,4.8754059465420845,6.180752517161292,2.007805281125482,-1.1191390128986825,-1.9629676504913731,-1.2135423886766343,1.4980092095478557
1,-2.3895539053313413,-2.4177141902540873,-1.2414223428961253,1.3864459260911646,0.5529116065132332,0.5792981420880845,-0.9021996438398425
1,3.38029119892156,6.905040643648541,4.105737095547342,-3.1060600848285755,-2.6754292217643503,-5.556052833666853,2.348228917515093
1,0.5107186925959828,2.6816212417278305,-1.3654018617752341,1.6745703683890374,0.03642977449724685,1.0038685171832555,-0.13787313114409594
1,1.7943498512477387,5.723109030068196,1.6600040069203823,-0.29720285230131127,-0.3523534555224614,-3.1878164305236263,0.8573585163412786
1,-2.975711708122881,-8.636173657873579,-3.5238530945149167,5.000526746136198,0.6193180005721914,9.022483168861049,-1.0883353949509105
1,-0.504422515823983,2.755988867176629,0.9713683667269055,-0.12481446667415011,-0.09327247595228413,-1.9095427060968686,0.7558010250689121
1,0.3246596726655958,2.8327865125980396,3.213323929695913,-2.622682320590897,-3.874778303146987,-3.520389209011282,1.3669551184797886
1,-2.374871308111379,-6.394634958850693,-1.8612453555588617,0.7198733294844011,1.9546269875334048,2.413494943997489,-1.7222294128228632
1,-0.9264706467190044,-2.697305871251282,1.0702621879588254,-0.4373478120352893,-1.8101713145924812,1.2797527521669596,0.5304164967922121
1,4.880817292098997,12.034199531623669,2.1193016686052433,0.24005462033405273,-1.9099181795581444,-2.3258007905942106,1.4493092346777714
1,5.021657056662723,10.458381154986775,3.524257123145448,-2.567311886068599,-4.489733132570191,-4.286151799819368,2.317756506098211
1,2.574001352737625,7.920555988722923,1.386099108897105,0.06920666677486279,-1.7004404591379076,-2.6300272986749067,1.2626384553040528
1,-2.701771795591728,-5.719935668574292,-1.2832306846882695,-0.18003819786441788,1.8628106778424105,2.1884499159145205,-1.1366968250041898
1,0.6869209034280885,5.129442114486112,-2.426552949733269,3.210646979930378,0.7663445327835802,1.9785310618334138,-0.05373320292914191
1,0.6185815309483429,-1.8515607867998636,-0.19916678900414805,1.3973806155520627,0.44498659109944994,2.8123086180140513,-0.10499864929913505
1,-1.8512871647851064,-9.652137217665151,-0.4345437681527736,-1.5383864674444654,-0.710953173313396,2.739935542081926,-1.0907105429706416
1,-1.017694745708787,-6.703941534275364,-0.9665871424009354,-1.5712319546821876,-0.902169008007586,1.5329356674051902,-1.41808726339613
1,2.77991007554882,8.336922633464372,2.615777024269395,-1.5700203666027925,-1.934644297166719,-3.8877780626336103,1.7821466852798247
1,-0.3600323815801369,-1.5203881903167737,-0.4638072211647429,-0.059258824171100594,1.5519449247445407,0.27705313762467226,-0.7985334964812467
1,1.3332883962642113,6.8570091680459475,2.3690546824009844,-1.3928614324725228,-1.634512425995382,-4.491781425259815,0.8601014237021201
1,-1.3123475397606825,-7.431728254786727,-0.3213798114935586,-2.352050167604343,1.8504373508475471,1.2735873637157102,-1.2164475393169163
1,-0.5767985791057118,-2.241223764009311,-0.10191344612585179,0.055040525021003574,1.9085925703738114,1.9613618272364464,-0.10569165569124471
1,-1.5072460304053026,-12.033196924795474,-2.8066075284007375,0.24919447409652967,0.9874183006284151,7.8173491931972325,-0.921922008814175
1,-1.4523748539113932,-4.945868177640973,-0.4605913943717501,-1.130333615238883,2.1047322094554555,1.8510296282076504,-0.7574416392756416
1,0.03514798777460737,-1.5033177700411426,0.03931538331156642,-1.4585583623598226,0.8100430107814751,-2.1219650934222005,-0.28366870059058635
1,-1.5058006759685691,-8.994849130401489,1.1906425083398509,-4.443263688118467,1.0280363052207013,-0.8414930445516003,-0.6130342869599092
1,-0.25725612660949937,-6.869267905117014,-1.8938454620950032,2.074281935930978,3.1685588733782217,6.438623280109755,-1.0211106726105474
1,0.9551671774875196,-0.20924921354008036,1.617250701390208,-2.336763632285509,0.07677174744274975,-2.700459620951786,0.414826042629183
1,-1.9950674520133334,-6.279201856600724,-1.561111512252414,2.2942501037143934,0.7183033523118747,3.5326577503323144,-0.6912099435955358
1,0.05278927280577984,0.2637030954654402,3.4613208276638505,-4.645561688944131,-0.5642300673852224,-5.19426462860044,0.5408445939250269
1,-2.999899102810247,-8.360453159075,-1.7729514067300285,1.4295035291413012,1.1409999085190319,3.4669743187799082,-1.2562523838147293
1,5.044822599194741,8.770846906624794,2.21641053809913,-1.9503806232902012,0.017768554851309716,-3.50278007057872,0.8363500453483781
1,2.483188390912747,3.315973041081173,1.3359777833757331,-0.6942111831891197,-3.1515970599569956,-1.4052772019719024,0.4556557587458633
1,-0.4615495438870592,-2.114652237352157,-4.156597549769052,6.913675423347269,0.726762465165961,8.225174744666678,-1.4671522252650475
1,-3.5551416247631846,-7.041927666061201,-4.159600657090362,4.545203670204594,1.019593513647268,6.144159027438366,-1.315893117769272
1,-2.1089866971196742,-7.12556621593377,1.6338991610584574,-3.596347438190293,0.2757633308118717,-1.6270000453790732,-0.7050175735351756
1,1.1556573556493663,2.515436279774492,1.573261852058203,-1.6449406073182544,-2.6511684295161397,-1.4443387313089244,0.5060237896459304
1,-0.32037902028534615,-1.8868311562348143,-0.08606840695125043,0.5448117673211853,0.7372618418974537,-0.11684896919158459,-0.312042290176862
1,-0.9896963183582772,-4.39720228713157,-1.1728044419150603,1.805546328569673,1.8016590241483692,3.405751119868617,-0.4236605239173147
1,2.216357989854318,6.086670429095711,0.48727089519717626,0.2451348047420873,0.8349810653679511,-3.403279349045604,-0.08234745087973304
1,4.010292806887224,8.620221649339753,4.092455701832432,-4.050811380480936,-2.256411502322056,-7.367267528878462,2.6649571831753702
1,-2.5202852029965594,-8.806049036075255,1.305050538167554,-1.9114361373570217,0.9763836545133506,-1.2041572337394881,-0.3682218347557682
1,2.4253166782365025,5.450591629362302,3.9456390725581194,-4.2445856728275055,-1.993297002845836,-6.0603872514411545,0.8650142812126613
1,-3.8770170213485446,-11.610681977812911,-2.2333552413146256,0.5290571516475622,1.363629730880065,4.625653330418184,-1.3045516922006581
1,-2.893497725767576,-8.664667772189516,-6.665086060719372,6.764718823712637,1.516918519363632,10.991336529492674,-2.8780646803235364
1,0.6268635658661784,1.7475859816163661,3.0023516160907278,-3.774564693955575,0.6779619959529617,-4.1596618467169195,0.7145606368327533
1,1.0806981403858449,1.2350227305341046,3.16570006550463,-2.4604965381171717,0.3254470838997195,-2.8471175614508377,0.757595144122313
1,-1.6491869479457761,-0.6015980697997211,1.3826729919194507,-1.6376554575168116,-1.9694477305069145,-3.233457265936745,0.742984437527874
1,-0.5197407294610378,-3.498987652994001,1.752430137293356,-3.987077656461454,1.271659883761539,-1.9569430309227398,-0.47203308308598846
1,1.3760981552099987,8.656445517045826,1.5629427319797098,-0.1388367475527341,-2.840064610027467,-3.899171739951509,1.2336087619524605
1,2.203125192522627,9.030824921907035,-0.2474719616478653,1.937271849103427,-0.257297315000205,-0.803355587240846,0.8771395306308768
1,3.3529376302414513,6.933672727373219,2.5351210041587904,-1.6185324594440949,-0.9250113341433255,-2.9672977802074216,1.3237122586913204
1,-0.9386958483942369,-2.4481264918173378,-0.14427813511054408,-1.0668861957828657,1.5701355694789598,-1.600297582614528,-0.7177741058819207
1,3.4265379131371945,15.925150902414233,1.4274012201221473,1.1798839653419648,-4.672768570280374,-4.93520005043193,2.3981264253162546
1,-0.7680391029383818,0.9793889483246172,-0.7680567178262014,2.055974932934304,0.32498581494208933,1.2575625356149727,-0.30633941580134894
1,-0.08962747437567645,1.7176289097181374,1.8189233625601349,-1.1068342237278634,-2.1365494098957414,-2.7929612984877528,0.5088972176004989
1,1.314148793591038,4.42686740341552,1.3940981462628015,-0.17453512573839625,0.43724652826410887,-1.5030803666176922,0.4228533684249336
1,-1.7023368507334782,-6.545419226902537,1.02003670783975,-3.1795757447042026,-0.5512011181464946,-2.2086636249201437,-0.6891446895512925
1,2.4143402153221776,5.650884508366699,2.0475209401249237,-2.0610636057951086,-0.40231424191471676,-3.1225113186579043,0.7323992309052667
1,2.4465380221906563,9.732250325203108,3.302774532819181,-3.050892227590033,-1.4071286654969877,-6.882465450902818,2.0016632431380774
1,-2.3404093945566893,-5.739279680829772,1.084252181074444,-1.5622342857571074,2.0934666750274022,-0.847306619904923,-0.7283354106212399
1,-3.5892097390284956,-11.777558343309186,-2.4603126861667013,-0.13365240530937975,0.8783449199086084,3.6418010749268093,-1.9590126810363637
1,-1.5713745071653566,-4.090911088637485,-3.4118704460889266,2.5029399230236247,0.8011473134343835,3.997024132624881,-0.8281056453421405
1,7.767287314871248,14.46285545873022,5.453656151218511,-6.447856239461172,-3.396562885710608,-9.901491020331962,3.2296586294753804
1,0.06316778929773584,3.8901919793685074,-1.2496002128717492,1.5788615216635837,0.43085717808989665,-0.5985664404848676,-0.8731137568438772
1,2.8824218180787042,5.172934702308051,0.9281938974827577,0.19275316866796444,-2.792613410262999,-1.0025067304262572,1.3907577768477695
1,1.603018334451464,4.3749424147074425,3.279727313381436,-1.807288978557805,-1.0234398766312234,-2.4865097586812923,1.9902059944305568
1,-0.16246414326856412,-2.4345469785586022,0.013544495643159654,-2.3455779564160752,0.7102626716385514,-1.4253057218507243,-0.2970343233869648
1,2.3685070789213736,3.887191546280495,2.807472201423102,-2.2253402039525345,0.03358241041399568,-3.6716148108401883,0.5752935725365138
1,-1.2323141748382636,-2.0785959113828505,1.7261898059430463,-3.7382445722357933,0.19939979958207366,-2.6527997798523693,-0.5126027426906775
1,-1.5453000602076787,-2.301293657449188,1.3533637048305525,-2.2719635427629656,-1.8159832407191814,-2.2219806522009904,-0.18290790883609084
1,3.387319759599683,10.31159230768775,1.8424504541965847,1.2719093826048598,-3.176563090726963,-1.9670462690901938,2.560143656409787
1,-0.168127663804778,2.2201124369510317,0.7865503649570048,0.14456187279801863,-2.1577541141628136,-1.2334687264061477,0.601124177406845
1,3.0517351210217365,9.093036994658029,3.2746016929349295,-1.645803508731108,-0.7035280932056509,-3.724858551285324,2.1519322937667535
1,-0.20932415444679617,-3.7005935848033653,-1.8670565665353072,2.6835060954933536,1.1578891938426843,3.9749132654145947,-0.3186235896712356
1,-0.31160978549234136,-0.6223325573366234,0.10242043944838204,0.06894723570880286,-1.3732575531207045,0.6595005654353308,0.48998020546164556
1,2.462652815714372,3.3582027270732304,-0.430852090113561,-0.39920218819313297,-0.3431775777328757,-0.8955337255918462,0.6087906730740701
1,-3.1460124477369718,-12.505519918535699,-0.6235292245111564,-2.294349250235654,2.7539002224356626,2.8979306602405237,-1.1401328981694938
1,0.787070923756559,8.32387582415707,1.1916835149252882,-0.27428558574477097,-1.307015535524138,-3.261106176111305,1.091454253309895
1,-4.371428042016247,-14.884179171645945,-1.9104716067203027,-2.0998421577215702,4.0091204488661605,3.6340328566964146,-2.413374289666753
1,-0.8808737857550453,-2.824231434508232,-1.994266581208087,1.490809632250086,2.87270598912178,3.6589147267412705,-0.9549565101071584
1,1.9468631309842246,-0.3867776894327527,1.4771280630929502,-2.1543118895452604,-0.9930013440207155,-0.10356820539774592,1.3216618024761435
1,0.3397771757082766,0.5305246974030373,1.4275157542368344,-1.0205282182675277,-1.5233000703992323,-1.722389571777201,0.4682636764500322
1,3.581615273726188,6.694694978333963,3.6138428488052203,-4.485311124682257,-0.45605686475634477,-5.19599118793945,2.2420798286124914
1,-3.1656213681841607,-7.450415336510124,-3.6561938777792182,3.163735572264989,3.10233494337136,6.344705123075475,-2.020104739678062
1,-0.6704756648083368,-1.0353533947012745,1.9390114688070155,-2.5480380927420856,2.9293230849503193,-1.7807642907147117,0.14391793863311858
1,-3.634838035071657,-10.528214030313297,-5.043613471436234,5.074367133683997,1.4460736005647663,9.12256421819055,-2.1145207765847958
1,-1.1599874750854582,-5.049833746446627,-1.6325517236747351,0.7448211003924169,-0.026697404894116317,3.1795733813428533,-0.9201061250385939
1,-0.9082492231086847,-3.3451699391961016,-0.4957845068565603,0.61691623727621,0.672996203941511,1.7305319010679583,0.02032373392616013
1,0.24195743674153597,-3.4010290971329002,-2.6326466284675116,2.3861925183859745,1.6552424486192159,6.397888208438953,-0.7735785404230107
1,-1.2950264014410553,-4.714353215052054,-0.02619756180536685,-1.5837568612869797,-1.0182433827939852,0.6464362475423786,-0.1319353501211689
1,-0.9896790333278161,-2.8520098089959234,-0.832359794851613,-1.1195043906759203,-0.5699364948260376,-0.07305246292252218,-1.0428320849920678
1,-0.08819563517071938,2.7498652306172167,0.8214297825803029,0.474000866694687,0.3144030822090997,-1.1576673328021754,0.24670449621327517
1,1.6656106449511596,2.705469428955506,0.5002446169638457,-0.1565689622132102,-0.7866260330045634,0.6381325987702672,1.019911506438933
1,1.2670494264813492,6.100464419247688,1.2246527345982279,-0.8691272960658616,-2.0085237369579745,-4.541909509905014,0.6001941052994838
1,0.40667431010397687,-1.9108336594934452,1.688968853374258,-3.324414161685937,0.4070909756141496,-2.486021096650704,0.8514319107890195
1,-0.9417117307253469,-7.759952701533092,-2.647192789829476,2.3966731495245424,-0.6017455588641052,6.154978370437234,-0.9888507636086421
1,0.32212982978174187,0.5143879063577352,-0.36517239744768404,0.03869588920116661,0.7263327812928043,0.6283807612236945,-0.1153625718328212
1,0.09328401021000855,4.0173077469946135,1.9153178726029232,-1.0703691790265113,-3.5647097928110307,-3.734447469646197,1.0416666242316717
1,0.7695796735170245,3.178074285532221,1.1281818852438488,-0.9754288673015148,-0.5023876700375901,-1.967039033972861,0.630730352201615
1,1.56101003515014,3.424894230382156,-0.8599702671349618,1.7643453875103436,0.19407068757983092,0.09766945763545447,0.8054908750696749
1,-0.40827882544116734,3.326456961205817,2.2718992685216266,-2.385830738700315,-1.9209538091935625,-4.451832459264182,1.1717788422803146
1,1.2033757387851574,-3.052262552243307,-0.4123869751528775,-1.3502065723515417,-0.9179308771523057,1.4493529967858096,0.4506433805975187
1,0.7845735619644755,2.823904007838738,1.6240552016476828,0.1317332185819875,-1.7104087915370227,-0.9257284184242588,1.086086308511702
1,-2.9072168127022997,-5.124934567981091,-0.515171643679272,0.6290296134412823,0.5421930959712131,1.3802710932183282,-0.27513289608967656
1,-0.7061269586659737,-5.8004580019246985,-0.9217673668581519,1.0852304328679805,2.6446849895668105,3.714133554409721,-1.2839490502355058
1,5.2064990532497,14.330193434781002,6.135824936331183,-5.056989030964803,-2.7688396737462746,-10.228630245273717,2.8869210934921794
1,-1.0791767887697628,-0.11989093521708015,0.39785224707535416,0.14433738815977876,-1.133561428231434,-0.9699304259828542,0.374401339680504
1,-1.4696839522232965,-5.99298407275324,0.9806668072400693,-2.022749994689703,0.5864356559803283,-0.20430393250120188,-1.0577384879346146
1,1.691483440079355,8.0385909747439,2.135086611093406,-1.3297812323740552,-3.023273484657641,-5.396186645648615,1.2998564012113163
1,2.004542364302301,-4.116736410773405,0.662026389808543,-4.0595208375474865,1.9071252688575882,0.0614653437957531,0.042220624339525226
1,0.6839181507497585,-0.2624990952464569,-0.5600120732371695,1.4290757337934825,-1.5289147192887607,2.2312924833383225,-0.10268691712202355
1,1.3045450425119895,-1.2980472688669848,0.8033509008014166,-1.680457630297637,-1.3679068501400864,-0.982616253589008,0.27301181779442385
1,1.7376008370131018,3.949827050236455,-1.1548030942480538,0.6421905908351175,0.29332399851664914,0.8736007407070868,0.06546095743686914
1,-0.8963911155312126,-4.541437569796276,-1.15965076339342,0.6240826933863836,1.2767815098417719,3.4148124988383852,-1.1364181119402827
1,-1.32506201180576,-5.941375920688464,-1.0056439502984993,-1.1507753765837372,0.4293841176072095,2.0259352962210517,-0.6343630178061973
1,0.6786771390876356,4.78033259553895,1.7575262349983303,0.03855433558077222,-2.8752457806517384,-1.7772521234052145,1.0904388785809784
1,-0.9158589585117048,-6.287219100900433,-2.0254138429204063,0.9155031542237193,0.6508865378640554,3.8117158198140557,-1.0888307772494832
1,0.6751008443929175,3.8686886618923113,0.6042457622010258,0.49304494094452456,-0.45242288625792365,-0.8464655275414781,0.29261269699074954
1,4.211263151925975,7.482491655510321,3.162586897036869,-2.616821242010668,-0.861441609590998,-4.967003134317174,1.5675779838852708
2,0.9070220392752524,-0.08461979866873798,1.7930429629686684,-1.1201222744855963,-1.633658805456647,-1.8266133056510694,0.13421698608841248
2,-1.7368505802697298,-5.384560833253062,-2.9308168723686396,2.1940530232938364,2.4464106782677906,3.8099930642889532,-1.426225989065593
2,1.377944830580652,11.296983097462652,1.398849479966567,0.2091692163609785,-2.911167025985298,-4.440186567393712,1.0259219576835121
2,-1.0674164305679585,0.7794577808539778,0.557026896364243,-0.8577693089031545,0.9710642853648223,-2.4827638670615735,-0.39021673604191975
2,0.43791731937885375,5.0280111802717835,1.4092931823473993,-0.6922341399383941,-1.2798363196817706,-3.3555245457957055,1.3436216896366329
2,0.2271919632937537,-2.4700106835438427,1.764843820783512,-3.391355410343906,-0.3189462291941321,-3.05072105753242,0.7291384021454376
2,3.2068992630067243,13.612680490509073,2.488666150857842,-0.6676244811596891,-1.494449346276218,-5.5269364181258895,1.5152399862215469
2,1.5985663170629314,8.580411348258709,4.079108624424139,-4.765899899915744,-1.6206013532261467,-8.813967033954837,1.8093173535407971
2,-0.693106302388672,-1.5962952124615455,-0.5560870526579252,0.9032426724172219,0.7573015434421553,0.793069902653249,0.1462565371215292
2,4.633572585122082,6.738791834909849,3.8771698508415184,-2.8481474344834345,-1.1599532617320345,-3.3700061046686094,1.6322182587187275
2,-1.0782432350771787,-0.489045155568795,-1.3156286607678134,3.5291184762488514,-1.1179352952135644,3.984589471078831,0.17187413749214514
2,-3.4971112223759158,-13.502588274547067,-3.6325157837512907,0.9546554832639562,1.9004383937784242,5.0298743584585415,-2.405737933012937
2,-1.0806626726381048,-6.228753182817941,-0.7194827689757447,-0.48229095892858925,1.6702571680927503,3.171693658250976,-1.2245960767165682
2,2.4414213196558863,6.383923411341959,2.2189167795512956,-2.563694811710711,-0.7991290420048557,-4.12694428677726,0.5715859515932529
2,-5.419583867791524,-13.15674830190625,-4.747396720657352,3.3330808640981324,5.989059464629173,6.927445700764863,-2.8196846528497854
2,-0.6476049964820351,-4.807493448633971,-2.1050097478605476,0.21726207364715072,0.7741142861794528,1.294087009186757,-1.5352613039211387
2,-2.473857186524001,-6.295145483146226,-2.120319948955469,1.5685514873067172,1.9531468169240125,2.9211712965376657,-1.6995224557752702
2,1.3323790741272061,0.8026874160842158,1.1042835076269277,-1.6793950392599701,-0.16354295598378982,-2.9628400847578567,-0.11370106879928801
2,3.9005845555841208,13.984903452310663,4.168610533219026,-3.17991785301581,-3.7649917278153735,-8.197914077350914,2.808344682859972
2,-1.0023659387960377,-4.342266743961174,-2.054423484298001,3.030222685689493,1.3813186948088616,3.2617393912018176,-1.1197409146560642
2,0.7862648328961346,2.0356407478047034,1.5108462958607605,-0.8385832806142101,-0.8391791026119984,-2.3272210660931316,0.6120541447957326
2,-0.38849115164421505,-0.348741609744575,-0.0625682982244829,2.0491011277104185,0.7519779766330703,1.3969276519010447,-0.01785503578726505
2,1.400483869101694,0.9799704265185971,1.5666702855222576,-1.3507222198354973,-0.06376258364125521,-1.862272161069887,0.4763200765382008
2,3.4334195298256045,12.000814596560918,1.6152191813796946,0.28774455384061093,-2.1686181043537913,-3.4821352123325484,1.4707519206475068
2,1.5790813529870273,5.438219173753473,-1.4575001822057703,2.627964650026593,-0.5577887427164056,1.2769032493100188,0.49695958799008233
2,-0.7013272418307457,-2.747889381568372,-0.4555813184773293,-0.41029169760641654,-1.391872912251897,1.4035277069495267,0.37509258283373154
2,-0.32290890318436244,-0.15116424730459732,-1.8262090014357872,2.3960541457031215,2.6771106212785702,2.1029888308266735,-1.1185822032998427
2,0.5247441630260807,4.073310514560384,0.908487318822024,1.3683635309765978,-1.2709302850280773,-1.602111553915065,0.7087794165532887
2,1.9258409956350562,2.6636811128925864,0.19123739852672506,-1.1865297938136958,-0.7108835436909812,-0.19089151970892104,0.2678535989585502
2,2.457624824539299,9.297987882655617,2.8277998335774712,-1.6865053540225043,-0.0689881615891548,-5.902002976958605,1.926033192857882
2,0.8851980728304408,1.6017340765186612,0.3693692043834487,0.9451737487230127,-1.086119321998564,0.7893635124405026,0.9005158960702714
2,1.349052603647003,0.9210166837457611,-0.2887296935064122,-0.6842200095183661,1.638035156319175,0.8630059115850309,-0.03232133937568145
2,1.2347825382859672,2.943325298867567,1.214503673033266,-1.5174006858508504,-0.8402164317873345,-3.185540851661793,0.333680821685687
2,0.8055679293687275,1.030905676445536,-2.08189405807786,2.1819798974805606,-0.5002355802040693,4.202828167128073,-0.5355924861735663
2,-0.8312531849580055,-6.456128091469805,-0.961985943678114,-0.029230305845732,0.317836849505008,3.41303521732783,-0.904806957141333
2,-0.35214638828259887,4.924329106519468,-0.5977164642433587,2.6442010656198907,0.11261732118352111,1.2501986236186664,0.38502481587270715
2,-0.9507343315242991,-0.360904039879663,-2.5973871111881133,4.402321079228329,0.6089001292507435,3.680422248762458,-0.7566910921904483
2,0.16654111093679663,0.3761572914348875,-0.6397353739466618,0.8971898342777415,0.11993616940803638,0.8838936102997893,-0.03985955606874691
2,2.768383158229073,6.085814603751097,1.2639065746223173,-1.9649605477780532,-1.719265955580726,-4.2817511118178775,1.10022603001355
2,-2.1625081021207553,-6.4766517904081455,-4.169926345663856,3.7929583453874316,0.5357536764845092,7.277574857776606,-1.2338562766985495
2,-1.2062585532440542,-4.623397332270037,-0.8778477612064233,-2.371933922573691,2.288655220639321,-0.6574983924594902,-1.4441048948537556
2,-1.4201430601188922,1.135696139073176,-3.3033479991121277,4.80282012939063,0.1625245180271785,1.6195546178777842,-1.1437368403108221
2,0.8705100858793299,8.173073507444565,1.8056756773063374,1.1351747494689417,-1.4934541788539109,-2.124231490958583,1.6027142685602997
2,-2.730380235856597,-10.703027286738026,-2.1771715461297387,0.1277466234596967,0.9695864543203669,3.7290783778249224,-2.0332717459823395
2,-0.2769199620368502,-3.082891495884497,0.3085362990628068,-1.798127653316883,1.6406090417407766,0.006598335019903895,-0.1314937479859673
2,2.124866241450344,5.03462954595173,3.288771587911676,-4.08546488128703,-0.5734031805102489,-5.921193310460289,1.305327115022681
2,-0.2645704222605812,-8.553587462126096,-6.8954381147280595,7.1521273284520115,1.6435822569335947,11.781923559466302,-1.9299205479277506
2,-1.638294786411211,-4.593803181136587,-1.958341101356732,2.50120569255314,1.8268667407154386,4.853630675442071,-1.0220628526315227
2,1.9353566624386982,2.8959919057436845,1.081604678826667,-1.507295233883406,-0.8542648762839021,-2.885365202843546,0.3949794224121692
2,2.8919319031750184,4.442253421454514,0.7707344783914157,-0.8362137283146711,-3.1210380195256695,-0.7527837470996905,1.0490879378717115
2,1.638886463447344,6.843743532304333,-0.2011276801423779,2.2607808534124434,-0.17045265063015136,-0.99031280647141,0.4578228659740354
2,0.4623585140667723,-0.6911855734415603,-1.265490858885921,1.9619175271605622,1.7018819633105071,4.063577734241997,-0.03656818569497615
2,-2.0853720661414386,-3.2420298192826134,0.4384599373916811,-1.3153452899589533,1.99772071361291,-1.6096926780848615,-0.716021044502398
2,-0.4769914171783194,-2.8756101576515967,-0.15256731731786255,-1.1641109134296126,-0.40495416242008325,0.20094041610392172,-0.3122347304647011
2,-0.5647899830544528,0.6623488550753878,-2.292043455652322,3.5239566330017533,1.9204402069676991,3.442087395673918,-0.3436848559891537
2,-2.721488208061364,-9.567985242988605,-3.2387665793180083,2.6881337640572935,2.6315099541381732,5.55985420327524,-1.7459949348102228
2,-3.2468744922556247,-4.344770390225809,-0.755875091117749,-0.8930236623846977,2.4029897535445657,-0.4898553177197989,-1.5272136548449318
2,-1.0840114486540087,1.7176048792545315,-0.6501734917397577,2.0346040134502164,1.7326522500572779,0.8636796550787144,-0.00878310110034801
2,2.6286239083865226,6.183838652462398,2.923604292663852,-2.0302270865436802,-1.1609273102397597,-4.575315891336913,1.0884462315977501
2,0.1551617344962915,5.439406345488397,-0.12726195636985382,2.267655335415837,-1.330414544324319,-0.11272204150169429,0.4299133548062327
2,-1.0427867507529383,-4.570980156298409,-4.204603701712683,4.107350287874939,2.4523860668660666,5.527677359938101,-1.6780124132664211
2,2.3126762754784305,9.747192722034011,3.014644099216053,-1.668751699184205,-2.633429030826935,-6.851392513130395,0.6320069407428068
2,0.05613701821879562,-0.640895445567496,0.2955839529144168,-1.1848296926147084,0.46329248288856223,-1.8581412517068807,0.1715955382074048
2,2.8067408765596995,4.121689025466782,2.762032973904646,-3.6212318052659866,-2.0164715537978974,-5.75107209353988,1.012298870523655
2,1.9203806439368623,6.917098672768956,-0.5181136561324529,2.66419268458792,-0.7692868108423299,0.9710399428299078,0.7737198724236296
2,1.8942557568864848,3.3021288419882695,-0.8274294712723969,2.489849295787868,-1.629583447567815,0.9965663705630781,1.2234014676277212
2,2.397801544445957,9.41786856614245,3.0599436505553737,-2.85496158181824,-2.876466937373945,-6.504460459940076,1.58024748471295
2,-1.003243462900177,-8.125728330228329,-0.34728016303880593,-1.6603692992343668,1.2951222024599272,2.111699305604708,-0.889278435215473
2,-0.6778276126977911,1.7179980742718717,0.3852521231585702,1.0283035491742814,-1.8845593873527033,0.018599771082064558,0.8579271302217479
2,1.3302867659276896,5.091876153648883,4.179890279363145,-5.197014381605397,-0.45162280529522275,-7.423917170215799,1.4227619099627946
2,-0.19933214248718228,-2.835929007326479,-2.5377356671817592,2.3877069698050666,2.1355680458401274,4.407901930478241,-0.9818798282712649
2,3.0001173269123194,9.851912294805837,1.5735367098856357,0.5041178878227117,-0.5178957221717165,-3.49830673773044,1.344960390965475
2,0.03928579740681367,-3.4371355323031345,0.7175964171817312,-0.892278131379178,0.698676153780729,0.4955988414946808,-0.2668796796816971
2,-0.002488521312770873,4.168726139711967,-0.41849609682829053,0.5128755108667362,-1.3055078626229357,-1.1282121056245777,0.23481231233573163
2,0.6348773209021566,2.033986351425184,-0.24858446368953468,-1.1113206658131223,-0.12726366891658641,-1.9381332513143976,0.23837297570650975
2,-1.9213853013099957,-6.381679284589957,-1.6035149599931775,-0.09666090369177108,2.7584687228303735,1.1103310196975549,-1.630894900450844
2,5.186493388650306,13.902781120481094,3.4706063174178197,-2.577099013630451,-3.1562847517110084,-6.613879747582625,2.3143450812160533
2,-3.5608048351696504,-5.202409828437252,-1.7289140061768815,2.6022998002616693,1.2219141084816305,3.4162314801047162,-0.5844233268976577
2,2.7873070321196254,9.642227674566207,1.2312651103483025,0.2620926538812405,-3.96641494803979,-3.561771735752696,1.4611938840194836
2,2.4962470773785546,5.072246320639028,1.89428099440687,-1.6676169407522312,-0.7298806957771564,-3.902263075522123,0.8159816481381688
2,0.4920673494014698,-3.0680367408442244,-0.8452877404060972,-0.13241052964908107,0.00046881429956892144,2.442381464905586,-0.24616079455291864
2,0.21260600789189313,0.20686849758054482,2.2039313858869813,-3.158259833195844,-0.11251791448581795,-2.9760107841479084,0.7089326698993634
2,-0.5295504218543649,-6.132240385741289,0.3379792985375448,-1.7898132826822757,0.7270741911882466,0.7555579535249359,0.05270980466738445
2,0.7741362424128256,1.5960112344000448,1.7119938253977711,-0.7035248001540646,0.6701107635792625,-1.4623428660650484,0.9702714250207978
2,0.7565209627719648,3.39330027356551,0.2708786511925351,0.9136092777790694,-0.513099570981809,0.39988733644311636,0.6160961107527145
2,4.355155725081636,9.134377115951246,4.487004402462303,-3.631856090877364,-2.6866060606731668,-5.996907880351874,2.655271600406953
2,0.6727820805097702,0.6872734096115801,0.0025025324890383116,0.9697100369650153,0.31960996799451824,2.096891540524348,-0.07599810656602335
2,1.887579183455126,11.65539999004285,3.650031767656221,-3.899212772591444,-1.1391749215559772,-9.785951923347396,1.4224798924747262
2,0.1562054743429555,-1.8359476061892641,-0.154488512253619,-0.6063950090380428,0.9202532819542841,0.7320440728259467,-0.26949911274146454
2,0.7346996970227374,3.259041076535147,-0.3027462490175068,2.773830344948108,-2.085822431836362,1.6525310057786862,1.1863063320341427
2,-0.11520202942275311,-3.5766049583850346,0.0026218644279118603,-0.9882567800018005,-1.9446412703244031,1.5497254104191933,0.2482708725465151
2,0.29661305021348017,2.397843117853756,0.8454157496797134,-1.0133764547232398,-1.6363054351477857,-2.9022760991667953,-0.09856060256887847
2,1.9348472445030793,-0.9656708385466256,3.533639546237505,-6.414081601606318,0.08021949470204137,-6.44101996150235,0.45081157431464336
2,0.590060950351873,-3.159915863747024,0.6430248783573701,-1.6737700778034141,0.5009342898682114,-0.5534607549599531,-0.6509672163901041
2,2.622296075854465,8.812351406721682,1.572315540041603,-0.8490053695926433,-1.0462214400444947,-3.9340681510462168,1.2211401174169965
2,0.5487319177302128,-1.6076647678360454,-0.4360805646188911,1.3184994163484696,-0.7981662354424326,1.4855808938412283,-0.1242804496253583
2,1.119510827942935,2.7230366200525338,0.6635187063964547,-0.787532660146037,-0.4721945418861125,-2.5329535925966686,0.3099306652292804
2,-2.1485732609761214,-7.44237652960702,-2.3582219587251814,2.1146771609583426,0.6281979971990281,5.0800164791827935,-1.3538183527211682
2,2.5040345484953344,3.463020836667436,2.6138353370696175,-3.943648508148368,-1.5046282858732394,-4.527329040557898,-0.01316821073405805
2,2.22138525284167,3.4369296773654003,1.4535869357521938,-1.919563851150155,-1.6380062723565902,-1.4780455652739424,1.1660456344236054
2,2.2482796230619786,7.618905868916864,3.4834947264002616,-1.7574261833163147,-3.029453966493327,-5.653552196661886,1.7551107027825248
2,-0.7977275777310362,-7.325023833959153,-0.25521313226416786,-2.7641073422469358,0.9625830398359135,0.29624282290722115,-1.0571601828871202
2,-0.7708069069763527,3.410840910755133,0.41243405396644245,1.6993530921743856,-3.2202971426987017,-0.9108235686254568,0.5454766447183909
2,-0.2320898006371146,-3.288898124544571,-1.9238248003532568,-0.3069297633588555,1.1106071079802746,0.5584310664799971,-0.7631266601721453
2,-4.897400800066829,-8.301713661963978,-4.052303049236126,3.8398013722389734,1.9380098589870687,6.558359528219563,-2.2759231906944675
2,-2.3296566872644933,-8.808611013806981,-2.0739911651306397,0.654327918662132,0.268677753012812,2.0705417080187463,-1.6455859579751178
2,2.2676019395425304,3.296249699336359,-0.8100211990042488,1.402426578548836,0.15417761000670976,2.997629191668131,-0.04202162444039664
2,3.639561710895329,12.192368004606204,1.5951650630406355,0.9252727998164124,-2.08847306480898,-2.8235296565795656,1.6986552827846388
2,3.9646861017795594,9.974794501726489,2.656549790403848,-0.9541958446104777,-3.254869129066673,-3.35059236717481,2.114990287951923
2,-2.4610358533509484,-0.4282596495195678,-0.1661382701868152,-0.6242350148195929,0.510025905107795,-2.2972570268661965,-0.45000195388804215
2,-0.9902463108469909,-7.901209626306128,-2.341684596007391,1.0690426536693833,0.7519183326539532,5.0324535402789685,-1.2868336623178844
2,-2.7270473091044014,-8.0311933957655,-1.6954484280107422,1.6572725018753824,-0.4159263146386879,4.091059099086623,-1.7659390635289614
2,-3.65598125063877,-7.787850998752963,0.6413277747299659,-1.458267106768712,0.6481768261528106,-0.48484174907643307,-1.6187426520899122
2,-0.7678098808618851,-6.220627796460637,0.40947716049860605,-2.88656995414279,-0.8740725423377074,-0.42773478922059144,-0.9193626468031546
2,-1.3383920525251423,-6.752973216636601,-0.07223202612599638,-2.427002805327414,0.7820564118901645,-0.44815057149421467,-0.7163578942079967
2,0.8312228799818863,10.24592580636575,3.798223438865616,-1.726176813557121,-4.19980904403396,-7.004500830054062,2.436811863391819
2,-2.130338589508823,-2.930623387490292,-1.7578312467494888,1.5663265958111536,1.1010539031122983,3.5790992398446093,-1.069657784361705
2,0.31108558066755904,-0.5909546804925296,-0.6001711436988812,0.020051756467159947,0.2669543158118765,1.0002562567055902,0.203023063564494
2,-1.8385612049105546,-5.1743187990572075,-0.8903331572946548,0.6285040141076131,2.7181462022725817,2.9757123873586533,-1.101496065931192
2,0.2352705913130507,2.6444134180188805,0.7515940479650711,-0.05726932618001056,-1.0458653558614592,-0.1770857585963535,1.1768585338004194
2,-0.4303254231068537,1.6282787671062462,-1.9432834145109346,4.915276827078125,1.7093526242902775,4.275377347724388,-0.11074089538977427
2,-1.2822946596610547,-5.670060787509925,0.6118998215967595,-2.4182051127380526,-0.7333477201088506,0.46772205687275625,-0.22339354071558631
2,-1.9759373710913564,-9.079148293507464,-1.6472177112097268,0.7204507207339629,1.4226694657921233,4.898370161643836,-1.5006518792796728
2,-0.6753014627286522,1.2271091885266703,0.3577128745638168,1.367496820028738,-0.12926177496483882,-0.02954313872023675,0.33733938016152076
2,-1.47518904414149,-4.4005810036098945,-0.4110540595013139,-1.0771944934300746,2.8709586670704845,0.4491162238553115,-1.1389136802511572
2,0.7451635795706425,-4.591376047208795,-1.5242963322213994,0.27748831729718515,-0.2170015043264306,4.793992394443911,-0.4460200275239487
2,1.2332237880443864,4.830611556211649,0.9018018947987329,-1.1833028228708335,-1.227423705925675,-3.5641005574554585,0.6862272257927503
2,0.7556428807222333,-0.12404323685680732,0.39066633098091863,-1.24281472175914,-0.5627353627800479,-0.2833280384777639,-0.24186846671255344
2,1.508724303139605,3.6500968030489402,-1.5204500938312515,1.8014075372444402,1.2865837864324832,1.0646161277534754,0.06235544076150884
2,1.1209091067010402,-0.40412304608813776,1.56949416771341,-1.6545400088877478,2.4934323698633043,-1.1178233185630118,0.018590512609575394
2,1.1029642738499474,2.07114925298332,2.0663140895463825,-2.590974436565271,0.041295043793073506,-3.4706716510906,0.11578575836925376
2,-1.7069391244514844,-6.438544385488796,-2.9158286535335556,3.2696992804266523,3.6530753443518913,5.89205868217537,-1.4996282766749407
2,-0.41730273201938256,-1.4621804623325352,-1.3949243255998451,2.9161719738858576,-0.10914340168220153,3.8430194149461423,0.09453783925922203
2,0.24504255806442937,-1.8116745765263118,0.8530527523619004,-1.4001435113388416,1.0001317487589074,-1.6424391482777259,0.2631755949794819
2,2.3327763717480487,3.45052322851114,2.307937304104261,-2.0429248796853,-1.6212318480094525,-2.0158500959527106,1.827152093179441
2,2.6059524644433467,9.385749579200304,2.733226801921445,-0.9367364757978703,-2.125283359788572,-5.258079472728543,2.378919066608818
2,-1.396130259788059,-1.3164682151563725,-2.160796879349597,3.3898448423812892,1.4682001846425452,1.9876530597657163,-1.1375866354891357
2,2.511442906666877,6.080985379203416,1.9191121041666859,-2.450675400092884,0.4480049337034386,-2.674283044755785,1.77810565207983
2,-1.1370174671125741,-5.968304369164412,-0.87950471055086,1.021346649686743,-0.3243779940201478,3.108537265724857,-0.6411708686555923
2,-2.826207827880609,-4.234332441517945,0.01758793075702056,-1.4351351515959834,2.0697932122931713,-0.6083208349345942,-1.3781857062160112
2,-0.795775075863303,1.9794545800667973,-1.7571336299033067,2.0904247446743622,0.7288592047142567,1.3710771120059864,0.05951204863189907
2,2.410383667087526,5.231312404243385,1.20487013036879,0.6038971189731775,-2.644935492265548,-0.29231676695722936,1.347688039138201
2,-2.2644719423070003,-2.8766068444670054,-1.757875005944933,1.653271510820263,2.151361499019581,1.216992699815816,-1.0411882459371302
2,-2.782814024222824,-8.031671251610437,-1.6455367916460575,-1.1969217085340973,4.206545493064869,1.4429481079093482,-1.5992494320274329
2,-4.215416612127297,-8.107064741978695,-2.636970109105112,2.2201203177923903,0.6046736199770867,3.5054006628903926,-1.476078940837757
2,0.6969610374426369,1.9427510378862258,1.8672982531556852,-2.416748933146366,-1.4164733830256848,-3.428287032033849,1.2302497488740156
2,0.11044799130486349,2.3253276522800737,0.5511327832925319,-0.11937304977075347,-2.149370668057792,-1.4992928760770943,-0.09823830080853607
2,1.6995079355294802,0.5203591147739451,0.6309143538595811,-0.42395693938181617,0.5724892876530058,0.19540659819843711,0.28173636969060734
2,-1.738909579812278,-3.0270951159306776,0.9819554373488052,-1.8587519519541262,-0.08752875644056847,-1.2655685504803231,-0.2767846581962381
2,0.37244856815123323,4.949411083870415,-1.1588183297643402,1.7114582741876954,-0.8260088486743187,0.2082559669623083,0.6754387866987654
