,0,1,2,3,4,5
1,-0.14734471962160264,0.3506368503307485,2.5992361428947253,5.069604908454593,-0.20402623359725672,-0.7449188084479773
1,4.204306850760442,-0.434261694638918,-6.1320019508849954,-12.800087693535557,5.914654543672932,1.6652692459759075
1,-1.7938323791391921,0.33709359497332486,-0.5214017094136892,-4.764531953228275,-0.4323212425473257,-1.955919417398966
1,-2.550641979896365,0.055442533693477215,4.390561645363986,10.24689206145146,-4.259730654127855,-1.2971449475171588
1,7.369456123898738,-0.6901938676484601,-11.887810294075653,-29.396845977394587,11.545071227445655,3.0448216727261075
1,-3.6385334291264053,0.4605749898242739,10.952351531225121,25.77766628949012,-7.400727902995465,-1.8500145271351172
1,3.0977878219101718,-1.1055068668192227,-3.7614718709246175,-3.493687912943599,2.8714168920061867,1.607392565338979
1,-2.2398848039193244,0.349505212680666,2.914434414736232,7.4117522392816975,-3.368940924953737,-0.18032135298678018
1,-4.4683468946610345,1.0040666563320617,1.850651458855546,2.1555901020411015,-5.3040121095243835,-1.4226093440851832
1,7.417464017984299,-0.691004797005033,-10.396128838615581,-23.615873500842966,10.878038321977044,2.2721427699772625
1,-1.9847190716826313,0.19322920038458066,-0.5658759743576116,-0.7923336537753015,-1.1182536844448308,0.17360280816855436
1,-9.297162027571389,0.9876032088144833,20.86589552165832,51.529421760486635,-16.785270863197066,-3.485235150231749
1,-0.04196969209338336,-0.13889297110203325,2.585713170700023,9.214341375742743,-2.635906532112406,0.35042564498308815
1,-5.629429414977322,1.508595271360345,3.4944716498664983,7.1765669812347,-6.506158366535245,-1.4534782195097191
1,2.9782339571804255,0.10969363892728268,-7.597045999976825,-21.649161919717777,6.056160637602221,1.2035844282025483
1,3.0090771806202827,-0.24161552934064925,-5.442165355784215,-11.021832509798598,4.436230330719553,2.1028581294329665
1,-2.246575439569228,0.262178157826558,2.1609271440160205,4.165283916591938,-3.0675801914623984,-0.3969320573465279
1,2.3795014401766155,-0.6835917873965707,-2.029153896916472,-3.127562813633976,2.000825747395831,1.0986855295486415
1,-2.458382576357652,-0.19838107180462444,6.369540103472215,16.455009065604234,-5.575496580396697,-0.2776936921277625
1,12.004794805909384,-1.5965401373803436,-20.912368013128823,-51.91997798699569,19.58479626520224,5.2224872503176085
1,14.56760608314562,-2.4397843755796313,-24.465425307019665,-59.79131431257436,23.858073082651952,5.314614013903752
1,-8.658642677744936,1.3622693177345973,13.817070211108147,33.732289084500536,-13.292332135076839,-2.759808053280123
1,-0.28647249604527203,0.1853920316693915,-0.7539247164507988,-3.6306698341474997,0.5758717703960037,-0.5079507273828164
1,-8.075157081345196,1.0929030768355905,13.411624302587303,34.27192794226055,-13.828969533780217,-1.65186966377857
1,0.012752219918054614,0.06767875658412874,-3.5142922661191824,-9.467844537603153,1.280347838169396,0.72434314010764
1,-8.833182938159164,1.4461035656379593,12.67178344945357,29.30683460040941,-12.408633161837662,-3.718025757654222
1,-4.208522541786241,0.13013320609981843,10.683548472563475,27.80941181498092,-8.265257715168113,-1.9294258479676938
1,4.353233012670253,0.2246410650294051,-12.830874634060896,-37.338761900184004,10.632773971018722,1.0494047631884706
1,-8.524679634477282,0.7251381138076606,19.88114631582902,52.959592914178494,-16.375016995483392,-3.1587817888362792
1,-1.0952091766971825,-0.17256912362947863,0.4184593017171532,1.849551337424738,-1.7380896997132727,0.13817731491481175
1,-0.8281383565214105,0.6843846594415328,-2.861781609598566,-10.177176619384348,0.23374686030981476,0.4313943294152463
1,7.097763621759426,-0.8730148672129421,-6.5080282708175385,-13.6752798732837,8.891430087787267,2.6977352175210045
1,0.6538913552478529,-0.4148304113534306,0.8781714576023875,1.2289356269972904,0.5788313397858301,-0.18321021104375498
1,3.5951900405051695,-0.41077200599436686,-5.856791551604699,-17.667116282172177,6.966909776100199,1.121792533163129
1,6.166854698421697,-0.9207559422946112,-8.016838376573078,-21.1587731533479,9.80909772171656,1.4805913182405055
1,6.970304517695557,-1.0676332306323268,-11.266941751264442,-27.851602658410464,10.424345885590864,2.0808824390559586
1,0.08312013928251619,0.5170259772760764,-0.04348748951618705,-3.6676170605811245,1.602404403551054,-1.0051722565026902
1,-15.235469770673362,2.753413851200319,18.95666341530163,43.415103660767585,-21.027542468131482,-5.535310833599642
1,2.3891795416603925,-0.9025695325700648,-4.369343936160972,-9.19519311281345,3.2325606777552247,1.2781023790542678
1,-8.068297508832314,0.7281227738174908,11.303289536788109,30.729676965171514,-13.019079798351155,-2.148964239750359
1,0.9654609658946046,-0.40089349909398436,2.3510213952042758,6.888367909191853,0.03929194615580698,0.4993016950409869
1,-1.1919916774283614,0.528721896809805,-0.15701239613137633,-3.9738407182877777,-0.25462455108795784,-0.01083682694463016
1,-0.9874022697421283,0.3380110984261543,2.2319305778139484,5.884288994665423,-2.196136929226757,-0.5351546453417543
1,-4.9597159127567805,0.3583181684616752,8.799233631974875,25.29911697562728,-9.206745546657082,-1.54041701675703
1,-15.243484780008577,3.3371667443834307,20.396103329720457,49.79972167851851,-22.82998029761439,-4.792131800602879
1,-4.381990571726601,0.911945655213972,7.713033274413949,18.336097549749635,-7.238912795607609,-1.2083274348561246
1,-7.669697483590288,0.8085014431090719,13.306070999522428,34.5083832295263,-12.8674314975096,-1.9180717437587071
1,7.672977083603743,-1.6388300818752553,-7.39730431139036,-15.195506072519501,9.984428483472515,2.402141765769573
1,2.9870197252833295,0.19659041126286272,-8.56176690461647,-20.68665893610339,5.998187276558653,0.9680035961152269
1,-11.46313174926304,2.2634940630805604,11.61804179018049,27.084538969663704,-15.426077617118029,-2.6968720263594457
1,9.823140296000098,-1.1245337391412333,-17.0693611282807,-42.5288860363064,16.389322772561396,3.338735443491189
1,2.6746164309290696,-0.050511558491950215,-5.958922640308825,-16.00372820874352,4.995928719991523,1.2431393936921935
1,-9.825821005225354,1.7969288662929834,13.92863482171861,39.70971931216963,-15.738666321236158,-3.034293787187883
1,0.507259038616015,-0.1990723947284675,-0.006099175785445181,0.8615282785331545,-0.12552919305358723,0.5146303858719523
1,4.932788382732025,-0.6009061976788269,-7.381884243274746,-17.297934621309356,6.821510565553557,2.666563100445196
1,0.1017972416585688,-0.00302079567440644,-2.221814141715969,-4.592263484932491,1.4748642473509654,0.3054350090816344
1,5.603608937548047,-0.9835073484389995,-12.903285159502714,-29.772317493374462,9.602138774590024,2.537005676976277
1,0.4731292304648897,-0.34946673520085914,2.5138191173847693,5.124377498328773,-0.31695342232742435,0.13798981353138096
1,6.489351570376959,-0.9437721523694008,-11.510574214068116,-28.927429085159897,10.153237176960108,2.6499728920254473
1,1.4989741033177577,-0.0194067850731082,-0.6981532096962237,-2.675739359075267,2.0742425332006573,0.41755945291235314
1,8.408835876302541,-1.81611702702493,-9.348153095603042,-21.98133964070163,11.843816544277646,1.5133976191774925
1,-12.73922701597543,2.671680671224792,15.348917760067623,35.086959810237424,-18.410393416203007,-4.5285125626409215
1,4.192694659490456,-0.8291578201565745,-6.562301586352094,-11.76627456568022,4.973131878328338,2.5087298369935613
1,-9.024747316355352,1.0539999802204718,13.971583276744559,33.724888882799355,-13.51701417609579,-4.377694962876885
1,1.349748753632154,0.20450002207350512,-7.01703563418224,-17.973823966577495,3.985895127866904,0.43478089746668447
1,-1.5719398830829898,0.3142183819055772,-0.33826734385437146,-1.0134708369144596,-1.4750395866906285,0.08752253237695583
1,-3.233547121222546,1.0749167987734487,6.292750900812736,12.476089970616751,-4.621253938359551,-2.235705596342045
1,0.97620828969069,0.4302892358620515,-2.455900236243142,-5.114472587564431,1.9171318636883083,0.9070067723280034
1,4.318160704237815,-0.6486282380945706,-7.248968385118929,-18.68286749749874,7.0679456712648125,1.671214393737216
1,-2.499889778272686,0.8690588690547831,2.731571426450714,5.5770249634003575,-4.040937543580051,-0.7293613182407457
1,-2.3424962513487757,-0.21128046583849203,1.7401624515868783,3.8025787335317536,-3.480799612478215,-0.6322019806581594
1,-8.256990179663065,2.2299599454881553,8.83883740921892,17.796767976655044,-10.700827926041452,-2.6223514460951365
1,0.8159962668874556,-0.5221481989346456,-4.208425082487866,-8.85635266018058,2.1129596801338058,0.8091080936812853
1,1.7872307053704712,-0.8241590099638715,4.336172499245586,11.602834762386484,0.10332407008093485,0.9590489794879122
1,-2.055597437870364,0.8901337577536823,2.6926610740016836,3.7444438068758483,-2.2141544779030546,0.13299952099043635
1,10.79996270218784,-1.2378012803109666,-17.639146087093934,-44.50087091713516,16.897249956280845,3.3824536636248004
1,-4.3013136123857265,-0.004435281368225706,6.718294556908333,18.769983089543867,-6.665808426796367,-1.8846176097439882
1,3.38549318664761,-0.07169257903039766,-6.627318042941297,-18.728729963525524,6.201145172784698,1.070113735673466
1,-3.2123160288420003,0.924337383896021,-2.1212775992583075,-6.634688629909051,-2.6481074992846816,0.32037327673807764
1,-0.14767855264093196,0.02811123093341094,1.0845768166249357,1.5800556021137442,-0.37348525217569284,0.4159639080797512
1,-0.5102047597141341,0.2554858585821509,3.5865255613376736,9.41156312495768,-1.2450946467643518,-0.6757153249704366
1,0.3469803989456337,0.25648031383579184,2.4153088923490915,5.599407480518677,-0.4337768364496126,-0.4658471941820378
1,9.961873812910836,-1.804653279862577,-14.758126330295976,-32.866072729452064,14.535274679953156,4.378687764891235
1,-7.048594230481898,1.3731697020576146,13.15013843865155,30.15511766051536,-10.897742543079987,-3.120814563539636
1,-11.019824246115219,2.0842712670248775,15.429761714183293,36.354183586948565,-16.367911000058086,-3.975914122512965
1,3.1235383237905174,-0.33190527952762616,-5.01807817155356,-10.918038937113096,4.633383628991619,2.3834649588321355
1,11.061546114760809,-1.7085538878674396,-15.632332192852774,-39.91851521329705,17.44719285436115,3.3051747403382064
1,-4.45771192875051,0.9771334217654218,3.311482215155099,7.297713809893498,-5.448732736683067,-1.1830182723513414
1,2.5348585590373602,-0.6090103244309513,-3.275953784406752,-6.590090967330985,3.771278913518771,1.0561286942755415
1,0.6286712053372189,-0.1149220486133702,-1.5499711318556482,-2.701303769925195,0.08748962267089075,0.38687153921120854
1,-2.277011472819568,0.4321056680168058,0.15080250901328401,-0.9326389317701224,-1.8030643504406945,-1.4681620024832769
1,-7.5654425377771615,1.7366075163313912,12.515666275265184,28.202082473047206,-12.041794461381226,-2.2580742593984557
1,-18.83106074667998,3.8067492652487367,28.848185072575188,68.10325037245717,-28.58037166464406,-7.5592559237477595
1,0.09139656433450753,0.3330501849451301,-2.749250091904173,-9.533656169362173,0.8863637267747031,0.5778023607961796
1,0.7867634609176484,-0.24684906678746965,4.237562387419647,10.984045098483257,-1.0826537240047216,-0.6232749221561283
1,6.5174787536527985,0.08911670833178979,-9.781647155972477,-25.604456307676127,11.082723197139304,1.7005629620413116
1,-5.797530477863175,1.4236295899557223,10.204703348235707,23.59064334640942,-9.327184688599326,-1.743964212728082
1,-8.652675623500654,0.6755314765320493,17.146532693982294,45.97868627223064,-15.253338840697364,-2.6493396863177456
1,-2.6478379721595298,0.21638506495378176,3.5403707924951378,8.692081244011886,-3.7576212585565845,0.1994713910066879
1,-3.1124079581530264,0.19916124100270452,8.164960417862364,21.072257849597108,-6.290675093648206,-1.8334622910482405
1,6.667102947232499,-1.4606496262327457,-5.33080820433749,-7.9181103473858325,7.5320744827107085,2.6560583881719366
1,-0.36248836299648013,0.1652480974264201,0.09196222518284011,1.563711176754529,-1.117408401084013,0.11383587515744285
1,4.649683267549165,-0.40624000953692063,-7.189918661173972,-17.385378429000784,6.825594194116262,1.646461211059032
1,-1.9976731148788254,0.2094033169557,6.09059069837149,18.031718094820526,-4.903290392724711,-0.6352751014426274
1,-2.091180024976304,-0.1871551189468594,11.690242339203307,33.396840844970676,-7.381412171057116,-0.6301180352275393
1,7.250039817200928,-1.455319853652662,-13.473754594684797,-33.48317994454226,11.548575830693581,2.523546209147585
1,-11.21442511975279,2.2864387090083613,14.345911074059524,31.80548164457968,-17.320598740585996,-2.706888454278836
1,-7.674527769751198,1.635833995246371,11.699749691657885,25.34413825977296,-11.844532512304237,-2.85421791011512
1,-2.825057997959664,0.07414464487826022,5.173375956557995,14.727180026792533,-4.655532435311705,-0.46836006773623184
1,-13.503329549092406,3.0603747814077544,17.59350884692101,37.5571590737726,-18.525217428569615,-5.770845514186131
1,-4.368697339911495,0.763706282649518,4.123794256078339,7.075412435856816,-5.492411051437294,-1.931105147543665
1,0.07695412933786655,-0.03738809114422294,2.2509091636239638,5.790544455925637,-0.5386227863022864,-0.6418687042984172
1,-9.39278368700114,1.656693379884469,13.738902550236526,33.71319263492399,-13.597909917968462,-3.735375141001591
1,3.970316277066265,0.08523479643101482,-11.983834822073177,-31.69249713814377,8.790745011033772,2.177028983442137
1,3.4068980157594853,-0.3224723112303195,-5.794879212967894,-13.617733587687567,5.244752364769438,1.7792985994782924
1,14.985900829883603,-2.8883111171963045,-18.330164583643903,-42.21400867440636,21.198191557399,5.039037261804543
1,-6.268900597035383,1.2169053464757842,14.12661346716888,33.25779538717754,-9.642965015211317,-2.749724241796046
1,10.57037724249829,-2.0803145593273613,-16.75900657124199,-40.86222504177614,16.39744150713539,3.777961553080154
1,-4.994726553724283,1.184593517310659,7.503214849252937,17.522033384825335,-7.604840225930337,-2.047990248057441
1,-0.6377179797105299,0.46347341483867044,0.6439560566788325,0.6632779858880049,-0.9630637938175669,-0.38689768844777844
1,2.7482450729559083,-0.5857728485354551,-3.7705648941447865,-11.418778787612707,5.28538137720523,0.8715623566462675
1,1.516523396811267,-0.3991964775439482,1.6273148050071047,7.773447929481564,-0.5673577313643459,1.5430782562004404
1,1.9539843272683208,-0.2539225603045567,-6.629232040672759,-18.58879070042307,4.15153309854038,1.3829620964756755
1,2.854289922481052,-0.4353382359377641,-6.267108119753452,-14.22659753204361,5.393194289669295,0.3741478296320372
1,2.5197628546690405,-0.7364932501016495,0.1608389006856028,2.3076128663492423,2.5479961181155404,0.506234917229395
1,-0.5855902033187802,-0.04743584368462557,1.5939825881119651,2.6291768519834053,-1.030576954926236,-0.39805613845984056
1,-6.833738373538347,1.465807810763694,4.238637087919097,9.08484113333387,-9.156918552526864,-1.2516436127478077
1,1.022226895751467,0.4735584846144982,-9.453496704828513,-25.745866221098154,4.380720186578959,0.9529237501584601
1,-8.94106000493718,1.9276652730900254,14.027786882705643,32.7822647311407,-13.967228652615395,-3.118022236490734
1,-5.891383808571787,1.6724086737407522,7.245100925921594,11.501339410734913,-6.56303811649431,-2.3444492110031097
1,-0.14562998787496106,-0.02811624093465171,-3.3315231837828856,-9.010987747657566,0.14723466753549186,0.5923581954330676
1,3.6868988626702746,-1.206145342501516,-6.259709502252921,-11.431771263609924,5.494199559543275,2.0225720768265303
1,6.233739137816165,-1.2886516490657576,-8.98351425645113,-19.567185764491267,9.315295710787321,1.463651125923392
1,4.6520712337156995,-0.9344918749090612,-6.61121240682289,-14.300145216363463,6.111947917344245,2.2623957831571273
1,11.331548969486615,-2.113050022839921,-19.932464195978604,-49.44984536906353,18.73578993848166,3.8728844869710883
1,3.7818944235654977,-1.225697033705474,-3.914028910074965,-8.670913525143941,5.214491216563706,1.4527964577519301
1,-1.6327135945052345,0.5116503083024514,-1.720489214080563,-3.2367373500603587,-1.7513984530119158,0.9498224796982998
1,-4.235771072676505,0.893514953089425,6.864488626307904,14.939398687882797,-6.290421821622894,-1.4228198670749301
1,-1.5787309079514926,1.0518115709568978,0.4866329309805412,-2.8220413560047795,-0.46950955202418254,-0.19350518618065746
1,5.593060749285627,-0.34274687808463977,-13.09780108215148,-35.62897680120884,10.136920900734781,2.850798906977002
1,0.5960430583703827,-0.3668931942437262,-1.2949839968829555,1.1872512565695756,-0.1350417240532015,0.22452393373551532
1,7.863323379803419,-1.3450037166321351,-13.409916231044173,-32.20522971411875,12.675619052424805,3.3247231805092428
1,-4.175971489187305,0.5603417629619256,10.172916937504965,24.648976648550924,-7.473362204376264,-2.8113841715537
1,0.4274481947411538,-0.34304738902074383,-0.3463586778132775,0.9570202612395071,0.5524179775633244,-0.2127406526844732
1,5.961998879329417,-0.755331365331974,-13.678144999868268,-31.730181111962658,10.851867678721472,2.9316410512169746
1,-3.999006476329568,0.3522115943699224,8.201745281203316,21.5389503478179,-7.624364215119354,-1.4593488678300612
1,4.951456221324482,-0.3571925596231845,-9.493432427988049,-25.4571415935366,9.117896530310174,1.438547300931685
1,-4.126430542355476,0.9169722879194455,5.320529046818471,9.240491564921365,-5.25672251376826,-1.7561248151514064
1,0.4022233385921398,-0.9037249520102734,1.201318310065062,6.579335277380399,-0.9246567825123021,-0.024207097666697285
1,1.6634198215066192,0.41906204099582245,-3.0600247699029577,-9.203233202405643,2.9060022782016715,1.1927875441075397
1,-1.2781684558365276,0.14697024679203274,2.1832955017613553,4.704598140721186,-2.1269664931840273,-1.2117262327545268
1,4.873205865850395,-0.5130636957553762,-18.463859937694917,-49.903747526713715,11.698560563656686,2.974099314272162
1,8.64158941301247,-1.1951061233384734,-11.503505569492013,-27.58315840946114,12.785135367442887,3.105853113737092
1,-12.223766932253659,2.245647456749578,20.85588635091572,47.75036762325475,-19.7305881038807,-4.471632023650962
1,-4.470310381469217,1.0619609102129781,4.9820686718801275,11.116981446097293,-6.359688149944256,-2.1959787633796317
1,1.7052412690746308,-0.08438683504123991,-3.2110193669438267,-8.508095171689801,3.3522987997364666,0.8222276586343236
1,12.250819874986982,-2.2223189120567706,-16.993093809567718,-39.64977181995425,18.07097201107547,4.6508428859637805
1,0.9440317484324906,0.08081659544578523,1.3361224636109996,2.0996497459820778,0.5377142522700673,-0.3303620037548854
1,-2.371615802042308,0.25835025908131404,4.88244453592735,15.608537111470289,-5.322687197624364,-0.6089298385192183
1,5.652572882297229,-0.25020585697226533,-9.777549145139488,-24.38962553384554,8.567687869171255,2.397093539067059
1,-0.1785883893039082,-0.6834482487166701,3.903173211216064,9.482821552787692,-0.8933509416928271,-0.6033251664894799
1,-7.7170330567475816,1.520345292972334,14.626133518246778,32.57551464393749,-12.115364876733299,-2.701488911349419
1,-4.125411034812218,0.4471866955981525,7.4845069773100965,21.018677003419786,-7.140376611407055,-1.727278960020088
1,0.8485806899900171,-0.2549952109729451,-4.853137652794838,-10.205948644874155,2.2677726031468564,0.4007373363438798
1,-0.6059447104077895,0.41093612115204753,1.9505045257225588,2.2318354514325907,0.11982376907810409,-1.269375172843484
1,9.532518457482425,-1.0816962673993973,-20.253714108782695,-54.52472958179097,17.907536097650784,3.443816618350325
1,1.1003453276357615,-0.4718346910474162,-2.155169538723532,-4.706532860066372,1.1519382670622071,1.2879354086250092
1,-2.1140135705661773,0.008050041808882656,7.307446353464213,21.6737927718405,-5.431611591262556,-1.5014364718633741
1,-0.8933961702536992,0.4884626720698405,1.2682927274585218,0.07415373260472707,-1.7606044765647382,-0.13331443004538826
1,2.622963535792915,-0.38886043409627,4.27827267149532,9.309613895835653,1.8064043795900888,0.48965539961203663
1,-13.816489402223128,2.3090585057654964,25.710364888836697,60.91465883319396,-21.537849103554514,-5.845673546484252
1,4.832268186507095,-0.2896129053536532,-12.855930903418718,-32.12294553860762,9.399116390285434,2.3146063691947156
1,-1.7341443440815285,0.6701308400826743,3.728011726169388,5.006238687300355,-2.522960841295079,-0.30208399494443694
1,-11.098865289219091,1.9357253970841173,13.472658644077137,31.12872686819645,-15.503688443419902,-3.809668722180747
1,-5.969504104727068,1.160609041251788,6.779930909387186,15.563380447358444,-8.32003631156154,-1.9675742929145361
1,11.966594245420222,-1.877338867544785,-21.45525961257934,-53.12114522468012,18.861362102251835,5.352254206650063
1,2.3323382774639367,0.04987286281906529,-3.4192972097767687,-10.027394853244713,3.200319605730468,0.9932128781018907
1,2.5787785049536724,-0.3711589813500047,-5.91308745209505,-13.607754558484338,4.411005648953473,0.7594816148751365
1,-7.100922061045141,1.5230983588098663,15.231894750372197,38.89309369113174,-12.250390293324713,-2.6141506704730553
1,0.7928176116373737,0.6089456456813749,-5.924747328814447,-19.165952884640937,3.9511478583283424,0.35279975884407816
1,2.609996245597625,-0.740274910096298,-4.909721595774617,-10.043470918903195,3.58915056415403,1.1177185935264542
1,7.343304448891066,-0.9377644419780591,-16.58103045247357,-43.076120774122884,13.243507413661217,3.5886843932323784
1,-1.6469695949210816,-0.7974759535406334,11.815411818249085,33.783332631694684,-7.15275250779097,0.15712915465061866
1,-5.270189048190867,0.56418752457671,10.458223601339618,29.45008898819501,-10.214833833039679,-2.0742680033249723
1,-10.817293972616053,2.046056081755524,15.170554543937962,34.14030186378605,-16.22214733181566,-4.413694569675264
1,10.385121295060923,-1.3652584878640757,-16.292315269383884,-39.74892500996782,15.893067103054396,3.417032637908218
1,-8.253351698667876,1.538326195506583,14.86429837277627,35.01761986938521,-13.485116441675304,-3.238545937380929
1,-13.272760022964052,2.14278236119137,23.9303087166374,56.91072335758823,-20.5643548115736,-5.054791119114051
1,2.115657077762437,0.016062606014187047,-3.759489632190123,-10.058188164890717,3.81766955162605,0.2205647180103168
1,-11.600815020530085,2.0546728150156874,19.398216858278026,48.86726143089181,-19.538774811737117,-4.917017146643897
1,11.49810641694266,-2.2620397199908955,-16.461726285305055,-38.91964406735525,16.287044956647087,4.65340906944705
1,-7.550121035750871,0.8889591338156542,14.363443486564977,38.863838034591666,-12.982417405700259,-2.3563955019956775
1,3.692666652889138,-0.6686766463537138,-5.368891827639389,-15.93724489693817,6.840713321544316,-0.0405715693044296
1,8.425829097769636,-1.307800348298716,-13.225585288055937,-34.42662692394677,13.469373140712985,3.5358268570872284
1,1.632964728378406,-1.0444554803262265,1.0296195478372545,6.49616093788642,-0.4740486073538043,1.4430226652836584
1,2.7514416445270995,-0.07737696217381584,-3.670687556904942,-11.798795661354706,5.993667013691506,-0.3708966961143981
1,7.379118509669158,-0.5903343817713504,-11.781618231643817,-29.230212815056046,11.87806171428332,1.714054800657765
1,-1.1354634681464222,0.4345300434357927,3.217980502377634,6.715575222618,-2.689735740160449,0.757775327178947
1,3.268301986637029,0.28741629815977626,-6.7595574866339385,-20.051696533322325,6.434320718002954,1.3351670326546587
1,-0.11582259820595697,1.2066148433531765,-4.429739617317865,-14.44031389245414,2.459625022004418,0.07669220176305694
1,-7.4807581913009775,0.8913955844980057,11.107489433985405,30.03647494570403,-12.883791680102169,-1.462006394244516
1,9.974318281868698,-1.9480681089159162,-11.772046543025608,-26.23653992899021,13.824340309032186,3.462162534180561
1,15.072821791081818,-1.9948906766732726,-19.203901933821594,-45.21655345387946,21.60223595298829,5.355665758104957
1,2.809499990283601,-0.9206658751683227,-2.198217330690715,-5.507562445033203,4.449173397299452,1.1756050923824444
1,-16.034436315815036,2.236097235590765,27.308888124359626,69.29985308858772,-25.93933278439326,-6.284985136060329
1,-8.513968322158817,1.3677281996760073,6.473758220125945,15.12542618015898,-11.187548861046254,-2.768757160421611
1,-11.324184487886217,1.8761808766097674,18.7481143096188,49.30205445137229,-20.094931768581457,-2.9956756021650097
1,-0.6306084876817543,-0.08098939362070814,3.226801287194452,7.819367502953387,-0.9114230155309565,-1.1343245790233918
1,5.193124573518473,0.036375090094784256,-14.088463675239586,-38.33694620464638,11.64773158867408,1.8568713219599706
1,0.07401432825991446,0.1814820178894708,0.003870214617117692,-1.377646867908837,0.596051730462763,-0.20114565981514393
1,10.401734957253085,-2.0431512675947636,-17.789639247375057,-44.567911721277135,16.261425494986305,4.072595391141902
1,-0.7463590133662215,0.32480564283495605,1.1010641147550182,2.439215987364768,-1.336926209800756,0.15921425314595355
1,-8.502636448786134,1.8570201038827236,8.674592548174404,19.928157062986312,-11.679709001145751,-2.686176718268523
1,15.447923067428501,-2.790023681015365,-21.577503892548933,-51.67959522540672,22.963804371307877,5.1760137904582235
1,-9.080694173364646,1.3882311860711913,14.68756094151046,35.73240123559464,-14.620049441756635,-3.798716676973734
1,4.573850354472514,-0.42533489109520395,-13.062800842218277,-32.67663675784096,8.370275573241194,2.2333531029352987
1,8.343255688117086,-1.3228210439097445,-12.906392087344464,-30.39686562473408,12.493101110337262,2.9836877950037053
1,-0.2591570300086044,-0.11790832311848057,2.9013452298735585,9.02802208116667,-1.7174832097274995,0.5137909002760406
1,-7.441693981789073,1.163855606773928,10.044339529720638,23.08754107536677,-10.420482563600515,-2.4691241330856935
1,-10.016503123724895,1.6235414673030397,17.094632682049355,38.98735790357477,-15.363381618445509,-3.978909839301191
1,0.13133269143700793,-0.2928753951178356,-0.42581499827961916,3.425537852787087,-0.6689381614194899,-0.07186711866086049
1,0.637430619049278,-0.11853947341831754,0.2235962030973237,1.7157733103715078,0.8557085171689124,-0.13916348628363256
1,5.972239604165967,-1.2808192584363187,-8.816569213117898,-20.4933299000389,9.427449378329143,2.147734598081618
1,0.6114519079690168,0.07424448421576077,-3.870593906196005,-13.880869636973612,3.0094502107503662,0.13376226505174277
1,3.2641954761250065,-0.40905411723778673,-7.698751868027187,-19.677764667964592,6.181223538933026,1.0833263243267133
1,1.8624332731163729,-0.2806689259977768,-3.2950700877214665,-7.42462832465954,1.9518832474822247,1.3643592515812697
1,2.439883126227379,-0.3967057195394132,-3.1137481842412043,-9.001890292890291,4.553751776000595,-0.032949685710996074
1,-0.046015155502772666,0.12146797627380403,-1.4046632220374593,-1.5684518379667618,0.2980044343713162,0.13667823118293027
1,-5.356859576718682,1.1897691473516565,6.482010492222444,15.148950873609248,-7.641478886208752,-1.6168726761768797
1,-1.553669861452224,0.6469964878063269,2.6494342665888415,5.004265393695364,-1.5078130077843401,-0.6726547526764128
1,-6.078465385873426,1.4135029400788512,3.4682673816559992,7.40963921506657,-8.115279283065654,-1.3550681155976285
1,-5.46162701840024,0.8701684529981111,7.600510981377621,19.74576840899094,-9.118106339733563,-1.466504395490196
1,-0.28483627176282034,0.45019504915626213,0.6286468702375125,1.584141838887014,-1.3044840218744245,0.3476819066609445
1,-5.234092067733428,1.2090062557388943,5.574017416471176,14.572628777166923,-6.900155950618706,-2.227604663898665
1,1.986848777312902,-0.7684526842611317,-1.010760086806187,-1.3188099722137692,1.8645964226273009,-0.03074568817923823
1,-1.5805218895173032,0.3568111623171973,4.368955626718159,11.540566670624832,-3.318956912284844,-0.392951150808312
1,18.035619298917574,-2.594175412237637,-29.30207187545395,-72.27268739297656,28.861776184109488,6.262485339234342
1,8.602795729308125,-1.1138148186843444,-10.936282405755989,-27.543573398525858,12.62069517160084,3.1360122379317046
1,-2.2225797490771226,1.666949114284773,-1.2183170197639883,-5.759415186078751,-1.0567352492456275,-1.0008155689055958
1,-0.5052144893300268,-0.4443909100910406,0.2574797525463928,0.7304626318035902,-0.1614450596878165,-0.414203358359487
1,-0.8078154712956647,0.8285493887951944,-0.028811088377193095,-3.0351741901639344,-0.36714643550959936,-0.2728926642811093
1,-3.227592491884499,0.30586681538736493,7.260304103038411,19.52987045093096,-7.199442911410085,-1.0200703248942389
1,-1.6286446938247143,0.4209032607990343,1.857577777770273,6.874770792280234,-2.886012284716328,0.08283414468588815
1,0.5704025475751989,0.2435176340526542,-1.349285691649652,-1.6165409337273453,-0.4350287682183581,1.2448843730307824
1,-3.7513423433309803,0.9273937334827701,4.73401285283187,13.34885688445107,-5.991983938356333,-0.7678423750433093
1,3.770401993441303,-0.12992513381902654,-5.542039645346521,-13.422836657130912,5.481305294064502,1.0555706935719262
1,7.598881068295358,-1.0194644355838642,-15.863791237034292,-41.16698957991021,12.223488443034066,4.491537785767879
1,1.1185698239230155,0.16171234151205524,-6.899382148525161,-17.28611268780047,3.5307841899894297,1.2539216509318287
1,0.45004997349387366,-0.30118807619682286,-1.7903906422858156,-1.8608027290909477,0.43234481397366037,0.38843402110188996
1,2.526155721148436,-0.5616776331757227,-1.4157567092596932,-4.383548844070297,3.54776728184626,1.5436937858721365
2,16.450505797905326,-2.200597488076769,-28.84238441648313,-72.30665250988027,26.64898264043325,6.62528230863768
2,-14.145183562157905,2.2727931154423273,23.914945633863372,58.62805462214798,-22.664846920273636,-4.93557636248503
2,-11.275855574333374,2.866207529220347,13.394292666777272,28.389617702083008,-15.579998166408675,-4.172269699838512
2,4.047663226469872,-0.8405305999422189,-8.766502104664298,-19.502584040515725,6.543107387540784,1.782478096746901
2,4.615130322929782,-1.1412174757127342,-4.090768831761336,-7.1174119259038,4.904705666464457,2.594657777080878
2,19.12654237176572,-3.518379075239545,-25.39372799743752,-60.870765047620054,28.11265369279148,5.6640667362768795
2,-1.367068217492149,0.09577053602129965,0.7475711658206448,4.7069290210532735,-2.4365824286268403,0.29788664088563044
2,-6.110801681453464,0.7741938991990549,9.32715044676314,25.41912522863362,-9.501461307790038,-1.7013327569844157
2,3.693178240722121,-0.3862066137133278,-9.10647140437861,-26.99563360158759,7.738601504411054,1.2085499496805028
2,-8.96037888166563,1.5192336771281327,10.500537697775021,26.966969104203486,-13.72739628997066,-2.64411929410759
2,-26.10952521758331,4.545643067466237,44.47659977600745,108.1028155534162,-42.08193872286547,-9.261750944120307
2,-15.18216882526517,2.2768171971559266,26.308357485571726,64.5888697275894,-24.57760004078296,-5.345348153851476
2,26.299042027497894,-5.189346454963411,-39.01899397271478,-91.2415873803131,39.703170199084184,8.985751821531638
2,-4.302926358331363,0.9724948483439155,7.286833311861339,14.940607471132783,-6.330007062261892,-1.53264785344441
2,-2.853481063206494,0.6347239972363782,3.002304007943478,5.430259165478437,-4.377012188265319,-1.092395733887932
2,9.366303058634669,-1.442254446373872,-16.864989558126123,-44.00720530751956,16.04423718243787,2.901228869302564
2,-7.949707550988459,1.817864952105638,16.138844756041905,37.94743043422525,-13.781784932349368,-3.3154265372509144
2,9.996147075854497,-1.8252369229867484,-10.410355857389508,-25.796068248284243,13.925334532070135,2.5555971175018573
2,11.237387941996575,-2.616524395265454,-8.242748823360353,-14.414798095445773,12.771946827893691,4.047537934914352
2,2.011480185342975,-0.4780375329128195,2.1833908120346575,4.897805122107853,0.32867175602586496,1.0239011638348536
2,-16.408131601752967,3.042454728262752,23.040954521649955,52.6487362089522,-23.77986368911383,-6.559023183665517
2,-24.980018667283495,4.706148135092289,35.28924669636958,83.99760832852395,-37.36993546951547,-8.679879206069161
2,-13.947350755433355,1.9568770833352276,26.850451756039124,68.39360896241196,-24.284231832651912,-4.674720076014119
2,-15.597444373767484,2.6471040093967084,25.291878318416426,60.796143786995174,-24.190733984641376,-5.963434759141518
2,5.104437870568303,-1.8303915409995362,-5.798672236192615,-8.92128969984943,5.78155283810223,2.0061190185746196
2,3.090385575920978,-1.19100531764448,-2.5078196677488833,-1.0373634262401008,3.1718294497006965,1.2979548950629929
2,9.83901433758946,-2.2887987972161716,-9.218321646815985,-22.133497034807597,13.624256190533995,2.3095804842856595
2,-7.298836465794324,1.6434361301380727,9.677602157957764,20.590082528958067,-10.508121665477843,-2.298534793420908
2,-7.9733611400962126,1.8617041867772728,10.593952548439853,21.95323928954156,-11.450628465784442,-2.564544226390859
2,2.044002136922155,-0.40185390522790193,-3.8605603333191265,-8.159802739953644,2.985893235280582,1.8954094028123532
2,7.819067360567923,-1.8213202060488416,-7.167075876362537,-16.032834130846076,10.888754103410347,2.2220188407773613
2,-11.300990465997431,1.5067909350319835,17.96132905660437,45.896211601595894,-18.551178865639706,-3.7829312907219985
2,-18.108065385150855,3.6665827128227413,26.5836006833502,64.21395859210405,-27.31775721328781,-6.157729613273594
2,14.637635381556377,-2.847014329175738,-24.77965983740268,-60.677700846323376,23.588716585211653,6.073064269866173
2,33.55993326402116,-6.711406326538125,-46.19042016103191,-109.36119857911233,50.49822401851946,11.293119176734576
2,-9.57694778872168,3.0583694260444685,13.262710516661896,27.907181904688823,-12.291925207014833,-4.161986808267365
2,-13.569557844147987,2.444953875937388,20.7416318563968,49.977418100705016,-20.976236820221132,-4.592601334614065
2,-9.803904238457147,1.9000041740923446,13.430666471298505,29.193555886463628,-14.389457063462876,-4.060242514709676
2,4.544811685680197,-0.3648271600418216,-13.274731273376506,-37.16360365554329,9.999961835157873,2.1080999416784203
2,8.748514028806477,-1.7207689649136608,-8.322515349695347,-17.922166170549975,11.088160614847505,3.456243940003227
2,-19.095259840166115,3.688189455774006,26.801196527810152,62.48565310314555,-27.750244539023342,-7.351984957875912
2,0.17421622834769085,-0.05159020575731088,0.05400534876367443,-0.21890023808639059,0.5054888650683969,0.32155457495884343
2,-11.108385362359693,1.6410580249549989,17.2843236900511,46.68820199583095,-18.179454146699122,-3.5694513092112246
2,-15.793749213414923,3.0326139502133986,22.51882571511291,53.65068955285487,-23.380317376626962,-5.254029463283808
2,-19.856261290438017,2.4587696992993253,34.644185344186624,87.00594449603884,-32.263179973361304,-7.531673164669582
2,2.942297638624052,-0.6016709833966133,-1.5964627396207094,-3.421053384022233,3.8517062466339067,0.7927996891161994
2,4.82144678833109,-0.7668533459190846,-10.06615840977472,-24.211444545125755,8.599967098624159,1.8640061579185003
2,-3.3448474113335145,0.5017478167161015,5.965022383164004,12.801543263953088,-4.795831802425339,-2.2688623426890375
2,-3.3256152138288693,1.1954244280311632,4.620324558837167,7.897256543008521,-4.358450003957804,-1.9902766083975074
2,-9.442596934530634,0.9076421906743541,14.277897113717358,40.18894989052508,-16.518502112519634,-2.4922351803798173
2,8.585315776032152,-1.0291496751932199,-19.59367389599236,-46.35213042462847,15.432274248709595,4.061929456822507
2,8.909609402968476,-1.5214469998159328,-13.455607032388077,-29.51538173510902,12.72909454086303,3.822649023662515
2,22.23451138490436,-4.381085491431099,-32.495148645426475,-74.2585147041847,32.91111790864552,8.370578709773932
2,-4.601908088357983,0.22595562129064609,9.143780283748349,19.65721333767767,-6.9420507806653475,-1.4388878073005575
2,14.68437171553669,-2.2137362415173367,-24.903557574175714,-60.0660015694316,23.382560366196138,5.05381487804355
2,20.438796574784845,-2.8301667493708194,-35.03672002849926,-84.94539166505704,32.367016646233445,7.729687999074537
2,-1.7575644112036892,0.5414634128401774,2.423877038301776,6.677990575965652,-2.8681275511055175,-0.05160386979357513
2,-8.048140966745796,0.8628225186276277,13.183290379473405,33.365127108423174,-12.626770675327741,-1.949655983138998
2,10.819315822410774,-2.1983345749199708,-18.881097455628705,-42.23714678450874,16.57557396727847,5.013766637883373
2,-5.3723892902383055,0.9887077281758224,10.072561972628378,24.79391461671344,-7.8423760467938815,-2.821407802157929
2,20.86020669423174,-3.4232700979986097,-34.708846461843656,-82.2233943573893,32.380841341178346,8.25709685590394
2,0.16738213474078079,0.001276530294265478,-1.4874216498624433,-4.789495897496573,0.5398266281287365,0.3506357550831699
2,24.33470830379257,-5.5043018672096755,-32.946094538921706,-73.90074593492906,34.96196929037129,9.627525370318397
2,-4.014590030853197,0.59945406582004,8.164298718162373,24.472097998209776,-7.390205888904783,-1.4943960003490007
2,0.04212292288350069,0.29700578803856204,0.9983113687237922,0.5045832887332709,-0.05180614309113287,-0.08280244551552396
2,0.8039770679251408,0.11826003524476941,-2.5983395547062225,-4.839556863494609,0.9406912047705969,0.6135083497914585
2,4.8359422125620615,-1.157396508119509,-8.047132106832894,-17.40356372615958,6.753550678100202,3.004895296091073
2,-12.105970409985074,1.7446846308112283,23.369839088357686,59.50835154471236,-21.379526382614287,-3.7271620359377544
2,3.0357822895771345,-0.9307179382925854,-7.967248827639241,-18.158494061044294,5.857482355892019,1.6330401325140844
2,-24.813913877559255,4.751082775112222,34.298632822146125,82.00813836122505,-36.152244076918294,-9.293760571713152
2,-10.25384953258812,1.4842237955557394,17.772094283906775,45.13617584686052,-17.04876401896424,-3.631819629189749
2,3.8230243244089905,-0.16546010273083833,-7.725446283380518,-23.333040803540527,7.460446673767864,1.4029081862170687
2,7.800947818561223,-1.5771585452021406,-14.542120780847789,-37.537488828043486,13.698889974264862,3.0758406793524515
2,15.666107307415944,-2.5318940394545595,-21.667029612651785,-52.35578440247243,22.722853285770515,5.901376246747995
2,-30.882137618360687,5.728720116645443,47.945862434734686,115.43580141307571,-47.65544706635792,-11.247091252748932
2,19.85666358244383,-3.5511527029256365,-29.13640819886915,-71.54572531180386,30.834733200304573,6.899410540811595
2,17.59437527838482,-2.465917461758461,-28.283367140203016,-75.02683557672013,28.65441012926382,6.471043690619943
2,17.12164185107792,-2.957333970697418,-28.787305463941014,-67.83068858542885,26.514755917869323,6.621903581229666
2,-6.335619423723788,1.4827424675786074,8.60496316702264,18.55783214830125,-8.528175188623036,-2.482979583611259
2,2.533438285934207,-0.3206338513669707,-2.8608839579508616,-6.975783022578216,3.5237684935824825,1.1541565771850588
2,9.27847746187312,-1.3329292881525638,-10.662833231784385,-26.97111872320059,12.700644484290477,3.007399366119779
2,5.268108774880575,-0.616752170191881,-10.502879227958674,-27.574044166171287,8.805513186898287,1.7251957105654148
2,-29.072161684888965,5.679241475470512,40.982275413747814,95.22005053736582,-42.37806641257207,-10.906831951327073
2,0.8608993333737287,-0.12289486502323232,-1.0811654723751027,-2.4454089255524125,1.2601632233001807,0.9696872320365149
2,-14.81899543343969,3.0594284670212724,19.711584736636315,46.9348828051564,-20.903287647982868,-4.181083762109237
2,1.9681418662896037,-0.7099682698412491,-1.8971663956432923,-2.211203475221624,2.8077521119680418,0.39135152189849476
2,-13.91806708289488,2.4507172614465795,20.69530704172558,47.63842144098388,-20.299934281207843,-4.843623990779092
2,8.72430769070372,-1.6871345639965138,-14.124444502540591,-34.015131659202005,13.42296537370063,2.848321927807915
2,-25.416332511727575,4.374548256443742,45.74242147210572,108.59626733361563,-40.71690688272606,-9.985053998161735
2,-2.402302764114751,-0.08883362070454659,1.5569308319300714,7.078000086175566,-3.9153081120332627,-0.689598206033677
2,-14.772806052914994,2.256886913174517,28.019208484681698,67.53278230135946,-23.947753940661983,-5.999233615945242
2,-1.2845548779526084,0.6483607899693368,2.021685428955312,2.3219463708849473,-1.4101157950598782,-0.9471528564126511
2,8.997477580988361,-1.3672306960767084,-10.742354951051045,-25.614680378915498,13.041566636516787,2.462527386756402
2,-3.260105076096037,0.6346053595266531,4.579244775040741,11.515151669597206,-4.356555193449249,-1.3542130371090115
2,11.68169109596748,-1.9238381037929333,-18.239933695513518,-42.75377847713644,18.247093775345622,4.3302332784722
2,14.904490092325698,-2.483628028425145,-20.8747259720425,-48.15457473966372,21.344531122079122,5.512378732158219
2,-10.71116144219418,1.72625547766454,19.93066711163124,50.85914008793436,-18.36724203735259,-3.5568458599999175
2,1.114186038214353,-0.040993865229123926,-0.41071875681913145,-2.0429575947577368,1.70078758418666,-0.3002277228496997
2,-1.9074663179356757,0.7393239043628217,4.259278166115707,5.6942054023108035,-2.2723363720582763,-0.8359627034107506
2,3.9183946071185267,-1.2175501017704584,-4.163461581943227,-6.934342053401885,3.924194278065201,1.6022326953723942
2,-0.48197616352691086,-0.41947265227717734,2.6599840838232005,5.228294918244227,-0.27147339998765674,-1.0779613328896147
2,-5.99000458856579,0.25936740224012944,14.059825352445372,36.95431103944466,-11.510120942497535,-2.711406485457955
2,3.968354841951836,-1.1078046076260595,-7.836846475002106,-18.620894542312456,6.96207954076536,2.259982901413176
2,-3.32786286299357,0.9493999179411519,6.1734274495767645,14.459324199977255,-4.571301931579743,-2.3104764507775704
2,1.4763033687231957,-0.3424174922925565,-2.5796067721555134,-5.616483110095866,3.1054582003052804,0.019665941469169432
2,4.41571713991737,-0.7635945366750946,-10.225460012787972,-25.37670336377464,6.989682812027893,2.417865685966939
2,-25.339017784210437,4.844629473406588,38.360613945646065,93.29843070556703,-39.941147859352796,-8.936811205930704
2,9.91544569132618,-2.194268960753507,-12.960183777383364,-30.33627623528679,14.56954231581122,2.825885248574566
2,11.133646434081554,-1.571501256497032,-19.12707626263188,-46.55592588199068,16.763890199480823,5.480080380658565
2,-15.938785250271414,3.0456753706986195,22.511889746751162,54.663866943129726,-24.81082983875357,-5.93834623299776
2,13.204514032163173,-2.235989923761119,-24.696030591892388,-62.38601832895092,22.04682613290454,5.165695244350448
2,-27.07417605003329,4.59807673323918,44.26853289390282,106.60627853497382,-40.59477930269378,-11.34525333002397
2,7.085491071883935,-0.9282948665001981,-7.168107786822603,-17.29811907055043,10.311523288161442,1.46701116181449
2,-12.915021855608614,2.709563134959366,18.258402010938156,43.85521089442399,-19.457240619464795,-3.755118873528207
2,9.906133535977968,-2.0485133171195304,-15.319441085352407,-36.54842005845331,14.478918784307979,3.686140421291046
2,-8.96984593585034,1.8838214869950023,10.634246565098369,25.072366426219872,-13.391324672997754,-2.744227565538132
2,3.4515293650821466,-0.3069854783834329,-3.7884254899155834,-9.36639877466866,5.386749156945057,0.7132582925131837
2,16.804059996806085,-3.9800674112399754,-20.331232512978783,-43.2116343796638,22.64398762890539,5.298223180785306
2,19.922464380870537,-3.5889255681922707,-30.52324587437799,-73.10817181738165,31.039443340971587,6.700398677356109
2,-2.3849037179472012,0.2911144866074432,3.362752371634401,8.369604859953181,-3.693040903311971,-1.2656342909124614
2,14.244705015103607,-2.4227342670657803,-22.198856869580005,-49.36766844474251,20.659508071523742,6.6597742080806475
2,25.6385150395552,-4.278027859624274,-40.96402851741497,-98.14452782692705,38.92968790449788,9.804799580689648
2,19.645268758150962,-3.2440980834217443,-36.94501131916008,-93.38601363975434,33.7474975514878,6.734976411893834
2,7.0094117100951525,-0.8142540332927012,-9.885100995482617,-22.551336680351525,9.744918031308094,3.6730360729032316
2,8.536817354708049,-1.8902720440921283,-8.876707962863383,-20.02840542780179,11.658642166514884,2.3195945406712113
2,-15.824757370742468,2.599308074193282,26.978304286756615,61.1007882006508,-24.608811745785626,-6.282873847618803
2,-4.72847957925078,1.2830403497250036,7.045632895039231,17.457095813448714,-7.744888731137366,-1.1019818466252742
2,-4.909654589496878,0.3962242753011243,8.879712879287856,22.259905447061914,-8.34055984845145,-1.6159782670102278
2,11.184285284851223,-2.4501028384469388,-13.56389156139983,-30.11426677527012,14.81065250931118,3.7912637138317646
2,-37.96097881422075,6.548971045319222,57.183333878193245,139.79713894563605,-57.9871932906084,-12.897298751599992
2,1.2918469230676892,-0.5263163055082645,-4.8388239409288,-11.11426350266642,2.714294927527113,0.7898133559667267
2,18.911343256038148,-3.0284864404948686,-27.38919022814743,-67.29211322955057,30.462787627087618,5.368763627474141
2,-9.84055957077686,1.739184508369385,20.080969012134318,48.97400585282924,-17.113188985073204,-3.8562544380246218
2,0.9131419877278617,-0.48777105576316815,2.423101165233783,7.1752147615043835,0.9183438531435685,-0.7916440533943219
2,8.235318090675039,-2.160362362455775,-6.889436530958507,-15.289922124917416,10.771803705205748,1.9536655737036346
2,-3.8056227515747,0.21006128443836092,7.977590472742316,20.641796223649614,-6.213146746569555,-1.9909225357295186
2,-17.091899789849535,3.0350162531732168,28.180068604755856,65.81352675663642,-26.267330156105317,-7.026290194829387
2,0.7862213626386905,-0.5296863371660558,-3.178768061116165,-9.307845625470389,1.9248764174609638,0.06783052750498167
2,-6.262862195794043,1.2800796403205854,14.535083483385431,33.76038661040976,-10.989796661596563,-3.26981525927187
2,-8.743287392454997,1.2475183223254096,15.494834144178744,38.56292821429659,-13.59199918373017,-3.967354152123656
2,-5.68284082716391,0.929683133446129,11.643027973401933,28.325054422236402,-9.413000410842546,-2.468726909166355
2,6.019927943613719,-1.0409035811726062,-9.580091601321131,-20.925828992943885,8.60344646157971,2.987828312242155
2,2.1245615859104285,0.17293199064820333,-1.5884168531304776,-4.246726565666663,3.3518250184583946,0.48039867965175254
2,9.287998826201976,-2.362986337776715,-10.719287682234627,-24.909328609789938,12.587501550924406,3.3806299091507594
2,-11.167849649262894,1.9511761683354791,15.584509277854215,35.45074414688753,-16.341114288254605,-4.373342437007847
2,6.193507798148522,-1.6924904172149882,-9.655628780915196,-23.533658087279633,10.32963124574826,2.12693119689348
2,-10.76955552498442,1.8445180126663396,18.592053564661782,43.11925964397599,-16.37311696920408,-4.001668347611899
2,2.1046187114138357,-0.1472949858535477,-3.2982215524859577,-9.158651987226264,3.0808420005646995,1.267905332729541
2,9.838905760942955,-1.727203511706522,-13.900271726208922,-33.26853039833117,14.559813326585084,2.741241498634158
2,8.474291983361033,-1.1910313563655763,-14.818144718274713,-35.36787271858206,13.191549066774986,3.7232794554006476
2,6.338081601428576,-0.22652081668825955,-10.6659660750504,-24.381114680543938,9.712771804656441,3.0952131663539717
2,-4.676411617339162,1.1857202231680701,6.142428197696484,14.369502316254943,-6.41474575083429,-1.9122141541180924
2,-25.389782598076767,4.745914513824431,35.83858383318224,82.50698016770897,-37.29633260481966,-9.88059790250237
2,-17.434985907085313,3.278787460054016,26.172742775813045,58.8327906316797,-26.220685576258322,-6.839203776082284
2,1.6769745778261933,-0.2224313393421201,-1.009505662107863,-4.822780188157376,3.268753361094532,-0.8260082295449642
2,-23.682584710836142,4.353627597782581,35.79822972332498,84.94967840341455,-35.97062074784841,-8.11887628866082
2,-4.224159908179723,0.24432321564559165,7.581484018362173,20.900907678710016,-6.950730817138163,-1.2887140048553112
2,4.949612697717613,-1.36934281549481,-2.7195954629599233,-1.56435213730075,4.842409857918562,1.9935299929393087
2,12.752504352720427,-1.5230880291871705,-19.62372468021271,-49.78619229687669,20.137510576287042,4.367875980579204
2,-6.572504588875262,1.01337205986541,10.620966758301483,27.100598832903547,-11.510053240097028,-2.061337788969306
2,1.9823236751681976,-0.5123221536935044,-4.347798680011752,-9.09550675565916,2.5400946086315304,2.1784492632663452
2,0.8038623872156595,-0.055366997082558975,-0.3726483773129142,-1.2356118217019016,1.6176086238065608,-0.380346447144641
2,1.5895065198315912,-0.6773094253143938,0.4276430147248573,2.509108174166212,1.4473835878893242,0.18927277191851485
2,6.473887600419755,-1.2334267512724,-5.293282472872461,-10.936177556226257,7.701127445695241,2.3259318458476375
2,-8.045410259214902,1.5573451292907532,9.765677614220536,21.607045437196287,-11.638072575241084,-3.3792051743529052
2,-10.208950173397653,1.9293023735871269,14.739365542640709,33.04853760494903,-14.448475465408391,-4.263058726619314
2,1.099170459384575,-0.12983140297962342,-9.547588226643747,-23.968828490979067,4.448213012214914,0.7220532157008992
2,2.188302440526264,-0.5745142514601216,-5.084930982808168,-13.648585399381288,3.9892223722173967,0.8437324924891891
2,-4.71587456921286,1.0044873947323172,5.264812975791609,11.021704141917079,-6.3089025498224105,-1.8699895123738022
2,1.3455390686634483,-0.1521088674678833,-2.301283131250293,-7.289657965257577,1.2559357780686349,1.0171051431024813
2,13.082845539350833,-2.2430417455204106,-20.241195443990822,-50.81765110447164,20.56213146792266,4.317163563037044
2,-9.250684783624024,1.0013613151567373,15.388107501001736,38.24972578710141,-14.093397153201156,-3.2562143939298567
2,-5.976720023465929,0.8918328402241614,10.455194002600841,27.331267902640505,-9.914423176701078,-2.2901468961866107
2,0.8795284296899433,0.2811263309795117,-3.1262471881113356,-9.596248638515586,2.466636526192421,-0.14576096678762135
2,-8.666980266279378,0.7891876568545038,11.955859963618012,34.519037848909896,-14.230598825451878,-2.0115537907886
2,1.6319925025169761,0.3502677767230992,-3.9929503354989255,-12.217982672154596,3.812875288677079,0.7733935625685282
2,-5.856376074117724,1.222776393383202,11.97784755334445,29.905877815407436,-10.127636010432436,-2.924816756453566
2,-20.315784285251382,4.008686731350243,26.165754922467055,59.706624259771125,-28.409624038345754,-7.1046662414640815
2,-24.78026509536284,4.552920985670249,36.80755429087842,88.00013071041488,-37.74445904941763,-7.925852948242962
2,-12.978977252542759,2.6060653231706383,22.432478108662846,53.11509556124852,-20.333074830995365,-4.617765367211551
2,15.686142187215935,-2.4894752658748907,-23.696883583454987,-57.67619633597434,24.488697399078703,6.292319540191236
2,1.8253453285658927,-0.6937247097966978,0.38114075909139855,4.8466742666619576,0.5006424820278792,1.31193079499518
2,-1.8932861506526055,0.136810123143201,-0.11891241630380116,-3.0774155291318985,-1.1573728918948902,-1.1989036537890567
2,-14.435585617011105,2.181289904817622,32.64936792336966,78.81040113276559,-24.376341333630567,-6.866938077539657
2,22.519029941410512,-3.313679802653939,-36.36655242645288,-87.10520655322497,35.05914199322628,9.01817112575834
2,-9.537860149705871,1.0655872075020372,15.154260579670607,41.398256324438435,-16.203043309858963,-2.576232483266272
2,5.136606881123091,-0.9243042382658354,-4.09253593743879,-10.883461296922404,7.358071884975499,1.3644550242053504
2,6.4791839454948805,-1.5262979489415618,-7.07446137273166,-12.958665333370606,8.253134870705718,3.199700254787407
2,4.43451304342717,-0.9988476834853328,-6.405184865487307,-12.971881921752857,5.69178480547146,1.7385364884765988
2,-13.811172658180773,2.3005208860029915,25.803782924526462,62.43378526643134,-22.766373850964563,-5.963164041718914
2,-12.712866843192199,2.361615164428336,18.17457489076388,40.38706690280636,-19.100528537411133,-4.478882853521574
2,1.6207387820191688,0.1919803435936488,-7.4348433349795995,-23.965044506967097,5.495617657536411,0.8766904241764152
2,13.670422303595547,-1.9856744778439799,-23.36302097370713,-58.70367611901056,21.668968403011558,5.016259460379969
2,-18.87430208687726,3.3231726607423746,30.219803857238475,71.47868308978589,-29.21247649262996,-6.073029807883953
2,1.2250120481248068,-0.3306189800054587,-1.2837417249075072,-0.03057571355434267,1.174047450365709,1.0633279020141169
2,-15.6855857590419,3.4011357019668393,20.72192436480629,48.162269844463374,-22.299124993355594,-5.315429815160205
2,-0.5982391985970351,0.02287707917618933,0.0031387400955403253,1.7235607379467486,-0.9933629997125712,-0.6244492674127843
2,5.759102193788647,-1.2637877884540045,-7.762883885049916,-17.37544677186729,7.60282650718384,2.180114175187084
2,-19.777350464661637,3.486144894610487,30.488409708266694,76.26561374248051,-30.43176319040686,-7.507223195434965
2,-21.646658906565108,4.4673705113897375,30.77581847803276,71.81788015822394,-32.48253460965166,-7.680539097764343
2,17.311582110924313,-3.4336594991893166,-25.243104172728273,-57.03622636810995,25.01385223013425,7.164854083148316
2,-5.682956450283212,1.1394431801324305,7.2134979515401,17.81656116371783,-8.771722632784817,-0.9930184548241623
2,-2.693976006460797,0.38133755691637095,0.8813888895603814,4.89617175141838,-3.1253056749838763,-0.09031239997101856
2,-0.9098404301824609,-0.22217008867214216,2.242553985202176,3.643727653357054,-1.3092921922272438,-0.12968497669794038
2,0.7241451001946494,-0.3655466552768331,-3.8312354049069497,-5.8640470408004814,1.3797389902012203,0.5752438785577643
2,-19.920690931405222,3.652546860352274,27.58706729905855,67.04826776489993,-29.669704122779113,-6.956953782031878
2,6.716539722489206,-1.0155533206509444,-10.663850583347005,-26.139971631426977,10.202458145743002,2.2648202511293754
2,-9.927645243839748,1.3747540521407602,18.42341886601327,46.04878656162736,-15.803701399217521,-4.39612894507743
2,0.4337137271586398,0.1516468809455898,-0.9288564631454682,-4.123732376877565,1.3688155053711133,-0.9056684334196311
2,3.8159395653147894,-0.9103394049946609,-7.124592628813705,-16.807372271636503,5.536644990773881,0.8182039203768494
2,-14.273650906101752,3.0134009014357517,15.966326217390883,35.652908904964306,-18.932600364520656,-4.674038561548989
2,7.230320925381202,-1.4947386937397085,-9.578981881149986,-22.07651017098469,11.099641380769619,1.857945263324255
2,-20.21407491176897,3.5858473712194128,32.15179045830045,78.79860226482398,-31.983997050500346,-7.649563722414694
2,3.285468394379948,-0.05284741832215617,-7.172256356277346,-17.274265725267256,5.6012326790804385,1.1370485365656846
2,-20.78282336481626,4.531101153527681,29.830090951407627,72.54850327548765,-31.752810356796136,-6.179185515637222
2,11.039639253912519,-1.5816125547810695,-15.96979514651089,-39.00354589563253,16.077701297389904,4.331242415621747
2,0.28401096169633105,-1.133369084813285,7.06083320711078,21.2902112513509,-2.515920708528288,0.2583460313954311
2,-6.483867431561803,1.321204819411982,13.314647775714686,29.715618252103344,-9.761602474024745,-3.5593685048961694
2,7.489853701472197,-0.5946771878819328,-15.053204657981547,-40.145666613056626,13.724830505704196,2.1100793952579697
2,-4.183147068466837,0.917582161036119,8.472516676747196,17.66103722251856,-6.328507038172686,-2.4953224531244125
2,10.301184785027234,-1.8915087855981052,-14.688817275791163,-30.268520304202998,12.80607996326728,5.074760997848013
2,-19.596644473928876,3.180863762097823,30.623910783558824,75.5539094469825,-30.58039224683123,-7.652655212232191
2,13.080475593924595,-2.4186477219210487,-17.04561595348245,-39.55534975791527,18.776051131736345,5.075982235604755
2,-13.141358679563083,2.184272765156792,15.943065651714774,41.247723875011516,-19.180157880005133,-3.838432647745955
2,-10.400571181304205,1.087852850406961,13.39944579668281,35.4945347088977,-15.804378515620098,-3.6218764919426234
2,3.169230333010479,-0.5396207034115226,-4.51664568364118,-10.578067469465717,4.780195100027833,1.0998679098064332
2,-5.0930551439326575,1.0344621538192358,5.8175297253720775,14.93846346389476,-8.291293780379478,-1.86597439943894
2,13.904688408111644,-2.2532676993538954,-20.539805099499993,-46.780712468676676,20.25073306931385,4.41292852533511
2,27.81684977084243,-5.233640475573343,-42.31958819231486,-99.95468128412006,42.05465925077131,10.134441065292576
2,-14.060532257908893,2.7766702378274974,22.406934881939655,55.3575839252967,-21.73237202409702,-5.470870724305116
2,13.245316904925485,-1.9834851602936903,-20.71885918809057,-50.43175150763152,20.63959124713264,4.023402475209727
2,3.9061711774988823,-0.6080481684344792,-9.274799871044989,-20.54193831047246,7.13622458520721,1.6785848953513895
2,14.311034635957816,-1.7338807743394271,-29.468686952989163,-74.71898158156418,25.68013680484625,5.234721492174746
2,-7.535771450136503,1.3200524894840866,17.160515074186822,42.71659402734481,-12.865988491332299,-3.6594586231934687
2,-7.049710315638804,1.0056195788845563,12.18149305543385,32.279626883349735,-11.402018765148444,-2.2599674328480326
2,4.997787596014259,-1.803608570576912,-4.423415139452794,-4.885760661027535,4.571991689871242,2.4255241425536385
2,-17.409138211735332,2.7853018934104115,24.972717900787913,64.79401941761192,-28.03931167067402,-4.97169552212363
2,-9.504373992514344,2.351139837772888,11.30400800290909,26.64206408733965,-13.701078184748987,-3.414707836161847
2,3.717828486224235,-1.3448876787256694,1.789349520384763,7.356948322005372,2.6924060649342025,0.7208566919566364
2,7.1847643133914945,-1.074536028986821,-11.762288939661124,-26.503598598796348,11.200208400160314,2.094139236562814
2,-0.5137149236695588,-0.45382410411380764,5.9428373215853565,17.96312323064955,-3.333415898604435,-0.11975743931854183
2,-5.719695491848445,1.016042952603097,8.68360606488392,24.944830278129825,-10.09419120868792,-1.1342109982477733
2,-12.054625514887729,2.548238912624936,15.086984749279232,35.63739502853476,-17.600549472985357,-3.7370116105867517
2,2.4472554518676977,-0.5918568795964558,-3.484647367141283,-7.966347019351331,3.009812262163282,1.175044271723875
2,-8.474814827272963,2.696319514429039,7.65355926565142,13.453375030835549,-9.563596938582467,-2.704198343862155
2,0.41081607015962607,0.03559919876661064,1.827616998532218,8.311517708399286,-1.1478029745352683,1.014662409433346
2,-26.65398055233841,4.573244905970599,43.796353797816835,105.7732880102067,-42.1277135571216,-9.055774347039304
2,-36.64290738260763,6.161342564581489,54.45685469873077,131.55466107930263,-55.241265724863865,-13.412746436892329
2,-8.377664402296473,2.250208131665572,7.100422805893279,15.17378513043512,-11.019708558897701,-2.5534333079501725
2,-10.136692591975427,2.037527801172298,11.285125921403036,23.227816745866754,-13.184784722104084,-3.191275915242319
