,0,1,2,3,4,5,6,7,8,9,10,11,12,13,14,15,16,17,18,19
1,-0.5015371116547053,-0.21346718382693794,0.4347974343022873,0.9268600515654664,0.8932832136179886,0.9162806142030603,-1.75133140390692,0.48904795857488575,-0.09409898090125551,0.9578607049392696,1.992004542869379,0.12354956586049039,0.39694189194758195,-1.0081580846860014,-1.0311689008260636,-0.6028345358457836,-0.12027600392623508,0.11150553250825575,-0.06059339167411969,-1.1695248978333044
1,-1.1015259364926724,0.5508646818062254,1.3436514882959363,-2.275469218096067,-2.3183490998495975,-0.8138633715762267,1.275789556817959,-2.037028162357632,-0.05751520974306354,0.023601689149560085,0.2661891180666222,0.15041337993065257,-0.6267629740910818,0.6465491117288258,3.0622212426418765,-0.05523949390024485,-0.4128063144716143,-1.3074487309728815,2.8196354547542057,0.20154525895681696
1,1.3388151686657208,-1.5930950742292873,-0.34881010201711893,1.5939411818800504,2.1781141411978195,0.012612145105095523,-0.6798659128931616,-0.10616789637449067,0.9980297407982935,1.100466099386594,-0.6489168132476952,0.7218750874655238,-0.9086515685890505,-1.490755449728958,-0.2528320191505111,0.1655354292255559,-1.124106490541319,0.40623638804901085,-2.0072171877408866,-1.026370917383765
1,-1.7136364011926182,-1.1501504667974816,0.20375140469861458,-0.42344585335954366,-3.4944638257829173,-0.22151614702454303,-1.2152040672034474,-1.1624085245375573,0.3190757752089491,-3.26063804203433,3.599974013718016,-1.31188826307024,2.8755193957889538,-0.8599458647203934,0.34868802667068766,-1.1641375028741499,-0.7956916649838658,2.525725859590211,3.7250250982486137,1.0069891103305253
1,-1.52750794389355,0.9788567126101183,-0.6308234452552518,0.17680659484993808,-2.7522789302499375,-0.6415869416361581,1.2983957640841655,-0.9207191811389253,1.339516118388593,-1.9408557852920756,3.5985193826461894,0.6278015040574684,2.7970855727806834,-1.0275170632890274,2.363588083284142,0.2242787444557973,-1.31156817572869,1.1219689079312614,3.317564221671495,1.1409670480415113
1,-1.1034894747161925,-0.9674371433609824,-0.5265148657965106,0.8028739023664222,-1.823163731392624,0.9350153707461668,-2.169203966844836,-0.31406812720777133,-0.5678885753836521,-3.1364724472292997,4.391534355976277,-0.3463113146681306,1.7372809399817761,1.7845412850584086,-0.34862909511237866,-0.27931833301025505,-1.4830802268548617,0.05463508317538544,1.3746518774362795,0.3853052385401319
1,-0.04239251015669589,0.6505606493942488,-4.351750793737407,-1.938148466814155,-0.7869056818145839,1.334432786478867,0.10612772597823522,0.7502876692715573,-0.5398479987837873,0.08701698330021218,-4.642701901621666,-1.0264549587822431,5.16510774834544,2.6970749005530243,0.7757335631212228,1.784348159336496,0.8215875760447093,0.8534251012100003,-2.287484016679502,0.5331083021332944
1,0.09022812471592648,-1.0402468490392853,0.6861992039688678,0.0171762579447339,0.1544865128626958,-0.26363183759488124,-0.6358794713320993,1.0704644339305314,1.184897850161702,0.839473606154319,-0.7140526872655383,0.30440056957813155,-2.056041831530097,1.156658292563208,-0.06597530793013608,0.8964529966570834,0.36829811265690326,-0.6511343748736476,-2.3568872469039928,0.12317784316627073
1,-0.09990661848342518,2.196425755222528,-0.7639986702431267,0.3195865373097513,-1.5071717789197412,-0.41938482075164424,-0.16308467914323063,0.3220786423312762,-0.14004158836269034,2.2913451311496953,-1.3343270888297105,2.027366444761103,0.6816593029661975,-2.3838485078798617,2.0107248584662023,0.5965113773221552,1.5452424501385102,-0.6099522597077092,1.0427446074303612,0.5361831872532774
1,0.5082695046403092,-1.2639307228336585,-2.414705783326003,0.19729044769079332,2.732534169964098,0.6108336732886978,0.14109850079232586,0.5768656003524911,-1.117749879773078,2.147630601250621,0.2533913679201286,2.2758735894121243,-0.00450090357942526,-1.3065239056040254,-1.4816995588528705,1.7933613303998457,1.118279298835627,-0.33281058150478765,-7.073130308197983,-1.010045152471617
1,-0.39849807898917783,-0.018481459190231888,1.0415336802189783,-0.2063018694959406,-0.9944824559534718,0.7342984243624505,0.5295630346481535,-1.4613719153780433,0.21680970245068393,-0.682144671387936,-0.47673127285303063,-0.5998186616712062,-1.388306353432933,-0.4249327288420615,0.5672299811373243,-1.2941647034752175,-0.3418811375173849,0.24947043858732626,3.495310773882783,0.18788342845385028
1,-5.627969171494353,2.7988023310922183,1.367404101338896,-0.14396934114385357,-9.47660012446526,2.491839329632715,-3.829844816423531,-2.215184253687157,-1.5798423938003905,-8.028612098308898,13.395383254005061,-0.6500604256123043,2.884792676741766,-1.3480357360815232,5.262608401055393,-2.2061575841746763,-0.48033088659975604,1.0577204128668556,11.54440479460029,1.8217076946288207
1,-0.9619803413024719,0.4308848251007911,1.1166849837013018,0.026920213861479938,-3.089664487046167,-0.4237155160712745,-0.7104463340796899,-0.9105918169383026,0.7546889925661023,-2.586250526055731,4.855934211626009,0.7810138319013736,0.16648043088220843,-1.149543211509319,2.7282459971289956,0.5988417896911475,0.3982678979134749,-1.9266395857922998,6.582028384507476,0.6538302566455625
1,-2.3719368735494224,2.1399713688081907,2.417471813397732,-2.7376625290674625,-3.346221748792045,1.6712080521668147,-2.4657671462059714,-1.7958745164715215,-0.6501593316289467,-2.5999638126155995,3.0861137214032266,0.31616297121510195,-1.1672314647890953,-1.4901291143105946,6.512711476673044,-2.1691745686730357,0.7679222654590484,1.3090784808989053,8.201318702912259,-0.16865865477271338
1,-1.6444822273054558,1.2217203979866156,-4.31879271800092,0.3132903015978868,-2.5723323467655326,0.8893943730781391,0.4402593338442326,0.6532343193762353,-1.3753649665830268,-1.5666927895849598,2.2610163648016095,0.25373790024441106,4.835554183733483,1.2073275430966786,-1.1697666658715185,1.807205145274628,-0.46247998515316857,1.244358518961958,-1.6484395362618371,0.8304435322007134
1,0.5660557003678791,-0.48966780243652464,0.5114815321445323,-0.5345521265758365,2.793278899521593,1.248366379053715,-2.265661393384848,-0.6198609939572587,-0.39230772076831016,1.0707491270795348,-2.288683626740985,-1.042056969736899,-2.851882651662317,-1.0395970225382987,2.087892937974291,-1.147316308795275,-0.2754660880132016,1.4060795315671695,-4.855980952234077,-1.210041896237813
1,-0.8474227958029107,-2.6588084331516573,-2.589260550173226,1.299859503558545,-1.9925294380048815,-0.2776859324141532,2.012772260725825,0.44208358975964557,0.37831520909501515,-2.9300629492893693,3.276791037808522,-1.743021449229004,6.043085845786822,2.305756671333816,-2.4707741384995487,1.9402884106574452,-0.6261274882810103,1.027677328540042,2.1673626367840138,0.8764415223719128
1,-0.7451947618865316,-2.822573053732414,-0.14916023261713704,1.1687847709179278,-3.1314899188251317,0.7980804302928564,-2.192380333142092,1.2397287225453486,0.9843724934535597,0.47857478239130097,-1.1756962799926545,0.7307328891285529,0.21650701845830078,0.4360136696300976,-4.8421705257952254,1.800722766374235,1.0126458288919564,-1.683063361289367,3.1447768671612097,1.912027253442859
1,0.762661440867449,-0.681258163944793,-5.202452460578665,3.25435727049617,2.6893319200775787,0.9963033745209114,-3.094254530420817,1.6500160743126036,-0.8837419562058978,-0.9460734258230652,3.7520828510243738,0.8339121949424928,5.018416072927763,0.7973795996078679,-2.6871831996232602,2.1806174626708685,-1.1226040112589892,2.2714307619432073,-10.056171528442157,-0.7196215550270266
1,0.4388941063253732,-0.4694056226304398,1.0837826152794474,0.6163571955893539,-1.0884836967855605,2.500005847891394,-1.2210094621265186,0.5013323278017816,-0.5993169903769933,-0.08909837230238375,0.03256848106575046,1.500498885613192,-4.170333110466058,-2.1485512069607133,-0.9135269344114709,-0.24207278846213712,0.3086660265650848,-0.43579997728976944,-0.37670592019129934,0.6666443393439202
1,0.39840172757987735,0.7646782449313283,-2.3656715493780878,0.4243685460609229,4.562413515318444,0.4880467359116098,-0.5362051298225936,1.027486866067525,-0.6222745913188814,-0.04830687870382415,5.207089993973955,1.7162177901511007,2.3905489220592377,0.219299215343546,-1.2470382284499721,1.9258766821677284,-0.3773676747491675,1.1594518574528085,-8.123547195780692,-2.862193856830404
1,-0.01788652998709719,-0.8290673618429257,1.213411395868432,-1.5051872329912972,-2.8883492046652126,1.2486875066225775,-0.44283574544620485,0.2745429571059956,-0.3171070367378249,-1.5554217860017394,-1.7946220193150002,-1.2640652749132129,-2.0263375843611517,0.7539992893173824,-1.2665657287604635,-0.3459704340495309,0.48872159692619926,-0.32995345354698175,3.176375232730297,1.1590094771523625
1,-1.0908416786466368,-0.7731374784907012,2.1923333046865237,-0.19979224927163594,2.648231048091302,-1.8432395243773738,2.3754052452258265,-0.9343921422365881,0.9870521719698987,2.2422603241558368,-2.606394877143973,0.6417744837125413,0.6361176540606786,-1.8300373738327846,0.003059062514278222,-1.4947359742968442,-0.5790071747940524,-1.310342258006525,-2.72119104814408,-0.3585349407490874
1,1.4005040025616862,-0.7853531204775468,0.1650958082631727,0.5807864277090836,1.603948922094836,-0.2893206736604485,-0.8414352303718811,2.6861876854294535,-0.15585560956775207,-1.3447510383382908,4.2389345766570035,0.4427793061387148,-3.553982025151733,-0.5820750062821476,-4.559248877674264,-0.4828897691241049,0.047638560793976034,-0.9027936550699945,-1.9267476016861211,-0.6506788437928375
1,0.15636402356153897,0.12077765209476315,-0.8316267706935315,-0.8849067200392966,-0.9225302583025483,-0.9552967072899544,0.8679031489347048,0.08529580358637713,0.268650363116514,1.6300540015632523,-3.6170033354459563,0.42876506542519177,0.26338749110032417,1.8375404961536175,2.50034558672101,1.4028556123055316,0.5640643887223207,-2.3893727919161627,0.6620850722945619,0.6294277438531155
1,-0.8115412279940761,3.375189284415261,-1.1418661165068318,0.4918734575821596,-1.6435910596440708,0.9116207130831516,-1.68801872112386,-0.6471556646249014,-1.4198954390839045,0.9530970520260315,3.498850215207959,1.4513483513663126,-0.31799649845528516,-4.551888543231718,5.07168898229357,-1.6657686559678428,-0.7020360573295988,4.5687105926436065,1.3086074820939557,1.124731709975215
1,-0.777606553902942,0.5358965701778111,4.553289973534707,-1.2671392620806494,0.1451190058955301,1.0081650541249965,1.0021841447786286,-1.921969778233848,-0.18876692217098442,3.1958998947210238,-4.367809486342814,-0.13881625359571587,-4.517037628840567,-1.6062082683451429,3.1281708201766647,-1.9309273149988178,1.294183769909821,-2.5228492402135423,4.943507093798669,0.11388922316614788
1,-2.6038742867113993,0.5997899741533198,1.6046435449823195,-2.516122985527906,-2.4522487617673216,-0.1055657090042482,0.9986302168282234,-2.075177865963393,0.15471833994009648,-3.697126259537782,5.03033292956402,1.660887524572958,0.01824572387544713,-5.632181013727162,3.437718778268654,-2.840032508072289,-1.5736948100256307,2.1093126107423235,5.971243498276876,-0.38078651994297935
1,2.1251848468857313,0.7906350043074891,-1.9422410118414795,0.6662980117367149,0.5600788057145686,2.9813899244941973,-4.606776131005036,0.8398612992100936,-0.26543671060760593,1.7642060964454318,-4.14996211224737,0.13908487738736838,3.272642901922719,0.9414237342122576,0.8242913953794326,1.2630825151378153,0.16474741465032208,0.3730429795494073,-2.8814571362491264,0.5878168409167722
1,-3.1231642947730176,1.8002377045387217,-0.48202299869506354,0.2998019640845837,-2.9556293353391565,1.8268906479345424,-3.0965272188998134,-1.7770412112086975,-0.42614017684662664,-5.449364298925119,12.779395932196712,2.401893639208317,3.2506053380223743,-7.037205896470371,3.4729578102129084,-2.5950725087249435,-2.338882916570647,1.663817791074019,4.4060713549253485,-0.5804257091651833
1,-0.2933418867997839,0.39725824726406644,-1.8433318006103443,1.2255128025260116,-3.066871993138793,-1.1822648601905146,0.6712244140307075,0.9455736423599187,0.10223317832851538,-0.020585233925507148,2.015502901396695,0.11403490755072886,2.085356400957605,0.16650594803271956,-0.2964067102513406,0.6926256354264669,-0.533194070828539,2.4910805875694755,1.020730754609633,1.6174085945297731
1,0.25695363051784076,-0.4808705720223929,-0.05514620923591287,-1.448239320848969,-1.6389111231633502,0.17950694380862062,1.3084263309170237,-0.3713780222664532,-0.26490180338620634,-0.649996405140445,-1.545716443971553,-0.35384895330282595,-1.172067539174117,1.9725851728060215,-0.2899746894071567,-0.07021813648949432,0.5009278659981332,-0.45542469465197305,1.4722968300066015,0.7708881475468754
1,0.7425014349398146,-0.8694364495114774,2.057412845483274,-1.2932736567389909,1.057204670731728,1.4832074280077727,-1.5720321151779557,-0.7224403315524475,0.0007802999791440489,0.2495820178260112,0.20958154042221414,0.9517021302673141,-2.2869693924120855,-1.985307917095594,0.7469078771061199,-0.6895066204139662,1.3013110689169924,-2.053909619536134,0.17395286650007763,-0.8118009305641252
1,-1.23869897027354,1.1490533383980086,-0.21198603202301775,1.4545720153507393,-0.8278523013079133,0.5865491065444678,-0.3812426072788767,-0.5167738578075651,0.09316134286089431,-4.572598052074559,7.664876892102543,-0.3325382066697307,0.9451225288146687,-3.453897161358328,2.9401695294552845,-1.540490230095499,-2.554412182295632,3.3605387151209705,-0.11005212564158134,-0.6116024124243168
1,-0.22624926473500553,0.42436833973660665,0.97145854254733,-0.4825766824331404,-0.18028922760206403,1.3723897762257666,-2.1189117465795895,-0.8671467336220035,-0.6208487606809093,-2.989144490663642,2.4769680155997844,-1.2466636255118764,-2.526904185846956,-0.537094382135475,1.1575552507281355,-2.161346582149418,-1.1088740650304993,1.9707796179664139,0.33848036350964295,0.18140004593837833
1,3.9388503026493646,0.024792349662105317,-0.7830900848575142,2.2517583048423617,3.4626377705168894,-0.15541971120437575,-0.5291662694679327,1.8789232564375877,-0.6466447722489629,2.8584720413040747,-4.883915441505327,0.3015257977807052,-3.2210755145178362,-0.3090224697306515,-0.7137750265026,0.05137092078544024,-0.30302170594755923,-1.9227678637035401,-5.941421660778136,0.7678265787637394
1,0.3264760008235422,-1.6570022193270189,0.3865832631474843,1.6156256432959928,0.1352296823390211,-1.1429936307326005,-0.6763147919446172,0.47396614769877876,0.39077660986399265,-1.8801277590252972,3.4554601084641217,-0.8676407523416734,1.0814504185943439,-0.7837686927556636,-0.7037974664772738,-0.17928710297464506,-1.540455889743337,-0.05852207157986501,0.8197813419047564,-0.8646206820559482
1,-2.1826807524414584,0.601078913370673,0.7765404207909581,-1.3197475765218771,-4.300218912884686,1.5134124312914123,-1.9334476414525152,-2.131275671088286,-0.8372047200713824,-4.4281423802787065,4.306705670159288,0.981238852755668,1.7190472525935636,-2.866822290399254,1.1435751408991623,-2.2846324340371162,-0.45156619140631676,2.2249998818498695,5.583814086315951,1.417195856948698
1,-1.8491108417799047,0.511979897142526,-2.834281676900957,2.1100741139843042,-2.7168055531200874,1.8956397603304926,-2.476921392912897,-0.5234257985319049,-0.6870689118619181,-5.1241424242343125,9.14852498722538,-0.056264466233121736,4.708161227862463,1.3167865093246773,1.1327897035150165,-0.13424371654514555,-2.107189990689149,2.9845103071565107,-0.5868708884091957,-0.45384308020409186
1,-0.19888482540285365,-0.13725991273516697,1.6799863524658598,-0.262670612429524,0.7605192729157807,-1.1163518357974378,3.130669939281051,-1.122417955074566,-0.8756152952315682,3.1447337062898253,-3.6912352535802957,-0.30204798704502245,-3.496029674268664,-0.6520490302665024,2.5799785466387264,-1.1440983382636518,1.109091815030347,-0.5189533561808168,-0.05368709142315898,0.35713143931399716
1,0.34049859364938606,-0.1637449426406743,1.8738939231793428,-0.3254607553518249,-1.265947409711556,1.7381696887559959,-4.062454688860138,-1.1256142265134284,-1.5605785195197681,0.04143414814337211,-1.7909145781772116,-0.6226153160914807,-4.579858355383739,-0.9937205072955537,0.007674600923868305,-2.022298061321685,-0.5971030736626604,0.9082471678101551,1.5309811007788257,-0.03267475336216571
1,-0.9682140200715106,-0.5432068275885962,0.6130752360703919,-1.116164514527633,-2.599601303694973,0.6062197837681501,-1.4561450554218158,0.18253888628033252,0.5554282854751031,0.06406422197892367,-1.525124436549571,-0.3684291637600201,-0.8418653604644987,0.042270969046568574,1.1602661000704886,-0.8939438613723698,0.08069882523265375,0.5899179861721922,4.326810768572176,1.2273644736205709
1,-0.45880384065614693,-2.8853163058183715,2.845718208206428,0.42165310190450894,0.15476065070794115,-2.358491963845014,3.71341358743146,-0.4724225411521391,1.528196172233764,1.1204446115701119,-0.8252146281292531,0.32413406894049906,-0.4678741469670605,-0.06205467176451028,-2.285284584778264,-1.7576752944047818,-0.5511887042972556,-0.9529789157988809,2.9053841410270564,0.9429174417227588
1,-0.26032000911847625,-1.0135310206118655,-0.6887521918326479,0.12483344893700168,1.6915836956121,0.7321837316214564,-0.3514511704578704,-0.18437336765725293,-0.15259573789086323,0.8275530049055976,-0.9123387634049033,0.20770714291009634,2.60829230636478,-0.21640861634206607,-0.6900362180614297,0.19578079598673298,-0.44161351014147665,0.7849050492456083,-2.664236314532243,0.003506272433778379
1,-0.4948535119392415,0.8432985959144993,-0.711408005385143,0.4059323527168811,-0.9699865799362453,0.02970023483516917,-0.16044282137543942,0.7688753975655345,-1.1838870735941882,-0.710042629271364,0.21224045081546747,-0.44494641561967874,-2.7409450771557458,1.9185094751022673,-0.9698923891202126,0.579566925554498,0.4219508801252412,2.898060137120587,-0.6573856454582278,0.020911232637655784
1,1.5072064561250065,1.0287804839588048,1.0067127599706227,-1.2514806517540458,3.6071794513198294,1.5386691944542294,-2.457826253787994,-0.6892483583415385,-1.5134343670155208,3.3830800519530335,-1.7901070497790474,3.3692433662601324,-4.170349225795245,-6.115062420636888,2.1322396742444614,-2.85728095012515,1.1045479371863203,3.498002500761067,-4.127397075904645,-1.3009925736582697
1,0.2669684395469975,-1.1689940416539484,0.5175880044951977,1.1310923750276942,-0.15467723196636976,0.9658116681479894,-0.7734513925433673,-0.5912557485465351,0.7959641853682989,-2.7097010693902885,5.351765301714977,2.8121145364062503,-0.3635072398938141,-6.047928588798284,-1.0431646983884924,-2.2002132237730234,-1.2633925028530757,2.5349356278143627,0.12261486292515478,0.2101646909004337
1,0.6728064261658662,2.4442968162997953,-0.29563176964071625,-0.8394543962696447,3.232955607078595,0.642563435944914,0.9099613655213175,-0.6120129936694673,-0.9936397755049948,1.7265411160421857,-2.2611012686233436,1.3149412326073604,-1.1114127060520416,-2.9667303558860603,2.9106572644005193,-0.534606118997758,0.19388170113739464,0.7053172191903689,-2.5603005021126526,-0.8725627948572824
1,-1.8576417640093839,0.7739088292396892,5.577293229088341,-2.504918390662122,-0.9539145156300779,1.4839735843011945,-1.840633440298175,-2.705217548446155,-0.31888933039420203,-1.5076837604572861,0.03547791536259148,0.7831879261533186,-6.178518264182016,-5.075317999131459,3.1733502131173847,-2.994627725132486,0.040616783404586396,-2.524465731080174,3.4605227000204564,-0.1271757420375897
1,-0.06986488069117194,-0.24210282671117006,0.004809118218644395,1.5145110811507376,-0.3233729994083432,0.09619928541789018,1.5584753037898855,-1.0133542030661993,0.19649220592872302,-2.0529164045576502,5.245224374551268,0.3062564915345591,0.9548571848030707,-0.7195515526292724,2.1703929325112306,-0.30823354394884284,-0.4568433603744926,-0.2058506460111265,2.2656689054247607,0.20855651812771964
2,2.9845489996696424,0.4068431767150484,-0.20460979211962102,3.363923213360142,4.635890881053281,-0.37725708402845687,0.6489668935659472,0.8785978387872632,-0.4624679307040077,4.234686831304114,-4.497391142380645,-0.9869120449494453,-4.899581733962958,-1.5056293420264382,-0.05274269502782766,-0.20907227173114368,-0.714028324867567,1.2513481307309429,-6.512037131223411,-0.6976046578502269
2,0.14650508845814508,0.739336527000074,-3.5786403570899044,1.003650565088863,-0.8390247863726737,0.7895789993383582,-1.280624004026649,-0.6740441434599306,-0.5644731206731317,-1.6695438684415047,0.917796767244001,0.2815123561822671,-3.544450539184886,0.8767983271596081,0.04347891892965033,0.8128289383400216,-1.4215654986842883,2.546845020115543,3.7086980189315266,1.4914608543686145
2,-3.3011330513673194,-0.9813244854483609,-0.7242068739821559,-0.8096857876478661,-1.7673444524470756,2.0522550891695737,-1.8324997010095703,-1.4436951001697553,-0.49972293092298264,-6.0240934761479465,10.439986156929569,0.7533917198860558,3.0288170214585177,0.027437500478698737,-1.6075996649344635,-0.0007357378030589667,0.8148516448784556,1.1367601230582176,2.7148402174840034,-0.6679884286780757
2,1.0267789675987837,1.676840240511198,0.07785989647593172,-0.4032850830281684,2.355357113899162,0.21138295162759688,0.7184322314626346,0.7487491880423722,-0.3792360331883505,0.544110306570176,-0.5519599953773778,-0.6903643419606931,-1.1931450465239513,-1.0479181324717692,-0.214300319186055,-1.0392801733753276,-0.37341528037431587,0.3927377453694271,-2.8238297404485917,-1.2276721818808292
2,-3.0546943712612737,2.761873882084221,-1.6323115898828022,-2.1468121491588326,-5.389318690805311,1.7120320524069874,-0.9567804989222335,-2.424932297269488,-1.692584201215861,-5.181570745971718,4.8718949887936525,-1.9018933546513934,3.4757001724504484,-2.224702854236463,0.11815562878114244,0.8615149454392881,-0.19037836403650896,-2.1960775811008104,7.838159456982516,-0.14802357740775018
2,0.8754476243605935,1.5880133202559565,1.2566928785353235,-1.2747022805316908,3.471562400477736,0.43374177139464093,-0.7446807263145597,0.632898171186115,-1.4181526174118535,2.5404852091094163,-2.809300057985603,0.745522976477467,-6.738454307269274,-0.1935034361674547,0.26163662724711784,-2.148327330182891,0.2507726353058139,2.0959661645212226,-4.9742655835723975,-1.118120724804988
2,1.7978492572831923,-1.4226414570697277,-0.5211218985573138,5.32978477921006,2.8790956776199184,-0.09064254952414416,0.8755767351436352,1.2724257624088728,-0.017297415260581674,1.671910482552613,-1.0550233464302738,-1.5785357545731127,3.5487630364487766,-2.399962067336233,-0.692978411689191,-1.0149928897546374,-1.8420291504079052,1.894615650343839,-1.888116292185909,-0.011141752558977942
2,1.8436439863899226,0.6668711548255093,-1.8871543535608937,-0.04861195480071596,2.917221712873131,1.0327137088221356,-0.23710151031210427,0.009264999471967957,-0.5163152195032732,-1.2542419144193302,1.2469218209932162,0.47147004130849995,-4.408507377195343,0.42784719319950065,-0.13539983984340093,0.26632783446042607,-0.8161386041283644,1.1484717309778585,-3.557439122911576,-0.2640257554558069
2,-2.57408473496592,-0.4382616563684638,-2.515107899511578,-1.6460103520993943,-2.2292911062278336,2.3302488071025405,-2.233810780600074,-2.3575088023620983,-0.48899180388641306,-0.5894076114039808,0.9409834223575139,-0.3272919350450926,0.1537135760277905,-0.04458167482329996,-0.8451535224867291,1.300894687227713,-0.6628065883798264,1.3847915560189845,3.489349591227735,-0.2105686115005081
2,1.0041440337071408,2.1329563714859003,-0.4706231683033484,-0.31365645299705536,0.8142902573783614,0.31109842102945207,-0.3463183767653575,0.4745921204919472,-0.43782780359909873,2.8584504420507324,-3.121059311409387,0.7508174641838292,-3.9349796023752996,-0.5200377022993198,1.542965021133081,-0.09324893422093089,1.2267994463647571,1.018054865723573,-1.5418169959089463,0.39296260023946694
2,1.1034312528423862,-2.0265422978790224,2.2649792163369957,-0.1573356450307791,-0.06274924044773658,-1.0891183820624601,1.58042368153461,0.680803433032024,0.6543603951269114,1.5731499886475502,-1.7711616978250664,1.2034989738738542,-0.4158054394804452,2.250672057492423,-2.156478847212092,-0.20134447496798563,-0.7613229826402748,-2.884886534678216,-0.6356085686215737,1.6151045128112294
2,0.17752973516378928,3.2515575611353777,-2.8574021337157682,0.9777075066784667,0.18015261870667632,1.4468455630513684,-0.7040902955392658,-0.4806090923566421,-1.7518186014025285,0.6573782628112189,-1.8098410139929975,-1.9980785958962932,-4.748580280038052,-1.928588681598614,1.0897978512610964,-0.2700618546897149,-0.7802160273362112,2.9210980082541096,1.7401045304583618,0.12519900592755406
2,2.568732848928405,1.0246094293175785,2.334863257173705,0.8626533636550194,2.259788138710302,-0.45167969467222985,0.4008648113188235,1.2078688883831452,0.9002184287916323,4.950490705217632,-9.09913237518381,-0.556091877252134,-0.12227389391617079,-0.7949085503365931,1.4727364520327517,-0.8066178161275488,0.8098168570147488,-1.5724125387926287,-4.660439325417383,0.1888248725457379
2,-0.1317334400318457,-0.7550839154880502,3.5563314904194026,-1.2909037934501921,-1.8286168340159643,0.6153992661312354,-1.6463507084448439,-0.9771486725504736,0.3892207431096703,-1.4473126031595742,-1.59468500771743,-1.6050162564147927,-0.29774886718448956,-1.845277576184182,-2.864814980083594,-0.3845240472449733,-0.27894172854874255,-2.8200582733937587,-0.7334049499476046,0.662881624059957
2,1.826221466038504,-0.31394913474057073,1.4270864044986575,-0.983886967366648,3.962654640961374,-0.5100023274102421,1.7636362228481375,-0.6654385958041685,-0.3487135566901913,4.37430437111269,-7.88623195401338,-0.3956962751016749,0.3620643215732457,-2.231369529555683,-0.14967718270396593,-0.5875513277305549,0.5712434642113063,-1.1472396516313927,-7.27210530003423,-0.8114238745216976
2,0.6579241822226717,-2.524687615003623,-0.9013207415510492,3.1626330368040017,2.7809502085563444,0.29935162901402923,-1.4581186234968169,0.33541925185258176,0.5317066891641564,2.444019110774945,1.7354643702027315,0.8512426215517537,-3.4735430615809815,2.135915368904336,-0.742588940459696,0.918517306483506,-0.9605069179852421,-0.9736198651766325,-2.382177206046212,-0.6373305233168478
2,-0.4302274934990443,-2.316050215845805,-1.0085183061005922,-0.13885339017603024,2.5673426159053,-0.4337427074986416,-2.969583613175058,0.08448829024951988,0.7976469004648201,0.2754295242291417,0.8242445398447332,-0.343534762654699,-0.053513021900967135,0.5357725577629994,-1.7814027920536917,0.4094467477981566,-0.746344033256866,1.6647329743800103,-0.8806221008496184,-1.3679181841406967
2,-0.6956961698465441,-0.9652015317558013,-1.0541608217643383,-3.3962486646179815,-0.6484995283762589,0.10175477865979317,-0.727836708249556,-1.0878898403019095,0.01338305437027773,-0.1732860987196833,-3.360808442086279,-1.7734765918449342,-0.28480974844862833,-0.6096702649592098,-0.058801918501970425,1.4376708153920288,0.9668663263847308,-0.5735177292863496,2.4807667921168113,0.29787461677328864
2,0.7898670358144531,0.1834033531480738,1.6189578246108463,-1.5575658488902149,0.9199885085826833,0.8360040996206651,-0.4864528079366993,0.4829750651177561,-0.09905022543176074,2.089551444010513,-5.197643688053464,-1.4194431609592875,2.963501648697375,-1.4236223597717206,2.9069029435505453,0.1731465604505832,2.4275420042042772,-2.9786473339274093,-1.8439815109691007,-0.614572164138196
2,1.1843318139793226,-0.04287090151081385,-0.13210075393930407,2.0096688885293505,1.1537271950391983,-1.5158348751108766,1.5787624823088748,-0.387653098449941,1.1788032523836585,0.31142537051846886,2.3940351165123057,0.6307948751979552,-0.7047531148215359,0.9082563178572849,-1.6708291349422948,0.17271634356012747,-1.4324019687805392,-0.3785571934602227,-2.028668625416699,0.4468069420038416
2,0.693655358306041,1.215286390428697,-4.06819395265139,-0.08116031147641396,0.5930460161523919,1.4570599587261568,-0.07557813366513655,0.0897079580626231,-1.328835227399145,1.634930355058619,-5.116950070075688,-0.0736475767525475,-6.52164632623053,1.8805398561904318,3.640657363507034,1.3543813191417156,-0.4883561928860482,0.602041204477725,1.4122886332127234,-0.1326847481777027
2,0.6356822244516411,-0.3137647799075319,1.9162984872170954,1.5980356258560933,1.1175877894234847,0.5250483850959902,-0.07153436358578694,0.10202573444934317,0.09576057246751946,-1.9707676939415122,5.398872483370757,0.5181106942377025,3.2668338092051727,-0.3059310320286578,-0.547968711134026,-0.24716298905197887,-0.41645292662378935,-1.3646570102822613,-1.1790453912054295,-1.1616432602679485
2,-0.24085817638886747,3.475828814492639,1.8626418855018068,-1.8684779034692072,-2.217823326011631,1.9892892683693626,-1.1460288641784966,-0.43887205014593633,-1.0550238169946946,1.3792051166594674,-4.709089054487754,-0.8020167954285667,-0.06863162151665418,-2.0924507713127722,1.8405707884945808,-1.1715136901525216,0.520565534191414,-1.7110742336113816,1.6804677190655593,1.7321125592408222
2,-1.102003682782731,-1.6269686207254244,-1.5189306182264002,3.11258777067454,-1.24182674734341,-1.7960837654712496,1.1740102597302307,0.30169075640121606,0.033932153526290795,-1.2235904703231366,4.3605816167666465,-0.7428225440959225,-2.8079890301602854,-0.5525983179686101,-1.4296920798678823,1.1875568628815782,0.25713344137658156,2.0581069019400697,2.055750024636884,-0.5806904865627375
2,3.4360588736786157,-1.0304790779445352,1.652336043982208,1.427163206965364,3.1120678052305477,-0.11555119389111196,0.8372447554997408,2.0693302399479565,-0.13012528557834516,3.6492226248655752,-6.460402064609423,-1.0399238020792505,0.05337447686674534,-1.0436065143827589,-0.05520714344141692,-1.6174152481118922,0.29098866011563207,-0.1759455576224079,-5.188571414940098,-0.4235429167700839
2,0.20927874903220414,2.3174972527159277,-3.8736930317739007,0.7703289996115421,0.13906967918346785,2.693239778061255,-2.381816834308452,-0.29502184196859726,-1.7859085774632701,0.3943645973335108,1.4740034990102437,0.3114087772136155,-5.463501795957422,3.46228609641669,1.7348091269825179,1.4777111571713986,-0.7481095186244797,3.1441006470772503,1.774671579239012,-0.8619753422925017
2,-0.9820965875040198,1.3306431997841621,-0.07258702695537061,-1.4087701970823394,-4.895787865434449,0.9045549261523058,0.3640293772723507,-1.5087805945422732,-0.005160441980513761,-3.8914503119402344,4.415318396064813,0.38999644558149976,4.103967637997308,0.7415569730678855,1.0305694426218421,0.3402550731004547,0.02815337254847579,0.6622408972921959,4.472643533139826,0.8302047942921986
2,-0.06603836219536485,1.323706996330118,-1.0604499870704465,1.1878087606727725,2.7504983116285784,-0.4457899367094411,-0.23994924593542902,-0.9406311118760827,0.3025040187382898,2.022663385699486,0.14244862069414252,-0.09832692809209843,-0.2688262165721426,2.0114537857136865,-1.1529712686219609,2.307066401990265,0.13558879817165567,-1.7167345146674389,-3.929854761594849,-1.3097955258130973
2,-3.640390150584905,-2.352779113422276,-2.8076412179409034,1.139534588117936,-5.493727951238336,-2.242299913380374,1.7161158257804814,-2.365715711212351,1.452256956027203,-9.7456459973966,14.451445464574604,0.5102892579196836,8.137430859012053,3.615060007823313,-4.37452377358464,1.7856350250581463,-2.4120032275385905,1.2395736984955796,10.018205762059019,0.250335144674313
2,1.1804568197906626,-0.16168938049570508,-0.20559642971071512,1.876189170492591,2.8778964244319343,-1.5146734177991763,2.7250555241113887,-0.4717623025076648,1.2732757407312771,2.072429192314212,-0.15371115893784992,-0.45517409696626643,-1.209327921791931,-2.6469277227221575,-0.2487020293716215,-1.5561709285424632,-1.3845351260856942,1.5628495231456019,-3.842010356242957,-0.17549430932426646
2,-2.423086259143963,0.06988250176523776,1.0465815293290606,-1.9508399249225634,-0.30600951945257066,-0.7100138121521956,-0.6254834162240668,0.33040315682655297,0.5813423781143986,-0.13524033225339605,3.304841629498741,2.2652533192386675,-0.17728346322751046,3.0447267357124543,0.40327965463573096,0.08628699530448883,0.31483142940423087,-2.438535898923515,0.09867665997029822,-1.0485157510178145
2,-4.436260265369232,-1.9351806877893063,1.0013847860995424,-2.018418533995938,-5.694187274255586,1.2971115496708703,-2.9581752957225005,-1.261115833424161,-0.35432184165677405,-6.219074575075963,11.315799007725477,-0.4771529261237258,3.01247247007676,-1.1245868866190587,-2.391988160233832,-0.3642575789691014,-0.026319281112382423,-0.8089241847126052,5.093094615564797,-0.24693033324310876
2,-1.6501635601790436,2.6966018315628255,-3.4514418201353725,-1.2674738351657102,-3.8391225545872807,1.348709138668124,-1.2926694369882774,-1.4061926247812988,-1.9715088120703388,-2.5265652596160013,2.786737171002952,-1.0019468425150944,-2.9474700168601724,0.7439950248969004,2.206344222125234,1.2898009872396936,-0.0403394763892511,0.32714442504702695,8.110203966821235,1.1597095383293745
2,-1.3219894020912768,-2.2992156588716552,0.9874518432320838,1.7963056432191398,-4.061504618174352,-3.5933301682697323,2.5481662253004957,-0.858854366571411,1.7218710812000697,-3.6859584169792496,5.3303852484901855,-1.06809857960322,4.683169463738834,-0.4894528784818606,-2.9290583444169105,0.2653922026152923,0.5460523931725891,-1.7515816445518586,2.8600837951557394,0.4631791506692969
2,1.1686814360573101,1.6238621473217667,-0.7795067766112755,-1.7305526398538609,0.2721472183656813,-0.16250846701491325,-0.9168519651043644,-1.700717538644151,-0.4576087480680514,-0.5402319728292514,-3.4629639169202826,-1.6049052708496185,-1.7695556312501883,0.9162004952406777,-1.0108126010680283,1.1698619929261211,-0.02595442489562204,-1.0465108959468725,0.3902579173641609,0.22437521438872118
2,-4.247583158433439,0.27392016502398664,-7.276743273375277,1.1626684791841757,-6.679553857854953,-0.48053964577302877,1.7064629201154815,-2.5035032487246878,-0.4495523897142444,-8.415012957979018,12.645561868857325,0.32829023595898427,-2.6858255748519637,2.0506264811292754,0.679860871489454,2.1873950654479444,-2.284670971626552,5.018601101314814,12.028195461828407,0.7732859570583962
2,-0.5657376923924013,-0.2807562834349446,3.3715023253569854,-2.6450050465815234,-0.0799687556375336,-2.3756427330385974,2.001625221513015,-1.8373548964630608,0.9070899168454318,3.092592723655321,-4.498830143661266,0.8438054541689662,5.201730887999823,-0.010874212715655491,-1.8804070524777148,-0.0055362338782415366,1.183071938166034,-1.553800874288467,-2.284264862846942,0.9951561301104703
2,2.4939084072996636,-1.995355447924986,1.8701972680324361,-0.4734025002995358,1.734944399147227,-0.37681814310174094,0.6991888756109905,1.7436647777064034,0.5458194461577143,2.2046286052403428,-6.155335065464283,0.518333109644796,-1.3236442019286985,-1.215423519202763,-0.6449260230439195,-1.0092119349594895,0.6615409418327501,1.5217799215914654,-2.4281681062815057,0.3236210514351433
2,2.3744140149409643,-1.8288898448673898,0.5337260195742208,0.6021559306715601,-0.45703838216690584,-2.400102012057781,0.18896660877958174,0.32898604013386884,0.9653096891232937,1.2696510440646414,-4.51009409381808,1.075080238395555,2.5658760326519596,-0.13512444195217788,-2.9878285646551572,-0.5285962306871032,0.36784547941048684,0.40063525810394884,1.2224373148823153,1.1695974571057628
2,0.1709444293966463,-0.44786511473278495,5.098661003807707,-1.288803037487499,-0.17746262311741606,-3.000653286725438,3.403236222500486,0.5302719497151908,1.2616094153247666,1.0036475070585136,-1.7381945623706536,-0.08575998793069077,5.078333733338924,-1.1467426903591467,-0.7417909667463022,-0.8973433065028008,1.930577995384504,-2.688553253827369,-6.191003380250061,-0.6081234663491637
2,-0.5086428911505366,-0.04084222914713002,-4.177108551373924,-1.5066276144082453,-2.6610992310013635,1.710344068294454,-1.9938704255880588,-1.5968976395994376,-1.4391231963169893,-1.301255439742334,-0.3081778276591337,-0.9922541965142158,-4.903749756296345,1.8517521382266826,-1.8073175112214646,1.6872856185097618,0.4135834403894722,1.8956556613821922,7.270371127549775,0.7437808959607305
2,-0.007197375952994993,3.4242830002788818,-3.786178109995072,0.256196253886415,-0.5840531331940352,2.836653110324324,-2.533055840672467,0.1379871614200682,-1.340902604272972,1.4484676967633237,-3.945041089568849,-0.6964823581425131,-7.245343993677295,0.49483326801434924,3.77892929572748,1.1729807853808683,-0.8028230947590318,0.9938360045627843,4.296395824960191,0.8227521400519413
2,-0.061387978909368694,-1.015569126949732,1.8465073385843738,-1.7528856102399046,0.28999856024946913,-1.4895429530844455,2.0121332096880153,-1.051514515583089,0.7178714319235179,0.6886076423203088,-2.3343287081508097,-0.40524660742408464,3.360983873499177,-0.40069605350227316,-0.8550514701430322,0.0037131940023118065,0.2864958171373169,-1.5232507290966024,-2.0834883506751334,0.01988149419867341
2,0.8983968239985208,2.4963553514445382,1.5901220285717153,-1.252431684438257,1.5638504765951202,1.4901767749734678,-1.0002387025081831,0.28007470407756957,-0.04590140132542372,1.4463881494856188,-4.591597119437713,-1.399462029409702,-3.3749711994076095,-2.3746783845789383,1.1896209982256054,-0.632733994909855,1.1437196950598063,-0.6871475178055376,-2.861660505718063,-0.0374336178446488
2,-0.15975871392115398,0.46300596725747806,0.3304127626248384,-1.8742685479528651,-0.1433678938235815,-0.31811380780794707,0.6493033436193878,-0.5959647281676268,-0.26475551453508483,0.7470321376945556,-1.9984554928750236,-0.1799108301566065,-0.8993865166942032,-1.5246427435527117,0.4445238004005544,0.18376981191607988,0.1220828273844003,0.25418225750479184,-0.47437476642023335,0.009047514973614765
2,-0.4157156085565631,-1.9787073991354414,-0.830640367452781,0.6391145035694508,0.03615532890759809,-0.5387317753054777,2.472850605646547,0.7264019752138845,0.4096583184614185,-4.658108205580641,7.834146272947585,0.25214755903097913,-3.206622926848399,0.5393307492358531,-1.3131315009791826,0.3792839557954167,-1.0668182900963004,-1.406921075589497,1.9999553375403487,-0.9310512164289391
2,-2.3993411736751464,-0.21502194232007513,-1.4251512259990617,-0.6069949967865539,-4.955685987859817,0.11005357153074834,-0.8454813748346853,-1.5232082878613584,-0.2403081669542845,-5.902332440400568,8.950583927939133,0.6876832874127715,-0.2202097225734619,-0.45076782857488146,-3.524308173879769,-0.36638732885060926,-1.2769111967667248,0.8999220462634689,4.418867130856946,0.07267065112757429
2,0.8634490776965973,-1.273935567064954,-3.2053013543247038,2.6232181628509084,0.5422466046681925,2.049068366183418,-2.801984754906064,0.17112537780077447,-0.9390335452828159,1.0945329161133521,-3.0703548185543514,-0.955656625755277,-5.106408688192181,1.8479502483959758,-0.6600286182080665,0.4955644601760559,-2.292326358239812,2.939429799144477,1.663509183764711,1.17017677204132
2,-0.5882140398031764,-1.2745113906130037,0.7484031343524163,0.1545086669411953,-3.6458967824130557,-1.5577608964192466,0.5655734026583411,-0.681877643766734,1.289854735551943,-5.131419022569777,7.489344005241297,-0.15674287312859073,0.11133865191380414,-0.3031548291166884,-1.8350445906237354,-0.014897506661589663,-0.9941461675240195,-1.3185416328458015,4.478872923556877,0.29974457395488435
2,-0.8161258084026533,-0.27029864702349926,0.6682926596928486,0.3461147819462425,2.0009232857800225,1.2402859751747024,-0.06508394567468115,0.7137744112934192,-0.09885871838063617,2.282866193577303,-0.46480206245727557,0.3133211667109919,0.14882768267615457,2.0426163174693364,2.637709366944377,0.6854051687434969,1.2472282208107137,0.6609176209376929,-3.534690300944996,-0.4551487965536638
