,0,1,2,3,4,5,6,7,8,9
1,-2.372541891895751,-5.491589293012451,-0.8025244579540725,0.40686998486483306,-1.9153469768416522,6.178451240141224,-0.5137237565309589,4.016708217363209,-0.22901323877014204,-2.9004722275480126
1,-0.3808759998522224,-0.7611378893943173,0.057309217289773326,0.14199760633992822,1.4072010179132772,-2.6647525993274304,0.48986783198992245,-2.547186811932962,-0.58522585725047,3.0985137192810477
1,-1.1298075493175408,-4.721718555105073,-0.6261151901040067,-0.007930188106627363,-1.0163647451725142,1.961683705915062,0.14455625319018592,3.4959610610985603,-0.26482544561213384,0.8757541328607721
1,-2.2239680479451067,-8.127048625285799,-1.3139070222833824,-2.2719984034490444,-2.077637612433319,7.212337345156354,-1.104566300818965,7.385282772117269,-2.385771839076983,-1.679493510438965
1,2.9303559058328053,5.075784578740681,1.3585434121611581,-1.1223918721530635,2.4030462412349403,-2.817012979728469,-1.9696110101695827,-3.3958915178619953,-0.8919032594261125,0.8556866683457506
1,1.1844870354637125,3.85938896450762,1.3281592420298807,-2.173504337273928,-0.17927664609184185,-1.7998407678913222,-0.017591232828540665,-2.3514328596304224,0.40976427261533827,-0.7815806574276862
1,2.9311518923867106,4.860732759872006,0.8262802646678044,0.47611746671359434,2.5773349902362255,-4.502441011448176,0.5243206922887694,0.5769522535949093,-0.5711113853332844,0.5961096318503646
1,3.8533716921005685,7.132693585929995,1.9105728029383147,0.08825661975836487,3.1743286669886435,-5.698552725327828,0.40898822362737425,-3.9140058103958935,-0.7555508242369201,2.5433977335895466
1,2.4059931644148995,5.021862579787379,0.6754967284127963,-1.3408062749960123,1.4936102025524305,0.046292016955765514,0.4206964804446052,0.13608172400947294,-1.8507928911325657,-0.22847717433983433
1,1.1917623973893772,4.8712703311293915,0.813838259957767,1.2761717408720452,0.8988692212998042,0.28614473754623515,1.2415671687505092,1.87743386463021,0.22346081031133275,-1.8948147268028697
1,-0.6898875860929607,0.3279756056637169,-0.47934821928704696,-1.380523020817773,0.8303333613332979,-1.3605048220840184,-0.7663454486696579,-0.5277385165797052,-0.24168989192911103,0.1718987373579131
1,-0.5384806647624888,-2.272138818558687,-1.3826734540181258,-0.6529246233192565,-1.2431838097586432,4.04476517940292,0.6915909347130941,5.416977714668507,-0.5552214546619538,-1.8086061679915681
1,-3.891053155457473,-9.699619855162963,-3.370664024996132,1.1804077921692766,-2.924163897914209,6.9210992255425525,0.9194418976500611,7.774274109805785,0.8079570691129949,-0.4067859739875023
1,-0.1323222360164042,2.280880659654829,-0.027939330787271274,-0.17528024473941345,-0.1528127726282168,0.9705176572102877,0.9528154685273302,-0.7860085271433292,-0.08449181984332295,-2.4435861956442335
1,-0.9268044252506369,-2.155297964804253,1.376343793438951,-0.5848816615412576,0.5612078796120107,-0.2012443196454252,0.6418477229763583,0.16204822946533629,-0.8204938608802117,1.756957394546377
1,-1.7424376945288889,-6.592917396017896,-2.168212659257357,-2.7960950476962623,-1.2123581852666023,5.041778949639079,-0.39408696543286603,7.674352730362215,-0.4582195203138047,-1.0366400504042013
1,0.027045971656768624,0.2251101485920826,-0.1328995961525095,0.805919893669932,0.02676751731545307,-0.13247331346850394,-0.2195836295434473,-1.2076056350908195,-0.647342287323987,0.2846419289607972
1,-3.106418063362757,-8.965478842486737,-2.721064730256157,-1.531272620999974,-2.7435624443879223,7.693269358564996,-0.6501040754130644,7.408339668019257,-0.26137681442920174,-1.3158645261858415
1,0.9138854928333076,4.807555047148667,1.86665914824474,-0.5773325818308636,0.9922895629485677,-2.116443285737642,1.272404124209541,-3.4869131962063213,2.511298152501494,-1.323923922696131
1,-1.9272344484735189,-5.950917741028687,-0.5818201460866594,-0.4903758031592488,-0.49622677663779835,4.00570052792626,0.17330578888101036,5.431486872700669,-2.693082739513011,0.38114131936769635
1,1.6035150987897078,3.7896881960083677,1.2082604095452465,-0.4860814528025723,2.7300257661367415,-3.0350633412502903,1.3535136987006515,-1.6103520738067216,-1.079048424909975,1.2076481111376633
1,0.9640763890586284,2.723359795522232,0.48659072579484347,1.1670234055619366,2.766788121929674,-5.040571606733469,0.6123500279991341,-1.9596923493732281,-0.7458329892218882,4.330590225731637
1,-2.8384950519262135,-0.8315096990510997,-2.4982910735879167,-1.2781446556143634,-0.729534992496735,4.226635723864657,1.7648592607546743,6.881765379209273,2.049184512316633,-3.150707265187794
1,3.0659019598386097,7.081494985214305,1.858332709739863,0.15067862586699124,2.0888293928438046,-3.924813056145475,-0.8341247392228839,-2.396154507560833,-0.4095278461770909,-1.0589915998181194
1,-3.3377668631919493,-9.893452553580582,-1.1460592349721577,-0.524851626226055,-3.6748511300122093,5.680007493929058,1.6790335151513491,1.4150779747278213,2.260693532139049,-2.149704482850746
1,3.779416854482605,9.829238066751763,0.8374072476115298,-1.1621629247781158,2.3124783535355284,-2.1214373604083483,0.9579605646258504,-1.3818612948288957,-0.6037153258067868,-2.617926049827356
1,2.3053106407856214,6.733208722955293,1.1631610203451084,-0.07513636157838698,1.304396480220868,-5.569727092292504,1.2010135210974864,-4.858279550559871,1.5383071804710462,1.0720209679548713
1,1.2854245354783933,8.155975414663784,1.9157286235327993,1.4439618620571688,2.537676639784844,-6.610085543812027,0.21458159908753782,-7.850609662441441,-0.9604339206842779,2.2318411456647493
1,-2.4986176836025042,-5.877248922773315,-1.6192116138566386,-0.7735442029323706,-2.1691383455493303,3.8239430786551134,0.6582826529364119,4.716843768186752,-0.6096166587929416,0.32831194742761405
1,0.40648987520266733,3.2934065684537925,0.7470746292917099,-0.5121555530926424,1.2414484402917414,-2.51249388748396,2.185271228725752,-1.8371311961624148,-1.7397593531700364,2.4163405619744576
1,-0.9478878462075254,0.43808351525553013,0.8082682976555879,-1.261510222344019,0.306603995167826,-0.4578727311502221,0.3618241751439585,-1.353836743178315,0.10569653018838901,-0.2747953093918587
1,-0.9005120603152535,0.6287681763323983,-1.1317585632928846,-1.1155049022724015,-1.8317419171180753,5.18999966669592,0.883700291497739,6.187752987245686,1.2333269173983448,-5.544162599791318
1,-0.5653577268651269,-3.33238154682614,-0.10074865835119545,1.8400304519904065,-1.3041539070911938,-1.9499429315736587,2.081397177095504,-1.7987785564840553,0.22428974907424873,3.710714069413428
1,-1.395889783909385,-0.554115179309504,-0.17073579547220555,-0.2104789189691044,0.3315727807168566,-1.233370127810081,1.336101610935998,-0.8641197374015498,1.7296103658071258,1.0898443562474691
1,2.109867943972701,8.93674595016086,1.1805847471104032,2.3836780924789673,3.0834306233406426,-5.424944809134893,-1.901570259047294,-5.149288116858712,0.48255774437330223,0.04029994164318564
1,-0.44915365795312084,-1.0433321174283454,-1.3806023473898104,-0.12887491958013794,0.49608837331004146,1.4496130599473176,0.594597565541191,3.0641498666217535,-1.2016398133144617,1.052280259531441
1,-2.0826060045532713,-4.229751690344521,-0.7949325915652771,0.12417705522618479,-1.6258618390296309,0.572769881764772,0.5165203840266707,0.05441414287442405,0.046154940192683985,2.4604611321153165
1,-3.5762436092775802,-4.741875880519127,-1.272750108213472,0.38871532771677486,-2.297664648010075,6.247879145176949,1.0268182863965032,6.503057731232396,1.217972139521546,-2.8291872742428383
1,2.1125324741678844,4.407757381386982,1.3211761389551513,-0.6498768454756342,-0.04623114481102075,-2.6576710242554826,0.8066512441738701,-1.5940256417796719,0.2281094362060957,0.3685972385225438
1,-0.7588579322470228,-3.5709221710433496,0.5553292317640296,0.6869095769849727,-0.6494472057182934,2.0403809748859274,0.6215625785418448,0.5688041701283887,-0.07155085231813968,-0.7913362073173411
1,2.869997427223299,6.807623632893176,1.7036184061816817,2.6317447286602214,0.5826867092303597,-4.648939919728838,0.8865636939763718,-4.807068943213745,0.321588554873924,1.4588718065613935
1,-0.20538001378391768,0.5736526936693847,-0.9726618789890835,0.10430453864728154,-0.7213366566115135,0.17620086167445834,-0.13679352992699484,-0.09349123604640128,0.18021550624457047,-0.12286685419936169
1,0.07039717935064677,0.3120104854231658,0.9880824984732176,-1.3398448291152467,0.523236150881746,-1.0487619525046745,0.013087786613224656,-2.8304666481222056,1.0546300755671756,1.2708934790613817
1,-2.1965495464607647,-7.062187733879193,-1.5966573688385213,-0.6744048760766934,-3.1640842911907683,4.640865808265043,-0.38737464105333175,-0.6437851180584468,2.4595776990961062,-2.175845311440321
1,-1.292672041405416,-3.4818551413260113,-0.0671149947171426,-1.73407171058205,-0.8191994717767523,-0.21412395408675128,0.7119872532175844,-0.1579232813157353,0.33903335361390285,1.9866555898882545
1,-1.1883359726356688,-4.084555403931412,-0.8745449266034123,-0.47159824707927733,-0.9632109440807792,3.2031542080686606,-1.6428807208612257,1.1260802762840256,-2.1702360122129924,0.15083420752220877
1,1.3620738535359402,-0.8309688922917432,0.6972445977157435,2.468631305325068,0.851510935359975,-2.889700302991878,1.0199301263668377,0.4936833956965101,-2.1318247505286183,4.380512232700554
1,2.3282176499638876,7.381833788331016,0.7834024819542458,-0.6494187381928329,0.9275631747445381,-1.751475204086498,-1.2099694892912782,-2.466863572559678,0.7227600521238667,-3.811073201804094
1,0.9171873743450447,3.540306837931387,1.0069734098152676,0.028990664729066876,1.0913603606399231,-0.37995519495371854,0.18272324481326813,0.6595744648891352,0.9856634682916618,-1.9011782107658959
1,-1.206417991012331,1.4924978391130275,0.1803601185190341,0.000230289059337873,0.8365986627988933,-2.5160055334915787,0.2625360209463435,-3.5696229238847628,2.0382338470293377,-0.014931013110558514
2,-1.0477351905479162,7.086842155301312,-0.39659355868912827,0.34896006432271204,1.4989758272534317,1.0364250294950947,-0.134284338046883,0.26661712090088474,-0.3021644868889394,-3.315084863035285
2,4.536394674877027,19.062524220754938,-1.149729851137065,0.5357795981084852,3.5416438738618568,0.9576237438737072,-1.7198465565866077,-3.5658042231133202,-0.2544034698649945,-9.383624660675867
2,2.0842430851613454,14.635309825651369,-0.6875634773717543,2.7021509490447935,0.5598180273318312,4.141716380295639,-0.6446457823386096,-5.683980103093281,0.6214240332261063,-5.134090011317048
2,2.8175716057315343,20.629221875519992,0.3363512953722784,-0.713724267413625,2.4817887702800947,4.14952220880152,-1.897010735421564,-9.201162147264238,-0.5532641290709492,-10.906145863399543
2,0.906297361013811,13.753864403668732,-0.7993342306948786,1.0254406468080801,1.8512678774856484,2.939012838038363,1.1760711229483272,-3.8068001154958853,-0.2961241926336222,-5.556446334095958
2,-2.2844926460717923,-16.195056464175035,0.8274079170929336,-0.2507756086312631,-2.0899800679010383,-1.909959495763326,-0.593102751407926,4.202187966744139,0.15531709673613425,7.789514041614916
2,-3.6052937014721396,-10.535028554784885,0.5645445439936759,1.9977438394372646,-2.1046158094670737,1.868399672298434,-1.6658599905673055,1.096085539590758,2.596472833386731,6.625808796424044
2,-0.9790079432768669,-1.8050660865689372,-1.9966460180199417,-0.2859051433983247,2.766725073858483,-1.8377263530417876,-2.036712416246929,1.1385608546582227,-0.6706900816226483,-0.9229634308956404
2,-1.7584592543562794,-3.0908282119653188,-0.4954994679793793,-0.6870518882578099,-0.943430688062588,-1.0632635986193189,1.3578196741883255,0.40589113580797254,-1.7509037411809854,0.7606011414590604
2,0.03551118012870339,-4.128842919207257,0.5954858271416821,0.09201614119833504,-0.5048172824475623,0.7673269024837915,-1.7841136794383783,-0.3074168871849372,1.7306653007286292,2.650212436686208
2,-0.9408623294901632,1.5311580922441623,1.1477936936961217,0.6145730246623462,-1.262432556105414,1.8063087633157893,0.3857931804484307,-2.166797761780727,-1.8130829133521988,-0.9696020202482901
2,3.985493626003534,25.6852921890206,-0.7194048564335368,0.7927944644970755,3.3344616631931308,4.927269723219743,0.13859267672311895,-9.41372191736431,-0.9153804348130745,-11.988602564423347
2,-0.30043639714652276,10.03534110418753,-0.524305528931837,1.1830863612092317,1.058965071183023,1.991685339715883,0.6378950697295644,-5.183325755229849,-2.4698194167857563,-4.841837489985551
2,1.485353643409153,6.202693647349847,0.6435157804320751,1.7105888255504527,-0.5725601654260684,1.382733951746369,1.095274289849517,0.9432857866522055,-0.008324987993720587,-2.8399596761378985
2,-2.173988152524262,5.993410691692329,0.2489043083451923,2.2456867506138347,-0.21142443606556205,3.2112039936932804,2.3943089509865096,-2.17796993455301,1.3064980616433304,0.27636838876371855
2,0.538484321435611,-0.5313912299074818,0.31215972506637735,0.4954858727711377,-0.99250923856493,1.7566928360913294,0.46500442688762345,2.2113876237123167,2.5647979484622114,3.1391768239796707
2,-2.4148017996956734,-0.07355824336749345,1.7442295562554857,2.6984215861877936,-2.0188312960491954,3.8736476314040558,-1.086199888772029,-4.585828759080656,1.1111400832378853,1.896373469551818
2,-1.1882458957418105,-0.4732493683902438,0.3780459827108032,-0.4707951999990489,-0.7369031550445904,1.5169327474645018,0.45641717909953855,-2.2131520409061416,0.16695969754964388,1.205301404972519
2,-0.5391194622752193,-0.1756338654195613,0.11410039085255631,-0.5754163584805159,-0.4376840043088146,-0.13945985836302865,0.37953861479926854,-1.252794238260919,-1.3682780199362177,-0.7396680495663125
2,0.6340863377031977,0.9120843005072422,-2.4497403951887398,-1.570709120092598,3.487069220582999,-1.778444403827179,-0.8193717884815297,0.846432141026715,1.1969430921995838,-1.3936513585251502
2,2.9135567723539855,-9.314098913309866,-0.39021307873295435,-3.5672055228072663,1.2923993046393307,-5.995439677831755,-0.1967429938027359,5.805670022926956,0.43398340588007234,1.979123215732222
2,-4.940744901107015,-17.07726983531931,-0.922145007688575,-0.3324341797136761,-0.7492620413772504,-2.3454592265185905,-0.6297944005643012,1.9599296326320665,-0.6691155321987811,7.652593104184369
2,0.18797922737399952,0.1504124788756582,-0.8879806058824808,-1.421073325170577,0.9553667080901129,-3.3098380503883313,0.7163981635772321,1.720022560296698,-2.091870115252734,-2.8562499551810623
2,1.0087994054610128,2.4240588786676915,0.3151979584627187,0.8295221641284034,-0.05439115302615734,1.2822114376202445,0.3566108449528229,-0.03594569977862463,0.712164506705725,-2.064121335775106
2,0.7698337554598076,-13.621716162437279,-0.1403720879266956,-6.533596535066074,0.8258101945533882,-7.418640782863514,0.5971368321745009,9.862879725633597,0.0191858255475174,4.5968843587078085
2,2.6182690216440276,5.863940327320948,1.4126539925267705,-0.035515427759000504,-0.8421175819403751,0.6252439713408771,-0.27739202898445225,-1.8588174314482295,0.1101876544581834,-2.5405768868790157
2,1.408267123086955,1.1024850093097758,-1.0842343515382349,-4.797283656370491,1.7576103908448604,-5.611419266262906,1.4613408910002565,6.243065418287433,-2.8339561673864178,-3.167587335794078
2,1.9295722068718206,29.80136625394403,-0.7156306732084662,3.4449590133275647,2.0132060481060123,7.076123719828429,-1.8580569682801713,-12.959253878087726,-2.3653457771251523,-14.994478469307248
2,-2.1163351405345088,-21.9728517943735,-0.04149448822335372,0.027380313890513205,-2.7127792952525023,-2.865447319491694,-2.551768530860612,5.427974224762584,0.571317956738718,8.040483698705717
2,0.5625316569604113,9.037626765066344,0.5530510798781477,1.3951475250246042,0.1567582172167171,4.256340412662719,0.263435587387757,-4.9266861819522765,1.5421478780328948,-2.794991589569151
2,3.806473404091109,36.83905017626961,-0.32730349418277144,4.537268130568846,2.30093479883042,8.14747392177238,1.1772954829178772,-14.41118618281971,-1.710550350613339,-14.579191256182174
2,1.2317444664117354,-10.855697916258258,0.6798021204845228,-4.7038179432753,0.6039645683780092,-5.002785156057642,-0.6923279659959145,3.619519480421443,-0.2829496926296077,2.866434662099002
2,-1.7600188550010496,7.160248559846967,-1.829673490839399,1.9834651093870135,1.4527464601962703,3.090796824790253,-1.3296780064577254,-6.151709598899673,0.5150121749778526,-2.6958679910076433
2,1.2571242591967662,26.83216440874573,-0.02805905948623616,5.489527420161165,0.7145436520904761,9.0081843253635,2.306256846666577,-10.805732529927303,-0.5290954970628576,-9.734818874397051
2,2.4347122473792533,9.863216348449942,-1.3455931650380377,-2.713768036955484,2.9153596464545672,-1.1801938176593065,1.5265016864579442,1.5041043121518884,-1.557460495602574,-6.770880915492469
2,-3.2812094378846832,-29.610905470493986,1.4681250505904686,-2.456496302243867,-4.218237393622582,-5.812416982276531,0.80074068470671,10.297171984012202,-0.49397647819388846,12.566544153105648
2,3.711273733592136,11.1255678564875,0.4910466405834629,0.12371788723461644,0.6974855312607696,0.7785948962632278,-0.3355970699884425,1.1220653632511441,1.5710085885904475,-3.1307075062375507
2,3.129775312162795,14.866138826049129,-1.5885751621931177,0.4177497830775393,3.2701880886637182,0.5044765397675373,-0.7402168011354547,1.3006778179276912,1.2581658591741938,-7.762229581428258
2,-2.2976125350359906,-16.382433621324996,0.6109725975340274,-0.34154116534618767,-3.148021834791734,-3.349300557556582,0.08548085662580353,5.061669512470139,-1.6659099714386254,5.901438467962201
2,-2.7698235813417913,-11.566328276054536,0.47931515465655916,0.3235906167405333,-2.260918129049303,-1.2568914069021055,-0.32765935610972535,0.13766658096626794,-1.1345031568083943,5.925398881153019
2,-0.4022452123547326,14.096136890594641,-0.7032469935924486,3.856069481044349,0.0923364756416803,5.254866605629879,-0.9356079289908388,-7.189055331274975,0.13842081682449026,-4.736048522578629
2,-1.1656313256789108,-3.6567895708537974,-0.7236488087634954,-1.3720619678360535,0.968287810126854,-2.5608541899481625,1.418155715138397,3.6149708505145313,-0.1268406199908963,1.626509007740283
2,0.042087930516031664,3.058864577705587,1.0062942473283942,0.8412296319113061,-1.2765635840799514,3.3650830423291174,-0.31623106414131724,-1.226835353062855,2.002525769914618,1.553410978341595
2,1.1595482978135718,14.39131938942895,-0.384285034297282,2.7149808420733947,0.9367815152479835,3.866197708585635,1.5952834838828995,-3.849931108501009,-0.031482547335607784,-5.661301087791993
2,2.695619802737092,29.3124749926135,-1.924975178486944,2.1125846257579077,3.8529737327795277,4.7717478774607285,0.4303325065053066,-6.5690036657655755,-0.12667515316580968,-12.471623877170071
2,-2.800386169419325,-11.832714932667184,0.44119780217071,1.2799681896000337,-3.0119222604705365,-0.35854390489571675,-0.42095859199704183,6.155212670189196,1.1700804227534343,7.336706074723611
2,0.6704756453969081,-2.179520203936216,0.2367960318887219,-1.7395636720651304,-1.1075579162957696,-1.7727619990981074,0.5937156086491445,0.5031906919962802,-1.7178265758208418,-1.4308959091207185
2,1.3655023049787482,23.28032188138444,-1.26526204354354,4.661265954924211,2.134281841862081,6.5401367397962975,-0.7093394744645047,-11.414871564951838,-1.1964326243247905,-9.572885502883503
2,-0.5378098841902608,4.954810826717821,-0.2456975290561167,1.7630956991873088,-0.23912590253798074,0.7457981806967433,-0.07496171477606793,-1.077006466113639,-1.8440123073038457,-3.1475166382638258
2,3.730148080528513,-0.7556025863617417,-1.9590280390478068,-2.5476023680841497,2.2804800625420363,-3.7145629361417987,-0.7435151849426103,6.733339773445481,1.9251241382811062,-1.39814682909309
