,0,1,2,3,4,5,6,7,8,9,10,11,12,13,14,15,16,17,18,19,20,21
1,30.156165474284023,13.922257375122527,-0.19236086561113533,-2.5624148125700996,31.380295175994704,0.28481027616391696,-12.4382453576134,-0.9475263349751072,-11.827468801892994,-0.5299981282138324,5.970971890486104,0.9545664813836784,0.5950509014165244,-2.1852098464975946,4.726496325057968,0.33328524929780967,57.89213600524902,3.6908477309068637,-0.7296380843932566,0.7273911330047594,28.293395240478535,4.193487978757009
1,20.08406927134935,7.129075722922948,-0.7721857693681825,-1.1161080883830814,6.626427400442325,-0.11598965312988158,-2.386413686825769,-0.6841064627684846,-11.688329268388104,2.127416575702079,-11.435201920502404,2.2047604404184162,-1.984959844504912,-0.37372687076937805,1.681829826757873,-1.9921965361070906,7.331908579671449,-7.80246746685411,6.362521639092582,2.5337857301281645,10.484716308516711,1.2606879481123343
1,-1.0571428146272173,-1.7142002157048655,-0.19352012423840922,-1.6194288201627765,-7.049957499777362,-1.149334729921824,2.4989872130264352,-0.09171157858528196,5.1514969774191,1.6027065861165395,3.3311932190196356,-1.5657762902412942,-0.7982227009532281,-1.71397723079158,-0.9021037517697209,0.23784571114058323,15.152134676241877,0.7585827765828299,-0.759315242311219,0.5537461941018031,-6.05780467662285,2.9877158992827995
1,-12.069658732720615,-3.9221730227452873,-1.3306124210843406,4.259096558117412,-4.3652832284711485,1.0119304114726573,5.248577606779719,0.5741131183996798,12.6585312968224,-0.8942783930584836,30.296144098852647,-1.130425325227535,1.041550710071029,-2.213535224841502,-2.534852421936715,2.713309690461575,47.617510744857384,3.398059353080253,-6.755515100303342,-0.00809359063487684,1.5696670579885685,7.730266892672851
1,-13.996892909277957,-6.486066952973451,-0.428510520937738,1.2523398594280943,-7.749680554432649,0.48709002181671235,7.164295957196863,1.459130605029979,-1.5647472128863749,-1.8976107823766748,-2.858566347001169,1.5984538728764377,-0.3412456192925858,-0.12609584818097935,-2.7206653221997184,-0.17604762130467505,-43.265934342382856,-0.0785780934889163,1.1233833241287476,-1.1091647760691936,-12.51194402770665,-1.0530567714864816
1,-13.880964523752592,-5.2906773726326595,0.19253445488943052,-0.7885299837833226,-12.84238159815857,-0.3786181628732395,4.460175898700765,0.8568882760127912,-2.904345577280257,-0.396798482453681,-0.003091368385796569,1.5380799866579968,0.439198271007947,-1.2661372545908929,-1.9842877338277507,-0.8804933385122979,-32.917094446903334,-3.4047605758355246,0.9774964128520359,0.3160870888627621,-14.86111730623002,1.017376959014214
1,39.841033237368556,15.792248096015046,1.4724972422602902,-3.2730267119052185,43.506369694278625,-1.6376808997531398,-15.59347700341593,-1.6174994032327212,-11.506795820292353,-1.7099115376830039,-11.791762609552084,1.2432269490931163,-1.8686285000216596,2.338136408939505,6.806368458500022,2.450437055907652,36.56606529564241,3.8497063343293734,-1.3940137697897375,-0.8521437137003619,30.77515824574967,-4.943969581690567
1,-1.3054949856055844,0.7840188963508976,2.231891285924467,4.747067335567575,1.2475530701175128,1.9739792354227212,-1.741841961890694,-0.8494091326508751,-4.271955887754054,0.6412623535175728,5.2269357658801106,2.6734388965716613,0.5082696220228128,1.3180459175206654,0.9879619339027114,1.6682764429917898,2.181036747787632,2.281064296529937,-4.34676395668717,0.000908416441172945,10.40718097113659,-2.7492835965067415
1,-18.925628067748423,-9.583297705976099,-1.2585272428561307,2.360203124549558,-28.571425069030383,0.21906330055651746,10.061325606997045,1.8024777819947957,0.9365388317172595,0.9650849934302455,9.223462680789462,1.1659242294121224,-1.6484839550918662,-2.268164849631372,-4.0556831908493605,-0.45554380547835815,-19.236964280188065,0.010348242583213922,3.3536058436513803,0.35853514628420324,-19.015345970694735,5.301393697537781
1,-18.92045009115502,-6.6022680860850524,-1.541118592020537,-1.3363088515784656,-10.68578077704851,0.4656809581685919,4.848669052130388,0.4322987757630024,3.6301530385426104,-1.0960012532747112,1.6566028036621063,0.7275158922102649,1.2943541384887114,1.7485574530103873,-2.5224100274605745,0.1644000539675992,-37.74138651810958,0.8512407453162965,-2.6723864784705254,0.00016352342270764368,-11.47141390324794,-3.470033812227943
1,-22.527452522585712,-8.774737011375272,-0.5832304738340401,-1.2317199578103293,-22.036510842071507,0.001562920307921635,12.155598054880942,2.2517676551208043,3.980681552340831,-0.1266441183966186,15.478728134879033,1.9360088110481881,1.6583510761159075,-0.44125731074703023,-4.616375015901255,0.8195564399981583,-14.66826865300966,3.479283904419238,-6.113643125905609,1.0722002428579127,-14.785250893435965,0.6682529137324155
1,-3.652173252667491,-3.3769468865574783,0.6637814370596663,-2.8733447536256116,-9.391984751675578,-0.5518048693097719,2.427303270211111,-0.3530048015726208,9.259958848777455,-1.8848954003651979,-0.041129469567327825,-1.4556593385113745,-1.9746624698536397,-0.6091515254533403,-1.1729414288123903,0.3416171342890093,3.707369672858923,-0.49727680111766304,1.808524014884571,3.124997895398333,-7.061599324821443,2.2533118038200626
1,12.636036699305084,7.19579279849069,-2.0823643763244575,3.8064877212009516,19.478324007539694,2.449586242451491,-5.940093537067631,-0.6976391344866202,-10.35046712957158,-0.9195384301028133,6.321878720238531,1.8952549769498186,2.147830943523095,0.9870794648442134,2.5138195073141705,0.5277484705039677,17.072522554653148,1.8632272406387007,-4.214157169051789,0.5532062450940664,22.259846735070667,-1.8977903315694713
1,7.314376074533714,1.1916818892493621,-0.08560562246745462,-3.6014234528183016,-1.1045290410719595,-1.4176350160825322,-0.0007629778286826936,1.2882033689637535,-8.146141271046861,0.913386620437149,-7.939490687483269,1.3826143861879086,-1.2800342278643513,-0.3024321698842273,-0.060990932757723354,-0.08960181238167564,-14.887424765102677,0.5852345787633041,3.7538798123378254,0.1637888873185579,-1.5673441344548342,1.6894423752125383
1,7.837601675111458,5.442867696332789,1.4857665134471498,-3.0520130471553437,17.72460163149269,0.03645620615025959,-3.4190083953334613,-0.466138362270412,-1.4156060832029762,-2.175005948367273,9.261283378636836,-0.7943066367342363,1.6984756473089004,-0.22777212866997226,1.1488709843981062,-0.23326969035138184,33.68740387924531,0.20463513109143738,-3.189722190310747,-0.1987511172616573,11.121632059220696,2.34530256503628
1,-15.780737630373977,-3.472075834917304,0.9264743179030807,-4.375208427793884,-12.47742071879487,-0.6602368964108836,1.042459602932974,0.7388959722402557,-1.9949073857538555,0.41077415004559087,5.620812752499688,0.5998980297397446,3.7240595146306683,0.8255973178635111,-0.817854759007012,0.8297968147901265,-26.22817321213079,0.7443714096962933,-7.429819220961453,0.8046322021610912,-5.0220683903983,-3.24259277109472
1,-30.73218317058384,-13.984148401412297,0.42608197741754006,-1.907987077093206,-31.55757656979183,-0.2671527029354677,14.808888880302169,2.3479686351530873,15.83685940924765,1.2027620973732893,1.6057066704246137,0.5108547389662255,-1.3081575158919658,3.03335577329152,-6.507954919020658,2.4625730689380596,-39.11184138078292,4.550488523789947,-3.5718758369189487,-0.9586485880815651,-23.965347239480238,-5.049764594579081
1,23.117661504508195,10.650875414760328,0.6478095090811121,-6.167279166486005,19.992014162773177,-1.4319889775927455,-13.53382221232237,-2.4508832077442637,-13.636306826714968,0.3201752466344843,-12.75940674484956,1.3177054093672884,1.307561320587307,0.31024006729189113,6.311588173742045,-1.101151212729594,5.994515886038978,-1.8525566236373805,0.7127735517425395,0.9423474278395889,16.654636672590883,-1.2998458341770585
1,1.4778294774485397,0.1610503266735504,-2.025959841535406,-4.945661768800401,5.6787194766182125,-1.4462527746301133,0.5875648732725038,0.07641411952929808,-8.198500259586751,-0.35448968438567563,-15.226887084722032,0.7029851322595667,-0.6352434391830207,-1.2000682552830284,-0.2616266498744865,-3.3900063300478336,-40.97624172876012,-7.7415025832607025,9.045660539990926,-2.1588733541712224,-11.076215040509837,1.7526583841896737
1,-3.5293364570810137,-0.4326836011095703,-0.23054730435961704,0.37175696929192087,-4.332129058824267,0.3507518196222659,5.479616711664824,0.03896066843461399,-5.292085667127364,0.9867897480985828,-15.660737009701837,2.0251765692383907,1.0645709347115537,0.9167788454996879,-1.1115626811375787,-2.6463997242058586,-43.35437921353767,-5.857251031626249,6.125432286261096,-0.09823050593515142,-7.70481765183347,-3.3677827836626504
1,-12.096462525975074,-3.5148184189323084,0.03513699426341836,1.451426085252063,-14.923103331437048,0.18708544366487762,3.1149871145869352,0.31904287155565225,0.7501694753621243,3.178105604999417,-0.4928533078912102,-0.06297440178413297,0.9952763691367758,-0.05879793350391587,-1.095465393359025,-0.9964884546040573,-16.094641291425972,-3.118308627838529,-1.0921912990192777,0.34108464097807256,-10.288816843310457,-2.0574501777134353
1,-42.23405587233744,-19.356077511133822,-0.8059310570127023,-5.183724059659789,-44.87070001248008,-1.307732793202736,17.666293230434277,2.483877250003329,18.5372901330272,-0.7454054310393093,7.108237907004432,-2.0324829965911584,-0.29571768287190076,-1.4129683487211913,-7.932091269226354,0.02027956747212844,-52.08361798299114,-0.4026340023803272,1.3618636113724991,-0.3264679637946708,-42.3143594404325,4.064697396037946
1,42.72991645987848,18.31665640082387,1.2633593242846985,4.308620114685279,41.787683896303726,1.8686556286648472,-23.03171785320811,-2.784936518132942,-12.90455838347831,-0.6917576018851292,-2.8165075685176943,0.4038124914467561,0.33718038424520624,1.0814384666129906,8.677493245588517,1.0317563785313275,64.14154953604367,1.994066295970571,-3.2967619508907404,0.4806262871513234,45.7291631455122,-4.373670581238219
1,-16.576880746957396,-7.5907119266492575,2.296758093768125,0.8085174318470295,-19.888272317311912,0.03670301821547326,11.783009794666272,0.7427521466448114,9.370404254184052,0.6949372484917269,0.3507590686797352,-0.5861899934903676,-0.006187624254440849,-0.9985353752094772,-4.146101142138156,-0.5822418915337195,-12.822171700078053,-1.715085279294694,1.2935022839322663,0.29450804181646684,-16.79253680246872,-0.4501816521308908
1,-36.31400598944264,-14.650919303111202,0.7644457297495881,-3.2049259479150938,-40.060807444341634,-1.5250915677175925,15.702047902964537,2.407067005062261,6.198557338095552,-2.2528961046234905,1.9768989303352444,-0.01772472776929235,0.7008317262913641,-0.34016875466661334,-6.060634453702161,-0.34948754015030425,-68.0373967709385,0.5553939336833265,-0.10175307856138102,4.561520595488262,-33.09293942222365,0.724124794971913
1,-16.838583231151155,-8.398576979432894,-0.3806268928037235,0.01800992286038919,-17.734666509336538,0.5801780740336356,9.821298337138284,1.7623642685037473,1.235325967155485,1.3419780972503716,-9.048959521397066,1.1400435504216921,-1.103216810409285,1.4622862755026862,-3.6707433754372665,-1.188900954073753,-50.72183215880119,-3.8276891784932343,6.487451586928295,-1.9100855631553972,-16.9554651806304,-0.7709364750099515
1,-11.991301797135522,-4.55659380835785,-1.4440270074354982,6.729541062026505,-10.688189503078931,3.0234980973741945,4.799444520298668,-0.050334021266619594,-0.4960788034751801,-1.605120539198413,-12.12434653098545,1.0559210806567854,0.4818923965531417,1.9914250030919134,-1.7499217365909592,-1.892642875756293,-53.880331211446325,-1.717746619948329,5.962864455250515,1.800912036113338,-4.036173261971986,-5.706763379797318
1,10.809878458294362,5.291585378403547,1.1317731879235726,-4.868282945169139,20.76885310347226,-1.4008108574937737,-5.975401517910683,-0.3298185736532508,-6.165988306588754,-2.088069391115337,-2.9880266075969413,-0.9674359973592577,1.239504752159847,-0.48823193479928023,2.705305820254838,-1.0926743450436798,6.8649512015089025,-0.5455761270020447,0.9877990253517508,-1.2632818032782571,5.785256363478298,0.7436581002004505
1,-45.89664527120111,-20.101914718965805,0.5347084772092108,0.44347686033534045,-52.69954198639546,0.09110692118667338,18.299922983573847,2.2535686636187067,7.010506729096065,-0.11523823817047196,-0.038110394955266184,2.4803660209775096,0.4122584820415786,0.14414030963201277,-8.17654004212236,-2.047926832925734,-86.52847897812002,-5.399871321289155,4.011378701287337,1.6828808431990903,-41.19960146904214,0.19676123403498197
1,-12.620326219435158,-5.392466763508184,-0.2590786155520881,7.205036843801728,-25.58410448281954,2.222931536797059,7.158727116810933,0.5875145767638095,11.845302208761588,3.198967131986903,6.007636279633084,-2.153873927453443,0.230838347964581,0.7196875595910138,-2.7087427714672168,0.588816301475038,11.754936879709264,0.7361697807063291,-1.5812909996643578,2.2739762108253934,-2.1239417785942156,-2.0140618520898164
1,-1.0960055071690207,-0.7853246887936975,0.28143545338192455,-1.6270014641891606,1.415464995428626,-1.343725070136158,-2.109528839072741,-1.6672942848071182,5.418138507316984,0.9446868717958173,-1.2814445885647927,0.027029444726915652,-0.41590779815245615,-0.4796301968321206,0.1573214538330223,1.2585345305235691,2.499096790668632,2.4199815422416143e-05,-4.468646830791638,-1.0980408751727289,2.1683929536108555,-1.719316284953191
1,30.18746103159618,12.7363674560492,-1.4059022896958713,2.9206259543898003,38.50545680075946,1.267665521212642,-12.43896018338951,-1.6234357749712645,-14.24754021001828,-2.808525362965267,-1.6047497880404138,0.09695818185691166,-0.08288529439322286,-1.7097484866928698,5.771403783489531,-0.8246477743326115,32.31811362945461,-1.2104300100678842,2.915265110984647,-0.1748651165820069,26.852233259982256,2.387115488655025
1,0.8382764806016102,2.418717480547186,-0.6896926491251543,-0.08913953705537535,4.821982185328836,0.10925749605260615,-0.5266657607356313,-0.6659167210280502,2.3267206210200273,-0.6267655955149116,-1.2861459390277392,-1.2236221524870197,0.8752218884340673,0.8172582166391518,0.5062440961847029,-0.6110531064531217,2.5089527849284554,-1.4764404215714977,-1.393400214697174,1.1749810145785626,6.991983010963395,-0.817474635166128
1,-11.630761221136263,-0.5359462309266115,-1.0160619841591905,-1.3434364592751882,5.4396779970722795,0.37614924389297355,2.4322088829665893,0.24251691379957613,-6.28247609013424,-1.9978722597436682,1.4813148152993814,1.4872681595907202,4.66167032386293,2.4119590332443392,-0.619840043822941,-2.056697583378624,-35.23606510757098,-7.150320787811876,-4.301917585140171,-0.6774705072832788,-3.3961407118373446,-4.106046242138001
1,-7.55271230192515,-1.4890376134793935,-1.9892531258234578,-1.634627428342809,-13.69451637068855,-0.7262523779814086,-0.6218293337784453,-0.3360752020943404,2.10867928859126,2.2020243137830517,4.458217889660233,-1.620290153555689,1.8992152935365816,-0.833448411708443,-0.26564373694625265,0.17673008309604893,-4.549927782951681,1.152146339608107,-2.831426564697027,1.8959580129021916,-6.376375748161269,1.2096072257334827
1,-7.070109541537105,-6.774331146456261,0.47953548921057393,-0.38375041897014256,-20.63814438824223,-0.9618891245641017,8.54122437122462,0.34783042399194436,15.345875453602952,2.1757096404079173,-7.280185684893987,-0.8537550840296636,-3.462493118014602,0.1667886487583827,-3.3824814240969947,1.7936298682792469,-2.044060324961039,6.773452388118394,4.2298647583320585,1.098845327494785,-13.076070203090202,1.2928443978153
1,-20.542506224158807,-6.970676175765591,-2.8805939507933576,-4.193263795754657,-11.563708410942212,-1.9928492207125306,6.445490982909951,-0.5553972843338122,0.585109444781109,-0.9539914688412242,-2.3731019952161074,1.1334841728776004,1.1824391858836814,-0.5237355948045384,-2.3225941613705294,-2.177969617257579,-51.16306448155299,-4.5266140072103305,-1.0437848917790027,-0.37960397119700556,-22.51460673255364,0.6004157999866324
1,-2.296576804414816,-0.976584455013702,-2.6592153091565693,3.247340554925311,-3.873014728163771,0.6245115172403909,0.8174801931218094,-0.16087141888231674,2.9097292882232186,1.265036918156558,12.285996373007162,0.46773389955943606,-0.16603621996366424,-1.6036418686571825,-0.5004789641779183,1.1410669082797067,21.09363759503857,2.710744063599646,-2.775523308477389,-0.004208368905408723,2.423772610955659,3.970973888461107
1,4.763097414358028,1.1550489990673918,1.3978238142467205,-0.5168658565057327,12.746695753914427,-0.41727793993402695,0.6396817414876015,0.3596143386445654,-0.818993172547136,-3.8003679448807377,-9.60699102920762,0.7184175516180425,-0.5347423130696051,1.8815701060039343,-0.7997610056183074,0.26300356178451256,-19.923703659669723,-2.11332799824999,-0.3061182660384677,0.1606008891303991,2.9264027646787265,-5.208729044253285
1,20.441075115512277,7.829377348457009,1.6394425519723124,0.6972047542841411,22.388644663113663,0.6921305482907217,-6.114045022776613,-0.6593587002777909,-14.187234438457068,-0.06033061607694452,-3.094357658783856,1.4373295365218923,-1.9445281884975427,-1.345460572923264,2.642547069348441,-1.98424359203618,22.180153609844357,-0.005767284374744596,6.569609203348149,-1.5410804273231933,13.392559216352852,4.306262133852831
1,3.9466904713538358,-0.05691734162999801,2.0718132999220304,-3.5548121232783734,-0.18705086001581991,-1.6048979539352048,-1.0313008616196302,0.8309198468301452,-4.465220915943109,0.05291489547838003,-11.13141992866948,0.25676814834190453,-1.3711838302299137,-0.4202435907834175,-0.30313376634123496,-0.23469117841405193,-17.493351884676215,0.2815755288784892,3.0359083406724428,-0.5805597238440918,-6.331448402413203,-0.7058624504977161
1,-10.415063151764494,-4.671022619784029,-2.6500785537121443,-2.7711037259123428,-13.80924266310083,-1.0795894109348567,3.6361830287064016,0.6664474295379709,-2.5738991843884085,0.5543041897488685,-8.49107916902398,2.0230724295072466,-0.1839198653336558,-0.9353027995103743,-2.3455727992071465,-1.0425284249782993,-47.69969966663305,-1.865976086175087,5.477340858995312,0.8920266629037671,-17.242918001996507,1.9342139177870876
1,21.48466436485041,7.8504202169533865,2.8497350337828533,-2.100071612299733,18.27005919057419,-0.9457172659748454,-4.6434792582896165,-1.0360563225846897,-6.6535884202913875,-0.8632421378253834,-12.866223843056467,0.039319739320291,-1.540713565650685,0.09320175931042093,2.551641203727617,-0.5698378224239171,15.161735792097444,-1.91629714365504,4.286964324299604,0.750991198244432,11.941625547467764,-0.56477562087825
1,46.02248486293142,21.616007489983577,-1.7601769957245539,-2.6122676913972667,58.999714792629234,-0.6355607136794764,-20.086022021590363,-3.967152245614584,-10.091471925998436,-2.1796017757625714,-12.44696424169762,-2.0809275495409905,1.692772850480408,0.8824638786697306,9.43235605417495,-0.19068694901161087,50.270535474604834,-1.5191992103366567,-0.8181077993907979,-0.47790762847076523,40.94807191549581,-2.5092564336524124
1,-11.877946481503441,-4.658295266700179,-0.7961240689623706,3.744593624533929,-4.849229370302193,1.8491037009865925,7.151266543120806,0.9424953103252935,2.214187591039479,-1.8672717338840017,17.792235362535465,0.932048229566507,1.5953146835874021,0.624912165296226,-1.339228075788178,1.2902313192919475,5.968074962847003,-0.3545183541833832,-7.467758170900517,0.0020278529900980002,-0.8196902776332287,-0.6859706846277566
1,26.39333919233843,9.255130458942642,-0.8705682136821132,-3.648399318817667,14.0174230591419,-0.6900950014544426,-7.109450792380959,-1.8152084986320107,-5.144589153188124,2.012825281203472,-19.87239902126931,-0.5647505111138083,-2.5843182112488092,1.2829734493586324,3.459224480242735,-0.09225201216624929,10.913870248520997,-3.1441075210052807,8.642691520979685,1.315249953539357,17.618627871609256,-0.6906571291096129
1,0.5227404240565903,-1.4446579640527668,1.8190245842686374,3.4098336374736475,2.825444209100275,0.6068872696453765,5.735225809837809,1.2462559257428993,-0.3695529143288753,-1.1320679420656177,4.375439078256312,-0.9875397365720241,-0.7520987290186517,-1.4057428685934463,-1.4749243530452354,-1.6802550082842902,15.716102600806238,-2.921539051167223,4.709558664353506,-1.9682659705002754,-6.14543005814529,4.024554582835437
1,7.996343123235884,0.6331538208771761,-0.6344118044398745,-0.5912795687999557,7.263290190251733,-0.38786914678980705,-2.0541495663698615,-0.07998059776768966,1.1511378167529465,-0.524352758649435,-15.459269778966423,-0.1462409698585703,-2.135170860402691,2.0861567822282185,0.027584372785376995,0.10648291364248262,-17.686643958292578,0.30177988348439927,4.462872640937823,-2.2596491362110127,2.078464002353364,-3.767527381553246
1,22.40013889675465,7.197067621272194,-0.05527456016878339,2.715894218288398,16.164109558152397,0.7233164888070605,-7.029602928879828,-1.9045720511165631,-4.8754765935163284,0.00865898138824542,-10.406050205180408,1.7878716472082328,-2.1901817302615227,-1.0126416869180355,3.00442920331685,0.3408901365005439,17.74049928713515,1.896188347898655,4.213048210083985,-0.6315185799371078,15.875002471383404,-0.6951918351299022
1,-17.550920122053828,-7.337400630542023,-1.2356997076987777,4.331914233326928,-21.659168531958137,1.8685362234639324,5.1235404097304205,1.3855224700441107,2.7442666424814015,-1.2004745370144123,11.24304742542909,0.6746129083615103,0.3876851168350608,-1.5163737340276073,-2.750124647489567,-0.04548526648816953,-12.879422858145183,-0.6671176247302415,-0.16507291860124884,3.036391122769147,-11.596608980589902,2.328521181549632
2,-8.922928811220784,-4.843909294318948,-0.5657871282067674,-2.7198271201189748,7.961525312418595,-1.5554203158656186,3.1701172303591427,0.5541637351808522,-0.5062317120716036,-0.2725764129580767,-6.793916381652686,-0.22319132462161925,1.4066291202631236,0.01713689414420112,-1.455180908138131,-1.0598773547197213,-34.7359101748075,-2.9185492386178957,0.7716850237265929,0.16248577045471088,-8.247288101632597,-0.5302994737424134
2,6.659464416049787,2.943499971987004,1.245819716587872,3.7927755330065454,5.385161773680066,1.1956706504103733,-0.8333876424210019,-1.5268165298180623,5.580276582579117,-2.23452309746201,2.369605071214756,2.5950473617065217,-0.9001973841215051,0.44618404288064806,1.002088261200583,1.4875679440293184,23.636151020280007,1.260543731677705,-2.0100866315781056,-1.5930897695209145,9.13195278027664,-0.6507020460874922
2,4.0250415529253525,2.6594266500017736,0.626624119377548,-2.1427043788096944,-4.678143950977302,-1.0144005536628837,-0.6323177066375849,-1.1767555445167504,-0.5008035728498984,0.26764720296657624,-10.177269668082927,-1.2108339245749007,-0.4835210473575921,-1.94675201024874,1.1761955847260246,1.298179487112988,-16.250673180543213,1.972063521479485,-1.5488426008155873,0.2707772707139023,3.1349925929237332,4.839655574181758
2,-2.9521893181276098,-4.354177569723914,-0.4118974028539436,3.2022427203001405,3.1156837615235293,1.7335231982304473,3.4128926228784184,1.4641065153177917,-4.769680430837039,0.11332620024191525,3.53382846454196,-1.1053911320922163,-1.8236162671450706,1.4737573187789086,-1.7266529697549555,-1.532832616113679,-8.095640222434112,0.9508833417301856,3.9532748729680454,1.2038945678904935,-1.6796370517758867,-3.520901705329426
2,8.926169596435956,2.588090353418413,0.4100022301087804,-5.821054627112941,-12.420930793715538,-2.791025735076166,-4.611029114243994,-0.9653025121157374,0.7619677793403893,2.446296097499278,-8.960303881072265,1.4174342257101158,-1.9172390895079052,0.5295131382657572,2.0242269201917247,0.9193975489033541,6.918237141568187,0.18533114571302944,0.21521658849562117,1.5703034426693891,-1.9369476753729589,-0.6797403294747403
2,-3.2683241205238573,-5.369986427833275,0.6000543381922684,3.5356165298367985,2.4669996838072628,0.04777491350643342,6.912791648342504,1.222744080057133,3.8926400969339436,0.10269434749570694,-11.726408143504248,-0.44016163350952564,-2.5110291572872017,-1.4636080404961955,-2.696864915110615,-0.1434783423510544,-24.217782420228723,-1.1616447579046016,5.195916424797143,1.8903844303724824,-6.911674714577302,3.3218484979664
2,-1.003258251910971,-3.357321202534566,-1.5628430788437495,-2.2880751406181163,-0.04312597826260807,-0.13448686379540417,2.892002943417052,0.14048802246232847,6.869753324456195,1.6963560722808355,-8.504838186731694,1.3167980650563986,-1.1669889833364753,-1.1192560576948358,-1.2694837257876932,0.25476043074441646,-9.54196013527079,2.4546126545389093,3.213848677810428,-0.12857543586581646,-1.9860501905509738,2.1852109365939176
2,-5.193682446713186,-4.036998556883528,0.571902414874619,-1.1268432488964926,9.86879782679185,0.06117383428504099,4.667984413608897,0.5887550514807623,0.09673309432741947,-0.8084135895565023,-10.997873295959755,1.2765628810466048,0.3781891274304843,0.1864412522950068,-1.6645595352158304,-2.9665627330263282,-27.556586054160597,-7.449259604503585,8.519960429012086,-1.3214552947368432,-9.288816809386503,-1.7900173232282048
2,-1.17480366866755,-5.463717097821638,1.7626889089648659,-0.7924115965151461,4.406275552690315,0.2850894205202586,6.351757364089836,0.3405457472588734,-1.108713920697291,1.8850646781582976,0.8902532758367419,-0.553092692936073,-2.866125671097935,3.260774345078955,-2.1387756486345166,-1.674845539893148,12.105776464030173,-2.5404426775516935,5.360888197312711,0.38203301899354314,-5.843441287932183,-5.999070042819851
2,2.4930483948023916,1.7267562174798083,-4.202001169972855,1.7122004346398032,-9.787035212218731,1.201061361118093,-0.35366446758630454,-0.37302942760518293,-8.658330157564134,1.8314340209863575,-1.8989350743786548,-0.6200123608320913,-0.8450523668608253,2.082906507006535,1.2716794847134987,-2.8220425959916065,-13.395971336787765,-6.817231498567086,6.060672416655569,1.7839041140690965,-2.3582618195170966,-4.805853364869327
2,-11.189147344131673,-10.797279218624807,1.3067791063675198,-0.8622457917381199,10.114994146532608,-0.7676429840139456,9.275731432883548,1.981723379768777,5.605528115900147,0.05883782396591725,-2.671321549378044,0.8691843588913654,-1.1118340990191584,-1.0297956158940298,-4.288643513799294,-0.7880839781907857,-16.592257649206466,0.7536487710653208,2.3943342430020547,2.4323736920430625,-14.015140574205295,-0.21208501991560755
2,15.099480385606542,9.244716573908942,-1.6202558475452513,-3.407255032784569,-9.050207559027491,-0.6772888055320739,-8.931227421905671,-1.1464481036505156,-4.370916305780423,-1.2654395627795028,-7.982713231074212,0.5127720584564579,-1.4788732357668675,-0.4405880254367281,3.3258237923345924,-0.19761104557285952,2.985432016704526,-1.1774789836612984,2.04149389254124,0.5197423124021374,8.585164230148726,0.3046014926025837
2,9.878719321308758,5.875783115511514,-1.8856277182119132,-4.394144703447693,-11.956392150742518,-0.9367346330685629,-6.810539508433018,-1.1817517610415373,-2.287169282439841,0.7164325912936579,-12.188606651702155,1.3697096932035153,-0.5018706965868541,0.8837846916972518,1.977772003761435,-0.8502377571359453,-8.975453367508088,-2.4463013391670283,4.540319249425002,1.2028411552411644,0.269207829945452,-2.2777133376646606
2,7.119677171323732,4.1134488725013485,-0.0397584629686141,-2.597912420583273,-5.6272246808411275,-0.9792684684390242,-2.446092576352701,-0.3958862635725067,-1.2854669994758865,0.08271939385647138,-6.289937476230659,1.3040642073881474,-0.7878230676969101,3.0364820071418435,0.9838651451383309,-1.1568759689812618,3.5009604181531953,-3.5447568799641593,4.24651435493622,-0.33396465061474884,-1.4046542983035366,-2.199928176112004
2,-1.8913681894804821,-1.315546930320622,-0.6289182651560922,2.999709483171672,-5.900792260122447,1.7008357239743757,3.2159007423574955,0.45247730169375755,8.55286127108794,2.2381037417567766,20.849104161736232,1.216962041399629,0.5115138810132764,2.044371759414469,-0.7427134782927085,3.4260381830879085,50.05004303537095,5.523572017910492,-6.961293170154624,0.022710959119323068,12.256984770389325,-2.2429006272603496
2,10.748260849907485,1.704321730975488,-0.6995538481309801,1.0488589938848727,1.841714304878519,-0.361355290384424,-1.0582100365605993,-1.5623866268033215,3.1127071667990407,-1.1824219340234756,-14.079855465173784,0.09723382414562087,-3.1557963699312674,-0.8750687809750886,1.2609560847035555,1.8298648201695915,-7.573599437802021,2.479361695398564,4.8715614327054935,-0.4054760392136631,3.6537771312032845,2.754271373929655
2,-13.896806985521739,-11.074256133065678,-0.8320364534174911,3.4990015303834916,11.686268527195004,2.200255992295912,14.306414301373518,1.9264607597664398,-1.4733999009694871,0.8014605332540422,-12.240943220307457,0.17531704855648153,-0.8751250415187666,-0.5698506584253892,-5.741887132541545,-5.25971510090616,-46.85290297817924,-7.413526658240243,11.623155057686164,0.22658462320932257,-16.40335819777631,0.3259734361770415
2,20.70176538423205,11.588386908748832,-0.18991059086177553,-8.553906612549573,-18.864573108709642,-2.7754776852166754,-12.880915893710485,-1.7950746344112696,-5.68020714658124,0.7870421657841352,-0.7554802485748516,1.1923947380048083,-1.3062487798591875,0.4599554838882947,5.586865180822723,2.1483137980270985,30.855303743279062,0.5233719648292414,-4.346264153893626,1.7108374920398988,8.121425110369183,-0.6550061580489976
2,-11.156618619308775,-8.341252233442864,-3.2597580800674026,-4.332778011305465,16.157231997724345,-1.4363005818700552,7.604038494491649,1.1767531214214433,10.556574410105688,-1.2787164562704407,7.912572001510518,-0.5865347047802346,-0.3371103911030782,-0.1561083594949388,-3.7980868352296437,2.523173728647003,-4.885732039537787,2.647228997051576,-4.02748447809504,-0.12099658009220117,-6.527066017872068,-1.3533239583909449
2,4.2574043711544585,3.3109828186629047,-0.8278105824858314,2.0005592315474714,-13.840970940137955,-0.06981736154105951,-1.352650912628584,-0.4486442340948146,-10.397436916951976,2.1521789072358044,-23.08935919717092,0.998551645207848,0.17290206307848352,-0.8489639277955526,1.2011784624527118,-5.192723674458729,-42.212162940444635,-8.696366238957973,11.708751228884875,1.6783013374967166,-5.810891987518673,2.239264377871008
2,-9.344650686570986,-7.114399892144811,0.3111543686317017,-2.0952796790484536,8.227360159352324,-0.7483574164002299,4.829297770297554,0.8776960102019008,8.120076686417775,0.5362020237262266,6.540840644465636,-1.4876419855792662,0.27417049381680025,-0.7507246488199305,-2.6796136032500533,2.798380121409756,4.1781523351977645,5.860954856520985,-6.20948708994049,-0.07671877151541862,-2.5450868346950792,2.707191440420327
2,19.11221579777133,13.59278245319297,-1.2700167107805314,-0.4715312110671741,-11.638380361210361,-0.6114537447202543,-15.829833349479271,-0.9874243975152607,-20.455197745311846,-1.995411163883449,-9.883167540052678,-2.5038156595335765,0.23529901462308647,-2.79177716802312,5.986353940108834,-1.2948957623946449,-16.936351589774976,-2.7611850246109184,1.6681262339302272,-0.35947786653219416,10.178168674249605,3.9872715050457295
2,14.240308696155836,6.272291986776814,-1.3082923683099084,-4.821618208646702,-0.8861989884576366,-1.8888708161319019,-6.3253933507533295,-0.683712868605855,-8.060604068788539,-1.7933521402954962,-22.003553297451397,2.406243261874354,-2.662183945872141,2.1673358877032918,2.473286527427585,-2.7303094161664583,-29.7908281726498,-4.276113107888717,12.172610131255677,-1.5802169045587398,-4.579681051965948,-5.111630907101372
2,-0.020765120885065054,-0.2691074489935365,-0.5774766563446271,1.133968681325693,2.717735664629353,0.16972645304305004,-1.2334088416548956,-0.2554080494318896,5.037289610141399,-0.7771162367011719,3.4001661157666,0.7920042884268836,0.24092708183069253,-0.09549824536584814,0.13353899088951993,2.094081913122706,10.10676057844633,4.198084562488561,-4.037145866716359,0.22244397657084727,6.216903732891779,0.4417215027499491
2,-3.163376920589625,-3.4973685865402873,-0.01696471873468205,-8.0415323772765,0.6261139694596,-2.9695122271567724,1.1188261612249268,-0.215115162711945,-6.092379848472252,1.0080276251835292,-28.67064153326669,-1.3669600475306027,-0.9510556179623854,0.7573764452760477,-0.6012479067739211,-4.6463570655606645,-65.15596894277503,-10.290198057452567,13.335896020616804,0.3255508619719846,-21.954367177744423,-1.1323778453665378
2,-10.981374933011914,-9.873359391234272,-1.2594948116508462,-5.010719638388574,9.606274773734302,-0.9610636059816028,6.958289147072375,0.46628207519592535,13.49593390211203,2.023259498414082,15.202124303184762,-0.8809503652452542,-1.3067612890971827,1.6544788694990333,-3.6086690717464385,3.2992793163795398,25.90087088160434,7.613466437568795,-6.462484910253032,0.4478497759381149,-8.263858961814636,-4.1878443732239425
2,-14.891862535677523,-9.827715272141278,-2.033236634905893,-3.074430790505822,14.688094262320082,-0.5731160298025182,7.713283491265777,1.6009537999463528,5.101043282288697,-0.03609175597093626,3.6040480702897564,0.11104277420160635,0.38043033850098446,1.7658455046286545,-4.32426488774244,-0.7718469751242762,-20.453674064789542,-2.056178002781759,-0.6586397523364868,0.07572176679794536,-13.320073350343288,-1.2198591039143771
2,9.702647665993979,8.932009725116352,0.03960866926605709,-3.3573113223211863,-18.442829194298813,-1.729227895296005,-8.034469874655843,-1.4210806003233567,-6.534377428608743,1.4064689990650827,-5.989816228147312,-0.7259807229582611,1.3145438739017077,0.43578547437152965,2.9847132165987915,-0.9903578025574152,3.6359161306240892,-5.054740644441681,-0.4938888643771875,1.3019251638697653,3.525305096185635,0.4923460462340022
2,4.939796714287881,5.562546165567269,1.5427377539016254,9.33427914587733,-9.005030058019246,2.929009481581505,-8.336254039846919,0.022246191327807724,-9.227123804050592,0.5158732260241221,6.470262862714924,-0.7567499042613861,1.678610749271124,2.4246873846619517,2.9688988124605737,-1.5127922648388838,17.855821077381105,-1.4655364875167294,2.3557559563219064,0.2207336859121299,12.715564479881605,-2.7216972893858586
2,3.5897947425014456,3.996345723195187,0.4490009790873217,-3.5951469850647446,-7.98728059642329,-1.6011744758696493,-5.957913563416059,-0.7749540009872631,-6.725021950985762,0.7474909042510753,-10.894770496282383,-0.6340016393325251,1.0262259763026806,-2.0521696901575175,1.6739933945734926,-2.2160672894386213,-20.70292178191501,-2.469971003600222,0.23965825307291666,0.462579510323116,-3.5746956010466784,4.0393882757677915
2,-14.301564738706698,-9.425986830456564,0.9027424101636868,-3.394391910338922,18.649784226825922,-1.228921071812911,12.000661371824608,1.5368767536205536,7.059711528328948,-1.8730485148290204,3.648967178600879,0.9670050948581003,0.308912404235137,2.9616330990511903,-4.040388011491326,-0.6736172995863065,-13.684509651602562,-2.4017347701852994,3.3108040981204825,-0.2999730668463483,-12.32358495721446,-7.143289175625324
2,-0.4895283992638902,-2.9231511110519675,0.7758973081711269,1.4261916390983564,-6.162122651920492,0.6122448307255033,3.0597367595085037,-0.9140620340642482,8.347173200426683,1.2113391181920539,-2.95068272926869,-1.165764464109457,-1.4220310482638279,-1.7592304474255744,-0.9210609239832713,1.9410613679396829,6.595039074572696,4.3499692913416785,-0.8884080976229144,2.0441968257346628,1.9394736009179037,4.138711566743604
2,-10.176388709489615,-4.302316547329075,-1.6442910874674919,-4.568614279141989,6.4885091948402165,-1.723839810339318,4.378783090800551,0.2975961449589609,-4.808859022295122,-1.1196214671626668,-13.43000411795735,-0.9310418474419506,1.7860035108151675,0.9001632589650627,-2.2683274411956322,-4.041355495688185,-59.17771977058668,-6.489217431887869,6.749969132055848,0.45298847171337586,-16.18225289693977,-0.06191401444389939
2,28.21061251700674,18.40018896336778,1.395792523195244,2.5135433976972394,-27.781182965888757,-0.46332002040753745,-17.81868379035993,-2.5516814116233824,-13.827610320216644,2.281381329233026,-4.6767925037986355,0.06549522107584059,-1.4863671911506715,2.2668190993123276,7.6076721997280625,-0.8245137092445441,39.709044885609785,-2.2909258024502064,3.999906097183533,-0.28714051453332234,15.598847169193961,-6.464775950225918
2,0.7400286694868279,0.686380149692654,-0.4321594256128691,1.8208790111834903,-1.328355779010092,0.591772859334311,-1.9034160967982143,-0.5190506185572388,4.664254349006992,0.3035409247220643,17.52156663487406,-1.657266064148971,0.11118266319246446,-0.3580643923212666,0.8049930158419537,4.370653003878298,36.68145607062723,11.755747155975817,-9.233648580884408,0.08162450691594932,10.496014450996386,-0.08261111147974043
2,17.44326953860799,11.874676128977592,1.080583787450931,0.41276187082351057,-7.969736658387635,0.06082581654778906,-14.39651234357146,-1.3086896175086016,-15.299659652481235,-0.4707978162410231,-5.2933219228747355,-2.4097141172616445,-0.4929279015512523,-0.8871965884040515,5.289986150237974,-0.6016440325025133,6.704714452246046,-2.1265770136208757,1.214611981960999,-3.177262032014206,13.527027647047676,0.2098746199586593
2,0.9252615736701445,1.5880762356437017,-0.8655207854578442,1.7386710240414018,-0.6663356229117282,0.654986830190023,-3.9400369047790793,-0.4818268649946506,-6.880102612920383,0.30145417667100194,6.038161475650019,-2.0384265972600706,0.3697132016724411,-0.14011021503380303,0.9563311499182088,0.5729282036736909,0.8008970490373932,4.160291433031271,-2.8656173686348514,-0.24096088639330146,6.2459907654016105,-0.710687801480586
2,10.760921456155861,5.844002055721574,-1.660298114415174,-3.1393520784710605,-13.252916317356792,-0.8340540704986693,-6.507713306450672,-1.3750547959324635,-0.3239514626191094,0.41572986761248637,-6.518015402514509,0.1454762089037546,-1.8095202642200068,-0.04908785948928607,2.7294653850455575,0.6883411113528158,5.3576764727517885,1.4747308562574224,1.8441360227891708,1.0588822235202031,5.057333806402897,0.26647753028457644
2,-15.38485687495136,-7.2397994565993455,-2.9033596999553644,-4.450016547143348,9.973625343299775,-1.5799588250600813,11.516628359134739,1.3446523856202515,8.524212720565057,0.4179229595033542,2.3443446116101856,1.2718655133722545,2.091507145351087,-0.8845973112170296,-4.6115874706455315,-1.0643837387516975,-17.086043014241824,-0.12315437184054702,-1.1186562318778006,-0.8802090585764485,-14.299738037968229,0.24875884831866116
2,-8.676764498256567,-7.585672880749355,-1.8368719101839464,5.160383120844794,10.27857383664312,1.5948191543629964,4.210393223396238,0.329539381690401,3.761992188790801,-1.3545557393312222,-6.3551971884219585,0.1894513250031565,-1.3955905093129493,-0.6361837740097284,-2.2901365249627172,-1.7190716572796307,-29.2873730658132,-5.083439511755071,5.936022260889092,1.3158293982504727,-7.594430294609969,2.4020164682103746
2,-8.849198498017337,-6.605052505868628,3.0430219259115594,-4.8611142051148395,5.061085062353487,-1.6332463962066432,6.590407117257041,0.6702564375999427,3.0283363025092216,1.2509958274318058,-12.714852727396217,-2.2251654403116854,-0.3678887638232088,-1.866555795665473,-3.2752694981982993,-0.1991914577392382,-29.711106488219222,-0.8444681197686722,2.483870945969325,0.429419816152738,-8.70168571027048,5.280654142124853
2,-10.52034887399987,-8.132294616474507,0.15105357815395248,4.6687976863657275,12.299670751961871,1.0421110073213273,11.42109356887253,2.3012434045059207,5.680095982407872,0.056795469789124774,6.364615967787189,-1.4174730577221182,0.08119704202659808,-0.3739838468052277,-4.749982410080995,-0.34304715938075303,1.843199527358149,-0.9626447083443646,-0.12367980874015777,0.3964059787393467,-4.679636936945655,1.593770708153179
2,19.89376092510238,9.29298640698192,-2.420768825018387,-6.586328183561209,-10.98471170885462,-2.1633628387989443,-11.643935960283851,-1.1661360140571428,-8.601104944262064,-0.9240396427815624,-12.208479738228302,0.8432880568963039,-1.8571428808635755,2.3078227186126314,3.7770336780709357,-1.7330972539838638,-2.6671412871566362,-5.502241130459922,6.889316721302741,1.0334826708257359,0.46196588409957584,-5.664451536915727
2,16.08475060639308,8.84952978254389,1.2128482527441014,3.9725254087610913,-12.965916735517432,2.199687460926528,-6.587578525130889,-1.5965876464153,-0.820588090548473,0.22092584128317477,-0.2200584947795241,-0.013226603542518636,-1.8935065044371102,0.2607727608402342,3.166485103548984,1.4168990304712348,33.69290994959949,4.578177234551851,-0.2119496825374469,0.02361741937114987,17.883032733103068,0.3391882299370998
2,-6.028445050557265,-3.0881690696239157,2.1152425185419723,3.102870599389022,4.219714255250453,1.3377884298413145,4.2033673287253235,-0.4371560983799721,4.2695060369251205,0.846351232580831,3.0267161279538173,-0.9855631332556012,0.32059774384351725,0.6364293758173531,-1.0376836712661326,0.048548809137694854,5.528606968610966,1.8770881532621098,0.4967448504654884,-1.0058687186433326,-1.7202597755127895,0.18534191994854532
2,0.9426884645871408,4.647267289324714,0.9228551445596652,4.868635074731732,-10.309945996781863,1.86250228052793,-6.7990451969662145,-0.27009473916765286,-0.03352830932445417,2.2491853667119632,19.332977453573438,1.6306938848394463,2.11133732295048,1.1305486982409252,2.3931295813437723,2.5718581102314664,41.83452485548993,6.074224170153122,-8.899029839247534,-0.31761977167536665,13.671373489850579,-1.853433076175657
2,0.9271141502229844,1.6798328472075266,0.8792240081873317,1.1244958676079528,2.2956854959713895,0.7726859189240953,-6.252151074110072,-0.1855690634717729,3.986104164803431,0.6336316887643714,10.55267327935395,1.1580199620155094,0.7796072155760169,1.0548058897656134,2.086641366983425,2.9076389192121592,29.001465551664424,6.619823493180865,-6.587239892597737,-3.1952212006723424,10.284641206926592,1.2997953097386734
2,-13.853940549127856,-11.286942344160297,0.18989440850449749,3.9570629535832267,17.293586389049278,1.55689518256186,10.276468062089831,1.4769948941949234,5.2852034311381955,0.731305760256959,7.402383696418079,-1.034584770992141,-0.14059792116569525,0.8811705308921964,-5.005934113299444,-1.3504123380102033,-0.13226337819621156,-2.139765501705702,2.960346056963681,-1.5938997885424304,-10.26390434701924,-3.7253196308464864
2,10.834053393418074,9.082216897382125,-2.2214917355768082,-1.9408620356990869,-12.31827230091469,-1.4384135020338127,-8.837566279075295,-1.4284920919239783,-14.470378888038514,-0.2288127346200846,-7.8372905928957595,0.8809523344838913,0.1470599307782528,0.9858575096704036,4.904149093702139,-2.073919156983753,-17.873563027966846,-3.822980067462658,3.0227299868452824,0.07752395288072525,0.6916006782747356,-2.8641139810329195
2,6.263229761213052,6.070606460616203,-0.5389313727479745,-6.06210466935861,0.3178466827497689,-2.218331085431001,-6.413688801382476,-1.4505141197932123,-0.0080420428797877,-2.9463624865346913,-4.774879287388785,0.8610078311419932,1.1077066946563132,-2.7911776672048574,2.467238025352278,1.0677790027071998,-4.2781210068435165,0.9438858620104409,-4.8466956048305,0.1301126853402628,2.431522811996524,2.466562069982002
