,0,1,2,3,4,5
1,0.6930111068797699,-0.6661335207419998,0.5653289916019403,-1.0911053065243772,-2.3826609608933786,1.306862754012596
1,-1.32729738309468,3.2131096537491577,-1.1625434227042513,-0.45795239250920733,0.2833717255340313,-0.634480358310286
1,-2.416028309702449,2.297764498914842,-2.1459948205928647,-0.3441053772389634,3.7419471306904244,-7.198561752956691
1,-0.7874951478655673,1.2549942836350503,-2.934292063194923,0.6130966181879233,1.8867212698580034,-2.542184578790643
1,0.4894687354004239,2.3583823741349703,-0.07502901379009823,-1.0699182921302877,-0.7816216322826274,0.17287322309480022
1,-1.6264185805332512,2.6554151956687124,-0.9391610041663948,-1.0260539313414867,1.792653043971732,-5.901906585749542
1,1.6337676678490893,-1.7618644555892018,0.9015617079350813,0.35962171307347107,0.26785843002524845,2.6763106191425448
1,1.8059427611015682,-2.989909595581058,3.202859656134519,1.1605386410274878,-2.125248253851048,5.016451849640804
1,-3.5953146350113077,6.9630937584346695,-4.211551228261469,-1.086079321878757,1.8806682516165578,-6.703473012520571
1,2.2710925810554725,-2.955561341202459,1.7775057892101491,1.050351742972924,-1.387840154736326,5.90667096720512
1,0.31348152914004523,-3.145011275521068,1.63773228513463,1.1738947361975605,0.26807588504417446,0.9930711405635977
1,1.2838589377793548,0.5556478735053066,-0.49055913928798794,-0.2269261535466848,-1.880893313344123,3.385618630168439
1,1.4330545618216992,-4.849497014601532,2.72307636567439,1.0955268131999736,-1.4337939219424993,3.6582762365143027
1,-0.3281464544499574,-0.7202799932581372,0.7483054907406328,0.03851534851770046,-0.17528260846220198,-0.13319682815161948
1,-1.0871542831864587,7.644233901732142,-4.414674687295373,-1.2206361182442715,2.4101603640383273,-5.5537679087049625
1,0.14436536026121616,2.1481192081150664,-2.1430898428356544,0.590621580021903,0.6325572355094031,-1.8921040735814643
1,-1.1884964631326607,6.086617812470607,-2.412185718262725,-2.2343209688330967,-1.2348476621686748,0.3921876237842692
1,-0.9521793490714845,2.9194239466841005,-1.1078016217537867,-0.17051935342784563,1.1316343025575886,-2.639355711107323
1,3.927057759981177,-6.8336662923056775,5.4312950694214335,-0.06902278421451413,-5.670125424434163,12.079986382680495
1,0.42154905144567634,-3.5160138783470325,2.6151934229517706,-0.39807618337398676,-2.0307201893856828,2.9323827509149303
1,0.6125990406821933,0.9547683116795883,0.17182327977805442,0.1363995284860903,0.393447653602853,-0.44618784909017906
1,1.243797465069619,-5.109913756983404,2.030714725444838,1.0038879780930503,0.181597858150713,2.436420012289271
1,-1.393430956944973,5.732745375951941,-4.551096199634184,-1.0945993441840247,1.5919558049986045,-5.291119573547566
1,-2.605875908793208,9.063407757529346,-5.004628495073143,-1.2733005550535486,3.5996533047160297,-9.493954338503322
1,2.9379364838035382,-6.078542765627886,2.5526024529617946,0.9947285966962933,-3.646596303397047,8.51802998173452
1,0.38712073718305284,5.13159283638633,-1.2935842477485318,-0.2585937180310858,0.4665263787856074,-2.1693728404878323
1,-2.4999508824443195,1.409374259595861,0.14986599092484126,-0.2958867063497433,2.443301194718275,-6.689018921457815
1,-1.80856222788441,5.7252751044824315,-1.1694426702432643,-1.694745660664337,-0.4223132751098275,-3.9835746776294316
1,0.35140118889408034,0.3163638304993501,-0.9607449936390982,0.5760842030846638,0.5595322315223151,-0.9840028801543683
1,-0.06828821664608846,0.9899151080810803,-1.0483027147243307,-0.37515912285303665,-0.3540761829260225,0.27471268722962916
1,-2.8731314490494833,6.929089140439544,-4.3623806969074606,-0.7534549645194011,4.448548176210419,-10.03926253979527
1,0.39975398150191954,1.162677961653869,-2.362977556852405,-0.8183263026955131,-1.010075725878667,1.099898007066924
1,-1.3105250980706178,4.271614680938762,-0.31623743865960857,-1.271836656293778,0.5149367572179318,-2.924030375563322
1,-0.27955808310269825,3.0061551372701474,-0.935589732699303,-0.4654700932416995,0.3016758541463734,-2.1185198708148407
1,1.0476123119734113,-6.958103436348849,3.8857799880729464,1.1339207645939025,-1.1982716681062326,3.0273247900789944
1,-0.3852602979332789,-0.39006264146386194,-0.249688110289276,0.21394838979153946,1.162610778913501,0.25218075018500324
1,3.478230205021661,-8.159168879243378,4.691688663263368,2.1716896576711098,-2.8288798991853263,10.330623150748265
1,1.2188113740735704,0.1858553458745632,0.34121578160826016,1.0570095687852952,0.06467602404021486,2.602024476153074
1,-3.383856330770212,7.270108120340871,-4.343857712541155,-1.0334079795753124,4.24951482875609,-9.951525793275083
1,-0.14215075587705792,1.2400074096334288,-0.597196921784275,-0.20414050911260423,0.8955075919783797,-2.087248046323636
1,2.115189677910567,-3.468752908536002,3.4385709605502788,-0.6806369705884758,-4.720687677721257,7.808410954036734
1,1.5883161236686523,-4.361063909647218,2.138976953968754,1.3677879808994653,-0.5021984330042047,4.29870658768897
1,-1.1286021967239235,3.8917538978095045,-2.8735227403189043,0.9837982131658278,2.9986766627242876,-5.519096319533028
1,1.5153671449882702,-0.8829569825884757,1.9308921969475366,-0.7099050950746095,-3.211114151406567,4.2142219035687365
1,-1.9353019218431924,3.9237985993724496,-2.1576429242713635,0.6856427640654131,2.767765547551205,-3.7577569405295224
1,0.28284499486012904,1.4829672203038118,1.984184750243364,-0.7087455095329489,-4.230008152519833,4.924585115529076
1,-1.7067516833838094,6.452170151502551,-2.978321424705449,-1.0544429373717212,1.8276833960913912,-5.298895494785037
1,4.125263418974227,-6.876010588587847,3.2715869714903847,1.2415047273144266,-4.036005387520584,12.05252072249176
1,0.6911784967016644,-1.7483137919110459,1.625225087116664,0.9809238151570181,-0.30349949035275114,4.372762085851606
1,-0.27251222564290606,-0.02004579651361558,1.3653391989717496,0.11324769787383752,0.46009570175816605,-2.3858372550170253
1,-0.5740801051714898,2.1535038046479347,1.4510462961032633,-1.5999939449474954,-2.060144716161336,-0.002942855768100959
1,-0.40033964474144335,-1.8638695243329444,0.16348043417542435,0.10779395313653797,1.2509340880268562,-2.432785896822811
1,-0.18974726251214957,2.3182524860907257,-1.6265353248530812,-1.468012497968534,-0.5244576866755345,-1.8458604553743807
1,-0.42914167579302037,2.877834897193946,-0.5088264525356732,-0.8851332377909423,-1.5207925651775875,1.4984912856580668
1,-1.9292648183155345,8.63862201621776,-3.863910972575288,-1.5646519423383798,1.5649860486980214,-5.398937062911213
1,-0.7796146292006353,0.9256768756803695,-1.3690255484000562,0.26192219988740223,0.8134504161627392,-1.9202380875886953
1,-2.2089469143337217,4.118856351163042,-3.669090429000488,-0.8600567805004554,3.934333198407878,-8.638298866398062
1,2.998617090890353,-6.631474954243316,5.06271877240113,1.8936274748128115,-2.9301210382289704,8.47874455507516
1,0.825255211591686,-3.2161110287131374,1.4853821003350456,0.5511840327764461,-2.0212213410098774,4.694647174809634
1,-1.1898150577428879,2.1547308582378055,-1.1234481761086756,-0.7473478858364186,1.1031382721805674,-3.466986161212001
1,1.5574319766641171,-5.83997212693746,4.233591171922747,1.235423781325275,-1.0170893710180462,4.248524524131348
1,-0.8771332018961917,2.7807487894310876,-3.285369913639596,-0.22883012902636518,3.0659087899476622,-5.663231495797914
1,-0.9825635917037079,2.1520643935686823,0.6410615383643252,-0.9694706478040996,0.03171864329783916,-2.15665973178147
1,0.4756277287104994,-1.000679643418806,0.6283420703548236,0.7607639205243049,-0.25406930504878955,1.6315796726979683
1,-1.5682518581277287,3.533253156476875,-3.6030791793412087,0.21765017760134472,3.9912203144824128,-6.083647713824249
1,1.449999622790722,-2.735206908224301,1.8374024180972466,0.646566057148547,0.9477709420913729,1.4668582313190688
1,-1.406267117114229,2.4004803229670473,-2.004125374009584,0.26430400487045624,1.7360201531058301,-3.1311242758113025
1,-0.44214330929100804,-1.2182552833779992,-0.14572165662543582,0.12453787023460373,1.290554384292105,-2.7596804758257503
1,0.32842796510752986,0.22069513362410847,-0.16710444128834398,1.1608619429785632,1.6746668265739797,-0.44265628070571283
1,0.5137791508881465,2.5412824488333174,-2.292962770902846,-0.29786411155538656,0.9557250798245316,-2.2765092918722507
1,1.8514595557092048,-2.8326927808482423,1.347554351500716,0.35640059784887856,-1.0050237313154544,2.1010305157150873
1,2.2560668071376244,-5.7519675436815305,4.037932709342339,1.6628145866947972,-1.1092028791207242,6.670220911406016
1,0.9034253121332197,-3.093226008370902,2.0122811606902578,0.49000845964559864,-0.9656977998808627,1.6097283713531851
1,-1.7324707119884113,2.660469294761287,-0.13148594911701594,0.1424611664501598,0.8117992047542089,-2.677510795081599
1,1.867123310998031,-4.2992210949020535,2.8253035530148303,0.2854054983767985,-3.642248839593974,8.714053425497225
1,-1.090987198227955,3.0493012815825344,-1.2625125365694303,-2.824089788841768,-2.3314048945062686,-0.011906398733380036
1,-3.0325943297181,4.8697487984131325,-2.7759872549674682,-0.034351432013225325,3.6501573991491694,-6.1687612216989836
1,-1.798875545940477,1.7213238115158718,-1.0613206474148449,0.07411156175855213,1.3105787127182011,-2.3961617921289764
1,-1.4322437521163054,6.592601104156739,-5.330493790083607,-0.592165871815776,5.761743507002551,-8.47418052325977
1,2.049042148669694,-7.799435200049541,3.7143666756572538,1.3341308494380288,-1.5533327639397951,3.1478118003551314
1,0.13530732543512178,-1.4696768055059235,1.5141549549229403,-0.5666266472357344,-0.6787507513669022,-0.25606349225124114
1,-0.5779636469646816,-0.5088177360955586,0.6196027850731368,-0.39188568536838975,-0.47422808131828487,0.34302912943739583
1,0.6599975361239522,-3.389369014475465,1.3809918215972086,0.861775478329232,-1.5296278284614477,2.4660440130756873
1,3.066930884033976,-4.403863189789245,4.227403391837767,0.7934048409427075,-2.0938997134555555,6.23551864723116
1,0.23356833990339237,0.6331382394291748,-1.8246125571822596,0.4472548684521652,2.0211792496433176,-2.2065078426476052
1,-0.004177060253823862,1.0161927225357208,-1.4993093436589162,0.7026900690255988,1.9469185345875835,-2.5557216273477072
1,0.6186876177280188,1.2705976538989046,-0.33980290937622604,-0.5796239426374764,-2.4577646041549195,3.756356008933011
1,0.8397321241094435,-1.695616051474166,0.06737094252559607,1.2380657578391567,1.6309327192468737,-1.9866198433821507
1,0.19966950422442997,0.8579377734689476,0.010976577160072908,-0.00671337106658243,-0.580127737966764,0.7070349297719098
1,-0.9177639472935714,5.7746776742710795,-2.0044402415265097,-1.8607487665793707,0.4629746409914397,-3.4328553603650187
1,-1.0829145195220011,1.9164553803380047,-1.8958855425022632,0.8493497178140429,2.755749293901546,-3.950215144753469
1,1.2161022322073456,-0.7561448954761052,1.5995385565402227,-0.29774417257160246,-2.209415325135844,3.8450127308168045
1,-2.4918103820326927,3.601390491200033,-2.699519637819013,-0.12718103668642072,4.108937470518298,-7.826107852143133
1,-0.5851301577723829,5.095448749531806,-1.6274359759640251,-1.9086434045783816,-1.4296592767675629,-0.05187325786778636
1,-1.8255660396741853,8.030002027652458,-5.253742014033591,-1.824224253029768,2.1948934136530984,-5.434311005743069
1,-1.5383444114703808,3.524546336582059,-2.0701667448737573,0.44193799573267695,3.8534941453139653,-6.274248332892491
1,0.7570603934553594,-2.423154695827581,0.019629378319982207,0.16970979083206497,-0.019835081030412316,1.083804121600793
1,0.047767383479673776,-2.964718988024736,1.526041254809835,0.005145432658937132,0.07767536391971061,0.8421860837926513
1,-2.105142162988112,3.7026504602220056,-2.4025643389992113,0.6113291194132553,3.484093540829545,-5.35181427299944
1,-1.0319983686796041,3.175380433029025,-1.5209486501475524,-1.0438320790817253,-0.1673248154771694,-1.2333109512466616
2,-1.5388939954578031,3.200413181984447,-2.0521083383131695,-0.2992720396960678,1.9361265186555823,-5.832849627550236
2,1.914583691582899,-4.912130988864019,4.034990154104089,0.370988719078553,-3.066544316804354,7.662445255180556
2,3.853074484762302,-11.612712346825335,4.3413232035532845,0.8128003717960817,-4.964303248295979,10.857908869265513
2,1.773522951938396,0.03906961028349351,-1.0236590515212383,-0.6966528049621994,-2.076761551502408,5.76360900220336
2,-1.6183545896030458,-0.042532493640860966,0.8015638813787413,-1.007122535383077,-0.5452683541781063,-1.9526014668733982
2,0.3113489131310297,-0.33980868294529154,1.5714530133356976,-0.3666294254090747,-0.2972282639929193,-1.295644854734353
2,3.328199354699467,-5.410801144172726,3.0105885074741137,1.1424911215556746,-4.475817815856418,10.499096401091938
2,0.43999919558678413,-3.7275513636565356,5.628717201575122,-0.2996734545281483,-0.9351768949692728,2.0268046772375556
2,-1.5335861714839993,5.200321024815488,-2.2053158227207317,-0.9372018735879821,1.5772112545384962,-3.466852085494248
2,-2.638651328841613,9.973504484009025,-3.9887975460712397,-2.1449276995483015,0.6231216601676283,-4.661754919298804
2,1.9914550723125648,-6.899199346150965,6.637205238432219,0.5372258783171581,-2.1558597260897314,5.057110316746625
2,-0.009741894093261616,-5.285105932089667,7.890867676909559,0.7898499807481871,-0.048562485820421886,1.515509001036456
2,-1.393880607924584,2.399906329459874,-3.157882200148034,0.6146388291152401,1.2676293573559394,-1.8086350717555022
2,-1.6800694461210335,6.975894049906545,-6.043092640684002,-0.6107685763170705,3.8452023583621715,-7.239516447424455
2,2.315397158658401,-7.801710001452558,5.064111774764312,1.1754295398870587,-2.211870506712371,6.899840582727525
2,1.4857247219496799,-4.372083123652764,3.046804273716036,0.6049520858967943,-1.265121752813217,4.173275989923699
2,1.6382889790871995,-2.2484312698086204,3.3087662057210965,-0.23246840668888774,-2.022630422104313,4.101261113986194
2,-2.4744022677749973,0.3770624507069907,2.3468920712588073,-1.4813665023079143,1.0238337693160884,-5.3488600275003515
2,1.9863947933846018,-6.620565463395226,2.125567847483554,1.4830416625481868,-1.5166924235612593,5.228259151984523
2,1.5883238958270103,-4.750782204150754,1.181538700976354,1.262815908847619,-0.6268820165546646,2.2669227658636943
2,0.20996830747070172,-0.9259860746491733,0.5820098748514362,1.324494238253271,-0.36910545419544816,0.973455126652056
2,-2.9662658426281836,3.3884862217883356,-2.9432641026336155,-0.4208543150350112,3.1999950646934305,-7.718226662171365
2,-2.093733509781298,3.2815888362877303,-2.912536047903769,-0.16184244893382,3.26786104171388,-5.391772765635173
2,0.3558025959000546,4.216918535003468,-0.5613391036859514,-1.6882067398613365,-1.2032516411501128,-0.6354900680362379
2,-2.8115017138454186,3.6950964742178765,-2.6939395899166922,0.11994140846482419,3.798272207275151,-6.573405028883095
2,0.36937047725233696,-1.7216533044457187,1.478100733919977,0.2396205815868723,-0.858338632290911,1.629036542386876
2,0.11789582423943464,-2.398183862869148,2.0375968187865254,-0.28417830666733956,-2.372474006693112,2.6528918647736672
2,1.8104564577831377,-3.3728850922745504,0.32975859077660086,1.085604466924655,-0.5698630781380816,4.5285981048269335
2,0.23872179147615116,-6.164794572790108,4.305161408967722,0.05035014450991321,0.3631281883816175,-0.47064046475125204
2,-2.022610769648687,4.114750487605157,-2.979731017135777,-1.395506947795423,3.809868189334683,-6.380248636038526
2,0.06624085923925142,0.41083569163275996,-0.4770019926910936,-0.4209431811442253,-1.2981867445724764,0.06514750249279852
2,0.7591339392314603,-1.8040288468280423,1.1072438782575926,-0.2579558423875703,-1.0475695988724556,0.305280533882893
2,0.582430705753438,-5.337438297868615,0.3466429762509173,1.2627370375906604,0.811095055732455,1.6086028468981903
2,2.17675093255541,-4.863851085179714,4.047148947957006,0.9955997406395632,-1.3384066389521863,6.155169776907603
2,-0.7655128615662073,1.5541907376536317,1.8553194213601876,-0.6012389475085581,-0.6587852913232459,0.4749602355292671
2,0.12954802717790445,-3.6278195895249854,3.2982152234435143,1.3756894316716848,0.06393562107381856,1.3410560732240318
2,1.0393541727018487,-1.514749892737951,2.7225843773445546,0.09927319642159835,-0.5866552012166378,1.9764351730553598
2,0.5914214989687628,-1.29865188086544,0.1493616777591216,-0.16128622935435968,-0.5893346968881233,1.0156590274832527
2,0.022064007557002698,-2.5605637119891984,1.84610618862677,0.09018592957916272,0.9983582622226395,0.3004988087392581
2,-1.2585203108940455,6.946931502946395,-7.688045792095918,-1.1661524450325844,1.732700094546073,-2.2519040840148445
2,1.2492327352234565,-2.9368593470503668,0.3837235108966496,0.40061101983399006,-1.0337133678559782,2.191002272988256
2,-0.047081093763473726,-3.2357219962507435,3.6209627658549524,-0.014693624258417984,-0.1379062622431165,0.30509289398672584
2,-0.39270115634312897,-2.6808332376373034,2.1047222768291647,0.2520804694564887,1.4392257131520927,-3.4698733013899066
2,-1.2364075280625015,0.22257637445459158,0.9803739416346706,-0.7627253572630663,1.5411267632683852,-2.4910471786430706
2,0.905553145275085,-3.8572828446362943,2.719335317475879,0.024239619460992314,-2.1148655876236426,3.5669819481929004
2,-0.12624817642932432,-1.8725512228783072,0.25034306783454474,0.3407453547839521,0.25761889115428155,-0.09727680514986932
2,1.9249788365265956,-2.4203824217821968,-0.037310055370929913,0.08759973352875272,-0.10211916381323394,2.649169562886483
2,0.47843804847823257,0.20060156123351605,-0.34800320847162264,0.6305421667915134,0.6257954698429049,0.4021506089254165
2,0.07756629853123655,-5.252480290695009,0.21634982342248718,0.9785889693711944,0.5592769918900299,-0.20064478567904195
2,0.9325449638566169,-3.761503205110016,1.3234077122571222,1.6164598265106283,-0.10516507994524822,4.030237630845396
2,-0.15482069428519268,8.257187547166962,-7.138749646536713,-1.4774286845347853,-1.5131364762741415,1.2640190603682895
2,1.0793150327763603,-0.913804452974573,1.2378320520731927,0.4458416445620267,-1.5048404083036309,4.035743014135832
2,-0.6225424459164203,1.5891819440852484,0.4687966233118203,-0.06808774708270972,-0.38211497554315843,1.3567125173060222
2,-0.9524441062406702,2.9140505519422994,-1.4960694703748485,-0.7466471494599645,2.0013011750411476,-6.2500344131267935
2,1.460687758809654,1.7290165137045423,-1.9036122872359216,0.31162719416781093,-0.6091713645138133,3.461440701653875
2,-2.359924404584777,7.622809497458011,-5.869731617558228,-1.7185532543403934,1.0145582399572288,-5.884727599767102
2,-0.23377387059585564,0.3351595952169618,0.40165195018560745,0.16139031051110414,1.3445727353796368,-1.513221069263933
2,-0.49516250731680034,7.513271206386176,-5.239797557083681,-0.4488037152209847,0.35803018355906985,-0.549132162668118
2,0.4810488440757894,2.629854658918421,-3.0956755249602645,-0.053393718481270114,0.9286276587154197,-1.9171013754412523
2,0.9981906485092824,-6.544806862954142,5.968517406576264,1.0511716284005077,-1.38082671935125,4.567600496306746
2,-2.22874204558132,4.120593263527501,1.8022540600809052,-1.1542594255602652,3.085010333743995,-9.008822498782328
2,0.6168611486166276,-1.7993343869111729,0.3766110060298995,0.538294370843143,0.6389699292144021,0.8450398686927221
2,1.3456917913141928,-4.751290450330696,5.390823878962624,0.1888078389389219,-1.8849544163022371,5.945986214602308
2,2.124698873020251,-6.819199215771536,6.00543560303754,1.433881751676,-0.7472772270510484,6.155613411617752
2,-0.8170604879775785,1.3908702206321342,-1.2416228085690388,-0.9103341529491504,0.09760552430469127,-1.3427447641051875
2,1.907637145831461,-5.32212147590152,3.5907431699087913,0.5597203805757751,-2.0779789861610354,6.763507153402202
2,-0.8298829684921951,2.8424401979428544,-1.4407828181965894,-1.832482411701893,-0.0005524783624405449,-2.0643066575747677
2,-0.973883585371562,0.5849178200187328,0.14890578192888687,0.20887255014097353,1.9216173089918434,-3.0406873259804463
2,0.800319202113555,0.5571360946166475,-3.5029631240276955,0.4569536469446474,0.41705963955624903,0.8050908510734796
2,-1.3184417378407762,3.1431755685299074,0.4779219107338403,-0.8803302811846755,1.096915347849268,-2.0650570085352684
2,-0.6076500513659667,-1.0125520180866707,2.512211954562195,-0.5687383024593307,-0.1703786512251933,-0.7198205900688843
2,0.9218102217473209,-2.9224806170454207,2.0698937618999462,0.4724240664817407,-0.8564476340810918,0.7205725909789726
2,0.6485178622647999,2.8198235299959005,-4.342711831591315,-1.1870488578279612,-2.8939388618592603,3.107906172662655
2,2.6669589613058946,-5.230908287162879,3.8225087032217937,0.17161182884157722,-3.1029517147224093,7.263605848768274
2,-1.6955605452178517,1.4112381115164274,1.8805851684991421,-1.2412234497499999,1.842712938334773,-5.517572610762658
2,-1.2896791592770214,3.2285910365681323,-2.5661974834619072,-0.7345335603176829,0.7589769075448306,-2.3317968080605587
2,-0.2576495325101666,4.915116484368704,-4.87964952030479,0.15600292617577122,1.4545079767032036,-2.5398031992992833
2,-2.768229493844748,6.1280094004889945,-3.0989268622694888,-1.0392575627404796,3.1921374843675276,-8.070306034387192
2,-1.6001698316892905,2.5814994448380535,-0.6849167489297748,-0.7676544414455011,2.5467697528324087,-5.577474298337532
2,-1.4724549150005297,3.705825429755708,-0.9771074218381776,-0.9235494120209361,1.033806758082808,-3.0172323536620786
2,0.4772625716226469,-0.648737129822659,1.7674800591584234,-0.03655736440138538,-2.294337184275076,3.843335463152843
2,1.6135613043386394,-5.2731831730091425,2.7665721338206173,1.0491832198935693,-1.2444562617126573,4.856399899088983
2,0.5840875528427313,-6.909158187425559,4.340412862465141,1.5555123354151719,2.042314329211217,1.7762659344257803
2,2.303720208351753,-1.045075914286149,-1.870733802314857,0.6675557605846143,-0.31899905491072833,4.369489770815516
2,-0.7904204123500596,4.717858997943662,-3.5281790483010513,-1.1587455782862475,-1.781207218715481,-0.4061998467377634
2,0.10344133915095444,0.07148154050390997,0.8415589703041086,0.20650874600935976,-0.21730941472233128,-0.8710188391444229
2,-0.45331976184403305,0.9030661965941534,-4.325149055275452,1.1242298206562975,1.83751547746494,-0.8533293655920486
2,0.09408419516686697,0.37023487357898643,-1.4988830900328953,1.0791866938820034,2.5367025178716136,-2.853300721179826
2,-0.03249391290864126,-3.7240664407845516,1.389672710156869,0.38195247965912016,-1.927862207407256,1.7054030968917562
2,-1.7873619529272289,0.19660957673469984,3.0932974624086937,-0.24425085454249007,1.2028139408322074,-2.5323430538323226
2,0.5264956258154772,-3.6163998366082244,-0.3854213195392794,1.781315265803968,2.6411249616615837,-2.351998038807523
2,0.8431998870777418,-0.3936081468087409,2.334291938954536,-0.3284808155122003,-2.0026485001176875,3.924770938732977
2,3.444220191160275,-3.877881738004377,0.7587528223625616,1.9443836710016922,-2.2950019704893956,7.246431788277155
2,-0.8606141932085735,3.0842413728031897,-4.308817186662884,0.5288827387434981,2.0074339719247467,-3.5297617311910656
2,0.7733256549343291,5.261463098413929,-3.24210859603494,-1.0664835550130436,-1.8757372289777932,1.6327999626140501
2,-1.6576727058964145,5.863142712829694,-1.6348335318817624,-1.0939320247145141,-0.15036064412815858,-3.2040386975355966
2,1.6850681906939695,-0.6717028988747928,0.6467110177538,1.0099451857710486,-1.5849818409041274,5.023861685459707
2,-1.6387948849335783,5.73338851061316,-0.6920768180863274,-2.7435580736662253,-0.387277427662532,-3.6171908647546154
2,1.8835277164009088,-5.652018877476026,4.0192939473843685,0.3846261922480298,-2.931390354076443,4.130549756431127
2,-1.4722000654025948,2.117645004102029,-2.3256622679739416,-0.3906463915018148,0.5487392672663733,-3.001989743678748
