,0,1,2,3,4,5,6,7
1,32.49432644836069,10.957433423597474,0.06686800171913009,-83.89884953681329,0.8892208550324625,-43.360270080487055,3.499779254005238,1.7864627196493932
1,-66.54555035471455,-20.866448300008372,-1.1253638399824035,166.30275966344345,-2.6643746835912543,86.21643955746534,-7.115033388643532,-4.047711993548092
1,54.39431082451269,17.663974717821716,0.18302140583851514,-139.61627860924006,1.4224699511850354,-71.97954308277932,6.29320731007626,3.210601072016527
1,50.919511975687,16.29615370297406,1.0309476284239498,-127.79745380441614,1.8038558301202534,-67.07720797063843,5.742610442443955,2.5332427508211515
1,-6.067317138126825,-2.1168347027221426,0.053731049150880505,15.43035920363037,-0.0762502093400289,8.388619090841802,-0.8182593605382781,-0.020650896115783104
1,-68.70874316356176,-20.950146061322968,-1.15586074361897,174.73986412094703,-2.7076542045096206,89.33747634929603,-7.464474234281219,-4.260142340955018
1,9.955971582809703,3.0256350565201346,-0.1193492067233828,-31.88520058351424,-0.09314243435742138,-15.501575159844716,1.2319518366978879,1.0947995799493901
1,12.190076672212433,3.068735074410662,0.8577617113427618,-24.12028810490157,1.9244655878183021,-12.219827440340074,0.4221364866932801,1.2795708818923885
1,22.44812877732635,7.314085908632691,-0.3247604282699024,-65.01292336472305,-0.09524947942665238,-32.43334557189013,2.801236483771414,1.4575936175950683
1,-49.11406891226306,-15.292498496804393,0.11877466640448447,133.55458611664056,-1.0948660403426813,67.13301088461664,-5.597868845116477,-3.011949204805991
1,111.90624553168372,35.50342185188315,1.3510936642116957,-289.4479252359707,3.5558317310779035,-148.9573208565122,12.707330368467096,6.031315375306993
1,12.386153436963037,4.236991124309192,0.3251422294120503,-29.41306623865031,0.3516927805388701,-16.010315003179453,1.560914190875044,0.2900946832331841
1,8.850316335045786,3.3424750031035715,0.1313666140624701,-14.670123327690153,0.48730061307133204,-8.68784634356214,0.6185375845839621,0.5573198495876152
1,-39.0088991379013,-12.34500351465699,-0.19629865912450323,105.14967215141516,-0.7116506429350227,53.66234039285078,-4.774095647283055,-2.0926436033590448
1,-36.072316399584025,-11.104222318280787,-0.07557908777756271,96.39415253608433,-0.8457345233868764,48.5424103985233,-4.433984189788552,-2.492304719483273
1,2.007458538860631,1.1068707099155262,0.12461720600624676,0.6415536425310677,-0.08423367245647759,-1.0481840674317158,0.033971904543108514,0.24529139165571867
1,40.68356567854659,12.934456412309098,0.6446931782768754,-100.47015966773354,1.6428748892175533,-52.65093958733863,4.525553516143603,2.155634934047874
1,-25.890259514586848,-7.937591961100847,-0.056206945498928934,68.84862961458256,-0.5435676245799838,34.90444359832168,-3.4397463154580135,-2.0446028872675206
1,-61.8912762749542,-19.12564829836656,-0.7472220733591521,161.0576076488488,-2.410535982080091,82.50529561364691,-6.4776863668500315,-3.4827501893802597
1,-9.160989516420287,-2.4794005537517414,-0.4747948206733184,24.301543354472763,-0.4678887522231906,12.330980961999465,-1.0312325547078667,-0.5704225328696861
1,79.51122766154127,24.87289022043003,1.8575630039201358,-196.51130357228428,4.146963902462756,-102.46254362915609,7.899163552782985,4.3675934186974015
1,5.163442912842344,1.501504317371455,0.12271097352900345,-15.461858346109,-0.10008668090857176,-6.9964247315438195,0.49847730395045886,0.7717296851197076
1,-15.579264359778433,-5.200641879871685,-0.21222156502478923,39.08925460775142,-0.3518177810519617,20.231697610105183,-2.0225617114742254,-1.06470473117653
1,-12.37955131555438,-3.2957329707674656,0.00013303117243011753,34.72437506915339,0.031082097702628236,16.75778676754497,-1.8379041265975664,-1.3825600826165068
1,76.46381324758532,23.741694629197134,0.9782904266280573,-200.19836273128243,2.942009359228619,-101.85766854296277,8.285677811643914,4.669149804567265
1,8.968571969743868,3.079518788785329,-0.09644845961734819,-25.336962716000436,-0.3501896015361919,-12.995232113341109,1.5754377162283595,0.3570653631511565
1,-15.208785130912247,-4.33187177530873,-0.3291998826284455,41.18241293614942,-0.7188528014946618,20.320470372283236,-1.459504273835378,-1.201717402698139
1,77.39797792473283,24.231820133591413,0.7262869779686163,-202.97034234646685,2.88260996014116,-103.7731860414538,8.511349714216788,4.155068295060023
1,59.728993542282964,18.12286358873836,1.3210396489660825,-151.40171705966895,2.8562369136073933,-77.97212521785917,6.441553419729473,3.376608565665729
1,-25.79178305836542,-8.18118050557667,-0.3388342467686055,63.91687955169183,-0.9955922398218638,34.03898875112677,-2.8410108555967932,-0.8029941304731694
1,-7.181704709548249,-2.4302860868550225,0.12084881787231319,17.815866845514403,-0.01787609396174458,8.898563764502004,-1.0352396496881344,-0.41906183949860815
1,54.35842321456355,16.85937680761486,0.424597742686039,-144.97460664174778,1.457877568524241,-73.2198333900088,6.336120661448759,3.3032578179823013
1,9.931609793710683,2.836778553894464,-0.3478805636312534,-31.5401775522649,-0.07281064702054871,-14.41213643168115,1.2995297538268855,1.2519226602624465
1,39.641780348238925,12.497912369987207,1.272690847604486,-92.86338876236405,2.520786462380544,-49.06449262058845,3.6241110821763023,2.231768604831387
1,12.136906385222579,3.278120898904948,0.7980087038376669,-26.517328197042968,1.5568798624790883,-14.565308004916313,0.91917945332673,0.2248709054502593
1,51.11867036364238,15.791438654420594,0.756454760940354,-132.91116484416676,2.231302870663924,-67.91546725200689,5.2984166589713695,3.1326233189501917
1,-50.18238380263394,-15.668087411878815,-1.1307264763086216,124.2740648220915,-2.4916028337173195,65.13154364016201,-5.517864391338204,-2.3631979836153985
1,5.880537964920392,2.142280182642845,-0.27018434929067264,-18.59531823458846,-0.25872035046304437,-8.57883612453207,0.7672765886964692,0.6546555643022466
1,-41.556890854515885,-12.351914904819168,-0.7475029091473641,109.55154435961492,-2.0199946537970668,55.339917860340954,-3.961127452829081,-2.6230540227156314
1,-69.75203749627201,-22.619611092838486,-0.18276871457017013,180.00383223390355,-2.434208876554464,92.76932916323621,-7.651343223636475,-3.9657307586628203
1,13.851214759101522,4.2894024346724615,0.8929348573770596,-30.491024294413293,1.1096806758549438,-16.57424843445644,1.403966293555357,0.870128525971532
1,18.248332750164632,5.414700559590046,0.179700806422279,-51.10812873698322,0.6943950079313079,-25.863318008241993,1.894358017064305,0.887398877853552
1,31.535184628327347,9.638217666828155,1.107977987721538,-74.81706752281676,2.3290371902096307,-39.479599260773135,2.774728845225753,1.4852339976410078
1,-40.394047065934856,-12.440272631076812,-0.796404362425877,99.63788205503083,-1.6973091383006111,52.04762288353652,-4.203358668481865,-2.1829439116020386
1,38.52578359464182,12.073992689140518,0.44102326409590276,-101.32714124735708,1.453476687932138,-51.72121205037441,4.525571420897836,2.457655356582263
1,-51.105237730970885,-15.847794376817983,-0.6015413167057317,132.9574873085496,-1.6331466731784714,67.7062865628299,-5.517898791026057,-3.4698539172178777
1,26.44079185708546,7.9801974258656685,1.1556079311745702,-62.70753166467317,1.5849457385350447,-32.895526575905556,2.6002133589771272,1.4056190249669185
1,-80.21971283860213,-25.3101731685342,-1.3555413655283501,204.33760812503584,-3.180683068284547,105.45551101828254,-8.682166680793822,-4.558181203949231
1,-43.82745389464988,-13.493482205299772,-0.42310273746746746,117.40864820026569,-1.1691641191578686,59.788582167844396,-5.13387262542016,-2.2996367433924934
1,-24.10454759801757,-7.676516727524629,-1.101032367071783,56.700578664852785,-1.728135054366306,30.210551802676157,-2.0530072393323255,-1.3255807075618282
1,53.766799023681386,16.556741961945953,0.7972648504977262,-138.94269479025752,2.067144880162934,-70.70117359746318,6.085670591449056,3.4846475775208745
1,59.58803053100055,18.15869756251195,0.5143924595272439,-157.66026464737146,2.1651918601828415,-78.944361996448,6.230332616615115,3.9714145912776626
1,6.71898685709958,2.495063709632772,0.2166184979073313,-12.75898435913649,0.7270138865566401,-7.589221524516231,0.5485678908292023,0.0366426288828212
1,-20.091551920466966,-5.891620453542789,0.025137164296437343,61.00463858372413,-0.4141597955860461,29.571142639905087,-2.0350235951558986,-1.5286114636487598
1,25.601700717199623,8.179357112544716,0.7153538056560966,-61.71866973314636,1.4506555832970243,-32.53701774911328,2.4925523674328653,1.1465296986857945
1,71.46040800075535,22.26241106095263,0.9139049020256127,-182.85766354697648,2.6139125970810957,-94.60282731774437,7.747266950709651,4.243536521712615
1,-67.80738478884614,-21.395597371288467,-0.6765402525396637,178.6990159232028,-1.974604077986966,91.65557798116035,-8.148249825009792,-3.6249360572044673
1,57.20478392932629,17.7948223678538,0.4438996561638759,-148.8492562864881,2.160087484188223,-75.94597092690691,6.265836379974074,3.479059613245144
1,-28.360847367664412,-8.870708072818454,0.15332151730354218,77.47733046479313,-0.7610528987057449,38.87490348217584,-2.9265489779746745,-1.6948641718486408
1,-2.2392374207050394,-0.2600470286555946,0.27718028418800145,10.849111778376228,0.21989209390907727,3.727778322367796,-0.2376682285738068,-0.5797473497780717
1,-71.09517028047699,-22.78795899945685,-0.7484464690817665,183.18131722030304,-2.673502993434169,94.5711144398429,-7.690964167841828,-4.08314673980685
1,35.53609421037671,11.026236406869167,0.3194136064515597,-97.4811517912357,1.2067706045788378,-49.62007247300395,4.053278248024886,1.8329248005508694
1,-75.99592102909304,-23.599033247932002,-0.6649519234557559,206.85792450316796,-1.7627975732693508,104.63354152003014,-8.893545334893068,-4.527681440733981
1,-48.4913556047269,-14.831940145262577,-0.374470265716782,131.84623453661752,-1.3488742059158254,66.31524749138417,-5.688802490410697,-3.111847067271192
1,13.324742609919891,4.150187143378022,0.30509856181878076,-31.804409325123604,0.5994868800616685,-16.510196972674994,1.2306965012773523,0.8804543079039295
1,-14.818281805105277,-4.297752170250127,-0.43838705386613763,41.2832461711128,-0.34189783784824834,20.770617326324288,-1.825246168241194,-1.0641270762667256
1,-10.449157865118536,-3.4967936637749437,-0.341343980710212,23.793352835895085,-0.5899172671203257,13.196757778363432,-0.9861607896236626,-0.5694156122488921
1,-12.050421907477377,-3.4193361073830446,0.04035044282522124,32.8504403142998,-0.17671921628064047,16.22804487964406,-1.5076803633169218,-0.8174087752987604
1,71.76223770797084,22.498053639029585,0.8655283553402535,-185.64447960079698,2.5730150495903628,-95.24289314043655,7.77675057062826,4.03095679384945
1,50.05683464345116,16.11091556407178,0.16506754626633152,-133.00320498213392,1.1375885570225002,-67.7635751301822,5.994557790213947,2.7286018029827237
1,-10.30182991529934,-3.6105499803281838,-0.0014747379026651963,26.47856366663734,0.03436978989042703,14.40209293667387,-1.2633072253637236,-0.24119651030330755
1,68.59036458276589,21.399065400378518,1.316232123044264,-171.6111029022266,3.088465311651698,-88.79548618191151,7.362320287954424,3.837747533414296
1,7.489486885666683,1.9508745278883064,0.31798788762812347,-18.123454890187997,0.4034408684340841,-9.328704705302577,0.898788730300432,0.7950313369503503
1,1.924406855046245,0.4068426318958527,0.09216606339046679,-4.039659880193906,0.6103489951768614,-2.1883338194410755,-0.2505096998078721,-0.21339522734699296
1,48.380444536105955,14.731219593001363,1.2166498475940517,-122.08448834536233,2.219064146330549,-63.05155115753364,5.442975708764121,2.71437555553164
1,-48.84396024910761,-14.923311342215047,-0.6491577327392667,125.40195364314025,-1.6076874765531655,64.57468054175253,-5.833447638069095,-2.6952943816240325
1,13.912615470736753,3.8003810434225795,0.7317249387125446,-29.40050761755731,1.1942097015004962,-15.020486025050763,0.825609083220581,1.432625499536413
1,43.2182588779652,13.393809755665291,1.3042673998408412,-105.19053582840046,2.3832870785146576,-55.61563522592669,4.522308771260816,2.238182692020966
1,44.09972818261008,13.135031933098919,0.9270345463793128,-119.64446352806793,1.7567682632842918,-60.22836008229297,4.993922226972067,2.96669025507947
1,26.32499367710527,7.325994543245852,0.4103859121098543,-73.36841499648038,0.7748193126950501,-36.36950610190693,3.342494871203835,2.1441322259467137
1,9.005092322485854,3.5240892389919485,-0.40184265299569805,-23.09735067153798,0.25435847747978224,-12.651676194425761,0.7772973824766475,0.05041538077647407
1,-60.11939036952514,-19.009331852272975,-1.0457166845572,156.3808838159967,-2.4033260340945173,80.86861442185763,-6.649795309599123,-3.1916381620786476
1,-38.34969781529591,-11.290009581005394,-0.6947988199950095,104.35217679354601,-1.3847676133387434,52.395343543884096,-4.308937531690474,-2.3753357519554044
1,37.615709364904625,11.756980193776334,0.40071691452074953,-97.8693652308844,0.9361000190691381,-50.19378841669401,4.729470658872021,2.2756076078215126
1,-15.898835334755434,-4.942784750746375,-0.1563221606275685,42.72248236822987,-0.37804578057196236,21.90896691845268,-1.8342601955539115,-0.9379563155867918
1,-3.363264217430724,-0.40239537439362455,-0.3437634613922723,8.877403439616632,-0.372493173810808,3.9703175598559928,-0.050074139905360374,-0.15891891794899315
1,7.235442397782353,1.838727816245925,-0.22877402704799982,-26.10457303276993,-0.0416912708861713,-12.21110416316625,0.876755698371859,0.5647537716013524
1,-14.160302384976527,-4.293029825645986,-0.5099352239368427,35.19398040926077,-0.788205533372286,17.86946282027042,-1.4523914417419967,-1.0172910848353647
1,88.25462674669807,27.86182572517566,0.8124679175172873,-231.71660336162986,2.2106765102719024,-119.02929559653347,10.59599156283821,4.87294601763088
1,88.06109212751153,27.253510540608296,0.9387020047734551,-231.42565982016768,2.5176187497383964,-117.97296284356113,10.474316109054774,5.222060347992913
1,72.49288641242387,22.23874494580857,1.4963826620130067,-180.53720169770412,3.5286573792332003,-93.49770314772952,7.341848481123985,4.2437453419538524
1,-11.259937575567504,-3.424371987437449,0.15895915929287135,35.38732753804894,0.2557803663437862,16.77508845754555,-1.4494629932319152,-1.4067797086461071
1,15.469778158539844,5.085052464348694,-0.15769613618948325,-42.246805495399485,0.2899588263369085,-21.485669674828703,1.9045826246357576,1.1673776312901492
1,5.776437517213177,1.661631397528626,0.25311288668155385,-16.275734206150638,0.29276333892722506,-8.15324878221223,0.6269967598638393,0.10817174727553132
1,-4.057976568871113,-1.1826929382117692,-0.236954844154029,8.019129339735874,0.2234778233721609,4.68523659581031,-0.8493557098800819,-0.43745636330338655
1,37.23198733261927,12.260726083820462,0.018522611537564092,-100.63228108540926,0.69027965519261,-51.664954190445634,4.465522685003471,2.0827057267571867
1,-38.58219233202882,-12.07389440962144,-0.7095103485728061,96.72246559829883,-1.64924598857645,49.85692528991137,-4.2504665522922025,-2.1372545490463546
1,66.34041804090673,20.476275102446028,-0.003455518195077223,-182.39870389927185,1.7745274776343765,-91.29526338264927,7.654194663774832,4.292764186618359
1,-20.474065548644088,-6.53990500440064,-0.22128092839039498,52.71653923382069,-0.7104028391507872,26.754247898872325,-1.8924819051514616,-1.2683420670795391
1,-25.047450707344908,-8.117506338282965,-0.23569898512552942,62.80068557839778,-0.8568615528807806,32.45676784792954,-2.65508743148745,-1.6564871190593171
1,44.385483695172816,14.26905189978354,0.016384832885140567,-120.10060101591391,0.8009751799541328,-60.51269508820765,5.101304878847178,2.893829932034359
1,-8.646499449154344,-2.1680561031140706,-0.9162390662574071,16.894917799441547,-1.3883201296751122,9.63142648796121,-0.5082588586469434,-0.32224807546108797
1,4.3125502095177755,1.6093186015576266,-0.825137096153657,-17.8737277039365,-0.6131208705060652,-7.507165096210895,0.6255917693150332,0.6809379228454674
1,48.567761996884,15.281975461333934,0.5589091955993122,-124.77655007380747,2.1548041894506733,-63.51344161255108,5.00429643388669,3.0761908224926473
1,-25.553455392528118,-7.893983814713001,-0.849175393089542,59.60427693898014,-1.8050204993882204,31.519753964307956,-2.4097891147110873,-1.4028319392847741
1,35.954236822807744,11.214558053008579,0.22059752670362737,-96.03413972917996,0.8057302212541071,-48.52130546289387,4.197608372992236,2.367661132359952
1,36.6336854146075,11.01420235540963,0.43901803688550733,-100.26830200049815,1.0220655921435173,-50.10100371375606,4.262233900628762,2.6534621217461574
1,1.6843679554996336,-0.20996480782789817,0.28541541232697276,-3.5351753303126725,0.839024355922053,-1.0857732665119535,-0.1650033017285876,0.20822205456568005
1,-1.3349140500812433,0.5026683206485087,-0.38480713775162556,5.552345693917432,-0.7035355757165536,1.8902972230391062,0.42320632530833624,-0.41994374301065396
1,25.547875733309308,8.310960363047094,0.6268804935038927,-61.52829632628736,1.2618625859725296,-33.373578591089164,2.615448445795476,0.8438663662218131
1,-1.3318805258641209,-0.4290683814426765,0.1829288676614449,5.356928836543422,0.1227047468320008,2.2955615434895535,-0.31441316003822184,0.02558940862451343
1,35.29626266257461,11.009615182007657,0.8108008982979059,-86.23820894198403,2.036920378178855,-45.08168680682876,3.5251510988440837,1.9202513923007836
1,-25.129874300669858,-7.501501930544042,-0.7266186914608435,60.72087625971654,-1.512408363859464,31.55589911984447,-2.6752859897559933,-1.3939108055611198
1,12.938535340346311,4.264259438886901,0.30880831794047736,-30.909048919920696,0.5423408267299485,-16.057825018245094,1.5398564166097948,0.4890110324642407
1,-15.793844377818331,-4.967511164926373,-0.7513239450889322,32.81611547191568,-1.4751721335527261,18.085847554487064,-1.0516334022045815,-0.6375929226182376
1,-18.149984078593832,-6.1186646567270575,0.45891324539632644,52.94114485904188,0.13749006397673205,26.46385496370584,-2.239007669132227,-1.0171285496229803
1,-8.427968512395227,-3.0410724155841056,-0.16622013877041875,19.622773981594932,-0.7684077139404751,10.926310575629287,-0.5683977871677894,-0.12105673210502671
1,4.7821639042281054,1.861776411290872,0.6068073045260352,-9.558976804412472,0.43214501117296394,-6.42367839287593,0.24612987631777622,-0.33998656444747893
1,-8.514395970226941,-3.0758040845297874,-0.22804575110661957,18.76175556820751,-0.3651933775180336,10.424678695500907,-1.3273655387674304,-0.3508709156162109
1,24.076365354615074,6.564025648079138,0.9383473948839238,-59.991294306945115,1.478669123789053,-30.588297532854913,2.7939425748963314,1.490332675702126
1,53.254426291635674,16.616228234306497,0.5363490849411137,-140.60733738629705,1.589496181711493,-71.84275540110093,5.96091573090997,3.2021466681247386
1,-2.6516392636792885,-0.08678417857271707,0.3585513621812771,13.599287350734222,0.10252603302938092,4.9725579968951825,-0.17440715402194362,-0.5886637398515916
1,24.4942016169436,7.2909142620609195,1.0799882703092105,-55.266900257201335,2.2169593961258616,-29.748497809464215,2.18814484750063,1.354660859691868
1,29.067852723183883,8.681150541573501,0.4259364145413129,-73.72311065310939,1.1714041998512636,-37.18889946020395,3.057316611544004,1.9876968069285048
1,-60.96172270268193,-19.558870555463486,-0.44775023678554887,158.5881588640373,-1.8184027327808656,81.32614447467323,-6.8861681608766645,-3.319013071323344
1,74.98514400839812,24.085754922583497,0.7256440373562938,-191.58296404987522,2.307694232744835,-98.94623492865828,8.720138267808665,4.205595156350771
1,-28.3282103358264,-9.001132461113457,-0.6778899400660952,71.36905944829381,-1.0399583276831035,36.794552278809824,-3.2391103331508866,-1.8128925452031122
1,-24.84662079327507,-7.93466236310875,-0.7753711308100903,57.31955630990286,-1.5961016144050653,31.035457199709214,-2.3405917128315754,-1.3717060261810092
1,26.064517479914546,8.063239654616472,0.4526158870266312,-66.97839735103952,0.8626241735763291,-34.84286656717708,2.819218320232771,1.4083570644765517
1,-111.06134746284084,-35.00440278517349,-1.5291976419568845,287.36814365096006,-3.8333670541395186,147.73054024959825,-12.313963812669908,-6.249555697470228
1,12.168546044239095,4.014327874628578,0.5419352511314842,-29.262663190822398,0.8060162957700223,-15.895605235640256,1.1541866063897626,0.4696861115727423
1,26.254384351482244,8.076566068906109,-0.018844823001210508,-72.1199343997383,0.04467437187913423,-36.1863068105507,3.6645780062264817,1.6933939039028045
1,4.828461816641598,1.0873802016065015,0.16731508254106303,-11.140573468380184,0.5918848729518109,-5.726483424814448,0.26202586724629884,0.025691033225604263
1,-33.52990598436265,-10.752698233831955,-0.09290478089287914,89.04552149569446,-0.5468656842217756,45.73573589434545,-4.042889974879384,-1.8955677714185557
1,-10.843901316068742,-3.475266238721334,0.20371589417324049,33.184036536642544,0.2681742303170028,16.350411732319795,-1.690992232217978,-0.7546821319460625
1,2.595002193871788,1.3830502829182012,-0.11743864349472252,-5.212757125392229,-0.11254309259023004,-3.124544141442175,0.19445823035744175,0.04167845443559294
1,-12.664428775314645,-3.3443336515606275,-0.3265119487468682,38.718240444040454,-0.3465454231595712,18.677409601490208,-1.6367745820721578,-0.9587078760389321
1,17.29912636953606,4.9083898320326655,0.23926749402496678,-48.05477181584149,1.0633427594497928,-23.91557374574795,1.5630477087483285,1.1238296194578545
1,1.2574348790103356,0.005773828475135536,0.34676410283055376,3.2063135320912126,0.5340842545053558,1.4209389689124354,-0.11325745265330112,0.4670518418987295
1,-31.46500423216721,-9.791813113026539,-0.19104461861906363,81.24030684868892,-1.2892698049659383,41.35112682225055,-3.323408485412419,-2.1640399646840414
1,-6.956487911011349,-2.549791149332355,-0.303961281415499,14.576268380334213,-0.17444918358140907,8.045974313952497,-0.9284487423675383,-0.2673498612206473
1,6.468669694431204,1.930625362321391,0.24499874744837494,-19.295177577449373,0.47346459833334253,-9.630412985966935,0.5868914959382314,0.47799691775973663
1,-15.57557346385019,-4.998981634397495,0.27176445710203984,43.98296559023603,0.040148696467173874,21.88414098869509,-2.023680180385273,-0.8450422714882669
1,-45.51336698675248,-14.219345354905471,-0.5705970336617995,123.013961730533,-1.5151474011185746,62.57528539228277,-5.437569383868508,-2.6075611656433897
1,-69.32830909976329,-21.213502780405328,-0.9122518056807322,183.91063811174067,-2.440144752555643,93.08312879718676,-7.672056005709012,-4.362039450465633
1,41.64361529333621,13.689348575663592,0.30715125057194037,-104.46002643334774,1.5689398420045293,-53.748724211272545,4.282910624256189,2.2153576946989255
1,43.689796617418544,13.808432047781466,0.5100429357351518,-110.38096362553867,1.6245824534317428,-56.66146954686764,4.580991246847291,2.8162805511254043
1,-53.15766656139945,-16.50001948056182,-1.1434947697294584,134.4535707450164,-2.211337408500786,69.77709385239777,-5.74278171714167,-3.117381869897037
1,-17.219588019503906,-4.727783015476693,-0.8133328138268817,42.56917164384682,-1.2668763287710996,22.33186233461313,-1.7480816438307036,-0.8819567705357101
1,-10.597545724234035,-3.7048578358386766,0.20631735708461738,27.256703824048756,-0.10436718917830927,14.165548279598818,-1.328353699426365,-0.4827611472845815
1,10.713605462498485,3.2698690086102995,0.12436769530631742,-28.974036974389836,0.6093478585088168,-14.782605265570425,1.3840772818826383,0.7706701973106558
1,-11.706405765385156,-3.6340423297891045,-0.7883502464757435,24.868212015324367,-0.8912445672736344,13.737354170631095,-1.1388367380050015,-0.2583413215899016
1,27.958849286244714,8.948900261853687,-0.1249022359538624,-74.94166944854098,0.5500739468271525,-37.85799641281854,3.1285955673100276,1.584427074531901
1,30.520895008647148,9.889952022258253,0.5625183380243041,-72.60397724662563,1.7528207092029213,-38.27230371893635,3.028508963170779,1.4662134603861385
1,6.194310092600616,1.5691898170685943,0.4238264226588679,-11.522644420476071,0.8340566432181583,-6.384754426315555,0.46162961951876247,0.605992433758767
1,-81.34362013979023,-25.228204215579538,-0.9339374265792177,217.22594408533823,-2.4531611253181635,110.23314833672751,-9.25887052509468,-5.272478010244848
1,-83.70113910805235,-26.140237155166574,-1.1022002382736023,214.3184823947091,-2.7793888089911327,110.36178611569468,-9.603447078826512,-4.644491176476676
1,-30.399493316566375,-9.168415497179842,-0.5930896238603475,81.12355143639441,-1.241546988446851,40.86422851523541,-3.2920209327023326,-2.0495537282866176
1,-24.296711632088407,-6.969964104499828,-1.489781435282055,49.332658832870365,-2.8092028071501063,27.614421793940522,-1.7959939745475717,-0.9354118335551828
1,-39.279358251240865,-11.814133016211539,-0.49078086792547465,104.11704693903934,-1.2406326565765549,52.56031929193254,-4.0137246785459535,-2.5443763249085385
1,56.89902735712784,18.20989881545568,0.654257421650184,-145.0395391148537,2.1407185561536806,-75.17941862719168,6.228024827065393,3.0308196635166276
1,78.53547529582146,24.307417233949913,0.9876763362627564,-206.17184859625607,2.5210157784091005,-105.61351960761424,8.852516480927243,4.446544120324416
1,-29.358409732109692,-8.885689971635214,-0.10394579572391406,80.05743076133481,-1.0089660833686291,39.578625075338564,-2.8723667405799107,-1.971572357160682
1,12.391852451783627,3.9379608822978933,-0.04123860271858632,-28.27739303310731,0.5513711915323156,-14.720672584730803,1.1484539843864605,0.9233741173006308
1,-25.97630313960366,-8.018373577486194,-0.7918918909721919,62.3932127409831,-1.5697047944190143,33.19081797634923,-2.732246029939752,-1.2141442335500385
1,17.526891105218983,5.293682381636341,-0.5985171846019912,-57.209365558975136,-0.6047441290508924,-26.58654999235707,2.6650260445062837,1.797224737658532
1,-9.299625096010999,-2.6852512225727336,0.01259878141619469,26.744159169025988,-0.12774406942544167,13.11318528883415,-1.2550914106281883,-0.7011623542146758
1,-41.052076200811065,-12.648407078950719,-0.6186901062327211,104.94565680629874,-1.479352627529738,53.64346805563797,-4.591836463449093,-2.438750548686933
1,44.546116802633534,14.436106299089067,0.7099821847393626,-114.5069522278711,1.5565991035869424,-59.551964514244546,5.435173989891381,2.516831706887213
1,-61.18669647922768,-18.291909862593396,-0.8672095028561028,164.14177500499142,-1.9399096688787525,82.33181715744156,-7.021704092116377,-3.894494731735567
1,23.68135431258851,7.874280082860039,0.3292294864338546,-55.0372982622433,1.4767907250196743,-29.445435793363796,2.380300747497938,0.970520356415716
1,-5.083201392289304,-1.0055122147680902,0.24363573580689532,20.627089292129206,0.4286758509426055,8.580693278028809,-1.1637543551913998,-0.8493869724958417
1,30.9603897870339,9.706920726102968,0.12806720903979085,-85.8657814595573,0.8704705941776811,-42.846593167594726,3.3786054546061615,1.881454054684157
1,-55.78534297776128,-17.425094055417564,0.20724924792483057,153.13946321516198,-1.008398829337219,77.190898439309,-6.6090929222417225,-3.5002972235160272
1,-35.25122401882322,-11.3123292487029,-0.3729565868102188,89.0037694900909,-1.2117840720760735,45.296256511726725,-3.909065249280247,-2.199152817682382
1,-23.832860624586793,-7.557153290661843,-0.8428740146639224,54.11302196543404,-1.7832311704018893,29.39525744492406,-2.322193056362965,-0.6772311892990172
1,37.77341916804142,11.987846236789693,0.11990824504448842,-101.31702506873336,1.2078824624243865,-51.80351886236725,4.185072740450718,2.204789485900375
1,-3.898887033286074,-1.2294580988867492,-0.11653110234719569,5.699698604915575,-0.5826674707232098,3.281470945497521,0.02699338595424403,-0.28520537552091274
1,28.911031894006086,8.772684382287002,0.3269277664174277,-81.40545794727416,0.8431447906723271,-40.96173424377277,3.3713189110743627,1.5216126965325212
1,60.95985756737701,18.26070406482853,0.9393320106036583,-160.5695033291349,2.3269736367079235,-81.34118757659128,6.363726954247171,3.846511671314769
1,19.65715279566506,5.53565348553052,0.284588035978448,-53.127090469447,0.6552532069566097,-26.200318441133188,1.9802742478743343,1.482518409103634
1,-38.60880497346207,-11.146285345387259,-0.834268832364757,103.59795594467951,-1.533779715401672,51.877553000787955,-4.444036474822576,-2.4436139983429284
1,-22.695946766488465,-6.56001522771174,-0.42412782222301226,60.10350788942957,-0.8232543715628716,29.99028179211905,-2.521705918071181,-1.7055785286628504
1,-4.930636817572479,-1.0795460612058638,-0.3038344721988518,8.283687420904203,-0.6011316302569427,4.46529817035025,-0.17435383272848837,-0.2870552767522743
1,40.492481177722816,12.928877693715298,-0.06096292081166997,-110.76494357181153,1.0420846879028283,-55.605226104903956,4.917356748691374,2.288684688587865
1,-49.126616440783735,-15.455213039337256,-0.6123874655488553,128.36917246731286,-1.5665189802937067,65.95967534156297,-5.628370997256617,-2.3546603013519
1,6.234247106930691,1.0882870029367857,0.8923786755088546,-8.269026055199586,1.4753385209173009,-5.42060497242692,0.03933379909995497,0.5394648317491839
1,27.658586355350526,8.725412791857773,-0.07906828034464353,-74.1813040106839,0.5904016669255256,-37.685449533290566,3.105824013265603,1.551373106302331
1,-28.864278338404073,-8.725096987098025,-0.8694592842217327,69.949854271423,-2.1244075302976144,37.184073204478956,-2.790491184998171,-1.184258487672681
1,29.469877386454453,9.295516462754408,0.3169100126411789,-76.74937939015501,0.9008659267378046,-38.8701752067778,3.228817182806414,1.9996233122148164
1,40.59365340334866,11.951295426140364,0.8459405832002586,-107.29992820652528,1.6026950020301312,-54.26823669572176,4.397951359755094,2.6151073196598005
1,28.31474090672796,8.337661356344189,0.7952289243824672,-71.15356782486612,1.5053557819651362,-36.74490426667428,3.0765139731808238,1.597187848646721
1,-20.999891352028563,-6.712939531164764,-0.2726629661875154,49.951653738588604,-1.3134076731642061,26.23119506024369,-2.024725415045946,-1.1574985118130265
1,0.7483550281678741,0.8396016581870611,-0.5664203769526128,-5.481611460459564,-1.0446144638636774,-2.9609705306499396,0.8380115167101231,-0.026280683912830564
1,-3.9384558036753274,-2.237142032958046,0.12405400249346818,6.576728273870782,-0.033734841270820576,4.757971187120593,-0.5973168368639482,0.30844518416968697
1,-47.442164734717366,-15.270803601991156,-0.9019647144452514,115.74074988490435,-2.294872903517996,61.016982086190424,-4.545460716135207,-2.1729091087830006
1,-76.19274031265721,-24.067993362800884,-1.1199697064462593,196.41350447080958,-2.91124807863583,101.31579746776431,-8.381091749148693,-4.119350242727637
1,37.478592092274376,11.722190664259177,-0.6858510941844097,-104.9452903679536,-0.14692210642770998,-51.66727534548947,4.6546832601636,3.031525367730999
1,-24.22971507212097,-7.555475110220589,-0.535127450063398,62.50302124466105,-1.25254343402204,32.31197001559892,-2.2578752768521015,-1.222675235802753
1,-12.109011093344774,-3.3463186359075774,-0.9507676448317158,24.12332780133302,-1.4490120832738669,13.504894067529465,-0.911009463936191,-0.6501448729363464
1,-8.63947914020989,-3.0885082957112346,0.0022770712959900505,20.199099967122912,-0.31162882519980967,10.639275247506307,-0.8803306625626002,-0.7879103773492727
1,-23.84767415851614,-7.310779233917055,-0.7035095457971503,60.679948793334816,-0.8810741518949629,31.34352348512754,-2.5856602930468835,-1.2985750878488864
1,-16.371088667900842,-5.440301083526831,-0.2738121961285347,44.77740634962798,-0.38729843322636737,23.22644651686357,-1.725998003413916,-0.9640824442924979
1,-9.427999429620419,-3.4436003513084334,-0.1397354033025292,25.033729097983578,-0.6792831597497956,13.41329611513912,-0.7889576684374907,-0.21523251768294177
1,-18.778976747121895,-5.1722782906395715,-0.598443238063818,48.82912078422205,-1.0801933940263861,24.243153299923126,-1.8281929718715657,-1.437378732967254
1,33.882182912236594,10.06514045245964,0.6534937985073929,-88.77578791500483,1.4831742358516211,-45.621332791634266,3.8693545040354786,2.162244182608292
1,29.535580755596293,8.943689536920068,0.18827149851066405,-74.90505427414905,1.1637474238419467,-37.625251882077244,3.295553196318041,2.2239087668358333
1,-8.655717185440599,-2.140821658078364,-0.12659302653761664,26.318550279388685,-0.6595429638077164,12.814396564702808,-0.5674856207399743,-0.4871883038418498
1,12.922894596564102,3.858693699988454,0.06029766768483675,-36.667431745727114,-0.05937608781587128,-18.96542340548272,1.6794437526587063,0.4760349111146624
1,59.241623660017495,19.233310204315405,0.4842907495715292,-151.18354454380443,2.3161103755371433,-78.74724716899371,5.974845559446293,2.6992721312183288
1,31.14652435110893,9.5380660280804,0.4455597413392985,-81.75940476034779,1.3229789015733677,-41.31185046508886,3.2914444109458243,1.9080629261622513
1,11.657798977963603,3.5861349515122334,-0.09940087291020012,-38.51797578383042,-0.30569936789006585,-19.067408844913395,1.8588644254810676,0.4745114729786564
1,-33.20952809130408,-9.902116621298662,-0.7271574088071837,88.59481847379014,-1.2471069318463985,44.60942741755864,-4.040011212763562,-2.3759471695456416
1,7.195905209707355,2.2782017680744167,0.44613562247651933,-16.40602373798853,0.67243541379917,-9.06641966387085,0.6002462433899899,0.45414061845209025
1,4.103967532831962,1.6561709199383603,0.1347433066587087,-13.38605605045147,-0.64994083617336,-7.848393392329706,1.3091542144304018,-0.3621483497801551
1,-14.312950534511485,-4.950453278236916,-0.42727488860185636,31.190263740566863,-0.8962032955974668,17.34016617049132,-1.4440874431283814,-0.5873688938083121
1,-0.531832325654694,-0.07440160602653027,-0.0038822520925006834,2.694429389405039,0.19572614997654048,1.0873653133707677,-0.5068772891296924,0.12865289914116276
1,-47.53181174129978,-14.913774364372093,-0.8704338897691741,120.35223584876545,-2.0639140483489613,62.44092957171447,-5.010347302140898,-2.6224904254868364
1,-46.17432615300123,-14.441934462006632,-1.0815589919274053,115.7428561438931,-2.245598400723468,60.706620377656385,-4.86645998292521,-1.8222300042246102
1,33.67525676471179,11.001707579922133,-0.12039000918242143,-91.20900811162403,0.8363048419604053,-45.592030905263506,3.47962942108716,2.2654246364545836
1,31.510404725980386,9.985281529710521,0.1699482740491869,-85.64713241942879,0.7724684862060744,-42.693379151881274,3.4926829241564294,2.202952571044535
1,-101.37795116267293,-31.44883985518799,-1.7504065676631144,261.2487365046996,-4.107080680922643,134.1136479823786,-11.208359967154738,-5.7781948129556016
1,10.734091143414853,3.5247679712647924,0.26881229660395706,-27.14138348533584,0.2654290145617775,-14.840223439409169,1.2659693618655414,0.42005990096641904
1,-57.265669584741346,-18.33262061256722,-0.06364539738706738,153.7902920189621,-1.476615615248084,78.0395481825046,-6.706114116649806,-3.4360908084866697
1,20.062782602584864,6.075178791624524,0.07366672673462293,-51.686972959919004,0.29624897991392113,-26.196189074665124,2.6784537104303587,1.46950990888719
1,6.864664022437453,1.9199917272422484,0.09526953479988504,-17.42762806385046,0.007919323031497436,-9.139283087439521,1.3229438072479027,0.242323544577706
1,-8.434289994182066,-2.7951166488828196,-0.16795914000015413,18.784440222561084,-0.6437742490175683,10.108195050418551,-0.5025116146962438,-0.27257083903157886
1,-8.67316098884827,-2.637828423540332,-0.12525346925077313,22.971772357343806,-0.6444438142718429,11.734492616637688,-0.8012422213342695,-0.40253658737797743
1,-61.21711480445987,-19.233364967784023,0.20155238408960666,168.35876934225436,-1.242962725316927,84.5273777341489,-7.313659014826707,-3.47662028476578
1,-0.5635383314915778,0.2646479564030188,0.07811070694889849,5.023393881461906,0.07127446092529197,1.2847657813363282,-0.024983670198283178,-0.5883706564587647
1,-9.10021170105778,-3.474073771507825,0.08870129898818364,21.235774631120393,-0.253573261711651,11.54874852723158,-0.8174476568566151,-0.6845287093746815
1,4.754134493768264,0.5903820329722228,0.1064058124305654,-17.84397598567216,-0.18129203413357914,-7.882279874792443,1.1612278316314038,0.4447612927988133
1,-42.093459883584494,-13.833327868468437,-0.3703902535207222,109.62265010829422,-1.354356940887927,57.011295736780674,-4.805950966242736,-2.033910310949857
1,87.49508747147239,27.376520935237973,0.6898579825518878,-232.14328009898094,2.4350485097639636,-118.50616249024884,9.9452051825148,4.914011890970623
1,-4.105570338648395,-1.2581018050984267,0.007666734483876926,13.196940843327548,-0.42241449388370644,6.598191526572328,-0.2253886248431339,-0.15135324897068264
1,43.94404366105004,14.099047297206871,0.5984171627444385,-110.78732049076305,0.9600713146217349,-57.67404573620175,5.6834146285848925,2.421687453087818
1,-20.414725429737103,-5.643680740810843,-0.4907527781885408,53.45757920911996,-0.8382747692218356,27.052935086867905,-2.236534398676014,-1.3182214537495718
1,40.804019435627204,11.849355685843518,0.34096876518603214,-111.89706861253389,1.3630566744252715,-56.26233289918782,4.495462698332772,2.7020797782170662
1,2.5175764285946887,0.6065827782016394,0.5791762463877342,-4.745465858091317,1.0860674178340763,-2.871391598690747,-0.07635111386275201,-0.2277151116855238
1,-21.727606534169173,-6.215378353590801,-0.7000512475106888,53.438202071678795,-1.5562139560850483,27.308933919103534,-2.139696756372652,-1.4620388196953926
1,22.94212489035025,6.6241505484484,0.27288308042728704,-65.9589765292162,0.2526564701427691,-32.01319422973616,3.11114099366689,1.7864740997632604
1,-3.3987195748257326,-1.1886075992798626,-0.22889186679685652,5.603940441891141,-0.43513289975398567,3.8103922978491824,-0.38869649105794957,0.07361567351581039
1,74.14390117125664,23.92245195431163,1.4486230970347076,-180.12364656552612,3.8579284636767253,-95.2422600308469,7.352009145461662,3.4007251762703077
1,11.586382079756637,4.030280896940392,-0.04732854530085676,-32.00460125121304,0.5309150457588153,-16.237145181535002,0.7837407414677863,0.6075470698215992
1,41.53409411350646,13.279352369409228,0.08387557028347625,-110.16998954805443,0.8149132686938145,-55.96754543990942,4.757589939652388,2.508147554084571
1,46.87895045010481,14.879579949630127,0.11049471511092603,-130.66365606235505,0.6739872935283243,-66.3829011817041,5.362055158353159,2.5123459118833416
1,-82.08353681277765,-25.23067925946662,-1.0638545695233514,216.21278805389665,-2.6169067638902113,110.06775873579264,-9.486820094080546,-4.90987854858971
1,26.808068330901417,7.648458377263416,0.14284677598975024,-79.11098053809825,0.1617752726975075,-38.871002783443245,3.5397575537778074,1.8432312620745954
1,1.5350185904930276,0.21278484614346227,0.5847063651520292,-0.060151942595094716,1.0305135219051795,-1.003673097669424,-0.5226209084263219,-0.02093009619789529
1,29.480697026311248,9.434296665524405,0.052805597263663406,-77.39588262476218,0.8282626797860163,-39.578624677835016,3.2607463179493155,1.6989283508599882
1,-66.01728209721249,-19.89842642643608,-1.090365115419635,173.90987895401017,-2.684751349325766,88.38431437375047,-7.057324990796731,-3.7782885497668235
1,65.91220488142228,20.882585030813686,0.25008632278203974,-177.33952920631393,1.4699354212936095,-89.91857024526198,7.785591798890961,3.54709253140041
1,28.80721598432348,8.821578342877839,-0.12007235838223515,-78.1817103705691,0.5564747842464651,-38.80083513720465,3.029197774496069,2.2377979549199103
1,15.748084588632521,5.063555621823168,0.4000852630598077,-35.86220053257971,1.373621121704581,-19.148166126701163,0.9858937783783648,0.7542075428190312
1,-64.44806894696578,-19.978269417849177,-0.7602349428703602,167.97918048571057,-2.3801234258176907,85.50970125047391,-7.174852965208921,-3.7059553757359214
1,20.81233404889667,6.336546583495126,0.3899511462085946,-55.115853213494056,0.6476383936941339,-28.10985420172334,2.2606101745616267,1.3096866736205746
1,4.290980980857025,1.054938607860164,0.07594803211058414,-13.661380141433604,0.021702364420763967,-6.415826900889156,0.5062099722511362,0.4191634143262437
1,-34.4347219279284,-10.712951833244755,-0.26358342094878967,92.01466640760886,-0.7582046763738258,47.08122471242004,-4.054954613573317,-1.9076305189997322
1,37.16364289529604,11.76232146935202,0.5336803012185664,-96.45759715613154,1.4401259192055824,-49.85160864059809,4.187124028991458,1.6216306876366866
1,47.51150530145819,15.77435509638072,-0.6458805444706444,-133.43668789970056,0.27751845099276556,-67.04451381485619,5.566896277461884,3.035670305987798
1,-12.677947276847297,-2.9273062699058237,-0.5729212361718673,30.68306887715528,-1.1967783869560678,15.099402030705537,-0.7804244961134315,-1.0525933654793056
1,-17.8175457547655,-4.915875085491568,-0.8200914163504217,42.41834838796192,-1.3552736380350243,22.21271441306741,-1.8925592036061911,-0.9584374485365496
1,46.99316753982888,14.565005611311554,1.0384772639113313,-115.76350481174052,2.4172394612405776,-60.26808247615892,4.769542825354609,2.7233748024658624
1,2.3085457927988142,0.80536333092005,-0.09299855907886867,-6.092838059552156,0.10384840888523253,-2.822515691017914,0.2842116885092229,0.2496928118169381
1,-44.197798857484216,-13.674857647463298,-1.264434624948155,105.53128824528919,-2.828496157209902,55.32214966739193,-4.200968340834868,-2.4938676701387483
1,2.7776191709697153,0.8513602505241065,0.2710458142046121,-6.741535052901324,0.08700141654166368,-3.6846648338103956,0.6587799454378604,0.14433367449187826
1,-4.2178943298109255,-1.3724326736876762,0.13311369796225617,12.936699888399922,-0.1874825442116999,6.335155487637374,-0.5851862647832011,-0.1540760392480282
1,82.44570585482619,26.101285875181397,1.219370239252103,-209.39037419790486,3.2311267353754243,-108.53971633322047,8.903820435931738,4.523234687876162
1,4.641386951593326,1.2020149345653341,-0.09699569343248443,-16.26181351243998,-0.2825509910995664,-7.6982153844063514,0.8542814635054612,0.28381030632435733
1,44.257277435731396,13.792533579368042,0.5294364240582626,-114.25423026725548,1.4404651744886394,-58.529010263697835,5.380686272982924,2.583014639577481
1,-1.9672498591582481,-0.3497194253905389,-0.11057994467417137,9.558313845389225,0.02335387690514626,4.308466730752936,-0.5714701122266314,-0.22266905516296415
1,28.372559882991304,8.061846179382975,0.6284120645925165,-72.42908371173043,1.392888746037896,-36.62009606140363,2.9669928609188956,1.9433961538290903
1,-36.61193630840434,-11.379911617095345,-0.35104677584213795,98.29978659767504,-1.0945770493613078,49.72750042989555,-3.9762885106379384,-2.180938045055935
1,-44.35501389497369,-14.190310025732499,-0.4001021963836766,116.4373854516689,-1.6849803712182103,59.61729659128178,-4.914249480765952,-2.4225939502850093
1,-25.194433582100523,-8.21826109285432,-0.14314289298592456,64.32811252783603,-0.7186609770164339,33.57297809341371,-3.0958695893283092,-1.1631536859319982
1,1.6959558502726892,0.32372384434224416,0.08160338966965565,-5.306232101948378,0.10932051500783926,-2.8438644510016777,0.13281413945433296,0.038902781074100494
1,-46.89185420380471,-13.824781708722536,-0.4420313566360495,128.39725603320005,-1.2700905359584014,63.73236317791354,-5.584989202045655,-3.505853384753169
1,52.2310652977297,16.3293149430204,0.833011072677151,-135.9002793491546,1.9865315334153677,-69.61759720067064,5.601244402258486,2.9368100043795997
1,-24.45042486736651,-7.355862115234261,-0.3678749696260894,66.14158893716528,-0.7639252810968521,33.511925727874086,-2.624440114226863,-1.4909063014594575
1,18.255835303540994,6.004111711906616,0.1349417996684532,-47.16200330367008,0.6044131661821807,-25.14966141956086,1.8662452511597691,0.8469339123908274
1,15.959126789207696,5.392462203874648,0.49034144207828456,-36.2409770223566,0.5585428349878809,-20.053852355502386,1.9243815628899226,0.7379328877966144
1,66.74655305735061,20.754376440692617,0.4156055278146722,-181.2102846355783,1.7466936978916767,-91.51978900120483,7.655649130761868,3.5749958035702503
1,39.49390580417032,11.594166423010215,0.9386316553386322,-99.72806340765952,1.9298738279141834,-50.45779688992915,4.055720663106565,2.9835476291298915
1,-52.272398445908166,-16.91025399649847,-0.6539366367651716,131.03645699650207,-2.2446381323849414,68.58618868465066,-5.529843766697981,-2.3947733740438535
1,7.176479509119608,2.3102574095904345,-0.3333739087310072,-20.049577277864362,-0.03379415562189085,-9.470142582747343,0.3911566185513563,0.6193428285373024
1,35.54772147256391,11.55449342370842,-0.07307307652337526,-98.908432756838,0.17585487473567601,-50.38814646860168,4.701119607577932,1.6578678598219951
1,68.12550931827154,20.797938786898015,0.9075685977177803,-184.38415348893747,1.8687211750257193,-92.7777991635829,8.137141615219367,4.411418852852396
1,85.1277397867233,26.35426722245619,1.5874438824733441,-212.13530480819293,3.2416848475419107,-110.08513514451535,9.631904397916811,5.063103484245112
1,15.32750149946839,4.388627331685171,0.212542489983315,-46.49850136086788,0.3583711141549658,-23.32635585467358,1.8561184842669058,0.8162030772798511
1,-43.85369207838885,-13.663982783874172,-0.3901349970249548,115.74015532167108,-1.367602329744392,58.90712301484725,-4.93101324613487,-2.4781000093706687
1,40.5501856045244,12.699372641839357,0.9760368889555182,-96.39282917426202,2.081963385418352,-51.11247116380607,4.146572462771461,2.3998092544889356
1,36.73633243961499,10.987061483477591,0.902567163829569,-90.30185857918335,1.7939268769344423,-46.868292223735054,3.698706849006772,2.291956829794038
1,13.418323428621775,4.398708585330172,0.452661318591169,-33.13518591483088,0.5641935692404196,-17.506804618972417,1.5845861040023608,0.47278355605744166
1,41.255131058623135,12.805657562627529,-0.21441548021681733,-116.78086270750964,0.5457602914801803,-58.32481679514765,5.29260851558246,2.3869192779047634
1,35.583223434448506,11.1920266701894,0.4006037259073561,-88.24764145422375,1.77766321174115,-46.59317523263322,3.2703018815416045,1.5997153992414
1,31.976260446111183,10.502445277612502,0.5143066727415019,-79.30391545093305,1.5605264479376793,-42.400095293740975,3.4101869250339596,1.2017077162527054
1,16.472198003512606,4.626937415018436,0.2918437388305909,-46.778197987729385,0.5384924504851741,-23.58769614562371,2.127164856841938,1.093727852608967
1,-47.39495165202123,-14.519951652924835,-0.673953419059197,122.36478440449247,-1.4085568749799393,62.955676467790575,-5.567975402787918,-2.508071431811707
1,28.031539927393148,9.02265788603405,0.5542280660839838,-67.65063169831474,1.481682323933684,-35.272419246669436,2.497271295054432,1.8571724775049867
1,-38.65692136134828,-12.453810520771437,-0.10204418596959912,104.75468008297482,-1.3230917379533078,53.71629310350086,-4.352182390405415,-1.705762532098145
2,-13.717627067949927,-4.716431570494104,0.3285460298163918,34.945685647219406,-0.08512272682875506,17.954988673970465,-1.647671280153979,-0.8873784947840557
2,28.124080279651388,8.873382697492968,0.7748883914910673,-72.52836925566761,1.5012459766342614,-37.95133870970123,3.005890520038407,1.2959608502444462
2,147.16510487752808,45.72695802992866,1.7364404003439593,-382.90001861167434,5.035290721404099,-196.00900856269158,16.537263841994296,8.675484638553542
2,70.26969812390132,21.576661842574598,1.1047830371904674,-181.65313985516605,2.825742591868522,-93.42889579219161,7.572090218898641,3.927739386906098
2,37.585898422385974,11.533286218300864,0.742313128093923,-95.25292081371475,1.360751900175661,-49.57298017938493,3.975394357086908,2.1265011646403624
2,7.7708817250355295,3.229986388755107,0.06703830471612213,-12.790737256103204,0.3341287287809497,-8.46938808635157,0.8039060583432915,-0.26718072485335126
2,62.9815095951658,19.289019735037183,0.48142552516647286,-172.97969037571653,1.368028637315321,-87.55953122555947,7.889235403869742,3.519570660759913
2,-40.94531855724511,-13.462052285228962,-0.48105556734156735,96.89645361915818,-1.2056646854001403,51.915431740791185,-4.678445546277367,-1.8833304448715957
2,55.68865729037503,17.47686242067819,0.24114882706557894,-149.63319366119143,1.9996135906185866,-75.71736685569593,5.785955591243076,3.3306499287219387
2,-39.970720022813836,-12.186471096711186,-0.26377971023738356,100.14037899070367,-1.699996974756739,50.82347587682734,-4.1856403335172985,-2.3725574525225954
2,19.29921032154322,6.419357015945619,-0.07496563785899749,-37.29962463494189,0.3857716073870543,-20.344272281284674,1.9592723133415344,1.0951431456334315
2,-11.47414715777351,-3.9609471553793036,-0.2934446224070054,27.339356117977097,-0.771874102843937,14.935871745701906,-0.9164669406000011,-0.5398408704177654
2,19.297003962720673,5.838793415697469,0.6997238052061897,-55.16836580600429,1.2880815466737028,-28.687689026206126,1.5148126070229804,0.7613325422393821
2,66.7141617782404,20.7207689819844,1.32355936994697,-162.92023113369615,2.7226169249290195,-84.85482280871766,7.311981353351456,3.777042635516258
2,41.251137116761974,13.132683732028115,0.6495770300062724,-104.82014741601324,1.9470893556753057,-53.932624352932685,4.0445560376437655,2.3265362673970347
2,14.768020251171386,4.953519778183707,0.02203191642828546,-27.923089947544682,0.5671875689251342,-14.654107793241009,1.7863532725155766,1.0552289939741182
2,43.59896708252025,13.981808319444827,0.36860769009299765,-108.2379601218461,1.6614832112470441,-56.17620591429507,4.371719493739439,2.8107987647862944
2,5.515719241351226,2.3726931118657473,-0.7024110275843116,-13.395670601758006,-0.16969203655087883,-7.339035864556301,0.3816027755181923,0.01189924654160774
2,-33.7876844094548,-10.621807121544844,-0.5875895846948199,91.78901445012653,-1.4447706575489438,47.02227990230053,-3.852106458543288,-1.6091803307993653
2,-52.34511676166393,-15.806305933846444,-0.6361190633857644,141.92950581330342,-1.4436403092183905,70.95459697587864,-6.12410284510473,-3.685196619593576
2,-26.419981418863337,-7.729699678476592,-1.0458346285710454,56.90419346239515,-2.346130172701793,30.354397444455547,-2.0979088765948766,-1.3554076690345858
2,61.005693062860516,18.44499393381008,0.7977656064661427,-154.91347317340458,2.2926074065967157,-78.99790682986412,6.611794042934365,3.8519027871816878
2,-57.77748099327606,-17.72676316686565,-0.7631329447471648,147.05051575626442,-1.9767931925983695,75.35783921145104,-6.764857438414846,-3.593742236870778
2,-14.937365198148465,-4.811574336616085,0.007657431354230668,47.954714775887965,-0.07757251579951367,23.546597995127016,-2.09082364822239,-0.9916572147888933
2,10.733135688978956,3.1833960231098946,0.1999865786307962,-16.865114909964245,0.43668580502706045,-9.645749893200364,1.3587437985056987,0.7954821167905574
2,-5.41083658087537,-1.1622457649314166,-0.4427667338244194,5.68358978751831,-0.7396710839462866,3.3668858589873967,-0.46448762030357943,-0.6448530541452616
2,37.02195869087585,11.141111765575959,0.9604951430962141,-83.89279687968083,1.9941475646195825,-44.214505248880556,4.026216182688049,1.919615073439349
2,19.78490045170181,5.725401267037258,0.07720873909830868,-65.91656788150223,-0.049464912619405915,-31.61731972453497,3.0373002711237276,1.4240665907159777
2,-7.130554423089989,-2.511328665215983,-0.47154420528554264,13.667839882505515,-0.5645525217878975,8.328302166154863,-0.4747227658671137,-0.09604186575478871
2,-28.17193895322056,-9.090046409784971,0.10456763050864454,71.3872254304836,-0.6879619074151008,36.70448209602506,-2.8951279009090416,-1.3739805059357126
2,-12.048045057670471,-4.185316183119946,-0.45615388747260494,28.19404825648096,-0.8933325719626095,15.656861259092508,-1.2728092608641677,-0.23672882312271962
2,8.283822918892557,2.317749974726029,0.8798137444665485,-14.451581052029178,1.9348216662493223,-8.190835927746214,-0.3229463075677372,0.556402956073317
2,-29.316150186199415,-9.102705522094949,-0.1760985295013168,82.83065506361487,-0.5645145095029525,41.49024707994682,-3.9497907864129393,-1.9250203532901187
2,57.47640045337188,17.70362792923042,1.6501003485706995,-149.92560496902976,3.4892589690616655,-77.3195057339955,5.3859128006622825,3.1327942603842094
2,40.43742294486355,12.847874074196824,0.7082486003446882,-93.59183703096856,1.3456897064025832,-49.392502742259566,4.7032075235486905,2.17804197436024
2,-2.1739974996958384,-0.25310771807657045,-0.6385735221289692,-3.679593309071571,-1.1417658949048661,-1.6403804130278328,0.23625043702080328,-0.4154042775177065
2,33.980246344435734,10.498446237889002,0.7641050522990327,-89.49953226264319,1.5246256743913693,-46.323477456957775,3.493523466447182,1.8166741492282894
2,-46.37092930320981,-14.75435592266072,-0.18889366871505922,128.09152733514253,-1.1194885446071219,64.86601916178167,-5.381789395965086,-2.711553541350529
2,-2.0473935309067275,-1.0413412084823916,0.22842093102140326,5.807453961347544,0.4658511246808963,3.0782020688122205,-0.5462354422734484,-0.1445748005990679
2,73.02549278609415,22.415620443660767,0.8059833224836913,-192.3822527336314,2.4633853463035282,-97.73052987856559,8.247043165876482,4.601050604787744
2,22.088492946096917,6.6373899891635535,0.22117079881854332,-66.71947562973678,0.8062303880035632,-33.34793275174286,2.7321635463484024,1.0161397277113176
2,-82.56000502201796,-25.483356977758262,-1.6436419320502793,204.65579560281344,-3.634495105566339,105.66185217837426,-8.848713237871257,-5.115838221754175
2,-5.282538234383456,-1.5596264423707131,-0.37602881405187255,9.337359876945513,-0.8840071771305719,5.495882219992701,0.3605453535210812,-0.7260416430544043
2,-14.572066330486425,-4.7309202575060265,-0.3445270833762875,37.70241766181079,-0.9934662135691826,20.245867668007623,-1.2279167129851338,-0.5911622610655906
2,5.59630812635715,2.398652968317407,-0.1477475575107834,-8.578118983435305,-0.08904192192730204,-5.95330272658096,0.28846226678120646,-0.10125597426124795
2,-41.35950198947806,-12.800786680272052,-0.9750310286313257,91.18110375664656,-2.1873136457948283,48.75546057406964,-4.126933238479707,-1.9435647751185958
2,10.302462561744647,3.379623653287614,0.03862058971081776,-37.66885528554636,0.6498818255402753,-18.60331486181646,0.6768103733998806,0.6590221105751876
2,61.231537072367544,18.759622198496174,1.4180578184134238,-148.5324801100087,3.5966059529234995,-77.12450465529045,5.987500694376206,3.3879322468378072
2,20.04939122682401,6.164186566233565,-0.23778492571348808,-55.751837845749954,0.36702807058267295,-28.038050951101486,2.3480749701262917,1.1694826730928145
2,-7.549571491559187,-2.4742320410419536,-0.003592560733682207,19.860753243833372,0.17205394667406412,10.224629069607435,-0.9666707922898652,-0.5868003588017805
2,38.25275542909869,12.05815681491335,0.5266137363247846,-89.8028272514012,1.6041687032809198,-47.239693112821534,4.283079245602828,2.0721253926735965
2,27.906759754723957,9.121090707201073,0.8461873486028778,-58.52829920407763,1.7413553077778516,-32.23058302970919,2.457684538150949,1.3580002588536482
2,-31.33329108468061,-9.476378467864171,-0.16178281841931214,83.89178301130157,-1.0728987719436986,42.070337646742544,-3.5360106195632452,-1.7791335598135694
2,-81.17063967813424,-25.56758002432806,-1.3306579479126255,195.8674407149805,-3.5548235146384948,102.62057920064902,-8.725630215261102,-4.602959679247528
2,34.684925239818,10.71534645566098,0.22220351147989614,-94.67202733580538,0.9254756882588037,-47.83836372659367,3.667831488626265,2.2828293145468312
2,-29.20184808444737,-9.028117292009494,-0.06926230078384565,75.22726005146595,-0.6430147133543648,37.81155565980408,-3.3469672540771893,-2.3313993561389847
2,-82.5136839559512,-25.766271228510597,-0.9989166212757434,215.5186761536123,-2.9898450213796592,110.8506714383919,-9.245688821788967,-4.146260851132915
2,-17.653150563328918,-4.824481703246837,-1.1135695400176702,43.827066826847535,-1.4052457408792833,23.255714662196095,-2.219574760969535,-0.5913738839603053
2,29.661126739811834,8.434565446024694,0.6807901446024257,-80.86213146437197,1.2546584399528364,-39.853588018302794,3.2384556945964937,2.3489649746703196
2,30.77877731319853,9.747641994536636,0.37326000898525136,-75.66745995817573,0.7287002015289141,-39.10057577870896,3.740189495794959,1.7924439691260208
2,50.770673135910414,15.93089090609156,0.7954982990438121,-129.88299025601918,2.661095469659185,-67.54858640665692,4.735189610207345,2.7429902987303976
2,-4.6666699959023035,-1.1359882772522387,-0.40820145765238175,15.809876698126912,-0.340552407560557,7.146441615472906,-0.46653209701907816,-0.3894020827778498
2,2.9406922610682686,0.5773832586946335,0.534032179697275,-4.224537344629547,0.7187687415995889,-2.7779538369352816,0.03673182016787421,0.11506838733563944
2,-46.5882710164855,-14.9059046790338,-0.2975353966364314,126.84095673431688,-1.1560952732111114,64.49294935957545,-5.652773682615166,-2.936346322309643
2,4.225433077098153,0.9595706568708046,0.3688102818448902,-13.444610370343248,0.6052291069727547,-6.619345766186471,0.09232144281768764,0.3998904077669321
2,5.040349654289477,2.1659829344051027,-0.6980900133697928,-23.519507211672348,-0.8682995152556842,-10.481771647952021,0.5923849923425653,0.8229479075998744
2,-6.431837091997928,-2.260376283600048,-0.6081331100859401,6.201710850253894,-0.9164938952315117,4.804278501284302,-0.3250117491823508,0.1989996730004796
2,-10.169107519348247,-2.2016720564464323,-0.47724871868003427,19.487174172204497,-0.7350684377891106,9.792138116521913,-1.2230410919205592,-0.8262083032941693
2,20.24703749166555,6.3546014697552575,0.3090816025761295,-59.084131931685725,0.7134088419219247,-29.58379973529677,2.058331043373461,1.337721154698753
2,-38.43424567475742,-11.869826490523154,-0.15364309554763655,108.456607839575,-0.8296323768497229,54.29829703956654,-4.297689770151557,-2.126410057405684
2,-45.555504227229115,-13.714056397211637,-1.1189362092856365,118.17107882939258,-2.31368445430234,61.24260493952396,-4.474693958200356,-2.404148732264739
2,43.43083442580317,13.945244323579454,0.412420849247342,-118.81612731892143,1.6647005823767347,-61.140851533700186,4.810218823425662,2.10870154328314
2,108.1313989174828,34.083363915637406,1.0503426065026797,-290.9268750492271,3.137682831117983,-148.74536695142274,12.691632014994903,5.339713660030552
2,3.5345597453870874,1.5444815042211089,0.25823503089363825,-7.187598025609518,-0.02630878150876118,-5.295377820645429,0.7141145366594962,-0.29961097971229067
2,-37.58280931668147,-11.694988890515306,-0.28994442242582513,96.80448167536844,-1.6111001327136854,49.41332778235617,-3.9854094011807364,-2.1767630877517776
2,129.6962367864706,41.22463665500046,1.2536794632847645,-331.32716316520276,3.907887562319944,-170.78747647863608,14.839153460928886,7.449472010487891
2,-36.03925778265732,-11.160029208596619,-0.8213780119549929,88.41281706673698,-1.9426059390856885,45.806475779622986,-3.4314080137461036,-1.8324533480859342
2,-5.746931882445515,-1.5778941794637495,-0.17536962796355993,18.667450105226415,-0.28137391808570944,9.559368743881068,-0.6583085053857681,-0.2623242035393737
2,18.240671898783628,5.797143912198069,0.39254692849425604,-53.64925369083051,0.6389530702315763,-27.063045616819934,2.2727849074561504,1.0259529673077274
2,1.7416097093221419,0.8246761559309457,0.3342675770440079,-1.7591442005258227,0.203501959220588,-1.8864658244260295,-0.005155581728278916,-0.4159850305434106
2,36.97647287311089,11.853512892966883,-0.2604737832740308,-103.54093599337772,0.4465386435803619,-51.79399614159629,4.4247730961677885,2.138129262819091
2,-49.036230702393425,-15.198240260316702,-0.35766081806607364,122.78548300244854,-1.991928636529871,63.02503022724013,-5.203724309617842,-3.0001561546930215
2,-11.26686583053483,-2.8471057611249178,-0.7033170996619024,22.234847346768078,-1.2505426940967697,11.826126010443101,-0.7779518380220087,-0.706778569727641
2,38.98701192256973,12.040641232238933,0.9546061999828459,-97.71646294301162,2.112923963835018,-50.685310321397075,3.728743958528895,1.863763542636047
2,65.15829359964629,20.761408528197503,0.6460727240859088,-173.6181340242952,2.278658133983788,-88.59243657044566,7.175565007422022,3.6672969471399033
2,59.08085577372557,17.693699715733505,1.6247381730689012,-139.39365795212254,2.8178855570832018,-72.65767524780492,6.239774908947525,3.6339192692163182
2,-24.542698349400304,-7.636606029837458,-0.6370426838623835,59.294762099398916,-1.4269600823056965,31.09001314880298,-2.496692698627325,-1.5479546887128115
2,-44.88933363833648,-14.37356740611837,0.10068740926232944,130.5048380541651,-0.9854020057438063,65.22929358952516,-5.380896398779901,-2.6147444284394425
2,-30.063754567906287,-9.55825274379733,-0.258810806162423,76.8579139032221,-1.1453634904394558,39.17597193881879,-3.300085680535485,-1.9099507526303265
2,-35.16656432029038,-11.047086239975267,-1.0084505410049476,88.5859054962823,-1.2420578174723889,46.34446307080452,-4.231316923621984,-1.8376884223755814
2,-45.14342768470014,-14.32584100990017,-0.44225003725312945,122.591436040151,-1.0566396198205286,62.49972019817507,-5.492789217742388,-2.4769781449290993
2,-19.03955129370714,-5.739701262873055,-0.7298792352020812,38.57153098548558,-1.9502610610997129,20.843658762558583,-1.0560094850524484,-1.0644819671174741
2,27.805871726487652,9.004773533544718,0.7915096183637018,-70.03724114609659,1.266632608719364,-36.67668308813117,2.6924137231386776,1.3999381069583445
2,37.98114390546611,12.262276345404624,0.24170499001995477,-109.40685200557337,0.6657110758958835,-55.629653426094364,5.130209540115173,1.741924347576429
2,-1.3926785263626738,-0.3933866742503902,-0.4371357354864536,-2.2240227283507124,-0.5229598848191641,-0.09173020817917002,-0.391702006210175,0.03856898932399831
2,17.177169038963214,5.922916932784497,-0.08685143285752325,-51.336914936663135,0.3855910134659697,-26.098275856561944,2.150592002965934,0.7252928875547607
2,-59.454021603752054,-19.225432508762033,-0.2515047817682987,155.9641189398882,-1.0350421720783312,80.22224457131203,-7.420155925594816,-2.9342234261253224
2,4.097671224805479,0.5075132949540965,0.040719091435157284,-7.811590665862532,-0.09909899076814131,-3.6705334318629,0.5838338279322495,0.3177628516600769
2,-105.61800990576181,-32.813319162075345,-1.497869028301281,273.8353408648095,-4.23145420660341,139.7219111267133,-11.203609621104214,-6.235087764914172
2,21.555746172499507,6.804686920075765,-0.3089460214767368,-58.06650451247148,0.32180548159429345,-28.700163719717064,2.8935532675023907,1.3291703853381194
2,10.923998671786359,3.68082684739391,0.13611803760854113,-28.909089337361006,0.7908204547772841,-15.08743482578269,1.0735360932859985,0.675980091656524
2,-9.102214817677535,-3.039694227216254,0.08668773410907121,20.38237330814002,-0.08731674330227565,10.257567867275393,-0.6247838028490198,-0.8813768653888377
2,-18.975607160125932,-6.320656814803345,0.12601798055789878,49.062613477905565,-0.5702250745023448,25.50372877651961,-1.979570231117481,-0.8644530785637186
2,-38.59546972337491,-11.64813442540306,-0.4940631815143152,103.6411678620813,-1.4918361087137155,52.470130293674785,-4.319374287776702,-1.9163194080521497
2,-31.981322391108915,-9.498169235047298,-0.8860176655427774,86.85763108386526,-1.8204568230303257,44.17843762920539,-3.188957834587573,-1.9204759397894684
2,-13.657510291290668,-4.5276910297932496,-0.5180694818814281,23.65918664453218,-0.5815319929963338,13.534117092318985,-1.627498230425942,-0.5077211873422224
2,3.6806773359473306,1.5967455270335453,-0.8521933154362449,-25.3199852001228,-1.370532532288937,-10.473656098374084,0.7968282233502308,0.6251562117930715
2,-35.74276110204412,-11.330797224533741,0.24015188653503433,94.62973261965769,-0.5245557456776835,47.85220888648041,-4.524275134615446,-1.92602307378927
2,-1.3790798898322765,-0.21287051195679482,-0.5389145066811104,12.364331687639211,-0.008283387045065004,5.84522675679419,-0.9387296892133854,0.026592078842458795
2,26.108147465829276,7.712759178786719,0.6668056270966126,-71.03374303915288,0.9496643407786328,-36.257357013165766,2.8385649166829894,1.3021942840331282
2,14.80134101004469,4.472081457030513,0.6541008553074813,-37.59134869749353,1.712818995288174,-19.634133047926767,0.9741902953701402,0.6720511224013264
2,-85.16026579010048,-26.4211106685598,-0.7915501371156762,227.35081353545007,-2.3792788717024136,115.5917207644218,-9.934459063191637,-5.128207227192118
2,21.40174927364834,6.700755756232154,0.286130863087799,-61.56279333939096,0.26375775578174493,-30.503810533966483,2.874625642694047,1.4656412419243643
2,8.915784018503214,2.924117650133118,0.017171335557101014,-20.064871727102897,-0.031081160534302668,-10.552128706234287,1.0460210076358492,0.5267813340350239
2,62.605443374514415,19.739691604428742,0.6910985332489923,-158.0395265727919,1.9200445044162464,-81.55481205782203,7.311865437179801,3.5118112347703287
2,50.10836799283824,16.445867864710095,0.9204352076725436,-127.80158704095103,2.2287793969731946,-67.4265603524559,5.430202347439156,2.098298350789577
2,-24.18791792017579,-7.925163420789086,-0.31104485953805655,65.48751642889312,-0.9061487333024495,33.17194213432351,-2.4493211953149436,-1.6861047519230201
2,-25.031504320612374,-7.643617998479347,0.051584096141256516,71.71114259661164,-0.6462777450622378,35.486301152736836,-2.77518202006559,-1.644056769979157
2,-6.608937221979963,-2.3972704975369163,0.07481643706102564,20.181215587342695,0.3868334169336066,10.088782640945471,-0.9803732913637468,-0.16479196401236612
2,4.865073698900475,1.8189963895968784,0.1395850035525924,-8.264179166839499,0.04302363069836593,-5.415033464111475,1.1176453441822785,0.011616811905790413
2,-20.237902257499975,-6.563868874026248,-0.11627888781317763,59.782050799411444,-0.6444322880770204,29.63269848420664,-2.1982900601676234,-1.2939143207250414
2,12.221448631590544,3.8353555515279387,0.31114203140528884,-24.60438269872724,0.1662615628543235,-13.123214728928083,1.5712838416565271,0.9936419858646862
2,7.797816656594808,1.8973990569417418,-0.3173766108114693,-30.27928618899312,-0.8534191619087605,-12.977399484920573,1.6679406598026825,1.3089561538050893
2,56.48345114860838,17.381229336110575,0.7351652003274239,-154.97001459891428,1.8819814129574557,-78.40062716580539,6.554111441558605,3.474279960026406
2,-21.479571332303703,-6.873294772868344,-0.30752192856542665,61.82598512993549,-0.7932958028777568,32.0470968948712,-2.049252345400184,-0.9083883792244852
2,-24.612335069581373,-7.044896916082282,-0.4331140324627962,52.49679437965312,-1.1289737463671017,26.689774664134898,-2.7533354889919184,-1.587245963421086
2,9.428557859554044,3.073432382931439,0.11188889257446843,-9.420732144524441,0.5333011648584516,-6.183959638379633,0.9575543090988156,0.5208141237002771
2,-13.400748408859172,-4.63796406946405,0.11273779077304197,35.77590236812229,-0.1223756728787017,18.536195907533095,-1.6055317197708188,-0.8032392936497815
2,-18.89537650468468,-5.445549824243331,-0.2650340471822552,53.953664733557375,-0.8866784008646451,26.32305279391135,-2.0094754401194006,-1.5684503781106034
2,0.3451642043853673,0.6343706591251591,-0.06942996320015182,-0.32420424313567137,-0.008381907561975932,-1.004769335696119,0.2776995623055488,-0.20163298793548778
2,33.1830590131515,10.419205490863567,0.34187363948220306,-88.46481879359635,1.1722205391844793,-45.15896628310697,3.161508241643074,2.079791847478694
2,18.98541400121518,5.903835916582611,0.5565107507593676,-49.427169104762925,0.943234003596495,-25.429919239659984,1.983297565022603,1.1557701732158254
2,-63.23414090841943,-19.908071852496565,-0.7803878844556504,162.75831423210167,-2.252925099378068,84.0213535742833,-6.877502917370015,-3.78087737796941
2,-28.92389718452214,-8.943544689158392,0.01573624745658228,74.75373414055005,-0.9502798766403151,37.99614034396442,-3.2344699556795824,-1.5615761631805543
2,13.954942210587431,4.413796674717629,-0.033219618296503245,-47.72865115669023,-0.005126381079106199,-23.929425766508867,1.906524385943678,0.44890342776267905
2,-7.795791601947164,-2.9737161065734115,-0.07973354485766447,13.405515936943907,-0.397152201306889,7.993444575852797,-0.829408820991945,-0.21480296565231238
2,-8.769938796328596,-2.9224050055388844,0.1533785829250108,34.75028002991233,0.6648480475893395,16.627131947886273,-1.4571044293049134,-0.5034611642006119
2,62.78584650538481,19.334382256249793,0.6807510702172332,-166.7536393032306,1.6570852629535535,-85.12296565500839,7.620394337644497,3.302972235768768
2,-21.30988243364857,-6.946943436294529,0.07069290177848757,52.63337533706753,-0.6963681754121768,26.634313422501062,-2.4071941331194218,-1.3690647853117837
2,-52.313224100025664,-16.090843062434864,-0.6624236429274661,150.50252197038765,-1.7050814710253759,75.58253396480346,-6.290155795460347,-2.9421706380761234
2,-25.776952371503963,-7.412713008151879,-0.26713187831757945,73.22658851716616,-1.2073965899460979,36.40171886313298,-2.6052957025131973,-1.628403096548514
2,49.102488246813316,14.717922048255387,0.5576267732389132,-135.7772913511694,1.4632823066953236,-68.12563514260061,5.657275093214653,2.996263586304505
2,-13.603488202122643,-4.639558730647636,0.2562492186416587,38.747802566189854,-0.25738498352240646,19.48569586508991,-1.0816959603820189,-0.5299008818464815
2,65.12037518260858,20.249577250190157,0.7236875369473551,-171.57379382755062,1.5436748429379468,-87.49798933652251,7.8452894037860075,3.893886488596204
2,-38.92108336553579,-11.564294843810517,-0.9860113563257384,99.44974777100595,-2.350813013286576,50.498921668452965,-3.4481201866342457,-2.491558567180727
2,46.95429927139017,14.525248451947432,0.6047627339200774,-126.02305173963022,1.791031559815929,-64.19219890314507,5.14265006128178,2.6983646684854836
2,-29.389898937170862,-9.135354098056977,-0.6677210922765695,82.16108736571915,-0.9522006685707771,41.90816547887923,-3.6204645320596884,-1.4260300730107907
2,-86.82852360118576,-26.917563982398356,-1.1872594316416387,232.15837443245462,-3.3038862944362872,117.74637174544364,-9.47993815514819,-5.340808241567733
2,-49.36088371858626,-14.782717858801277,-1.4911520624651093,143.10289471647044,-2.3860934948643786,72.79402420421616,-5.556227747204989,-2.9152667710141156
2,-64.31019648089892,-19.78563049758296,-0.9009798349698569,170.1203313428323,-2.9921687280795393,86.95540538586425,-6.555997390796002,-3.6350927567819222
2,-25.827376965892327,-7.7629961378592895,-0.5390036606745312,68.42493504999163,-1.0103166386103615,34.785577865078686,-2.8864290325669693,-1.4694864216663368
2,5.706220620046778,1.8366092535873222,0.2945473772304944,-8.134233801453124,0.7357934691549861,-4.558947518757309,0.37169725952832056,0.5351358881018986
2,50.3307665591194,16.056123462992407,0.631787732599961,-130.7511374521679,1.761671648218214,-67.46918898899757,5.678609304535504,2.6661386083412157
2,-0.9536567126631124,-0.27477645781204335,0.3678903071104228,6.620204590775882,0.3606338831318848,2.4191908425709268,-0.1031701749589803,-0.5049133020087493
2,-23.88526590126769,-7.752211954109961,-0.13948440388834005,57.122676727794904,-0.8871857896516173,30.27529871457875,-2.3117792910487007,-0.9559681891429385
2,2.379256852996533,0.2626172619843099,0.2531786673088684,-11.549396293426092,-0.14487382797536905,-5.825773399157316,0.6846312764075478,-0.13059469920770525
2,-35.21484283955397,-10.997619257881414,-0.38217269086782174,95.6428876747806,-1.2164807402268278,48.540914720495685,-3.784021263370303,-1.8489253142464324
2,91.90780596850338,28.622528448624905,1.3108622816789062,-238.13534329474342,3.8318833634435077,-121.72270114729744,9.733374473623783,5.385036298146956
2,19.025646831780435,5.425277801392326,0.6020603288565205,-43.54569068863044,0.8283576257798194,-22.658430608320277,2.29110905721359,1.01416479489289
2,-9.339802597307791,-2.6436406296009,-0.32403119720480245,17.08823722035785,-0.8595954866107722,9.638574009499061,-0.6716409122539445,-0.28300091009071665
2,3.582688294917676,0.6558417221067714,0.09001544059038546,-14.79478040193907,-0.06005114950714149,-7.012820029499491,0.2896411162560787,0.2159503138075916
2,2.7316349324072675,1.1177928189776627,-0.17164988109762652,-13.978334888845591,-0.6747204645470394,-6.72249320659986,0.7893850571855772,0.14827320579204104
2,-27.995631382575624,-8.341386529854892,-0.44590480588676285,65.18115563161636,-1.3231100086314584,33.89223167445662,-2.940351593864998,-1.6328671440503046
2,4.444537661044292,0.9007054442464791,0.32178698534138134,-8.388720591630566,0.43995584888460276,-4.350375175391102,0.09939543080241742,0.6121327604002655
2,86.28576730369299,27.270499315764763,1.080407249347974,-214.91984627527205,3.4922934434631068,-110.94678866373033,9.184549023974817,5.048357910146145
2,36.898094467226585,11.545344637546613,0.7688925267809488,-95.1412106272978,1.5660770327677234,-49.17955394053518,3.659261396370642,2.3882576205724124
2,35.43180377519512,11.083241561323183,0.09592852973586925,-97.39528025711807,1.1831533224091955,-48.99557350212051,3.4735012471662015,2.337652290413273
2,35.3374453162964,10.836433347076545,-0.2514972869844641,-108.65714760628832,0.02909207202932431,-52.76905178395371,4.485688663832457,2.6074622452736405
2,72.66759716359304,22.66364796529345,0.8100889015996493,-192.6382564364083,2.066518789856392,-98.02878996528035,8.155729506476863,4.513518044105674
2,1.4389885089044818,1.081924582123108,-0.35322811666183224,-2.075745030348553,-0.4251558337587205,-1.3308876371731582,0.4024066177116057,0.01587254065413762
2,-41.67453902202501,-13.624142655315987,-0.8337138345667301,100.80553453049285,-1.9645472148700343,53.67126390063323,-4.5047083147018325,-1.904771545229538
2,16.001414375334654,4.823747255972951,0.060844332593326604,-42.42249456669552,0.5574833551373475,-21.662403116582656,2.0272770216133926,0.5492000026816519
2,-45.473038587773196,-13.700844169028066,-0.9624900237157402,112.772548563222,-2.158361404872923,58.59158325916263,-4.880854750167352,-2.451352369412132
2,83.57483543288785,26.028603373796482,1.1673708728043046,-221.83695252578391,2.8267289791739865,-113.34287207314091,9.371464761324411,4.867789842945237
2,20.90497037955578,6.7659331174703325,0.635600861149965,-53.487608414430994,1.5299377396905418,-28.338408038687746,2.0357647834980797,0.6316020954554622
2,25.113235012184475,7.750920854025064,0.13927291993527857,-57.382343055289475,0.8470625325852486,-30.0494968057207,2.7081736457396195,1.4054178967534354
2,39.460676374802325,12.128801935935927,0.8169955901461677,-101.12720197095936,1.5454996846193956,-52.12392668629775,4.354446860255138,2.2900361962115756
2,-79.961763221755,-24.62982434318395,-1.4288348961655446,204.27669323432065,-2.923541145194131,105.4283225272248,-9.0871748231668,-4.430590252192489
2,26.513039099266805,7.5953152965458655,0.35037766389406755,-78.33259059501,0.9552861106473203,-38.537826434720614,2.7935835157022355,1.6162945076093997
2,16.14464538370062,4.621932185714984,0.1485230383444882,-45.5764492928963,0.7307937261856658,-22.670664174597068,1.7976666380591586,0.9066823246081264
2,-8.570412747124983,-2.2528512302790467,-0.030227275163648884,15.477755768855854,0.023579022311954842,8.05416167926687,-0.9760709122160751,-0.5455025969857947
2,69.36869469778041,21.489371511800456,0.8016021536430877,-177.16029137532033,2.9342676778648613,-90.63269750825404,7.137082976368977,4.262518724526974
2,57.159340246484554,18.04404689367791,0.7433558745861372,-138.04518281673413,2.0953590267286937,-71.74527332247543,6.176695502475617,3.469797321470591
2,19.421301681086476,6.171971156643756,0.02373525154423975,-66.8314350562608,0.845659233833875,-32.73843368216662,1.6239964827570268,1.3808763738445513
2,-6.696992430916605,-2.409239244764302,0.6916779339615852,23.418477091908812,0.33250652794092866,10.976540215431948,-0.7413677211002245,-0.5432826457424252
2,66.85620751035479,20.951462665325046,0.6804697150193509,-184.38869119008152,2.501468323116465,-93.19286248007477,7.150944283282164,3.9031464561905063
2,-20.16886121514478,-6.400408824462716,-0.27655156634367706,49.29513208082891,-0.3205306170855843,25.55972108723761,-2.417862095644016,-1.272855923837038
2,27.895149496367896,8.866312759205961,0.5065472212966946,-60.733637700161744,1.602103689201766,-32.59274730246353,2.721667895736335,1.0718367381501182
2,-0.6247518101476132,-0.3637101490213633,0.5240425246876235,12.028235938242053,0.47052776545530034,4.760169038508724,-0.22145918795741087,-0.02567657695643234
2,35.49777708219078,10.623901972685735,0.26347550656481056,-90.29116379441244,1.065337751317204,-45.780883146170154,4.259508385800702,2.2175688194998853
2,27.878182290834552,8.589061683875704,0.74226808269419,-67.61561882743213,1.120917436076747,-35.74349012763982,3.114021075062447,1.4392586511881527
2,5.077522168026532,1.845110735627121,-0.631180691771164,-21.051488353259934,-0.3855961101431795,-10.054878506657555,0.969834001259215,0.191452135434485
2,6.095235939046318,1.9965525713982504,0.21705696440938205,-8.361380664342407,0.464213165373292,-5.210620579451682,0.5144556478370435,0.6188600123831297
2,19.495733773503904,6.1823462820328805,0.313505282784781,-49.30804782005464,0.4278995662589577,-25.461120504528107,2.5713563935743515,1.305708713282322
2,7.7780478916224265,2.0617440886975733,-0.7605029252956688,-35.956017760166816,-0.8588011682387207,-15.390711119813124,1.3317999058730916,0.9532104029237402
2,-40.004554209231664,-12.534129367724958,-0.35972565801519624,103.51645127531025,-1.480150397904333,52.785306962903555,-4.398423601911797,-2.42854283198069
2,60.06861636514471,18.407371740627056,0.5296701374826553,-155.57021550989495,2.3100566719483697,-79.5219426051013,6.620990717682204,3.6056039101612827
2,5.11620629141176,1.1896404520259591,0.15155892478808417,-14.054948160584173,0.03876886624885114,-6.665584544471212,0.674873366814856,0.4122015703046196
2,23.456027484279065,7.754459350965261,-0.6117060190947936,-64.80131215436465,-0.4154720931734631,-32.2971887592399,3.0039745804693743,1.3758288220160206
2,36.19760920797217,11.058491338412884,1.0235976127118023,-92.6172051757114,1.825835148974453,-48.59013860224468,4.088180556417264,1.5240553700101651
2,14.488346403564575,4.2600978268656515,0.699977364847129,-30.122689767704944,1.4266622727095264,-16.182887167429733,1.1752599165056148,1.0029507255789436
2,30.958900912433318,9.616190919402387,-0.30563101975828977,-90.01825184197357,0.16994051642838742,-45.01755753536624,3.9783866780760677,1.7711007763217552
2,-49.83108708774202,-14.764213764068273,-0.9971632721401642,134.29824522467388,-1.7821329691942547,68.158674677545,-5.785121178121305,-2.9483082696349756
2,56.942131738383985,18.14685207666205,0.2062824648920964,-152.58534868421398,1.983086605384949,-77.07637640804207,6.097575003758694,3.5044430451710165
2,20.818402929628537,6.46477206095383,0.3895085099378023,-47.856243390734406,1.1674611303748492,-25.0107660847824,2.058901681861987,1.0486838134046614
2,-32.73818320465759,-10.39498269487268,-0.3727217858186851,73.66966390376098,-1.3354768611023156,38.529033981746515,-3.585849574050076,-2.1138973092782534
2,-14.610807522939263,-4.749045275366155,-0.04106155047325066,33.652333112635006,-0.5833291308325304,17.47442988069427,-1.5724256511575745,-0.7497142439556952
2,-25.76533328709958,-7.814775905891991,-0.523014096981239,55.57414121401587,-1.3315500788424703,29.180350258633467,-2.53318339900899,-1.6218578039367901
2,7.077502827163855,2.2801837511211493,0.38066733938511854,-11.13486721713755,0.3031968393404022,-7.236869416811722,1.0805175666085631,0.001762570237530004
2,-2.736681623387732,-0.7905252013352672,-0.022989019009812955,7.147203367488516,0.3576677926213842,2.7195510127685547,-0.4202646266866281,-0.6893040436494516
2,19.18127245804137,6.16055133871852,0.44865015864504587,-35.16319912735517,1.8123642476230017,-19.920144735303708,1.278080322578222,0.7460373575975198
2,-56.16163649625712,-18.472665230742827,-0.5790925842989513,141.46147285802058,-1.7967321404569865,73.80633688915742,-6.324855475469899,-2.925205916376339
2,99.89465280537524,31.156365978896304,1.552300344901831,-263.2784449834026,3.6622362810359212,-135.52666649046094,11.288204546098541,5.42323156561185
2,-2.751624049070632,-0.5180993552347054,-0.18101457222708026,20.171990917907312,-0.1724695463360855,8.844814530627334,-0.4825992649869998,-0.15675557158932485
2,-21.94950751647891,-7.44938040500364,-0.2974569251672,54.28093385779339,-0.8529224934950439,29.085795125588398,-2.37199494878819,-0.6435758820231646
2,78.80838394299337,24.589073793032977,0.47659899033319947,-212.36911582188867,2.1458333074952445,-107.92858918881315,8.823443923433087,4.630727505053372
2,-69.76262458274434,-21.418165741341568,-1.2106862303885573,181.77154657664602,-2.7570437145697073,93.42201782973967,-7.684936376812481,-3.8497521474657614
2,14.026447385577024,4.5801328667186665,-0.012700597932928688,-39.69165188354466,0.24890894030607652,-20.352213429641477,1.5907005096351257,0.6822307163188152
2,-20.33030209007175,-5.817728963730756,-0.8705260440977536,53.908207738601426,-1.4801657280820684,27.227400318133395,-2.135574537059542,-1.5623541116133233
2,96.62015171425104,30.495984492449566,1.1410537030636705,-248.00623024415992,3.5127149308386363,-127.45729229297422,10.287544668055668,5.973989011240721
2,-11.282487187208364,-3.3353582505750854,-0.3740171910045492,20.811929838443206,-0.9952561019443299,11.492194961259209,-0.7840489942244373,-1.0325311574966038
2,-0.40679086645111745,-0.29753930267810014,0.08254399974872817,11.792950621932684,0.354175217975057,5.1799200530233,-0.17256561131880893,-0.2082357725101197
2,-11.169581393012038,-3.6250785951753874,-0.1734734246770856,23.708709455529593,-0.07639732054501758,13.02708622442319,-1.6219643718526688,-0.6472727059901469
2,51.41631973515876,16.436326753859717,0.6160979730659581,-141.80354118782327,1.4070914281062568,-72.48579910140906,5.8873464609348,2.7422466379520256
2,44.435470267870556,14.538074272099669,0.28426233471668205,-108.48146298003368,1.8013183440328113,-56.90948427675762,4.403411237151402,2.256835366102089
2,9.454874060644705,2.7886087999773244,0.5056272676693008,-16.15727014283434,0.7714581229375868,-9.376761559227258,0.6862547759829893,0.4598835727632495
2,26.352333047469603,7.91632346026226,0.8763369459213142,-58.595058971216524,1.8910210635387905,-31.47543465479351,2.430460961734391,1.4053894222148375
2,34.6556705469723,11.401319726771991,0.21637529060796878,-88.98127794184194,0.9711554057010178,-46.28412973088418,4.053326245941188,1.457457347681388
2,-40.52687504209884,-12.451718474629656,-0.22600256276376268,109.29242963062848,-1.069389569752068,55.04103167063289,-4.4035571490208225,-2.588640379801614
2,108.36030531513602,34.068446450393125,1.6906638347073562,-279.4748709263456,4.051330607676231,-144.8810322244373,11.761185849259457,5.476029394639565
2,1.045395581515114,0.08083073641651875,-0.2728058286244888,-20.243661060302802,-0.5977530983940016,-8.40234737068961,0.48314675220342423,0.18823178589805808
2,-7.608314489176094,-2.9034387336535965,0.14757925454920467,24.82553188677246,-0.06886238229930053,12.492245348823923,-0.7321271702541217,-0.41771310041638243
2,-4.597473053320822,-1.0328865304982164,-0.0593548141248946,2.2793004129534613,-0.41821498791971085,1.6194864792791088,-0.5313747063747719,-0.49095225299233036
2,41.023984670253675,12.950583601126489,0.20017423304611076,-104.3311977407558,1.6979556294243505,-53.660600359290505,4.262579856071741,2.204656296064527
2,-35.328363536884304,-11.015265567020863,-0.06153671943800386,89.87412559124559,-1.1623414020767597,45.833266583548834,-3.912885071864677,-2.2184372853900918
2,15.497969653449875,4.548941649355725,0.5833682466169571,-45.11784187961897,0.9428119702343316,-22.6221343885702,1.5865436721695068,1.2654135502064203
2,-80.12860332742632,-24.596468160622262,-1.3708495799257785,199.14308671954763,-3.624088335433496,103.13359248049768,-8.28788987560682,-4.636941469337149
2,61.08443620620419,19.20724188982903,0.9942118799430157,-156.15897208892582,2.614897260163312,-80.77338317021098,6.427250658799828,3.324009214637615
2,-21.64512936358792,-6.704407925969755,-0.42614721081809875,54.934918275446364,-0.7382435353656455,28.69188229223243,-2.848505738843573,-0.8017325767593413
2,-30.267152170709664,-9.557419074835014,-0.3058234052588664,81.13089292048187,-0.7659409598821659,41.35222997436036,-3.5940504701307514,-1.4074355533816982
2,1.3215467470564157,-0.117137311683634,1.1779859774566184,13.163570568817907,2.1925422729456456,4.264510702856086,-1.082514710964812,-0.18301101236898182
2,-2.8702353034993617,-1.7201410149457919,0.020012270615972064,5.022981593650067,-0.09543880838123214,3.874722933259719,-0.35714266826477725,0.18733892083182668
2,-12.68139361901914,-3.9743110167427815,0.19570819078975707,36.59382515979067,-0.32228341474623756,19.03963926444085,-1.3544456058710068,-0.36975011507105904
2,-55.56645173184107,-17.061662677197802,-0.6583679919289555,144.5344046167399,-1.4894475052180973,74.07685483597595,-6.722510036000364,-3.5191381661262517
2,-31.56374066071431,-9.58089192611385,-0.07015083159886792,84.45244989847431,-0.780483405828509,41.9904625951865,-3.695897466567104,-2.2599272620624964
2,-10.435567752213336,-3.098506448092505,-0.7629692747171551,25.579088687430172,-1.1013551496634295,13.961243964139435,-0.8249598751780222,-0.5919023000507332
2,3.6247598550792905,1.0457823802699477,0.2910327135888824,-5.30006453753812,0.3019203615546343,-3.3776582566698616,0.12435555742754166,0.3235451545243036
2,-32.19649552694557,-9.328754403441488,-0.20111353383019104,88.68163705310194,-0.9100848716039092,43.6152649497475,-3.510779816528681,-2.033833833467998
2,26.559313179936897,8.36275502369499,0.2966439362884639,-67.35614529310861,1.0677808017014971,-34.70584742411562,2.729740407122587,1.5153504143697991
2,41.73426544983338,12.791859115410938,0.9214256433010861,-111.3493248044378,2.040846382030733,-57.029991719231,4.520221401402725,2.3631940902285073
2,60.47784024573604,18.90913793510685,0.9992689206127253,-150.16520092640664,2.2168466718521,-78.5368006842354,6.521552531426096,3.1282742429981094
2,-11.023624948443098,-3.3707798620065743,0.05748388994190196,31.555817448195132,-0.297885430829078,15.84935233907178,-1.1790830189314219,-0.5607159454971447
2,0.8624998476195539,0.3483566209048075,-0.6895591702312626,-14.829515911218367,-1.3225900691180539,-5.065771045415617,1.0103143202800577,0.43978169305544496
2,-3.3229486590227704,-1.402075587465917,-0.35191431919909416,14.401843788443001,-0.3007214981210519,7.592144238077268,-0.6408743857043652,0.2225787067343227
2,-25.14146842228218,-8.228619671791218,-0.6358215135301868,59.09995173212717,-0.830970889003234,32.6021752158513,-3.189718155087422,-0.5208407775446937
2,34.364632846009215,10.620954803029889,0.18481197346418807,-90.57082838898174,0.7956176944606069,-46.097961804285475,4.1848578636539315,1.8584072696118545
2,0.21195646285692593,0.23362070438162355,-0.7681529065893854,-3.6580344299724397,-0.494651097410673,-0.7832659700764745,0.08506918928591298,-0.17191891487531533
2,21.04609427578092,7.018912182925321,0.2526506856997455,-56.45505398102307,0.6466347674728928,-29.549191027416654,2.5574720201990595,0.7972928618248408
2,10.593964296811984,3.8608075057552105,0.4999911033480403,-23.69764742215641,1.3292492542697234,-13.682944767218293,0.6126249452312431,0.22686133036831913
2,-17.16722665889668,-5.1713885496081575,-0.7971828013019391,30.55481902079426,-1.880775618725687,17.067316230121985,-1.1061047885031483,-1.1806947342457557
2,-39.439936788936635,-13.07301669700452,-0.3521742521923761,91.80655260825831,-1.2870118121587315,48.435945913632104,-4.513729124988587,-1.9026757645398595
2,62.77929727824689,19.6779586813177,1.2003494274089497,-161.6703136768669,3.520340648542745,-83.65899482648962,6.031780655170139,3.4446370338542858
2,-3.9066286604119385,-1.2039441455141422,-0.6289354397278478,-3.673331622004883,-1.1445154257796792,-0.03638708447951684,0.3178542759042475,-0.19228908466331113
2,-5.363781337225021,-1.4613317643642778,0.15140537450910302,14.598780805854151,0.15256248839991285,7.1443049366453835,-0.9915364882772494,-0.4143575029718008
2,-12.672243777301063,-3.730868086043738,0.0834906531390798,35.733602066306794,-0.3579596704559062,18.097025721319557,-1.4661135058877064,-0.599517084590966
2,79.23953208576988,25.260221685140962,0.7600012256455043,-199.79099185365178,2.8272184120977486,-103.43440916431986,8.81766253684993,4.25964190468608
2,2.732980101491018,0.14830250963592298,-0.27375536669424966,-10.920671570024297,-0.3630163275070447,-4.268861265404718,0.5207811878832349,0.41708587588869306
2,-43.95417824389096,-14.690180356570806,-0.6535998857539601,111.34719666829433,-1.2463471724094082,58.3321580677682,-5.253612936937592,-2.2777670531787986
2,-29.797323227970796,-9.6765219561485,-0.6008520611773429,66.3125534535232,-1.3147625355516206,35.88994912521025,-2.913523907723597,-1.508051085192598
2,22.0163911715823,7.224580655059663,0.06997958651030997,-60.0065492739192,0.6242774289725999,-30.971814539904447,2.7806522493966472,0.6695973615926145
2,-29.934168013555663,-8.905943790821446,-0.3925040755109732,87.20642779267683,-1.426913472649383,42.867797566088825,-3.048755469724176,-1.85889793162236
2,-32.6684307197801,-10.190277884734211,-0.3097513629423101,93.41479441755406,-1.452416896167329,47.271796365442555,-3.3456288838358743,-1.824296663950435
2,-62.56277321381796,-18.62317642180344,-1.2032989120375532,163.99232533941816,-2.8173575987101778,83.20082378965229,-6.492191881152307,-4.11324813702652
2,-3.62235575035599,-1.2886533188525506,-0.36135332961006694,7.117560390464932,-0.5175022897345545,5.211416517074812,-0.2892370004480624,0.641222050828456
2,-14.722076542567605,-4.6443383023383875,-0.2627969710248572,37.20603263978577,-0.4353265505538735,19.13863786807077,-1.411792683007679,-1.1398540645559263
2,-7.002507190629697,-2.5157826052850223,0.1880915983127529,19.352873615779355,0.05428127921946319,9.83968246722257,-0.7413363944767359,-0.44283491206280673
2,-69.6721326143869,-21.90195074853779,-0.6211646226054535,181.16651287987224,-2.412425006416932,93.13273725938716,-7.4356527472886516,-4.043923887653112
2,-58.775125669373416,-18.19836273894238,-0.1789427265776211,157.3880811457442,-1.0801112518666556,79.18123095085564,-6.825695143942054,-3.7422073277084427
2,11.152744347308461,3.8211257794116555,-0.22288674186184687,-25.496585675573115,0.31194986150011983,-13.5468857409129,1.1016282161828137,0.46784372656935047
2,-10.682958476324432,-3.3265429422439947,-0.26911982520137456,21.205695863485207,-0.46093216850456925,11.884811308654982,-0.8435918574896852,-0.4291632332467338
2,-45.80822157061851,-13.926603306071776,-0.9142541945991147,118.65532437148774,-1.7495144608755435,60.6049609065668,-4.865325739247896,-2.9607231411297708
2,36.03738698860821,11.192643142480645,0.3983532769200723,-108.61916451172833,1.4438939357859266,-54.07930611508808,3.6949481006105067,2.2838942650104284
2,27.251612689987862,8.928427973722904,0.6536826101084792,-64.20933809064891,1.543312970671617,-34.725034856599656,2.5737152035346154,0.5250570866999643
2,18.98944377878828,6.270353243227629,0.5146252071341413,-39.398860674925,1.8414817623957103,-22.19484023148711,0.914662209091572,0.6776216652871799
2,-44.00568701771508,-14.141756198159795,-0.5346407347612044,111.44086175267796,-1.8528811589780356,57.98591649802275,-4.836512576276539,-2.223318217368291
2,67.34279303346092,20.69389965500219,1.0965128732315854,-175.2845127980917,2.8907260677506255,-89.42939858301749,7.185570285864527,4.0077638712944195
2,32.3871793825523,10.136717068471023,0.43360448152157793,-82.41281308053614,1.6928819574708076,-43.078860290317174,3.021023942929312,1.2316058737341573
2,18.413020123733155,5.672506059488679,0.05589913949318516,-48.197507766579555,0.7207630905386048,-24.787726352406224,2.032001882399836,0.5966349949465308
2,-17.041825914375003,-5.056153168376599,0.7944504093273689,58.950397808515575,0.8460407245719737,27.89163568333328,-2.464249422755576,-1.3864325549650032
2,53.626350321975536,17.087310910035296,0.6090327996391708,-141.69508185169963,2.058001263665507,-72.7741139727278,5.641313007402981,3.0827119562577203
2,3.596999611400405,1.5806109676734956,-0.5682466826101444,-16.487723581397773,-0.9235069415727665,-7.635618466643335,1.04323069163902,0.25246805926396676
2,66.37684788846013,20.457210653625783,1.3243637017588936,-172.80900286600672,3.2359070641677596,-89.36185545192144,7.077790246349755,3.4541809518607804
2,-6.95807666333456,-1.6276241844431985,-1.098435385935771,17.998817124357146,-1.5526055834536174,9.996941315297654,-0.22897454479118687,-0.36683304169931136
2,65.25562459990564,20.653258088318207,0.9146772549695017,-173.12743806449652,2.035151702428312,-88.7674607143366,7.8053964937915215,3.5115563892526245
2,26.786457266176093,8.299194663406793,0.011053357252119575,-71.95933145376684,0.5490828137280137,-36.74537427390116,3.204354860785398,1.3756197757407422
2,38.65304163061693,11.983096929946894,0.15657147551621842,-105.70447263453804,1.013321584479766,-52.78907033387912,4.597677277711354,2.4126538911119906
2,17.704553377757286,5.3177773363861265,0.6623128365613024,-44.154674464764874,1.1639446754644187,-22.95307830013472,1.8226725671592559,1.0807425191066542
2,-42.05629966869869,-12.758048065953036,-0.3320447830803548,111.88500122568428,-1.6772549103380303,56.575452202421936,-4.506229562185992,-2.576325813922311
2,-37.524340769515916,-12.227175748660091,0.005502390674097805,104.68167963043807,-0.8785426690754777,52.99163592433426,-4.20290937292431,-2.1007581164976257
2,-26.864106377483047,-8.094077985754103,-0.7807058124720185,74.33313680859888,-1.229026774817721,37.769735068338136,-3.104870400754989,-1.220487471039427
