,0,1,2,3,4,5,6,7,8,9
1,1.4140537576152674,-0.5796259681914806,-0.34876576263416287,2.192930459274813,0.3317629876944773,1.2943104269103867,1.3491672782523951,1.8834090939205712,2.738324996404743,-0.8406122351982854
1,-1.6840056626331266,-0.38289090545374826,-0.9444915881871688,-0.9995116302705134,-1.0322233484272916,0.09325054300875413,1.5321801983663297,-0.4139606761023647,-1.0358990009346216,-1.1306103371782474
1,0.4094020903362295,1.1920293552176857,1.245859105704117,-1.1746944866545563,1.3220196042494847,-0.0011461346029532637,1.9715828832263729,-0.04688414489793945,1.6736773084088006,-0.9573577972837842
1,-0.5114976493780947,-0.21954486244512825,-0.38891146487329387,1.9254594818309265,-0.2739667086816447,-0.583506685456448,-1.5296483172771138,0.860635167972479,0.9702512829530765,1.9807207641482716
1,-0.990792531061495,0.10030230540127412,-0.1536134782262533,0.8627103969715917,1.0754223505771086,0.6258485470083028,0.4060172628827069,-0.17811513484837255,1.3068758570129473,0.18774375842809587
1,-2.1551372016636074,-0.9275372280952838,0.10477945428174633,0.6941518953962402,-0.641313870026733,0.20711602191351905,-0.2893289840939335,-0.31999031933144545,0.29244942341836094,-0.5683523659560235
1,0.3053174402934408,1.4906061834217204,0.2568149639930828,-0.5505312859249039,0.8466358586238201,0.2510009582571971,-0.8826982538505292,1.0486960705805959,0.8670831296066412,-1.4790954116061052
1,1.4642456494942155,-0.30662472868758883,-1.911017945821581,0.7604362598629124,-0.5304399980337776,-0.27771941040341896,-1.1588521103748686,1.7121353881416264,1.5270215746762448,-0.549152116259112
1,1.280138698732816,-0.214478054585942,0.698371223994366,1.2661924035393166,0.02236766946226615,-0.4534823756341506,1.4356100764813255,-0.2950113995746821,-0.8474566753582528,-1.5125128540683412
1,-0.7471877910000803,-4.13956877649945,-2.708396341099236,1.8037434489648778,0.14118943225077263,-1.5547276944460866,-0.21136274494396587,-1.9559998027690755,-0.5858004413027985,0.8094434278492588
1,0.4748678026454324,-0.2244331734493172,-1.3804817653730845,-0.36163724662699526,0.10678278439004614,-0.142551608857813,0.16262027126728984,0.620239572457124,0.047395756911133645,-0.6448672192579998
1,-1.1165159017790485,-0.24582319829126775,1.7772277163685661,-0.11430586330030768,0.7088041581565557,-0.03165077017451645,-0.9860542690348767,-0.4026702397700898,-2.4294096927947644,0.6672797936234597
1,0.6726362042005407,-2.786455380574182,2.560017635967945,0.9620500453381609,1.5819220849399023,0.607058974279091,0.5220274080894479,-1.5141811766829198,-0.12001820659279427,1.0316732229800738
1,-0.4163337727034579,-0.5459570830284689,0.0574672870130739,1.7552242833526368,-0.14678895686808208,1.2470762212715054,-0.06563628346446487,0.212329932138548,-1.3426624225706607,-1.4394403815693797
1,0.19889345340771605,0.04402137200752559,-0.9974270015222948,-0.527438226029767,0.18235842506348857,-1.126479639881663,-0.4078017749897203,2.062872045863912,0.9012204386594426,-2.2282208652827946
1,-0.8374613917723539,0.4472463765814227,-1.7438223575094054,1.9692229622066364,0.6102637631107304,-0.1297762855495013,0.3123313457892605,-1.198133459243484,-3.187771624631445,1.2296290970390253
1,0.019008466462879296,-0.2432457289583455,-1.649528746947366,0.6743968339507804,0.8881970822276919,1.609133141800133,1.1258162475066946,1.3741623341750215,-0.25278190988901106,0.6044350224510476
1,-0.18167877744086844,3.10106428250774,-2.1066788804273253,-0.5297502098094828,1.1339287001720693,-1.5610048226809823,-0.20242617602783344,0.5289319263322434,0.9983504782146199,0.45189890217827494
1,0.9367488657159115,-0.4657036614231456,-0.3763052774478558,-1.631155291352115,1.0880079177524482,-0.5155508535487336,-1.1887856770600163,0.8328988888244966,1.7056595773670866,-0.49737215800039875
1,0.781003275051482,0.4602420220797315,-0.5159463743162344,2.1271057073570248,-0.5659985938740824,-1.4018880127870208,0.30439305049573573,0.9293204511209906,1.3534090980334583,-0.24002179388583583
1,0.768893011483265,-0.08744987714117927,-0.22865868988771834,-0.05773336306609344,-0.40668016914345917,0.6008164392456915,-0.37138897656744674,-1.446808482211334,-1.3553706549543452,-0.037185604883671515
1,0.25086258690113367,-0.7089466775423162,0.17230991815927013,-0.4246983689210361,0.8034278191873999,-0.3831230609153726,-1.529672098868558,-2.158101220980976,-1.3453935050812222,0.5476976800558291
1,-0.06764715071732229,-1.348934693793388,0.7862747712399292,-2.9815725769486665,-1.1471305185447138,1.3663669169135055,-0.2554570892985504,0.5780522862544143,-2.367114269983799,-0.15611645466319113
1,-0.7689822117231818,1.3748725117143492,1.7894653733100827,-0.30416696117104847,0.25817762359659957,-0.6435460612335053,-0.2408288104428741,-0.4575234757326262,1.1197701162032236,0.19711447042138389
1,0.3278363173138371,-2.1465001592515414,0.37117588019540576,0.15544032329037785,-0.40350982109337497,1.1476197484077193,0.5540068791746906,0.13276512139893668,-1.6821128090939736,-0.9310854349831922
1,-1.3702525723234287,0.7754456657049209,0.12568792717203464,-1.1062139341441775,0.2875650922016182,0.7982147543212696,-0.29863309448638165,1.1052866405755877,3.0487578345576916,-0.9003421433278824
1,-0.47666205385593985,1.8593127106354994,0.6750487990548827,0.4057459126830338,0.5751823106771217,0.6991764188188134,0.17079664592983748,-0.6222658780717186,-2.0317630322237172,1.4704046604012435
1,0.5342349033675876,-2.0379662997313175,0.0018162221904695433,-0.8194235164422784,-0.3279523489515892,-0.034114369714944165,-2.139553499949568,0.2519120122365939,0.24785104460329924,-0.27682460741192555
1,0.44697716361603157,-1.195047610675657,-1.4566536806103758,0.06028537630898863,1.4080977290213992,0.5322063163037063,-1.4807408378743396,1.0792586785597182,0.4217102598643736,-1.5835257558561806
1,-2.320098693919692,-1.9377164230498627,-0.7209802214327463,0.19902283528381276,0.3904337523895088,0.9488024359227871,0.020220999954560406,-1.6242450433648532,-0.5858148543746591,1.5026017555973796
1,-0.8821729369038117,-0.6122760959029415,-0.5624032601280428,2.661439866118192,-0.058330607150631375,0.1590053098453425,-0.833279369740509,-0.7742327974712432,0.5134034344473891,0.5419262176085058
1,-0.49192226674328454,0.10546252966886432,1.6281032082926221,-0.4740347724370219,0.10570341655644128,0.8788824679228009,-1.1124917485542558,-0.9632996706319907,-1.0127620891851639,-1.7754371507787035
1,1.6316725519262403,0.2709935453391043,0.206709089419256,0.18553729531070828,0.565515270150931,0.4660615364286286,2.631854237536359,0.8616050708762252,1.2335658309773458,-0.2715673797119068
1,-1.114249896919194,0.4269376099884566,-1.5805884010763949,-0.41411925397846716,0.5578529041655338,-0.10655567958173548,-0.24516688586088042,2.405932668674313,0.03810975422780068,-1.840469893299327
1,1.7646212867725442,1.9792534941700624,-0.04618436781230208,-2.838893200737638,0.12045991605081868,0.7003156130976126,0.7837847100471058,-0.780940911519761,0.4503046169446907,-0.5691579575762545
1,2.1537255416061405,0.4234461303272509,-1.0774293470768266,-2.5249402597861903,0.07165615244484372,-1.0393965639433502,-1.3211127175836777,-1.4526506831849528,-1.5789440342288352,0.8573628206206411
1,1.2009614920923883,-1.0761987721965374,0.6648203631556678,0.690559651286704,0.6468919954101966,0.9724755533818339,-0.12691088907148076,1.2386228603460596,-1.0208799356643088,0.038434281657985965
1,-0.5294405800566526,0.8151402449930386,0.14737034391699314,0.46695890172128585,0.16109751162454733,0.1627690780156474,0.7418467595870284,-0.1314041599352755,-0.305753080190641,0.5744195747660332
1,0.9919679807489749,1.5684389027150898,-2.2630302647123717,-2.075732461662418,0.416118820316582,-0.05396733489599739,1.4487914986345762,3.0580198037094615,-1.214563328863889,0.5687882685567703
1,-1.4025663153892336,3.481671452570392,-0.44667088023851287,0.25835348089975707,0.16004973757070792,-0.3344899834399536,1.4185886993853123,-0.21699510451532492,-0.2271916352175014,1.4442930201278816
1,0.44289255793809845,-0.20142427066361515,-0.09220547170049251,0.39877632974013066,0.9271573617910811,-2.5656673621094686,3.0684337255768854,1.088323618766393,1.0096546610846533,0.20350278291789217
1,-0.2312871194748478,-1.3237241397950057,1.4663712628315326,0.841043877864028,1.2149675890994964,-0.21855874797898905,0.47047200421106866,-1.350045801102821,-1.41937726143048,-0.7184516242878538
1,0.25272646749927674,-0.937978844084967,-2.224361902762334,-1.2398479348371494,-0.2196020582519875,1.0712631887950994,0.7782459771260141,-1.2187727848279513,-0.48272085630763656,-2.849761887370289
1,-0.9357492585729318,-0.9400078808856265,1.639223905834216,0.9063670802109177,0.04504787240997474,-0.15694394080055396,0.19433698739940242,1.215848801601346,-1.1338345394718758,0.6959021588789193
1,0.034843616264959056,-0.27338533666560205,1.226033008759267,0.33965121186843866,0.4225266430127727,-1.4328436222271532,-1.4999036311773206,-1.5462780995310135,-0.46578581480753567,-0.8428301510095024
1,0.2998384137954962,-0.2947783122382243,1.2062162133425662,0.16739429577241222,-0.21818081652537702,-0.9261089076940126,0.38300193964259044,-1.8106515580680556,-3.3330344929789395,0.09508551251059646
1,-3.019174591527806,-1.677465908101613,-0.6520262850100217,0.0980790834133344,0.596488329323356,-1.374970921476249,0.18222811471279288,1.2381675654098314,1.6585730047546376,-0.8521165266378713
1,-2.201075604594133,0.8278672833741687,-0.45746830001451494,-0.08401270093329119,1.0355590354190884,-0.2618776310058212,-0.9396858289428869,1.2614414646157557,-0.10004722809961873,-0.392558309370936
1,1.4840145282922383,-0.9423145607423494,-0.8305468970682588,0.6083361948919561,-0.04243158834948196,-1.0263980414583431,0.8194659159957498,0.03704463786321649,0.21667931056576734,-1.3397443595116532
1,0.4199177894270804,0.42308827126179743,2.832859467109939,2.2491481507912594,-1.891367059423012,0.0475131870829516,-2.0966409296721844,-0.7009816351927329,-1.0678537519594575,1.3537518124675954
1,-0.12680247434435288,-0.12054478413433216,-0.15759688891805745,-1.0698441487540182,0.10112184978636357,0.7977225982364469,1.8659331470681098,-0.5254431266103604,-0.9196643083710347,0.07750073132408765
1,2.011519766764675,2.327723633483998,0.042209612582358086,0.8303027072591014,-0.6787910915386581,0.24537968170304642,2.150281225194529,0.04375470278242549,0.22871830512439925,-0.6440880417941535
1,0.6472160968118228,1.3251110585709842,0.5943471032244284,-0.6166816301122265,-0.29408105590868616,0.6042309669911096,-1.6028956753550478,3.676542669520436,0.2994910558087841,-1.1022456310272526
1,1.2020502839738607,-1.3833381231610216,-0.8597058486901682,-1.8006095507592723,0.4081024558071914,2.420714529879536,0.5609848805940234,-0.039055987643656774,-0.7651281704276915,-1.1887029850673505
1,-1.9791477435665323,-0.026202023671823543,-1.5514487989560857,-1.7782734390824428,0.3284666873156183,0.7685748210666123,-0.1655495774518085,-0.41067676695588834,-2.1777285182123594,-1.276753613559658
1,-0.5710450982161991,1.4374931862440465,-1.8481983336833763,0.11546961225425859,0.8596214501749346,0.29918658361743744,1.0492385474895787,0.4827044478267831,0.9747996604193387,-0.6864427414519483
1,-0.5936176971477772,-0.5396975425187299,1.6007717328159377,-0.049110361041849855,0.3715288782331888,-0.7226287994267023,0.81072309603055,-1.9894343627608162,-1.8033359068037376,0.3210997503743582
1,-2.6203796943291113,-2.324170327745518,-1.028250676213637,-1.1822010182191192,0.014069418213413638,-0.7355616083584937,-1.3864914295449922,1.004387387767419,1.422402245503476,0.06700153160992413
1,1.4692375316417619,-0.7983502813022446,-1.8949630090177938,1.5805973507099615,0.2252055951497958,-1.4620882072331536,-0.6940013627841801,1.1406493065704544,0.3891587092793737,1.3772748881927457
1,-1.1038737064848378,1.0688264684330515,-1.3174353128402094,1.2772490796791014,0.4527366124714965,-0.48634891899534083,-0.623402093310643,1.017927834317744,0.39231300438423794,-0.8349397966677793
1,-0.4021850097387189,-0.06613396133162149,1.732662057159329,-0.49496036233649643,-1.170636662943151,0.47097370881613726,-1.5900389418107685,-1.2171177722590625,0.5463509632419554,1.4367894310420755
1,0.24392955615535256,1.2995237224223948,-0.4416381502459902,2.6039599900816994,-1.4265341641462863,0.1816277772826962,-0.5491782985354527,0.37707265917398886,-0.07919098334635956,1.2097977217623608
1,-1.3074858562947334,1.499754691102889,0.7729522024246029,-1.1182222064612128,-0.0003686283232499088,1.6526446565912953,-1.206160480821898,-1.5070666734296458,-1.344682888548048,1.3661273755455554
1,0.12290914033195424,2.649525499964194,0.06471432409201086,0.49424993179608,0.5098646406432685,1.1022805940168439,-1.7077426461515868,-1.6494750793527664,-1.238551074195133,-0.10860633493329667
1,0.015395669349651088,-0.9779938150792442,0.661719542913915,0.12515107966253708,-0.28941513939260727,0.37209473593975156,-0.7949559315154496,-0.2346888714604881,-0.5876958591760043,-1.008114070031235
1,-0.2675227292420158,-0.7912172803812307,1.9234838498938938,0.6501730181977501,0.11694342633216404,-0.5375394878105823,0.21603057956993735,0.9122761300498607,-0.02559399627357102,-0.9281311905872813
1,-0.7620413507957156,-1.9785942009409252,0.7987929104902525,-0.9040903671946268,0.35130311193127917,0.3916897550836045,0.25744799823147935,-1.7442645302410171,-1.5184105276333062,-0.06716288427102304
1,-0.8203221547984756,0.7961730193497981,-1.5074606529495054,-0.5099414738139368,0.3314945072760558,0.058538198858776286,-3.536940767426551,-1.0458916680728954,-1.5545349515869744,0.777677828953261
1,0.08589025080944412,-2.3466712798406797,-3.319118374897755,1.8124263134268461,0.137871770067635,-2.318313920878259,-0.9210496650829798,2.2062485260201004,3.1661956769594193,0.6573656645269175
1,0.5273119557846546,1.3373242808111092,-0.8993919981080846,-2.262564478665902,0.021952040635438277,-0.5117255211121594,-1.0887085703067356,0.737416675022932,1.2986934134304664,-1.6804387415791624
1,0.4806723747801013,-0.10275617429019483,1.0350069131605635,1.4288092899096627,-0.41669317402989725,-0.6162376425019671,1.4635166073278352,-0.700611070771505,0.6136397154403573,-0.29731409696744904
1,0.2588564358676066,1.3200844561350582,-0.14974012446495796,0.3668652792573052,-0.2831432000794869,1.409861447515866,2.2249929353944538,-1.7740182801543152,-0.5439094539523344,-0.49045403539002164
1,-0.9301532150850195,0.7534887699143615,-0.14718666277876752,0.6216932190459277,-0.6077403473912879,0.4066393669523034,1.4730609219832844,-0.25484261048648255,-0.5394532812881557,2.1280944588429866
1,-0.3139101020762616,-0.002261923968042807,-1.439821468884046,1.4598131297928627,0.8042558729861657,0.9625786204235038,1.3120947417527258,-1.056693838643291,-0.7304520829719279,-0.6470319967160888
1,-0.8225550810964097,-0.8253202391259964,-0.15050293672336548,-0.2991334976027001,0.2599575701501916,0.5507512574957836,-0.36548733520273413,-0.035161753679182915,0.8988800273039149,0.15737090658037678
1,-0.7966992712818717,-0.38218065184988687,-0.3784579990362148,-0.1211816806134969,-1.3102040528808037,1.2863723198060397,-0.2871590046823105,-0.7421012754046712,-0.6382084253593893,-0.8885535555583821
1,0.3313593156846248,-0.8254541800446483,-0.8192709487798628,-0.47198138072499674,-0.21753002792676784,0.5416838411998891,-0.7054058121924031,-0.47007549257014425,-0.5475417367412745,1.764368406770886
1,0.2410463897599944,1.5806424535706929,0.5341321331099779,0.46876751785485865,0.8069066495377162,0.8804969857434863,-0.44161369002935047,-1.3839513228995803,-3.041856179971797,-0.9288340809705559
1,0.5823286795628149,-0.726165782704597,-1.4395473574890219,-0.024873705985843438,0.59784744521668,-0.34908506222633545,-0.5071075193985094,2.2956152582467353,0.9387394192369077,-0.15559669399370668
1,0.5662188799990375,0.7132459953026247,0.018323567103012584,0.09144385362402656,0.49442630130905313,-0.10696577311327302,-0.8692424245261826,-0.4411648474110874,-0.4056744760263759,1.234027469105198
1,-0.31697871992269977,-0.16055567638802462,0.7504560259826829,-2.026854876441566,-0.3786241089065273,0.946525629132169,-0.6959543793303089,-0.6088593682247342,0.5398429302194145,-1.0119623359034724
1,-0.038556962345950845,0.21951537744881466,-0.4774553226820838,0.024384418216328065,-0.27065782948736594,-0.2502665315916016,-0.48189864193400944,1.3058424816787368,0.7714005867434541,-0.10401775074122853
1,-1.510277392004055,-1.6678687465304056,-2.31939007902449,-3.452721558240789,0.13189611729158307,-1.8072151561084373,-2.3953784755045957,2.0274821003602947,1.5310652648389205,-2.327832170746819
1,2.0653353581562994,1.7126959514828104,0.30497814961044517,1.2333650809281365,-0.40540127148387606,-0.3935240598322412,-0.9595202063081902,0.6278399203538418,1.3806789541898004,-1.1903087191266832
1,-0.19317476501979414,0.5686658627266096,-0.684485324211667,0.19875296761972056,0.030015415739955364,-1.0633280353359176,1.49050666339715,1.6597108766259254,1.817229770587978,-1.1065047965629948
1,0.7899743152909177,0.5215088766997967,-0.527965367767532,0.5251143621931016,0.6527844836427231,-0.24891878795666086,-0.06578174924587885,-0.06303884561726886,1.9351552094657316,-0.023813256893718972
1,-0.36036711964998136,0.11658070289935102,1.2547979024655764,1.3132035124173085,-0.8777178103240081,1.0596478894167745,-0.3484742927723826,-0.9104271806762048,-0.9724445297436897,0.5475727768298877
1,0.8152042858384392,-4.231254205262862,-1.0534516467291268,-1.04273281120637,-0.059125029924347434,-0.025081551346328012,-0.04078460315238172,2.8986651311879945,1.4808755754320921,-1.9094775103510409
1,-0.08272672683585273,1.9488892825519064,-1.144212642269214,-0.151604529448089,0.4823034246152071,0.23469817515304897,-0.08196969994738831,-0.8242985027260009,0.16181358047979216,-2.1589718172382
1,-1.4796770808719244,0.17616430097322305,0.8180741681549105,1.3129376582551022,-1.0054555484583256,0.8443848781925767,0.898825774782373,3.090880216649699,0.7575831457588399,-0.48750877844791
1,1.2540363190192099,-3.688809348971534,1.1536357950081775,0.832546503803628,-0.8386103985716993,-2.262937577980593,-2.1334461079711686,-0.12876543447644453,1.6048571880999076,0.25514270335199957
1,0.2763340125991373,1.3212503965445592,1.5419023172288553,-1.3826463968718383,-0.030799164424976294,-0.5954879298931356,-1.5793287058024366,-0.8149001463169806,-1.2429922759644372,-0.27490256919476386
1,0.8208107739996888,-0.24105473316969547,-1.2444011747528514,1.1365333230665695,-0.5365274821441584,1.8533507151226525,1.1644363155404058,0.06010979272346599,-0.08359427048964257,2.1728676583941717
1,0.0871774395328803,0.999165654631366,0.9366269320855755,1.6923116251588464,-0.43595392128591376,-1.2046831408938692,-0.22892527742440194,0.6971590993928434,-0.36254147307100676,1.1550709387341278
1,-1.3844832007646277,-0.6685836797889694,0.21850281351782197,-2.078275521394044,-1.1087321198798512,0.7067488738192762,-0.8567872286049617,0.4085352227693668,0.42949815351436504,-0.20202869715030813
1,2.089438350608749,-0.4516701681984764,-0.6985464155314755,-0.06952091053881525,0.06052176949990648,-0.5898400351939049,1.1199395641798502,0.719311869947222,1.2444925827712727,-0.6629760863030268
1,0.18088742392203183,-0.46364449973201355,-2.5008950241649583,1.9686191766829515,0.3931666528922782,-0.4168465312140127,-1.0000656153485852,1.145647756064024,0.9785594247980908,0.43812637046740716
1,1.089903511516954,-0.9634776227530324,-1.5986171855730702,1.156374082481138,-0.5014637688362048,-0.43164648442039233,0.3461475797335302,-1.4357763183929229,0.3672209035753842,-0.6808584281732397
1,-0.16885979136987941,-1.2593184571329175,0.7352691509840992,0.435536374258912,1.9260424017797653,-0.9100584456611956,-1.1426635789524526,-0.7546003572798714,0.19739425884271594,1.0450811804050504
1,0.4699438404341376,-0.48994397602538575,0.4056513239095501,0.04987491245326899,1.0949535226623706,0.41547358156075265,-1.5331856461379032,-0.9657242890291711,-0.9398269360610225,-0.48788371568198635
1,0.5702760482960215,1.091412792325247,0.6459583042245661,0.23334543579315664,-0.7551042115906307,-1.0250343821800116,-0.2666534576825823,-1.2304295023250462,-0.0805831309734107,-0.9712754781723166
1,1.7505833787267235,-0.936681845850097,-0.1765895908424677,-0.8213428330048352,-0.8586220302211525,0.2893274939050195,-0.4671189028358951,1.0370364781404988,2.696686298790484,-2.066732994633789
1,-0.3223748083352077,0.40997204286618766,1.9510934882111701,0.3541881687885268,1.0360260932163199,-0.5848806316109687,-0.48778929692899653,-2.454543674843293,0.17609111725865784,1.2569554810323824
1,-0.4746051158066324,-1.2684214900448139,0.8605005426414806,-1.726500450449038,0.13270594178292738,2.4861269958196486,0.25817962718287973,-0.6469202353851402,-0.2554234528810352,-0.9846629058397025
1,-0.26412908373633237,-1.2906879874918913,1.7619179931082556,-0.8031465757998683,-0.6594749643870091,1.6108113461868176,-0.18842786143598622,-2.7776386618450815,-2.288252779176779,-0.8616700082082777
1,-1.3571423914790444,-0.7377831842485008,0.38816617185881813,-0.127747533701371,0.6544870960908948,0.7083992994797099,0.35270956064992587,-2.731538500012857,-0.5405035539021349,1.2096726711452372
1,-0.6255558741592724,0.7305161480334356,-0.08584422602719166,0.832033625815909,0.4651703586215305,-0.048193356835815215,2.6068569056183923,1.1632702274612794,-1.021117850804526,0.26437278385635593
1,1.318008403630782,-1.2682782481455461,1.3735112889381642,-2.462322470362716,-0.16156505544566846,-0.5671498921931087,0.6653662644158117,1.898287359149819,-0.9287345730450154,0.16360942622524072
1,0.25018306411645785,0.8707505717854643,-1.360953695154685,-0.46774271708282206,-1.0552821696971018,1.2922145148985247,-0.14303959340170147,-0.5135045914124683,-0.5428377636784455,-0.054048252253123034
1,-1.271639632790487,1.5901512051396218,0.3822208935192455,1.4139838006284333,-0.16133753723230276,0.15376336337812357,0.31480018052065384,0.47151334859233984,-0.6220579776840504,0.0858745450497538
1,-0.4244402163242562,1.045039378460112,1.5723952961364154,-0.8602405156467173,1.3242146262795627,-0.8902106707546659,0.9596369591064963,-1.5004137945617122,-0.0938370971639068,0.5721204771395058
1,-0.0468555422011672,-0.7582360139765708,0.22391183355027813,0.9823525706358927,0.20877884542487876,-0.7106867220541575,-0.48923835271032967,0.37890092544411164,0.2176040365807709,0.17043290125039443
1,0.16808598740118835,-0.5801427914833395,0.5552970191612472,1.5556540924479527,-1.725254172925927,0.5005690302991741,2.468224041283478,0.7521118498582121,-0.500273402974835,0.3965741710628966
1,-1.8202078860105637,2.3520010240444065,-1.511570003459611,1.266776226374332,-1.3448115243554057,1.040270031952101,0.09829827732679587,1.602071092138526,1.3934244940330207,-1.2201376676153575
1,1.7039473573666049,-0.4078076922803041,-1.3196925578191345,-0.9399402699951356,-0.9163942282743813,-0.8220683754214135,-0.5969766433089844,-0.353524872768718,-1.555659979961073,1.1554318343228527
1,-0.9866053183836867,0.958795178597935,0.3703009313919556,1.4550750631400904,0.6623971188728397,0.4701287473820678,-1.354565782292921,0.16099274621261506,0.898963767810319,0.16317057797963722
1,-0.10469381962736096,-1.1668539766438812,-0.3666100239427173,-3.4545076372161976,1.1887109836656242,-0.7340168038677716,2.499049872800794,-0.2304752071054219,0.15947420829015857,-2.2332498150505318
1,-0.15956568824182538,-2.387546485354978,0.10123873519757062,1.3175904920289248,-0.384680782108496,-1.9844619243005115,-1.6895246056943134,1.567426590733507,0.7134914735984174,-0.4001587240953011
1,0.27339996532403243,1.56293840671033,-2.2373764647005716,-0.06296986352190119,-0.3688393305504687,1.676886903500544,1.5072531950228438,1.849328601239348,-0.5221029769735183,0.10118503801597885
1,-0.33068552327424283,-0.16434406355643363,-1.3209337322718653,1.0821558116349759,-0.22894565013028065,-0.05884463879840904,1.094548657880902,0.49992577491977824,0.5524640634277861,-0.3040704799345012
1,0.7826131853953405,-1.3092093625329284,-1.013876283019073,1.6007171288247177,-0.08265532793404945,1.2701735034250583,1.2148849966680992,-1.1472898641347182,-0.7824729844188241,1.0611917873801606
1,0.06331243194051572,0.4588917114677444,-2.606769341013555,-1.5182183863143117,0.6865714708964027,-0.33685893631951824,-0.035889870755157614,0.7146663212122619,1.0321920989113602,-0.721091728898649
1,-0.09602071540369499,-0.7636126453676297,-0.3858853958074317,1.2251930848875745,0.7627784518212384,-0.9698664468223952,-2.536276970043096,1.9307148804357424,2.065755651930035,-0.4300822104850608
1,-0.3955560621661197,-1.7906494814361131,-1.499187969098926,1.6894164456269465,-0.707706980533898,0.4965271758252793,-0.4142510377818178,1.351475830091735,0.14448696685509094,0.5205954521895417
1,-0.07400366899542597,-0.0676226562513871,-1.7514706584773214,0.2637883157896944,-0.15739178163723436,-1.0682090127717563,-0.4406747910360293,1.848810540946027,1.9889629607229562,0.03912119432029318
1,-1.1304392701464192,0.617871974764639,1.3629719420928101,-0.21511762974531803,0.385707140825373,0.7823676456094129,1.0089008798851142,-0.9401822803114444,-2.691247747061094,-0.8515110641530751
1,1.7466306876908724,-0.05666244769869695,2.6009351039045554,0.585235859080515,-0.5669555240126929,0.40486530628156636,1.7949059517552104,-0.7972874379620978,-1.2150193558620888,0.46033578410282616
1,1.949892984989822,0.3997825875642517,2.8114655651973437,-0.5112002310774626,0.05066879123813774,-0.38149275576921576,-0.7555018324830995,-0.33098402548914846,0.021841862790904085,-0.21334169808666656
1,-0.9393509745547854,-1.0479021999947442,-0.38470774715536216,-1.3544031965535803,-0.5936328747980963,0.3223144223863873,-0.9528566181447571,1.1676383223937825,-0.9038201099122047,0.32160101357559
1,-1.420840477834699,0.6119658194012273,2.8882588480849156,-0.9743205330790259,-0.5122972956981244,0.775051201411645,2.665347798296647,-1.8823330445069628,-2.200061815007282,-1.3194577468838287
1,-2.044658085283059,-0.1029701005957865,0.22547445165841676,-0.14106104043873427,-0.2517513898413036,0.923644444557804,-0.017670015621542464,-0.8175919838120145,-0.21164846738634344,-1.7971777213674898
1,1.5313239007903625,-0.4736868654967817,1.3300349274839822,-0.22864051582164757,1.4959276086203046,0.47047261926903533,-1.540078464688356,-1.5626393889687655,-1.318612319415345,0.8380364645933519
1,-2.155197936764452,1.0179796711208444,0.7885041575607328,-0.7087143934545811,0.5146304286617531,-0.02440770344406193,-1.256436702361465,-3.170592415493556,-2.1568266804660188,-1.9712077245728643
1,-0.915642022883377,-1.3969653160797793,-1.838145435187248,-0.030205040131472422,-0.9978053615083617,0.3533832804237827,0.7747088470570627,0.4105761784611083,-1.4042132349273329,1.1560254242402124
1,0.31540112360994865,1.0026555866525195,0.5305703229972026,-0.8357320595199115,0.5423946976650859,0.5978568962522403,0.9199221041414503,-1.3293507476742668,-1.6484057709527276,-0.30138852074290473
1,-2.74203859716695,2.004627928203889,-0.11110249761374826,0.6259706417382765,-0.7430527757048985,0.31815142697024895,0.8434163635180787,-1.364695284131411,-1.9418885163165187,0.2411090907923373
1,-1.2556777103866696,-0.4996701720894473,1.9663399324618347,3.417951554856082,-0.529819720885991,1.117552842159323,0.46187903318903295,0.9878648963180088,0.1717676037093345,1.2640926074159808
1,-1.1358090649511565,0.7583613542593662,0.36184525628514747,-2.0174365497699203,1.1493159757413502,-0.44184251331561103,0.967424427455406,0.5729416590414861,0.3407999029513506,0.6561966064637388
1,0.7231908877228278,1.9630560483247759,-0.4604061108619097,0.5874747343769936,0.17227696434676415,1.291242053254029,1.6689164554383351,-0.7128468260358208,-1.5746139189815893,-0.3112424837186387
1,0.9767516114473087,-1.384794618216139,-0.4845258703595675,0.11563655728826508,0.9901051334124946,0.12719796848524456,0.4209498439723013,1.347487695030402,2.053651071191677,0.9087204583378065
1,-0.3196087448371395,1.4651352631347894,0.0947607289914696,-2.2733270358979434,-0.15737566300930317,0.9861460941232227,0.08038218792939751,-2.789303697331572,-1.1663853025679822,1.8743009406677251
1,0.5718416928894818,-1.5969723313560586,0.061858680843930425,-2.213165133017949,-0.41814201829827824,-0.026158433201546247,-1.2763086598424986,-3.271700853552693,-2.5371736515304666,0.5521773684686409
1,0.9146407193507113,-1.576349395956897,0.08056789185869681,-0.6003758376342123,0.07062843239513694,-1.658173362990963,-2.401453705786112,-0.5755799951116346,0.35765117492533033,0.8538707017067926
1,-0.6606826367549848,1.76932524477251,-0.7481907054065305,-1.3082671083338382,-0.07898694862912847,1.0983467441244514,-0.9849108191596007,-0.21722699674873802,-1.876823035688143,0.469944560378307
1,-0.7878247874876039,0.5135770054946226,-0.3948478881295226,1.2058710460455888,0.4113926307970346,0.5999522951982785,-0.4361075326320152,1.107793528263941,-0.1937503124259788,1.3363851430867972
1,0.9955526096442876,2.304050022538423,0.550988298649341,0.5239568462270348,0.3863105986751706,-0.49953910198281926,1.2044140413128805,0.6201808085674073,1.8628229915666756,-0.9670280302991945
1,0.11004375576949628,-1.320904911797556,-1.7613362624469664,2.5404836273050204,-1.1437443786546562,2.585146536102595,0.04706672211259071,0.6324794591182192,-2.400382392025225,0.6310924271366708
1,-0.12701573661286375,-0.517155724092654,-1.2664970404024751,-0.8939502770183839,-0.3504340329813713,-0.9024061040678311,-2.9507162337322974,1.7841114569107097,0.4064262377002974,1.270051859360491
1,1.5105269420313416,1.0747691791155316,-1.9793372768741602,1.5986661456627336,0.6084631215383475,1.16939885849936,0.06829890881730391,-0.0624196303514539,-1.5587811993265142,0.3316388282146937
1,0.3899158690037636,0.7023537526975309,1.4080476966499298,0.9573671251120925,-1.279614821019915,-0.16301754066876256,0.7738404658808961,-0.5340526629899321,-0.6783333159207026,1.5351617206501849
1,-1.0412512230290532,0.6298474408165018,0.39790155287354084,-1.9762369270214406,-0.3696987686034041,-1.178619327465338,-0.028072217578425776,1.154568052635454,0.42645395588114665,-0.07135422721166099
1,1.2954000323912749,0.5016417000822705,-0.3431085173122142,0.5197023108758575,0.3842798252240025,1.447360956453358,2.3954568513981784,0.9340992068422311,0.38082905161637937,-0.308330474087703
1,-0.221644080293147,2.0811666023368214,-1.6404470156445732,0.5070664529643589,-0.16175460743015213,-0.34766894591419695,-0.36261417460565976,2.748737046739634,-0.4180525654510399,-0.07947097276193163
1,1.2982843806782878,0.06356813623532503,-1.2061967934877686,-1.6511902627263149,-0.554587545154418,-0.20813459856473354,0.09928381635673753,0.14567313401191698,-1.8182231449531427,-0.9606049374372242
1,0.9723639966987391,-1.1350916595954603,-0.703642984732577,-1.2203411122016334,0.09935154153030146,-1.4044746132324017,-0.7306741291092445,-1.439571491245625,-0.3435948468943376,-1.7041757488099005
1,0.1699353804151161,0.7697289068890102,-0.15924452314606036,-2.480709172543753,-1.1003037899373174,-0.667543523726664,-2.106864663029944,0.8779316239580898,0.6437436489080453,-1.7705597515261708
1,-0.36138942977963656,0.04500140240054123,-0.4507439227765324,1.8113946960034795,0.20749367588331175,-0.6928162449522256,-1.1631438715146458,-0.5627701870646227,-0.43128714557505776,-0.4306077525361313
1,1.5226875695399318,1.3905147352751945,-0.653805677117034,-0.6966165938803651,-0.8448872919494418,0.6121539398619785,0.3781736905132911,-1.0880173525046262,-2.0731726851362753,1.0016703792223378
1,-0.6620798351711887,-1.2426512524857696,-0.20942813796295032,0.7328777116361571,-1.293404343280412,-0.0490796977096003,1.5715087394721843,0.048310344806740554,0.06965095767841689,1.028029663845045
1,-1.830615436602951,-0.44219408212741923,0.5676781590053039,0.6821357822582039,-0.6052111115981155,-0.4780597421605748,-1.1465236930061844,1.0945677019181677,-0.20274801919687668,-0.009054729544397254
1,0.6084160853398611,-2.537250186326205,-1.772228452429326,-1.1109017108105756,0.2449387508691086,-0.47899059958217577,-0.573791765647243,-0.8222800546243497,1.6591839809847124,0.5459546945632157
1,-1.0045479485235602,0.507913165542437,-1.399101926593221,-0.7231565502055372,0.4758002887229623,-0.009620697383984883,-0.40710534449510144,2.037344737326893,0.3491704146050829,-0.7333463921008074
1,-1.7335039728328079,-0.04037472241868088,-0.13716999167678529,0.9295094255370532,-0.8765263661559906,1.1241675491656904,1.0248174652113007,0.9668303337260659,-0.32945493044752777,0.30615401405156206
1,0.3202733515581093,0.7098827533003578,-2.766444017730088,0.8565675405537668,0.5365160988006854,-1.3632851613832546,-0.1927830930084787,0.8710463398661036,0.49161760095182144,-0.782091115691305
1,-1.4926892788464001,2.0951524703366666,-2.5874897575842857,1.4062333875977213,-1.0790103238438962,-1.1897555906365271,-1.437564781604093,-0.18051621731896597,0.5876351523450559,0.5772057124348151
1,1.012553998090633,-0.40180265365635737,-0.9767857818066564,1.492836873373512,0.15616340158902664,1.028341271301906,-0.7361310550106382,-2.422431336185505,-1.7364963496866082,-0.2473136229494633
1,-0.7636052921674548,-0.20536309420928417,-0.1000965512224839,1.7792723611253993,0.558074301119552,1.7145988105871857,1.7542180656548727,-0.2386557172243687,-0.8629829153148606,-0.7988152929459884
1,0.08886797501867973,1.5424595692671705,-2.8265373407461136,-0.6394002381438548,-0.32380680044862903,2.0937225909599446,0.3446370509288767,1.5900976802640336,-1.1617866538135797,-0.848808945411553
1,1.148858705364999,-0.8948935178721249,-0.8115456252971734,-1.3574801230386064,-0.8930635209877418,-1.306102177103238,-2.265301519840991,-0.5683343354086607,2.4981193583289234,-0.5471069004195582
1,0.9874516753109036,-0.3897232206957688,-0.9356892067380835,0.23897851450286023,0.6123684831921532,1.0496196238538187,0.7950495161334533,3.2438247920196344,1.2076413542363682,-0.4646583858048469
1,0.535673352691348,1.287952243109664,-0.8993123594390877,-0.6967145377301821,-0.30569175688444766,-0.5674595468733032,1.0973191650370602,2.2569077917310545,1.543676028904529,-1.3212405819243767
1,0.5613347685970471,-2.215793857121624,0.36337935059733123,0.05839507662425608,-1.3082330431941813,0.4045864104348579,0.2792111435262514,-1.55753361892328,-2.0560675203109855,0.7300310422737699
1,-0.16971159748854456,-0.6813342917816314,-1.2570460400960093,-1.4341535273425146,-0.766835114923552,0.29854936722558045,0.917497906000742,-0.06136785136439073,1.6984833663623071,0.3442177061326834
1,0.7248333299245913,-1.646638099982173,0.6534316637255966,0.5532721383052323,-0.6762986646038159,-0.3462552881943855,-0.061890025138679264,0.9933963000816594,0.9922425258598293,-0.8238018651832432
1,0.3345500719846454,1.5953332989446491,-0.8058412878935172,-0.12525016665264704,-0.7304333437743278,0.1718640396077899,1.1811335880650524,0.8848796442983322,-1.0472174968051802,0.7450671301151398
1,0.41548821784684264,-2.1551058460564865,0.38198868167821715,0.061973913531789264,0.010970934372064728,-0.247614151449351,-0.503730116639141,-0.27086189107698455,-1.1261323922278215,0.5451346940267948
1,0.928659751624651,-1.6267337726746396,0.2221419491717348,-1.7105349937103849,-0.3746625370612014,-0.32622444298950304,0.3402492907848871,-0.1394867245463426,-0.06650686745921872,-0.9279270300401604
1,-0.005223486038217718,1.494882429387239,0.5696016643452706,-0.5671622235912219,0.30747815043220333,-0.5843376159033261,-3.206404802551689,-1.491330529726863,-2.0807546182440486,-0.8912535195354961
1,-0.8264363159513053,-0.7232307436805865,0.06029645972260924,2.6463579000930726,-0.44491035160068143,1.0804373116677475,-0.3688481143574173,0.7995945780916706,-0.8849054340735604,-0.12804666502015827
1,-1.0308330860782997,1.0190670548779512,-1.169691589315568,0.7424988576479044,0.3328927023478443,-0.8856838508794368,-3.2421325848576124,-0.15240294529757847,0.5085922244634796,-1.0869263182442284
1,-1.203396099174085,-1.4615792118356932,1.370229346878872,0.7052131667580301,-1.4990283908375412,1.9681026284150251,-0.5020931187426718,0.36017451989160465,-0.2567495148899978,-0.2119642903284664
1,-1.1322252579100234,-0.6739812794707587,0.016397118590412055,2.510551250487789,-0.9260630350557941,-0.1613165673036317,-0.03005631491336333,0.19489259999626982,0.10428871702879255,-0.052669248811863266
1,-0.8204575801834617,1.6663795656236988,1.1248210051011094,-0.645984612999741,-0.8218281275317887,2.0552750733634872,1.4690228776120768,0.02102796289138451,-0.2797705820773532,-1.2270428769466355
1,-0.439587685044022,0.18688673868627168,2.3955392293906304,-1.0173202655838285,0.3462134457824019,-1.6606976421602682,-1.439375965634437,-0.3105838812894426,1.2417550777194093,0.0933337991107737
1,0.33505712107611996,-3.104587533040021,-0.28016846873882173,-0.23932776560389504,-1.7965494688771046,-0.1854228732160741,-1.2870824013486204,-1.4191720617852484,-1.263316408334869,0.10006971666018746
1,-0.051836228985307674,-1.7469026909436638,0.4600626722422687,1.8319466115728906,-0.24849200644574476,1.1130486320396786,-1.3823938412585213,0.846118778280972,-0.07816843396278735,1.0113484984852823
1,-0.882815578807861,-1.757918661806413,1.153643690807152,0.8644958851989991,0.5677952134911587,0.14783148511141841,-0.8199598400815623,1.1917022097661296,0.3465649256927828,-0.4570923069515692
1,0.3438875322326696,-1.4967487566841544,0.828150921244374,2.2102716573277914,-0.39591783586211715,-0.46977497513044875,0.48153881517312824,-0.18808594309229265,-0.2605421704810891,0.3491580112690166
1,-0.2244238165110995,-0.47159308122015947,-0.40641199068304124,-1.0079141072430107,-0.4807075676463055,0.9755838081011496,0.7361320419581373,1.1729919049337054,0.9285380914033582,0.5826436714329297
1,-0.3868556849903584,-0.37645073372613014,-1.5567507499030346,-0.19895484324396479,1.0333175604058786,0.2505375839133594,-0.1003987414341839,1.178087706309259,0.048380871328598085,-0.5622258944582088
1,-0.5186058165107293,-2.329723005439736,1.5233859694559864,-0.08431959994749748,0.5062213872873786,-0.7999756399599479,-0.585989209815242,-2.38159320668521,0.017730329614352648,-0.4392819592069213
1,-0.3064203940754034,0.404481337687025,0.6512278827814841,-1.6245904561887743,0.005305207683049984,-0.7504564783771823,0.2792565151072932,0.14350694775283515,0.4738807190023418,-1.384555501233093
1,0.5919893108083844,-0.41973231933375016,-0.29051441857776183,1.5954955018891377,-0.20965076388379927,-0.017593023039540856,1.5863108576797393,-0.4769363977006918,1.2019260947641133,-1.8961641736809223
1,0.8451931499803026,-0.7030021108939088,0.5621788791841016,2.218190816962994,1.1138325459814324,1.6897718127356405,1.3899725097590607,-1.2887782439421365,-1.4198644052227076,-0.46279349120106306
1,-1.2884903812605462,1.3502152013940014,0.2736482003413145,-1.8271560641123499,-0.08186756169497567,2.48821676755468,0.2707835586462061,-0.5369782297885066,-0.7618483849569342,-0.7620570239969797
1,1.823620515347359,0.45802276418933263,-0.49951614607392536,-0.3260222717674009,-0.8644340943372002,0.5336876555469283,-1.3956050175472736,-0.20069291884486246,0.02678519532275689,-0.7976642809021345
1,0.8466041796052696,-1.8526399374048883,2.000482192764268,0.9898596839533168,-0.23503844095813597,1.2154009967074182,0.06585882418254176,-0.41971537170147605,0.8655396359678638,1.2953437227204785
1,-0.12520386708848175,0.7004719441251395,-0.203401119325571,-0.35527150768953136,-0.002223062129361242,-1.4460450793261743,-2.126792681069037,-1.4573852528146771,-0.513672936027602,0.5569965383628857
1,-0.5741619049990317,-0.43880809923904385,0.961742723818294,-0.1760750402390102,0.7926522297367389,0.7830795801765823,0.24578066852831845,-0.09604841513477531,1.078768006310504,1.770291126424138
1,-0.8648452158009187,-0.8326446570968643,-1.8782538539508704,-1.8106862233420185,-0.6569545441965016,1.7787232038758658,2.5062166824539993,-0.4695136163262678,-0.18106238634193278,-2.3230713773809426
1,0.11749256930180679,1.5703500269375006,-0.3749446130699011,0.680469032894737,0.1064896459740783,-0.9734592462600251,-2.576857441709701,0.7659430042086173,-0.5687398871419906,1.9018363007884724
1,0.9908762269329511,-1.8652644034579753,3.0586181665852012,0.20490817874873057,-0.22468225226775673,-2.588708606379737,0.5008777489443067,-1.2187555540598016,0.24648474289912192,1.286612471840984
1,-1.271558945322962,-0.12545258469683043,-1.357618939230096,-2.3315505112773214,-0.3226948744877685,0.7845072446391445,2.476480406313918,2.0446141006765814,-1.0182725478636874,-0.6798196847370721
1,-0.8032698739518904,0.9367398139982159,2.853754770558555,0.21761403457142023,0.08562050796193665,0.48231149263523,-1.4313536871682644,-1.8553372779869375,-1.7408374781162663,-0.7785692657665844
1,0.1993420283055795,0.8242908571934268,-0.9139780190170517,0.5198694847003406,0.5691530897026938,-0.793067699308059,0.7400163171361863,-0.5610156724178819,1.4620392335167327,0.3817919372819891
1,0.3513923080765775,-0.41864676614974805,-1.2160974657834756,0.0032389636074861405,0.10367055066364869,0.5605242886850184,-0.39622080142206567,-0.014800896511449845,-1.898120423183487,2.4341074678455064
1,0.49650642105956766,-1.3644441369144644,-1.1467414098872168,0.18150742285801819,-0.6568961769678727,0.8849628773748851,0.17557683460915222,0.06247110205944316,-1.7770454601346584,0.7983834778458985
1,1.0953337781613854,-0.10682935568262925,0.5841745464494054,1.645958678128435,0.7723711043643056,-0.7207286436954664,-0.7971871622486708,-0.17520871112619416,0.6570464190340481,0.4130100361671714
1,-1.1982723804666544,-0.8622373331557859,-2.7724025239085,-1.3151683825588958,-0.32388780431869424,-1.8031086049168499,-0.5960973388321555,-0.22103181235229155,0.43792143139801637,-1.0382614048942993
1,0.7257494454277418,-0.4089082732368467,-1.5640601978878277,-0.19008498212031114,0.25678673459727064,0.529457129928423,2.657383778639382,0.9682096006599579,0.1499278346051067,0.3290110021735252
1,-2.0401615062817253,0.6466209827536117,-1.302889413006805,-0.05433413351389658,-0.09786545018705894,-0.055373857233830065,1.15508052972654,0.32437089919203843,-0.49695801367007775,-1.538501050856045
1,-0.2504894126956452,0.6216126481000914,0.9071004954975206,-1.5909650648660354,-1.3896448380854018,0.3170173510482536,0.9230157948590547,-2.3934690864555455,1.0321459154673718,1.4697623775129365
1,-0.29582319876866936,-0.16292129243163128,0.10153814414527944,-0.8609124531409855,-0.698510735215679,0.8551522049135671,1.2373162443481531,0.25050618716225365,-0.3791921297215006,0.2874509645379139
1,-2.5562313000528336,-0.3915905637848561,-0.18756579727981182,0.4759695973117547,-0.9691973676904299,-0.024570475008820092,-0.2567878591730082,-0.8714989489091777,-0.7377073560392207,0.37068721262387483
1,0.7673564639321995,1.568422175345489,0.294043948841688,0.31786679492732933,-0.1495451601645249,-2.540152411379003,-1.9076384602714345,-1.232837546377578,0.5082610236106208,0.3098602942813601
1,-1.91975526879547,0.9547817408422907,1.7396642136134182,0.954756955664671,0.09650864755685251,-0.6411493843043952,1.0320176605089901,-1.0310602739983363,-1.230756941747049,0.2866056973766252
1,0.32345756462641234,-0.14338437708335072,-1.1298494007489974,0.8432152754695047,0.12600168300505046,-0.740833436758011,-0.8794457185306755,0.25849618077134423,-1.820629075786238,1.3284989531342093
1,0.1970632639629698,0.9410588258672116,0.2286792955080902,2.3198559813765813,-0.21230195838154076,-0.3762110298293002,-0.33077244767799263,2.822105691330881,0.5371761924414818,-1.0687561349729628
1,-0.6378396599712043,-0.8299508509932991,0.8765930932130551,-0.8293432883665309,0.0021535163854845274,-0.3219892007391429,0.3638273863142169,-0.03789310495629885,1.1912208997774452,-2.0744341746820707
1,1.090082066019904,0.14688612768542042,0.5248722781338663,-1.624696769390164,0.8944535255599748,-0.5033738974885986,0.380230050908629,-1.3212304267556658,0.9695252392894599,-1.2367256928068966
1,-0.33878303196417986,-0.7735736852400481,1.1425218577966407,-0.10869003279445272,0.37156917739611317,-0.3455468644176776,0.7423178624570511,-1.7568293485339161,1.208419195954795,0.6027999690351268
1,1.110571163991823,-0.31036918861016766,-0.42937250717535164,1.1655630226207385,-0.315249130554107,0.04919304718445748,-0.9921816015366423,-3.6830961099820674,-0.8527313262212184,2.4711650401300145
1,-1.2865733147937133,-0.6726253705211086,-1.5680550596440457,-1.2185135207499247,-0.16561421998771053,-1.0271706812204158,1.1545372389015334,1.3878691536662333,-0.0830543466643025,0.9467470890492639
1,-1.142978403058413,-0.10051683618631578,0.5422101002523383,-1.4416588622122888,0.561704486316228,-1.0592353258229696,-0.3056213617691573,0.43118611792998174,-0.5633930309698233,-0.6071754022032558
1,0.1402179638713266,1.896486105432058,-0.1055658771685356,1.243214691316374,-0.7687811206118427,-0.5285771082268678,0.8066185051337341,0.5328530097406183,0.16266693746645522,1.3800982551422087
1,-1.446154805901368,0.7102501182359972,1.2386345150795928,2.1173237520480983,-0.07254618570002913,0.14477411645438343,0.4145132402160593,-0.2378774099734672,-3.007663947226268,0.48561494177470194
1,0.8402422285633355,-0.7904257781936861,-2.1988073259270133,-2.416568919810048,0.5576403024152746,-0.2857237971180415,-0.03306763331216332,2.6452222959015206,2.147457623946125,-0.9369468161460759
1,-0.6274185340087265,1.1852391904581716,-2.650569085993932,0.5382064799832021,-0.24768723144717125,-0.7651666171537324,1.494375988635436,2.353918331762775,-0.23013245622638626,-0.5798966360065883
1,-0.49628810469802986,0.2129436916611162,-1.808748774112817,-0.9716719483989275,1.0393484595745504,-0.5707764121203975,0.16970154567906245,0.9851109992746386,1.1920404869306742,-0.5257033454525343
1,-0.8818077320674724,-1.1767220505898914,0.5257758987577049,1.836117571316464,0.7444349934991177,-1.7916004161307504,-1.1083067907418112,-0.37964941825881365,2.076243615156754,1.485780662984666
1,1.7530351734096508,-1.4797266156864275,-0.517315717545783,0.29405486086960064,-0.43645898547382767,-3.3883544981548104,-0.2680828352926762,0.2954858972675204,0.4241504835596066,0.7053166658971117
1,1.4017960451701497,0.029505903469715704,-3.040253291427999,-0.4923976777947506,-0.835519314881779,-0.8538282327954535,-1.6939728484193506,-0.2756201448614648,1.228252783548486,0.37064779947230414
1,-0.20197952937979635,0.689962769348927,2.573182389511817,-0.22839153022681305,0.88593688144637,-0.7887533836766056,0.15208469919088302,-2.542029056274571,-0.5086819643112366,0.8382440598858663
1,-1.9165882661062241,0.5857482090934273,-0.871344449525934,0.23962945302055347,0.7878733735229984,-1.7005818002401258,-1.408681772983937,0.22097467988671407,2.100965920911116,0.16041572603039767
1,0.01709996056901658,0.6946102360452322,-0.723089833965251,0.19416149623562293,0.5025391683701854,-1.788140384084882,-1.9328146548586154,0.09584808754892993,1.2766705177768973,0.14952063436633142
1,-0.2947720968017804,-0.4992313806553948,1.1829888687685206,0.25688701168305844,-0.8391193212339221,-0.8070933483404183,-0.2759270244190295,-2.1740470084396333,-1.5755312401458084,-0.4135796977046326
1,1.3517252291872597,-0.28542251377524974,0.8798931462225709,-0.32565935358735915,0.6742317789738158,0.2563349655866275,2.5424203888406693,-0.03491123828457548,-1.3924759488243146,-0.1112745931411529
1,-0.7449082157190646,0.1251046430821734,-0.222556824034128,1.450039600010042,0.18588985447052764,-0.26228284366544374,-0.6876210840961232,2.0716072002179433,2.1371107427146767,0.02407135735832757
1,-0.08817010762647848,2.1344086746970827,-1.8550418265350517,-0.9804113030329179,-0.4355367646755713,-1.779256733819969,0.3628433204900755,0.9784822984119227,1.4538314231915228,-0.03767864252806098
1,0.23037980343644107,0.24476677430621074,-2.1346790671489893,0.02998590282973181,0.034672247117349286,-1.135577608938344,0.3168514847621943,1.393111907226252,2.5518798939734517,-0.46061677552353514
1,0.2810107580911704,0.7532709918345661,1.6675941479661363,-0.4489767699144634,0.7722036672149477,0.10875385835132642,-1.5884345979980397,-0.14272832836397092,-0.4264976994799596,0.0005924258451206338
1,-1.4522841947310832,1.7944640490824277,1.6559258970182205,-1.161022117171716,-0.8804774593167071,-0.0025600786289426414,1.478868713488324,-0.9186876197852545,-0.004762141288613533,0.28131495199119666
1,-0.5507399670855146,0.9970538407342079,2.1824449511585353,-1.2643203684908826,1.4536386655660505,-0.32202732035992165,0.297752321115865,-0.8285646798367542,-1.7667100560660016,-0.6106949183817837
1,0.6151907219594006,-2.306169084348165,1.5374914748377224,-0.9317574554833807,0.22050865578176743,-0.2597641210410345,0.517556677158905,0.8842108899721866,1.595584082815942,0.2676138166772632
1,-2.586480033258922,1.5645778323011232,1.618725307865041,0.5154223591558048,0.5322025333294071,-0.6118400817112073,-0.7613367761781444,-1.1976946046419703,0.12824588766802084,-1.1181294869515788
1,-0.5591833117144959,-1.412786127098607,-1.4480751261721163,-0.1110705017949047,-0.28526653070472224,-0.5718609537355948,0.8111266595403728,0.2777387672934422,-0.4620382295162585,0.6297311572369069
1,-0.4341872993738236,-0.2540889461931002,0.8600196049495381,0.19902502257705393,-0.049646447819538364,1.2925022252868574,0.04785329183485871,-0.8338575671931179,-1.1653323111590357,-0.18455268102688333
1,0.1424732836932231,-1.052051876102262,1.2543829031427118,0.3013189090364453,0.7391718832879133,-0.9172912872949297,-0.7801582575675426,0.5927737799258331,0.11174691242438937,0.6327376746717823
1,0.5839629849792161,-0.24857789108931014,-2.442605840293545,-0.30616923532308116,-0.11241591652193825,-0.1517710360601396,1.5233301165937205,1.6052102402648611,1.3991741284989565,-1.5103313456711087
1,0.2727906702416766,-0.13767802013262873,-0.9994483137543804,-0.5223263065998045,-0.7759050221935476,-0.8606110454297113,-0.1947380948981053,0.35482043936161967,1.380205050171764,-0.1738187306841677
2,1.2711433161927488,0.2704787194561934,0.15310613778737203,-0.001606202837594939,0.7212220469020822,-2.3869934913834228,1.3905906909486625,1.0187625597180985,2.707578658013511,1.3937138504024786
2,0.8959842997515687,-0.35062505363372815,0.09605608551047136,0.8989092558949294,-0.8940427852634973,1.3058259667849819,0.22189012799299102,-0.01677735670753041,-1.0748426036047949,-0.7849932873279194
2,-0.42283794993382384,1.425749955943571,-0.647782417027926,-1.469609711729069,0.038238768270221934,-0.5855312684189975,0.3716061074466774,-1.1326723200307363,-0.5662663574971486,0.954062832284182
2,-0.7803466383699976,-2.8129608571268565,1.3762810823178322,0.6667069011130758,0.20796944501324927,0.7277926798856663,-0.8148612206986862,-0.9334433719013839,-0.3848803682243039,-0.6609891623416968
2,1.0544798314897927,-0.9715832270938243,-1.8357256865813947,0.4194970699589458,-2.6236447753753676,2.7203528254565494,0.22988214232808735,0.16113162385504654,0.6198556969317802,0.7400944066481353
2,0.3463443591658101,-1.865912157904072,0.31460794425019634,-2.4625445072724736,-1.1912173887142241,0.5437000260154802,0.5949839929371215,-0.5678018525273635,-0.23758438396942141,0.3040857699235699
2,1.4789991592695064,1.07656517400351,1.4788609282293252,-0.06372959226289662,-1.6811177488708682,1.012736359991782,-1.222419251622416,-0.15629854269079543,0.1719819872375132,0.1898363452648901
2,0.26734095054574086,0.47880455036264363,2.0734434062323985,0.08834899911031206,-1.274444028801133,2.3564238339264514,-1.3379251323685193,0.8797412684645829,1.2486496570475047,-1.3058763958928308
2,0.569225707078211,-1.0799838277198641,2.5728016220075665,-0.2303450207705761,-0.06326273670746185,1.8572989592760658,-2.1216330022994865,-0.48255426223526343,-2.225998624018263,0.12245931962515784
2,0.8752162615309946,-0.313145966810279,1.4822785961548939,-0.49072170420512445,1.18840006947613,-1.5795961884878573,0.788970355288993,-1.4087477199013265,0.729899056107693,1.4024290837971385
2,-0.9542273971561707,-0.0541199511548737,2.019419217799894,-3.286241388561902,-0.8626139880006694,1.4391705121916574,-0.6467547920712341,1.1359031309342456,-1.281824780431863,-0.43506863765945675
2,1.6313194387318513,0.6465883544768075,-0.23101708221013698,1.4391775943425507,-1.1922406852661975,0.8028253239010257,0.10975886717674072,0.5960570298610436,0.7732908294382442,-0.46359389115778254
2,-0.8304161813600546,0.3004734602372463,-1.5837441525677436,-0.833700945501816,-2.166805929596797,1.51183989069878,-0.9296668627527982,1.2733461699162665,-1.2472093161061184,-3.552300642155772
2,1.7884524980007106,-0.10716154068343359,-2.7785522870155255,-0.9099597589785332,-1.6713680429024391,1.062895106701562,0.3764610811548612,-1.0013200158594817,-0.680214328664542,0.16178161330696272
2,-2.2779360004080744,-0.2370111191318783,0.8454443689860576,0.8795211524325545,-1.6625746124877963,-1.1499892503115354,0.6924100908061642,-1.8676720340032107,-1.0954160407540974,0.7376017580581808
2,-0.37921626947571335,-0.07154618362337224,2.089141511626482,-1.39125430111427,1.6540509894974158,-0.5444564637574351,-0.1723758680464479,-1.5220188121250688,0.6324946543261986,-1.2544592053702162
2,-1.242140003915833,0.07518200458010382,-1.1562966049536032,-0.44436740074998143,-0.801176149405244,-3.277419061158895,1.6931955957508193,1.5963154257069134,1.8737160147387275,0.6610443973173222
2,-0.05392926415136067,1.9438923663307928,-0.13194679618145638,-1.0618992910935057,-0.37331170542614567,-1.5724670046125322,1.1218582238503445,0.9879829102250101,0.8669576531829993,-0.7062420726371169
2,-0.19003883683366465,0.5797202898188095,0.12302913957342079,1.2697253935258528,0.13774666585609913,-1.4353725217641145,0.8915302695435419,0.6640242317718693,-0.119158030054756,-0.06898390405025233
2,0.41791796302168005,-0.9143817128213243,2.4198885537857646,0.4759716454849157,1.12833858089628,1.3452206371741942,-2.5269683203013913,-1.3078389882169867,-0.8505064715083993,-0.010556703922588595
2,0.1112550991890887,0.47168103423518626,0.16145408271016967,-0.06812116663965824,1.254942417746739,1.7547599651506975,-1.8415742574609173,-1.0756729595609715,-1.209732106511626,-0.20986964347281134
2,0.6532120425505195,-0.03552576804403716,-1.5093594268502242,0.0232995660619843,1.0735319976008635,-0.9404984625080143,-0.35185450943560365,0.5140356328571415,-0.9363254668066366,0.01787335028941862
2,1.5259530561648873,0.1047052877337371,0.1788032294751213,-0.13351807848147002,-1.3081973896741845,1.7804756243346425,-1.2410028515968423,1.6515553536402938,0.8569915074077683,-0.6792465150360314
2,-1.0814043939862923,-0.9894068075436205,-0.2150755634386347,2.2868965145797566,-0.12587646934783592,1.253677980228221,1.0363522936342535,-0.3169938266187611,-0.19953106878083937,0.13343968613659757
2,-1.0081385468482083,0.2869740495086923,-0.15705108836626785,-0.332109470863886,1.4703476715168626,-1.0123792424138551,-1.3801225127930714,0.7153294549225794,0.8836322396820577,-1.7048902063887788
2,0.7621272649477454,-1.6282567678379427,0.039854666780004766,-1.2605117342529408,-1.9541595468537054,0.9182174797315343,0.6472664059136531,0.08098350535346202,1.5585769773150864,0.5394253626654615
2,0.20508192246139573,1.1284051279383471,2.946579756517979,-0.9614798823459346,0.5067520028303331,0.5180857318647362,-0.39943304311937394,-2.7242949258199802,-0.5671225512794542,-0.594957546118454
2,-0.7409896033351758,-0.9392670975065904,0.13994881065194825,0.9833724243123764,0.5812346839424193,-1.4928253150237918,1.0265796347405358,1.7936759395008337,0.47298636248792747,-1.7115275235842966
2,2.3276113112165153,0.9267651873335692,-1.1692425760975174,-0.5000388944350186,1.2602366516505161,-2.6419272768731523,0.9561694755498045,-1.1541251612782089,-0.6957589662570893,-1.202273642688573
2,-0.3284752840979965,1.096450852072141,-0.3820659387064189,-0.3852633047062881,-0.40789320197496826,-0.18522757033737208,0.7118945843231597,-0.8296286340436162,-0.6985840883014067,1.71005301333949
2,-0.004549313335154294,-3.1048947607220607,0.141576818436152,1.9987613350362652,-0.7441191469434378,-0.8266381900517347,0.3552264152521264,-0.2234374448602296,2.5023085089175856,0.863027894999988
2,-0.9661438731676733,-2.5110151602179527,2.1229277788629055,0.4742102833910587,-1.5115432920678051,-0.9820361133067284,1.0709337232351182,0.021454276795861857,-0.7393756614490314,2.5697540087249156
2,-0.16299150257554365,0.7741463770214257,-0.014354151586701176,0.292960924685908,0.4995319353829648,-0.09625409158227043,-0.49975940228257354,-1.1601277974074864,-0.2488280036378896,-0.22834600033425978
2,-1.8160309360832998,2.3381578757849852,1.2317642626013665,-0.8493951859520994,-0.04269746747645414,-0.21867870981565357,0.8008407761044383,1.4824416499043904,1.3596622425230427,0.3578182820735288
2,-0.37190059853974683,-0.386696982999766,0.5015549559192507,0.0799654609856228,-2.278897929958084,2.878303613543338,-0.5911158512221347,-2.072927569047886,-1.0640154480937254,0.6254437988129354
2,-1.9641651148473018,-0.1446345951522759,0.22544506918591847,-1.263308848617436,1.1860748987387497,-0.7749543395671259,-0.39550459845923747,0.7527220897647882,-1.182898543729044,-2.7855382109451967
2,0.8335710507369221,-0.6203705596172147,1.3787176285345546,1.068877835219362,0.11701873511609015,3.103831239588562,-2.178897650393569,-2.195805715999191,-3.146016102318643,0.08171011833238855
2,-1.5477088856848744,2.0817831314490625,0.3428540743435573,0.360452587849936,3.100862627932486,-4.318611725526584,2.0658313146857736,1.4439607877511036,2.6489834965360517,-0.9835033874551943
2,0.26032296008023065,1.2555456264623555,1.981819712132687,0.17424107903540523,-0.7873603967702397,-0.40576182958126744,1.0769395109188857,0.11372994947520093,-1.335278669865824,0.5114481529927517
2,0.35420281684492616,2.810218056696387,0.26751562997474837,-1.093866346695914,-0.6407514374047367,1.313610958359109,-0.9508455747918445,-1.2205332380381997,-1.3700324360114187,0.45410298009711647
2,-2.329517085773521,1.1668683130945692,-1.094819484921531,-0.22478995212269723,0.5802206148486695,0.2683971837005559,0.06343251225609686,0.44255509600602017,0.4532223766339808,-0.32399497882117406
2,-0.5657599113888786,-1.1665687558847493,-1.0097935699177745,-0.19988353571941378,-2.1698734979169703,1.714081271218618,-1.5696635519761553,0.5930862103247025,-1.7091622681425107,0.6275976240118532
2,0.6091815472946929,-0.5658681054441531,-2.4947901930525207,1.031085204036809,-1.1040790865117227,-0.3339633830666084,1.589157191082914,0.20337613227143775,-0.40385926259212995,1.2332766400430502
2,-0.4162694340129604,-1.750410146265468,-0.9611209827097562,-0.791531722036507,-0.6770833296260699,-0.9887610884109058,0.6129802205044583,0.3335723345014839,0.04378684787734585,0.014908840846331192
2,-0.18050762109099117,0.1473829758168001,-0.5100626565859444,-0.4806707615215493,-1.2303325994634853,-0.42154429882714495,0.5208490870501412,1.0329299063458808,0.43438377823343954,0.04399520446628767
2,-0.8844516327526519,0.040039001328676105,0.045813750976688286,0.25387072294674773,-0.1518004958820911,-1.7092492653755045,1.7284313642322469,-0.7343263345644832,2.2412230801821393,-0.640651185245941
2,-1.5998185067631043,0.2822115185677634,0.30908596270933597,2.051775222649105,2.6056531044184696,1.2486215840714407,-1.0581244754341845,-1.148070658560271,-1.3298900654316124,0.5191512437827852
2,0.7489554235282626,-0.8091290082484319,-0.5211679284995888,-0.5042227365925084,1.7306647399106048,-2.5695441043091427,0.6305971470163488,-0.08184685991108187,-0.10763527070243652,-0.36679275430717084
2,-0.27427873446815076,0.013292748764795251,-1.0954578094410174,0.4506780054644501,0.7069028774311074,1.116056132571482,-0.6047819385939808,-0.5952074550458889,-0.2845042299634889,2.0272979780179754
2,0.4750050852976933,-0.7087633683670402,-1.7012397830591786,-0.1659254627986554,-1.824803434113129,-0.18686619761653187,0.10555128158789667,-0.11753359533460547,0.8648331140723545,-0.6015179814015754
2,-2.66435944793022,-2.1842375028340197,-2.056552503700451,0.8498187182327852,-0.318677912734413,0.7986045196386232,-1.1859129671511155,-1.5908411550743533,-3.073885854649216,2.087709532313306
2,-1.0500899155502295,-0.11019560926482685,1.1375816838046817,2.393759718827488,0.9708001212567976,3.5177435324536965,-1.494771329155724,-2.8436290669500703,-3.6005891405827017,0.4489046612510793
2,1.8960022992468024,0.8545068438961758,0.8642475629952696,-1.9311451420903065,-0.7950913865277611,2.1749131735270986,-0.4582797550350619,2.1873186455735474,-0.34572538219885707,-0.28944672560819473
2,-0.046545711318579645,1.7091592217793166,2.730352303340702,0.012670151336196972,1.9261294258147323,-0.11267675204064453,0.1599805575933238,0.5655680963664075,2.2397793781111055,-0.4710993378388755
2,-0.16203288616668443,1.1568823974644364,-0.27062345688491285,-0.7638397695638449,-2.232140252715677,1.4496501632463668,-0.39744141630545493,-1.025033615197753,-2.322477470283629,-1.13418149324459
2,0.4372128913815272,0.6901496833580353,-1.3752826548792947,0.906235853461143,0.12659524825281077,4.1643278139592015,-1.1598125528979637,1.9041443866707666,-0.8494603125801538,0.2680168274116461
2,1.636360641335437,-0.2550775534067428,-0.7935523289184374,-0.6526423931477057,1.0530320340326056,0.4519062441686967,-0.06896333664437054,1.5976239945183521,-0.39060621699837644,-0.5076979458002701
2,0.6472537893675602,-0.5880336067843395,0.3519434655222847,-1.2442313167821522,-3.8410304092262364,1.5642837120155426,-0.5517228046906115,-0.9025156764999688,-0.027538330049826476,-0.6637856475463763
2,-0.5248184870753408,0.8511743704970426,-1.0087588389520326,1.6396417466967292,2.0607729117240527,-1.0161841102266738,-0.056286284799225386,-2.5211001499455805,-0.39691239576446014,0.11078484034755691
2,1.0064762324579308,-0.2814355000600959,0.10807438412061922,0.39116790997403644,2.412659001512029,1.2214867840882768,-1.2955541999385112,0.6592752371114255,-0.5710372085683212,-0.054669150392165466
2,-1.3113752581526927,-1.25785463044879,-1.9617369798701128,-1.3500181048765145,-0.6620972995829387,0.6522544823187333,-0.239353634077507,-2.1688875260530622,-2.5163642080569355,0.3220011018487568
2,-0.2118851123465275,-1.589587766758636,-0.5564094423598325,0.7621133598706614,1.946355407525411,-1.0135177883901794,-0.2618829001319628,0.7854756487539776,1.6282908902314492,-0.016729003875566414
2,-0.49571219693795526,-0.8201448079028358,1.2332390800681807,-0.6812314997070957,1.1237178234203316,-2.238781464487971,0.7194498272379162,0.8768200760852198,0.3224470762297324,0.5206621884450015
2,0.9935369695859589,1.023713397850045,0.5885689286859938,1.7938786118158994,-0.8740487647180882,-1.6038213570018474,0.21165008332083401,0.5968125258454897,0.5611139550644402,0.1464834004996844
2,1.6091226708510153,0.06654352405498047,-3.7119467140107028,-1.8994362718651803,-0.45761752791322585,-1.2510350329192241,2.0770992561171755,0.9246933977554398,0.018732545323446134,1.8079848785275205
2,-3.1476366370153315,1.5097326577010584,-0.7623234915926314,-2.0674049347636623,1.8626346083973966,0.8337204217872854,-1.3396514566217683,-0.29464619369854234,-0.9571371996424107,0.162764640471365
2,-0.29196800246491816,0.5524283659973488,0.26483017763967653,-0.9709761563944034,-0.21821129394781782,-0.10752014859794595,0.5792507070525831,-1.4907617101571802,-1.5788755502836291,0.402895713501901
2,0.7283719597167434,-0.5649724819675402,0.3911045192298992,-2.103577925268511,-1.8995447405703767,0.6029721211986765,0.9772348152105765,-0.47030435604098025,-0.39149331164490286,-1.9510663833655861
2,0.5958555923924936,-0.9092033643980335,0.008395177679573141,-0.796217193602712,0.49499453374432834,-0.9434480137114378,1.1683470345056244,0.05064316433577977,0.6489949315348725,-0.31216076683461763
2,1.395265765702846,-1.2963521445367803,0.551198679362807,-0.23436252773387042,-2.121531904473038,0.7135253536261572,0.9559749793988053,0.2499460998699981,0.11701391957419256,-3.602928852481256
2,-0.25169817450566695,-1.1904529043372403,0.5328017727021664,-1.2901775427530924,-0.6688640979634187,1.7449941751814593,-1.6581774830554845,0.3104091803123217,-0.9897284713376621,0.9982888877334427
2,0.5851935031970787,2.223805100440121,-1.385300318594881,0.1261367735369387,-1.4000384738948202,1.7632371776008962,-0.2537116177947502,-1.4385489953608221,-1.5213584587856936,0.4348868942222227
2,-0.374996025581349,0.40848093317611794,-0.179537915323016,-1.4911118551546743,-0.7836333810320378,-0.22059112286758292,-0.7679258870780308,-0.5133310952859308,1.8049021449108387,0.5976771375938541
2,0.6774634485030544,-0.3024365058192596,0.36239336611353273,-0.08134170094786926,-0.21187222429763686,0.2746213500612569,0.3098918325759995,1.0439630544755012,1.9137195479531408,-2.2248568240913236
2,1.1215997663620951,0.6774753454714063,1.0204145926215826,-1.3000481423356403,-1.0627061105940883,2.0959054223217497,-0.9876294535458888,1.3292746009137844,0.6481598283014921,-0.05985840515697099
2,-1.092246704931345,-0.4819326517937888,1.0592532090754585,1.647088132408265,-1.00283122641083,0.7673576248729435,0.23079449265271246,1.2644778532872465,-0.03956534251807499,0.19069362020720337
2,0.9917426017471714,0.8825068139904061,-1.900182881869362,-0.3192090447470788,-1.209059168285264,-0.9300809515730286,1.2601809353570466,0.9331106452932149,0.9104056431041123,-0.739186076386043
2,0.7031064743961982,2.8716890886531616,-2.062775502923143,-1.7341860801719111,0.04461039235164223,0.46209780035010406,0.013902172787876067,1.6209632267388636,-1.2563670199750019,-2.2006247764411144
2,1.1514952127452769,-1.0714127598279264,0.8338733634984333,-0.4645949733691202,1.0703689798989566,1.019949306507108,-1.0170715436697555,1.8811720159573417,-0.354131823970989,0.6153302702054878
2,-1.1625835062846483,-0.30891044526423944,0.29957558463216055,1.2942831509159807,1.3069618365545537,1.4188641651368559,-1.2087985998482143,-1.4746705469233767,-0.009789735493834766,0.591836403528442
2,1.0008564861752995,1.2789468076008563,0.4344400725474483,-2.17710945122945,-2.302500379840351,0.07321162598632047,-0.7888419674525522,0.06754820399472679,0.43433973783207547,-1.127133047946911
2,0.7325117667044728,0.06624525626344083,0.6600025929596297,0.4331197580555817,-2.2867996031908873,3.861434703635734,-2.3599451435825896,-1.1538999924518465,-2.386256908807694,-1.173342291662877
2,0.1138501687053731,1.3679828692446405,-0.3145303354485936,0.7659138289825296,2.234591951032111,0.22783608516036052,-0.9438978297424669,0.44744626049369907,0.77704763021625,0.45394345336185865
2,-0.28221729967953174,-0.824741281792617,2.960135805278067,2.328165300747077,0.7258446451414629,0.6050559274370836,-1.9408286914263029,-1.2118019096347588,-0.5985267667836135,0.44291771442976535
2,-0.9956564454967823,-0.026741585474699247,2.4333843854243176,0.18366292220744265,0.5250364758158134,2.560485594451336,-1.133013975048169,-1.2240292031133269,-0.7654494567045805,-0.30339033657764314
2,2.3925286293014087,1.0033170526375064,0.40859545769069466,-1.6173794966702277,0.08262884313319302,-2.0152309304924754,2.3050641211065166,-1.2492335681706197,1.521084135430043,-1.7522399438928442
2,-1.5159274480936396,2.3512501665193297,0.6839388379888187,-0.004090516205021499,-0.7417075152730377,1.2767844554278667,-2.586780363708228,0.8360358498438389,0.23968168094335432,0.8471535932297146
2,0.20203997801366536,0.9606767689621546,0.6051307372023005,-0.7988017252523053,0.759254545097274,3.0625748440624285,-2.5082960676399924,-0.19658345031335359,-1.4223538874722321,-0.5619403029590898
2,-0.35845369638681585,-0.8733997914918072,-2.7205876926553096,0.6169921742477003,1.3885362901945437,1.3422321849597152,-1.799087389104139,0.24253840971585908,0.31201472964500476,1.2547700429093558
2,-1.402232249838036,-0.7021244687595476,-0.18424585666151772,1.6122887195930484,-3.0716777896308587,1.9295096384440262,0.301583421116638,-1.5014898312835079,-1.2054684908265785,1.7765411886884712
2,-2.340593734007708,-1.2232672443541095,-0.43414167653895586,-1.1735992640993338,0.49377501465918516,0.8011954255219209,-1.3183190534338358,0.8976341916095985,0.45579222022776383,0.4491878194570305
2,-0.40421842861228025,2.213549687317607,3.823980984512004,-0.7140594909828233,0.5079876893973182,-0.4706979942498206,0.5396375299430233,-0.520931456005153,-0.8364505089125966,-2.0413272262395865
2,-0.5655169367665329,-0.9817918295634487,-0.8316395319701396,-0.7778738348814556,2.448043124458744,-1.2035369323791798,0.546259990956274,-0.02085937897007622,2.2491891425156476,-0.5122446222930442
2,-0.9087274005246826,3.2164157645739433,-1.3358233500502856,0.3534294444478351,1.1588950722906914,-2.0964666595549937,0.38253182338291414,1.015826217746234,2.070954850182605,-0.36067813215106453
2,-0.7687638517793901,-1.4365403651917386,-0.9257385889213621,0.8420669456410071,-0.12035947651289586,0.09287722954765583,0.03695669060365131,1.7746050807693863,2.4457393345014724,1.0985510309529303
2,-0.42277387226827506,-0.4592141939886345,-1.209188745989679,-1.4101072831248818,0.39413305517581043,0.5895906630260802,-0.9394016352947805,0.8204070144140415,-0.9676411791650883,-1.5856397385996832
2,0.9056178379932083,1.0898406653348494,-1.1485556531382217,2.502879583962752,1.3863219844741865,-0.5146083651724744,0.5368232075052548,-0.628329743758941,0.9058432995194736,0.3321013690332893
2,-1.3058663181237025,0.014546955682996918,0.3210120478337606,-2.3578651221893248,-1.4637735029547105,-0.9378867568011446,0.4157108206104061,-0.1914500528300162,-0.027857155124125857,0.9442006823981426
2,-0.1070506370335198,0.5239808636666141,0.23433614368995392,-0.897872719206559,0.3424334364860643,1.3363535878618131,-1.1910713778725808,-0.9041592906637994,-0.3583879054587547,-1.8881099071870213
2,0.2522276228267433,0.6938729894870193,2.2092096883053856,-1.3734934261417928,1.1143673679278656,-1.187781907778671,0.055326026146480745,-1.183149001377758,-1.26240506972602,1.0186717788574307
2,-0.9492664888031166,1.0065302993924021,-0.40792380898059094,0.7737627712597217,1.1665008027033235,-1.6779453063199254,0.6653800318533032,0.38738127139086975,0.9621297273995832,-0.8491774818216757
2,0.9269601172064759,0.7734902286268323,-1.7336158927996284,-0.3657939610389944,-0.2213373106861438,-0.5900225189434264,0.10680066219797546,-0.7017365932534235,-0.0466722056389442,-0.8833812589231733
2,-0.44384295717145883,1.6473284557808892,-1.4311535459745532,-3.2284902185034183,1.7151566106966625,0.6295349387655742,-1.2538055473629182,0.18971993060308825,0.5193815512651964,-0.6229222249148499
2,0.9239750978160554,0.46759571718355375,0.2816410460316845,-0.07967711165662686,-2.079634172189198,0.5925662672833812,-1.1032659557585385,0.6159732202566166,0.29418046593879976,-0.0988199754377582
2,-0.8106415439748463,0.8233944814238364,-0.5771902652541955,0.5889030413876655,-1.7146929193394498,-0.12406470640610931,0.23352268679445035,0.3636500602330881,1.083713732343004,0.28290845990276875
2,1.162979949866095,0.5217028133100572,2.9322730509941746,0.13914174224898682,1.2766525892245217,-0.31780679935572625,0.776778652501203,-2.1695206419562707,-1.4196771999766942,0.29562933288867665
2,-0.3635667566371373,0.7023965453635361,-3.1529181650237503,1.2362599292555008,0.6730279685614585,-0.5029265759505184,-0.4984842311059532,1.6604094222045713,0.4576267967779928,-1.1601808315119035
2,-0.45942727783137277,1.5601681703972514,-1.8850982611719085,-1.9460927486469197,-0.6869495440198676,0.6486834884393604,0.4075951507784339,1.0697475622105777,0.6979769455942675,0.20348416051931392
2,2.277559833451376,-0.5238111818061517,-1.0073013134637503,-0.6797560276432676,1.4903877008789723,2.7290078712326626,-0.9787578316212953,0.7787718260867904,-1.87421144014015,0.700735888912269
2,0.7342136798889781,1.3317266468430895,-0.6787152130536372,1.5434179243578754,0.30424176771869504,1.1634203523837034,-0.689283440772007,-1.439593790394749,-1.2351248334716403,-0.2703064962450474
2,-0.5597042086710899,0.9549594009261474,-1.840501593796158,0.6321704963462443,-1.1450102849104262,2.128036390240665,-0.1405789048029389,-1.76794712792565,-2.112589539705425,0.6597868748856628
2,-0.39557295529590053,-0.4792299057560696,1.823659891896684,0.7995479488880965,0.39929069997495653,0.7728547024545411,0.2160205163121461,-1.9303340234669497,-1.8648948184049485,0.26069563203468843
2,0.00033802436403718974,-1.4139782627678388,0.8072641710404171,1.5237602475858631,1.1350904740118801,1.4808204073528852,-1.6165493320896354,-0.12465257317674534,1.003658530189847,1.1282235067368303
2,-0.7260805522466827,-1.0854508549073039,-1.2292074513904008,1.134429067226357,0.7072255086168122,0.14147626254427687,0.4273932887493809,0.2206182364345497,0.6965454978570065,-0.6352313348605929
2,0.8903409418350923,-2.8886799740952918,-1.05093383010109,-1.1811617094484725,1.288369895367612,2.085929057007825,-2.440776572550667,0.30073857688125527,-0.5402129404218583,-0.031075179325444742
2,-1.5335855384737827,0.25782907716294284,-0.6654836896695331,-0.030529942165332707,0.22594310224267986,-0.14953785140801013,-0.9778261106582748,-0.7059543297889816,0.33942240044905314,-0.3208966161279771
2,0.709875524424832,-1.5613715976558202,-0.9892511874737905,-0.12420915722994572,-2.4318199528325763,0.866851902015066,-0.563065532034385,-0.6209007190393125,1.4783840899140164,1.3205438251631085
2,0.2501175872084911,-0.7935561642804386,-0.5126433642562431,1.3593206172415582,-1.2357066724438772,-0.7101466437456757,0.4407150933852749,-0.20008686277469775,0.2592809546372856,-0.508523163809811
2,0.14803828994480608,0.8013170272683603,0.8798147553143906,-1.0704180456918349,0.6292024955546893,-0.7714012476863513,0.42478533470909546,0.4839015553223452,0.5325290836753214,0.7707858501077028
2,-2.1555375455191013,0.5274854148419651,0.46777601371963345,1.9429987156622492,-1.8412886119884082,1.6646278305332955,-0.31083474749948703,-0.9811618777309505,0.676576173776231,-0.48823221757029994
2,0.7090791906403195,-1.6646875802980856,-0.9883903563550784,-1.7836568787040408,-1.2588772167100508,0.5967486905622519,-0.6322892705857115,1.6152819848946145,-1.1887467189641603,-3.8446783801762257
2,1.2459692949801981,0.0924237682777677,-1.2570202688807544,1.264082854048765,-0.12781427553249852,0.9284098742042242,1.1314212191757036,-0.2987796281557703,-0.6666829822565346,-1.4340543483600416
2,-0.096693393222478,-2.419474280204961,0.7946440415357782,0.2326946348186948,-0.29078354476222246,-2.2579130282120765,1.0823760193848209,0.9063136472005326,2.4139225568306824,-1.0515084054892943
2,0.6649908818380335,-0.4860260948262724,-0.7672948713991614,-2.950901042799657,1.1059898737392673,2.2935262976040325,-1.5039894469281805,0.9083372879166476,-1.18668202487732,-0.45872319011771345
2,-2.8070013354744496,1.0348712202795602,-0.572848915317578,1.4413948772644163,0.3759173767455043,-1.0517882116547732,0.47026767263590935,1.1601133505442152,2.4414518816630904,1.149913785706397
2,1.0621687020356572,0.7062150119429853,-1.292736321418319,0.25016698533081705,1.5583681122573658,-4.223842102798846,2.6228860743011433,0.16205111839636946,1.4960697142456347,-0.2395009707909397
2,0.15695868932701415,0.7658444837615872,0.2974672809880972,1.5970517615999313,0.08875373531916289,0.23381969927826654,0.7481721083836494,-0.2446682260146029,0.03862715420810417,1.1073946107285098
2,-0.5851808112059739,-3.046345544777173,0.6018424043344004,-0.7325721950495273,2.1020315317679983,0.6123540884396557,-2.1486315393203412,1.5206344059653276,0.04945670301479599,-1.1093342668679227
2,-1.3815307181137013,0.21501037576946935,1.3734021900500417,-0.18614499658882921,0.7201766443826596,1.7943316888938374,-1.4373462852182086,1.0604848135201284,0.4750647186439444,0.12021297107130433
2,0.02449575684938979,0.2856115108397873,-1.2701711425152828,-0.14325953569257605,-1.3230695203078195,0.2931315463551486,-0.19514990360975112,-0.9075054810192518,-1.9809551216058054,1.5395948917623716
2,-0.04856118277653453,-1.0375129081631937,-0.8571728928905121,-1.4317461908112488,0.3424850463037956,2.2376893119919514,-1.8589357164273421,0.9224315415368652,-0.09641928770708118,0.5765238122173358
2,-0.9738545081967837,-1.09743434447211,-1.203805912970918,1.13533570451021,1.4873380993578316,1.0004654000773516,-0.8607324952709736,1.5694438023442243,0.6119479930614143,0.5263573015382427
2,-2.21788190847593,-2.6621909835072,1.9507839241054508,1.3317877854927709,1.584346380123041,1.3853786124942022,-1.1060928351444141,-0.03589531368372976,0.5307044978434633,0.6615765251875654
2,0.2659778420182006,-0.9729376180299293,0.45486999758561586,0.9780674301930177,1.07661149556359,-0.17334089569954314,0.5648629729900765,2.253452168171936,0.06401961139065272,-0.030810053716615562
2,-0.6365460112493037,0.4419575775352322,1.0283497603698628,-0.8148843272702015,-2.591535575807296,4.5572911585258185,-1.8754275306123367,1.2590433255562807,-1.7071397593962852,0.4695519280983094
2,0.7618273398861621,1.5587361230218713,-0.6949636940534349,0.554890506667375,4.071664572163991,1.4350651391797844,-1.7767840970534468,-0.30335105003043245,-2.940725991950566,1.0860493916169196
2,1.534734031905676,-1.4581579096271602,1.2245345957243117,1.4616305592858452,-0.02837183787358618,0.7810037713996942,-0.8951005511560794,-0.3698345752142646,-0.4573770364787831,-0.8857484264682377
2,2.497117364368813,-1.3170430874671353,0.6925693821752106,1.1479481343615834,-1.273686429919846,2.3170916951486205,0.17363121220564093,-0.15198404715984992,0.6934083271224335,-0.3511932297882264
2,-0.43677655684735633,1.5599265166093144,2.374771720874249,0.43963238746027167,0.3511187946014859,-0.535714307166312,0.6810134392557269,-1.6249715522019303,-0.27507812288874456,1.435653552710183
2,-0.2504552255288072,0.23189657364964508,-2.5892994265392977,0.9874730628098644,-1.289122071499796,-2.3017612140334176,2.161777964940972,0.8519895695118361,0.2149944596935816,0.9756543940980693
2,-1.3769071717080053,-0.5506538792821162,1.0439878179513864,0.20426308523981718,1.239189056955166,0.4301799084325584,-1.3849570628951144,1.3834670740795427,1.4397575345046878,-0.312460181356703
2,-0.7723870876123414,0.5806089102049843,0.3071037113815399,-1.024230583830818,-1.0717865410982221,1.3105976345071755,-2.047427672666522,-0.2856609497063042,-1.6736509067517098,0.6223678092279811
2,0.7076172770096935,0.5197146767110459,0.435077627634394,-0.5906117345557322,0.2647809021992977,-2.0770287412721267,1.9893885540591025,-0.37397469262303296,0.7544276116292492,-0.07417517688570008
2,0.49868006072498017,0.7720546972702024,1.0667279732241668,0.3133693186222321,2.8346026015376995,0.5462277110277853,-0.6674497753296993,0.7801771801840123,1.1268512112912852,-0.6737221302699383
2,-0.34477526611278014,0.007905229853106424,0.5162129705767214,-0.5653308503475416,-0.3235092306414348,-0.523564733533946,0.2833970740052387,0.016894543352542327,-1.6400808012581578,-0.5504228712124486
2,2.435372354131482,-1.787966339565819,0.2960804232792907,-0.057409441549289536,-2.4071664757772635,-0.855752094533976,3.494127131307283,0.8944872323710575,0.4990810680643748,0.7654011778157187
2,1.6320913709323646,-0.3233842743358194,-1.8587669000217717,-0.5732541963917891,-2.3021749529839792,1.0354945445601003,-0.5871569608086957,-0.7988077730363552,-2.4959193407869487,-0.8165072490223095
2,1.237876487078148,-1.3897031849151598,0.38385385521053017,0.8292291990346399,-0.7571339849176331,-0.2919251537948169,1.2263717223967516,-0.8146746779990058,-0.1035695299002053,1.3801659103582626
2,0.40263376659310013,0.8178436559022362,-1.4988296234054332,0.26281794107584294,-0.5680002105684735,1.5748308129864854,0.024076300762976066,-1.2353488883422665,-1.3217794588104645,0.9059968932326045
2,-0.1666119221465109,2.6925595814579046,2.306669537179599,-0.668493009316773,2.4321110099170644,-0.35049051514584995,1.5123947484208118,-2.1568359815691625,-2.001299682716482,2.1793758909351815
2,-0.7713300246027706,0.08588475243488879,0.7614415191680087,-0.671964415215556,0.5803264026712158,-0.08608923775270999,-0.31157217606800286,2.5255165966771758,0.712521702593837,-0.6923326387435839
2,-0.7027338660555763,1.2613137431650112,-1.2152865995548952,-0.030649388768241494,0.5819870727600845,0.019104984333553773,0.006790977948574528,0.8434297126929143,-1.9375632811926708,-0.7965223205196795
2,0.9211724387507834,0.16378445867593766,1.786630463758675,-0.9182439962488238,0.821031397421618,0.27376150647322217,-0.41968651852775674,-0.6912061780112572,-1.6114276315937632,-0.388504483239244
2,0.1431497589657915,0.6190789212598742,0.07390317323912593,0.7189230859406216,1.0813001307264063,-1.8318123218651405,0.9329372561448042,2.084460113272288,0.16223670105211566,1.504835299821624
2,0.08855695763419275,0.7259121897692624,1.3099548209729797,0.4989163310516177,0.11792887248362934,0.9319209360956899,0.44435408937085946,-0.09012183754881303,-3.13651385058058,0.15905522642279094
2,0.36138302355683066,-0.06815486700725899,0.9072281732988059,-2.1978170675063184,-0.2641285889741773,0.8823188166179532,-1.2748375532238676,-1.389159672157968,-0.7881297968017135,-0.37450347569235143
2,-0.25902629453170084,-0.3251056282435815,-1.3064167769162238,-0.16198557704250474,-0.3969405920564052,-0.9647496566604957,-1.1499304951589444,0.4397415146637852,0.17958290379721026,1.7129727490503857
2,-0.5173303832215245,-0.2547345407176382,2.9770983204932775,0.22430100893588678,-0.8150999804792949,-1.4717336891455675,0.87247041178647,-0.8832701257046093,-0.705014619941574,-0.11463478430711599
2,-0.42181606425010437,1.2216264822755103,0.7621716570811402,-1.8364723064577182,0.32073288575219966,-1.048316560535339,0.18566645741552104,0.4720083336538321,1.5024658943895814,0.0011351330065562425
2,-0.5877309972916166,-1.639949524070115,-1.1934003507937596,-2.208754180840251,0.3351867553827143,0.48300213921330326,-0.7664772103100467,1.2984981983382864,0.9620983441500524,-1.2194681472824653
2,-0.5713938684925713,-1.839779897053269,-0.9548618651690302,0.6357489769294,-0.37575365559041096,1.0745194221868026,-0.6600883876594307,0.3990785980287271,0.1637227312518698,2.0955297287847734
2,1.0598309798078902,1.1730149479112428,-1.0400688937054,0.406343450566067,-0.9071283090371101,0.7709662015074948,-0.9924319492226039,0.5534519972313912,-1.2861783663679065,-0.5389322133174775
2,0.7461900263819112,-1.0427301793133499,1.080329696275453,0.5616790320610913,0.23392455168118564,-0.5004287075750866,1.1560366623115435,-1.234139250589737,-0.576234767786993,-0.14557368372796364
2,1.2919684518807815,1.0653991782634005,-3.2542412983564444,-1.2461887094597868,1.6707135442033472,-0.06759647945629815,0.2301447798480845,0.6592531178471378,-0.6660360925879669,-1.6603299242738365
2,-1.953873286641023,-2.805074992798875,-0.721908927335426,1.5390343251989385,-0.3991151319113678,-0.2878102620755786,-0.7309254026721012,1.9335788781905379,0.567359281160367,0.308192441356392
2,-0.38871591034226327,-1.1707717538467413,-2.000959968089081,0.9576038886403242,-0.06154309013087836,-1.5869658400056181,-0.12092262273912524,2.880064791271506,3.976922863190301,-0.05090124848688699
2,-0.255049639868294,0.7147252277569612,-0.281712112833449,-2.7555737310125274,1.6043690355500908,-0.5728096410164585,0.6654793553464939,0.960708776596748,2.4862609808388028,-1.4928570485308912
2,-0.5337831573009792,-0.9520504399598134,1.6967632802837214,0.3136034952672504,1.595870012510443,0.10952451111853757,-0.07331518988679009,-0.37355907941247884,-0.5034937899460152,0.1957594469965401
2,-1.1746393716609844,0.38311215272437366,0.5706390500644793,-0.6962331838769609,-0.9817086568146258,2.4113392252538084,-0.23294750784902662,0.6808028835296842,-1.3957117108454273,0.26648094982786036
2,1.3259077514120188,-0.6235749602233784,0.15359891409553203,-0.12948388501297073,-1.2704409674909065,-0.050638768168381615,0.4765293270075278,-1.0573281383749287,-0.5506906378024427,-1.4771965987264795
2,-0.22249101656853873,-1.5184673623051599,-2.12104796027202,0.17936100972724228,-0.026307732754766847,-0.8331869171412857,0.6279821102399925,1.8585280028931361,-0.15628101787458165,-1.456495089766097
2,-0.23464650000970766,-0.6593068904570857,-0.6523694143077376,-0.26644357313594047,-1.5225389975520596,2.7752875510760857,-2.0246533832509392,-2.039235958130084,-1.967809227410237,1.011394744504213
2,0.33344281830472644,-0.16044531936281917,1.9711661436665397,0.07083276630995278,3.566912264678603,-2.367489782240656,2.116264629712229,-1.4380802241929853,-1.085579472597631,1.8114708684786465
2,2.368192915157318,-1.4263619444725482,1.1414150204952707,2.3774143323968393,-2.7542427948365917,2.0011902029904602,-1.0113251088893982,-1.651720926000969,-2.341911891785329,0.38521415262422004
2,0.24760854900943585,-0.8751864177328657,-0.4027352990510759,0.6694187649759072,0.7458108787971576,-0.044905119511051195,0.8171072538186936,-0.38578813755867697,-1.1924978994499118,0.22535745804490337
2,0.8385671033367078,-2.633115752383918,1.4933270777950634,-1.0231211075315616,1.1781407728870774,-2.687587191214732,2.001769795581069,-1.7584644962653042,1.1728125665942044,0.7204147085948021
2,0.03965712168873917,1.997527971107933,2.927578718685795,0.5423665185667474,-2.1685252797784345,2.400114682911552,-1.2211956801157438,-2.184321183222307,-1.952620121366167,1.362330537466172
2,-2.112171295277363,1.1823467248136028,2.676506874273853,-0.605099265958095,-0.6488927276891139,1.2182976910659455,-0.2048516963628304,-1.832301117608596,-1.050503938849676,1.309718194110149
2,-0.9494018968104538,0.42466179240737173,2.17304027822955,-1.3149030523224843,1.9561206477329145,-0.28875983232716185,-0.07366955571608425,-2.152115783535225,-0.3667304877939769,-0.5530766989011676
2,1.1982711058159574,-0.979114838105294,0.7371255688659193,0.7390796039069926,-0.02038107628968372,2.6067823655975744,-1.097659226970935,-0.3888521411790661,-0.45808167450043186,0.22228711914338042
2,1.105062234092578,0.3135251223261154,-0.9133821261548757,-1.258501623531521,-3.140281792583685,1.4469791213295817,0.47657660947850183,-1.1784353442480837,-2.7406763980421527,1.24453840650339
2,1.5911730927958954,0.5778698172791785,1.2332509264228915,-0.4849008507971394,1.6537846001111889,0.37495567316556433,-0.648573820071406,-0.6302241526550822,-0.6704700855648721,-0.30550758033903097
2,0.6081717183410993,0.5528081815592124,-0.883292312945627,0.19678646288663454,-0.3523571408395137,-2.24852552994114,1.4239526417620145,0.049004540749696034,1.8571355698817027,0.17391158132275783
2,2.147953193013545,0.39047079363004944,-0.7069785453108863,0.1483308965782524,-1.0126701522264487,3.125649688354742,-1.905818550088796,-1.510065354945089,-1.759121700395307,1.109753353494525
2,-0.6265196589399469,0.071934909317051,-1.6236917407130917,0.9221842864404093,-0.40037034499356317,0.06602450467259462,-0.22257110545905795,-1.3915569072797753,0.7099256976525401,0.7518189564012272
2,-1.0870313214587444,-0.4731967064275013,-0.44669718065273156,-0.5427710269430216,-1.789896067800116,1.0591346175464529,0.015615752692462997,2.1455474412173112,-0.37288028278067936,-0.5361335668584868
2,-1.9071963801590344,1.1268603844931004,-3.687039077251854,1.2754841855423011,1.6387411239808323,-1.9873613092282452,2.3027259526404684,0.7319257984603372,1.4596279423039014,0.47638625567316345
2,1.2403941323331147,0.5766952268775342,-1.9999913554154298,0.35022060872962574,0.5734959195703866,-1.2575671017485768,0.7026414075360328,1.4493378385783269,1.0411126546561602,0.6372918826155819
2,0.2445151365117377,-0.05732506202656166,0.992897054041525,-0.9852478606083582,-0.29834355833441856,-2.4243806870525106,1.126970727673323,-0.08247700839099407,2.6596735177071875,0.04624860157544688
2,-0.8988865024514319,0.09418092315692464,0.8138517014841796,-1.6669436051686413,0.6213516937246542,0.5069912274250503,-0.6818661419357305,0.9427350075236051,2.3610878264792348,-1.16332591606439
2,0.29676611400008335,0.04777828777388089,0.47996983774393925,-0.32860783577706704,-2.5450185914740597,0.7826249760719888,-0.6390019506064014,-0.23181154124977618,-1.4251936307364321,-0.30390391375321185
2,0.1016329987654292,1.4791983393110297,1.5375696115771147,-0.7173729904219827,0.17630945558957692,-0.6277485945389009,-0.4611694615668218,-0.8694815719075077,0.7486485798135265,0.24857836815000356
2,-0.841860922985862,-0.9457164086583697,-1.2469684806907668,-0.7614172137745492,-0.9364045672455924,-1.8180878028551588,1.3203944694369745,0.33898277564724494,1.2423384227059637,-1.0583318604872283
2,0.08807690392063318,-0.06703072508010866,1.2690858374191756,-1.0833577038467517,0.8378434439008646,-2.441438326452481,0.4451626614494002,-0.5982904740298324,1.6394864367206912,0.2026356119928168
2,0.6930796671494647,0.009084357600678095,-0.14615301870670241,-1.2062861107471714,-0.45448170276217026,1.980301202187405,-0.38539052339020496,-0.7335048068360348,-1.3940121510668497,0.732054411539581
2,-1.4006843476272142,0.08811674022097173,-0.5702830237453209,1.212163382860694,2.025749486193322,-0.7076374859193671,-1.0495192287979644,-0.2889193122125104,-1.2108897554569555,0.9329434510084051
2,-0.3504498239914654,2.345516861312138,-0.7203222837597659,0.3304956241013467,-2.0928647672375713,-0.9257742344739149,0.6525084812355961,0.4458018781802337,0.7117040139916884,0.3085991463422875
2,-0.6963237957282281,0.4203249173225436,-1.812449847395744,-1.1398895280647996,1.0137208258953903,1.732838644252433,-1.808774148787241,-0.1996398175239109,-0.6637850214859368,0.1647614519873301
2,-0.20087064792953466,0.32071252759114927,1.0447128810610888,-0.3101372811436233,1.0768281281574836,-0.1813231724618346,-1.595898931043369,0.24350850005733912,-1.3808943928516295,-0.33615821317857186
2,1.1853513002250913,0.10215783750579709,1.0254609276375,0.30437696109160084,0.9913372245711557,0.7297684937544646,-0.29089648003629826,1.0015235802043052,0.5078252256241612,1.0122812678010102
2,0.38113252499192296,-2.2395379038507466,-0.4500579293101887,0.6642603511851859,2.386459752636092,1.6554149243894718,-1.6402840159167686,1.2283758178553013,2.5612974897915395,-1.3757909663225782
2,0.6152931441368034,0.4439564737927263,-0.13659528095281595,0.6019888523748399,0.11772855644071241,0.4474563341582409,-0.31255233631915824,-1.5482475367269928,-1.50785944072449,0.6475723838565398
2,-0.9110988652007225,-1.4315750484405898,0.8006032612684167,-1.000365982697357,-0.8167123969035542,1.912293002766209,-2.2317314040324163,-1.0625796576228175,-1.7543706464233697,0.6413467497993999
2,0.29048010428319615,0.7502348452116611,-0.9831762648543055,0.23649877395137056,-3.091690682044723,0.05145567146667829,1.810705028572071,-0.3975047818793292,0.7659129367485049,0.18256824097022908
2,1.0428585833559658,-0.7955974614232819,1.6744715177624152,0.9557290425379862,4.630265180208694,-4.475633099886934,1.6861045276555597,-2.824752170043089,-0.3420963563030148,0.6684341349552555
2,-0.22988710717379,-1.1915036939663437,-2.814421888058685,0.830032580510932,0.1526556349304287,-0.45290449022155804,0.21521854347129615,0.18513154317203695,0.2798718182323621,0.12279344962565783
2,0.7267147308083661,0.4516037600810835,-0.5518762327216123,-0.3539470716618737,0.8267308132839217,-0.1470420218913696,-2.059564340788045,2.051165682930322,1.1796372101189108,-0.60778144035081
2,0.21151909268272373,-1.6638131740111148,-1.3467895823200415,-0.9419759256028108,0.8168955107627556,-1.0028765197620755,-0.04902960118507882,2.535841075424105,0.744421855521559,0.4299588718206219
2,-0.6671058832936244,-2.246919085382679,0.4213785491451823,-0.2914141307455333,0.544437251449405,-0.6328170167326616,1.3175622681290218,-0.9903567314740854,0.4057761160116008,0.5193010337615618
2,-0.5760739534616189,-0.8941515498864917,1.9083953603397845,-0.09121873802633554,-0.10446947695313663,1.7517397246648247,-0.5906406387657144,-2.10864419174581,-3.043855818074686,0.19612933037001437
2,2.5863784009812694,-1.2234585818560242,2.5231084567776634,-1.2491574214232108,3.2421619782763518,-0.5782177418349373,-0.9985900720301679,-1.0124478749940409,0.4438679784389706,0.1316796554226463
2,-0.53843010575656,1.8059199819414606,-1.1036504571693981,-0.7581173289990732,1.3648689091437318,-2.832783442418981,0.23883112672087392,1.1583270751850785,2.324621807168692,-0.3877556985225279
2,-0.014491309680495446,-0.8310531496665354,0.1589929604432097,0.25928419616214604,-1.06298712991851,0.8389937426678062,0.2630238255861325,1.0665850788058726,0.32294621647056926,-0.679301208114415
2,-0.06986014906616896,-0.10855815938654503,-1.6041580297100186,-1.814223163550299,1.9091727183402365,-1.264030485555188,0.9844593408106009,0.9106195256617966,-0.15608540319016218,1.871858598108544
2,-0.8709931811727377,-0.567633893958557,1.4180982688418202,-0.7091843798417505,0.09390436985964837,-2.709152206753883,0.7017265894180157,0.3467181439332792,1.8653951748613509,-0.30764698211022506
2,-0.4826998767739152,-0.9391931728743025,-0.22645882908785298,1.4796990421451717,2.80832252188332,2.0670572832132144,-2.3405453082543306,0.09545868451674834,-1.3625680184888767,-0.5821106124914038
2,-0.22206519348725906,1.8874923550950835,0.34951651111319826,-1.5110943635140166,-2.1036172989051103,1.3265306584619991,-0.5445668505204743,-1.6479710959748297,0.1896434179663567,0.5647170491267535
2,-0.7060475535642772,-0.889284572247442,-0.567681989131169,1.495408868861742,0.050698845386623476,-0.392994489767004,-0.3751316990470186,1.3054170224337691,0.6751616779972345,0.5932333879171484
2,-0.6792974734172353,-1.8233883838819644,0.5189028085011226,-0.6478705817082506,-0.37064097305513205,-1.9509059987783846,2.154634133327351,0.7781783148012323,0.08665215475990923,0.5529189882323604
2,2.180948197748635,-2.13837781086144,0.4169959926635957,-2.1273082573209035,1.468370893977193,0.26990631389789393,0.03161725776589952,0.648413203701568,2.276632783563461,-1.3712518515477337
2,1.0797218088477705,0.4364481587769784,1.7271402821538362,-0.34401112558591795,0.4902200955947915,0.819498568482448,1.112876575823545,-4.177954657558747,-1.1537213323136075,1.4178752942505277
2,0.5172566860252245,-1.1289951304564976,0.20316842397748897,0.19073834964301487,2.4715660415944227,-2.5071215925520915,2.1143855663102915,1.9146835999712855,0.7773489777544887,-1.565303753925778
2,0.38629497729028756,0.28490616521329476,1.4414927137372657,0.18494500966948835,-0.6209548972261001,0.3859675315633566,0.021750837490517365,-0.8802611227437598,-0.9563045860526859,0.08379146727250754
2,1.4576555719190984,-0.08447055672132768,-0.5052047605322746,-1.0684789933433496,0.9755429233194508,0.46222036709431735,0.7127405114304208,3.0089164355324303,2.9696319080335116,-1.9102788553742354
2,-1.0152537846966079,-0.3805217595736489,1.7170594254115616,-1.8170223997123618,0.731700480169686,0.7345966461043516,-1.4757450737438642,-2.540409201765567,-2.236067298534947,0.41355725968307083
2,-0.595324857044618,-0.961717358920009,0.18692752729593726,0.5577614478469463,-0.40241175946706653,-0.5091897894232813,-0.4036590723670714,1.5701818863865344,0.6215181957315674,-0.6528021044766863
2,0.8271171563083914,-0.5271198868405214,-1.2566408067285364,0.9975702505525527,3.0797690284705808,0.8124523355310691,-1.957618654923395,-0.7293501579863928,-0.6701929295735833,-0.4452676299754767
2,-0.11844794078518163,0.9922730978410853,0.2934630219827238,-0.34595517824833366,0.31748627945097474,0.6752251100132682,-0.9312482091306562,2.744206217053303,0.7391588942573558,-0.7131826448072502
2,-0.8825902250711345,-0.4143828815815708,-0.8913226202176716,2.110486166787841,1.9557737482002449,0.5394704154534063,-0.05820780418991406,-0.6751436058293457,-1.6633465564514733,1.4205932208792875
2,-0.40851258762586534,1.6701395661839185,-0.913190775898158,-0.95611902215839,-2.15646044650426,0.40945504717781556,0.15353465063925256,0.3855677931404147,1.7768200346322833,-0.4254228407820738
2,-1.650840390114024,-0.3596597199099431,1.3711347065064798,0.21093528963944638,-1.1865321199313332,0.9723106733880928,-0.9573745609206226,0.6624590471494807,-0.5680373250503249,0.8146944523200396
2,0.7355091342498024,-0.6875681840510143,-0.6845684401835808,-0.39320488979035495,0.913157574873644,2.491828620042616,-1.1137559407215365,0.5018172565313763,0.20705571844982218,-0.013287641808136963
2,1.0977651197216347,-0.8426636265550022,1.3354531096741795,-0.9757910343264238,-1.9895495632939981,-0.7590765568799782,2.048960801685029,1.1755006588661963,1.6818139033341961,-1.5208896213015666
2,1.459648843635968,0.06865278264924349,-0.0538666592791389,-0.9971015404155626,-0.07552300276213532,-0.9721190082781415,0.3772923809401678,1.2808841547102703,1.9529436385703731,0.12526150536168557
2,0.39922963175741955,2.584468353487026,-1.3278227808615506,-0.24907015452542464,-2.6386356410698344,-2.702901899416259,1.102910014781365,-0.40246191204896453,1.620774411057671,0.15633264557319865
2,0.7600347058345677,0.5787064025585648,-0.37830709101211296,-0.10132414695366407,1.497782616168041,-1.0058706994197613,1.3474435225198458,-0.8969986584439361,-0.07011012033565235,0.2271729140064903
2,-1.227102029070901,0.35817968706392345,-1.4993760015920257,-1.9189564281176243,0.043427351850164345,4.845316930603715,-3.4802277755413598,0.2973432411719698,-2.9105524122852495,-1.491687150520567
2,0.7168275919936196,0.7536943486278106,-0.27762899784468087,1.7634518058377253,0.8521809579744426,-1.5960874461050256,0.030323008045285538,0.9140921845803004,0.6263632008731257,-0.7942431537425285
2,-1.2677432442000076,1.4134048189675223,-2.0006104324602556,-0.17236310567851873,-0.06337392013350884,1.2880068341507134,0.6038124983332956,-0.5605387277891243,-0.4532113080807524,-1.3478928421550422
2,0.6608766229006088,-0.24123325873980936,2.025841237331497,-0.9730099581045994,1.5479546437058789,-2.170039510454372,1.1851683826270132,-0.2967450227499284,0.5936232361476504,-0.6920710802777563
2,1.6800833498604484,-0.26112859709732306,0.3881400622376403,0.35348752960207036,-1.2416630034447727,1.533052178497634,-0.8040380666008659,0.9002750510860258,-1.6683798586817644,-0.4432143933268839
2,-0.20661844035827767,-1.594709761591798,-1.2072865639673191,-0.5617565549255363,2.2605039710167874,0.6667217571761304,0.357044442054422,0.24245284931120742,0.06595057501250216,-0.6140698361834142
2,-0.8431831732989928,0.2218604457725973,0.07680379018718983,0.7568509899227033,-0.18288305348774198,-1.3083539067361425,0.803750610661097,-0.16102356852054636,0.33610393437736213,-0.7779126467854821
2,0.7561368117588809,-1.0559943086800063,-0.8072147243598418,0.052058514001891855,1.7550892609821889,-1.3075310066689378,1.17002602962348,2.645156632164671,1.4457085891377837,1.0788861553819058
2,-1.0087070347273972,0.12505296053736337,-0.5518936303441208,-0.8315681646004123,3.310893197753026,0.24138758939393418,-1.409106742349759,1.385244336254892,-1.3835409815918085,-1.93128077482146
2,0.17930542332036226,0.6044161073217597,1.7592502879627565,-1.6930921095097917,-1.0101203740407143,-0.5056087719819614,0.2890789443309794,-0.9820723169072111,1.309955653161158,-0.17466294514535113
2,-1.210662404755235,3.86289024671091,0.052602899110392905,0.2762756846110165,0.5955124822307918,1.9915038996534515,-1.4157827192587815,0.31377169455014864,1.8307435857040706,0.6472512258658842
2,0.4469549252991693,-0.6273498777032556,-0.7824535718066792,1.4972590034407889,0.40092974659250213,0.3039537124972447,0.22404750584395663,-1.528163177459103,-0.23833844339283528,-0.8786874418705348
2,1.5793993021112986,-0.277166157921282,-1.4362910488882639,0.36192671017282096,2.9290899666958023,-1.4319407287238985,0.6469008559948496,1.3039683220905596,0.8852430694318068,0.4127239543478384
2,0.5252762063659414,-0.6638182084152155,-0.33510320625920675,0.12142779415439803,-1.067188784728208,-1.4453076128812508,0.7672829701294459,-1.4007288979910928,1.5210288220811923,-0.8760289208240042
