,0,1,2,3,4
1,-3.971903118514308,-6.688639766491518,14.856356545666252,-0.6644100331514025,-4.3004648431639305
1,9.839289782807246,10.168206607654467,-8.112389749087288,0.9963150261539409,5.3787287278943126
1,5.713399383062121,-1.0881208389163994,16.13081411640692,-0.8805176828652251,-1.6753681181057871
1,-9.326413910560085,-17.810575850177138,37.691948782041514,-3.4799614918218347,-11.983556596108306
1,-1.8685899080657353,3.537836831233096,-17.58670564717163,0.9301322663365525,3.126977406304539
1,8.775519554304749,5.1612962360597665,5.232197222914675,0.16760935172597904,1.8324163273422407
1,-3.282394262177204,-5.9122456059130695,8.089576469076976,-1.4575428255601504,-2.9817382745923675
1,5.305483713648674,-0.29425717153609915,14.552889377972516,-1.4084840136387045,-2.0728917365542037
1,2.976469348143232,5.01151114476346,-9.734767452633557,1.306163939495951,3.969053791625976
1,-0.35634102799204537,-1.8721309838262934,8.255076635835708,-0.49712734219465954,-1.435715691607472
1,1.907631459777692,5.082923661586612,-13.199634893482571,0.9382607731528979,3.578181569836565
1,-1.9220515649827663,-2.6042694618520126,5.0873855473979415,0.25251250168219397,-1.55806242844756
1,2.2773115790951186,-2.1972619196867096,13.262695056314147,-0.9026912757304076,-2.143087288886172
1,-1.7614725317067954,-1.1738381274224585,-1.6552547956066082,-0.1817016914629679,-0.7635706615622354
1,0.07343952698601025,-0.32775344169387266,1.5875547606712193,0.10375163051437404,-0.6313724583254213
1,1.718162666130254,-5.208708022046638,22.33033144198089,-2.372883070185599,-5.294248173003384
1,-3.5688665688696584,-2.2323667180023534,-1.5177981678899466,-0.46191796082685016,-1.1955658291785891
1,-2.8284459523998797,-1.1579726804631274,-4.311106418538768,0.24209960486862922,-0.14484974639174494
1,6.996550084657836,-0.3578803229127171,20.196573045721298,-1.2783594481830316,-2.571392584345927
1,-3.603905969695859,-6.743609813544784,13.50034467518616,-1.3876883591043951,-4.774719285802124
1,-0.11401701729242718,-7.2447237200426295,21.275909409180073,-2.177341958995473,-5.084211240012146
1,3.6685100244724698,4.2328846212080595,-6.385632519115469,0.637307761499949,2.4676223533780095
1,2.6590548649105266,-1.4322910413214986,12.265398749060298,-0.984345811997193,-2.2780055570729645
1,14.871173864841182,10.756822223755364,-1.1824047102409412,0.6566524910138875,4.952651809849419
1,-7.738252296629085,-9.585028029560519,12.14394461324531,-1.2982487547846895,-5.366986382031725
1,-4.454962765035526,-6.136971658698842,8.328490580843608,-0.7668294996627606,-3.650123193266594
1,3.150134540544186,-7.860742188244474,32.61874900017401,-2.955013301177525,-6.667393019421635
1,-7.127284266237391,-7.112849784235649,5.40875229302682,-1.4953414869727406,-3.6378256819521844
1,1.232608819401,5.412026228519622,-13.420309020295615,1.2922027122992736,4.565616432207259
1,6.349039597821694,1.4169991338594183,10.4600903249424,-0.9241645192323801,-0.31503142327633593
1,-7.480412619433601,-6.267788215444091,2.2510036568138005,-1.0144554650515625,-3.284302634073149
1,8.528511618157076,1.0175521025786003,14.371701774167757,-1.54127406971429,-1.7634199429734405
1,-1.4614911113045606,-2.6716956863276695,4.207357812722545,-0.6601043797187306,-1.9222444345304497
1,2.5423521341508284,2.0558752517154084,0.660755113732718,-0.21777153069817964,0.5208084110116469
1,12.536030819986825,14.987438310597678,-18.19291537117716,2.9895024065304203,8.85783544704394
1,-2.7118717568860338,1.870651373350106,-14.438274737111987,1.1264125298639402,2.7787067546992685
1,-3.3224095909311,-0.8759247471263233,-5.402312081143844,0.01329272403254364,0.1358700680587409
1,5.347274210353245,0.13098851641560533,11.47421679729557,-0.6846195162282022,-1.4278001911262543
1,5.416710008234517,5.571561691702109,-4.850064301154093,1.0156668483130884,2.646584933172863
1,-6.017139716364888,-0.9416188745150571,-10.872053274074416,0.8029918103461324,0.797050702553596
1,-4.7553464670850865,-8.453829545714813,16.759789507835162,-1.8147053519684115,-5.381643859570861
1,7.693104364900181,7.1588933221066275,-5.052556635557417,0.8604162935405187,3.6920274343980686
1,-0.8455820819183489,3.4008848858965615,-14.880965694811637,1.3302421733642957,3.4750111882663894
1,2.4705354723902846,4.59384651877963,-7.614479219330163,0.8053277531114504,2.402810464613359
1,4.399237144392087,-3.95576106292923,20.684567132549525,-2.193666728968698,-3.6250981135662954
1,-1.0550049092492406,1.671323832083453,-6.353993304649725,0.4446291923048659,1.2270459702437773
1,-5.499256162469701,2.1512783907613264,-18.72177169591194,1.195563583338165,2.4129778945152998
1,-12.92738667302726,-19.430030795719755,31.844231004451203,-3.356815077049035,-12.064174874668474
1,-6.116323465472746,4.124339660707794,-26.082149523855723,2.310301893837508,4.527920357320012
1,2.4230505291398092,-0.858325410166834,9.097772959524324,-0.9540571846715331,-1.6379155071068379
1,-1.501502765475526,0.9852990513764139,-9.068301734290934,-0.5582432576566839,1.3005408534376133
1,-11.431565911332644,-5.1097835824691895,-12.947488768795903,-0.10762935248172228,-1.056505113049815
1,-0.6316638036118829,-2.7504620958107626,7.836799251467415,-0.6237362556461727,-2.188148562885792
1,-2.734299665911492,-0.4568262356664932,-1.5158279681421243,0.5564604728250379,-0.23596134180875356
1,5.706583877679219,2.1448891173680313,5.320944359708343,-0.4200620785176319,0.06821680807395838
1,-7.119564122172807,-9.996971288520907,17.3236319881247,-0.9289055751694842,-5.475658962970053
1,2.8858536502959105,7.099816639319397,-15.283027083330559,1.2383738730039733,4.850779562975352
1,7.478781287407445,5.783935603437233,-2.5597835370294217,0.10553258385854952,3.1122392433790593
1,-3.9889185702793633,-7.66790118626922,13.730149267346947,-1.8990169656908928,-5.286789610434495
1,-3.602239181924708,-4.193357608537919,5.213565764613751,-0.4202956649793578,-2.1722245891913183
1,-0.33309295586719856,-5.364494799046902,14.814268212180764,-1.223468574136576,-3.1162432332581904
1,-0.8305478904645188,5.609023185517997,-14.92017628050169,2.5346334495906593,4.57553250833443
1,2.245546340185413,5.22886841301903,-13.42688158900135,0.7966236823400066,3.1565043548642078
1,1.9209866218740987,2.2044936346000825,-3.501821082040204,0.3925852263858569,1.4949333057778427
1,-5.003367270440486,-5.5938649786145085,5.623559296049096,-0.8024251211404598,-2.7720782582759425
1,10.836064261707154,7.091520018461318,4.248092140562774,0.21642509451967257,2.310271008618176
1,6.967148237633787,-0.7270100867851715,19.236019245486233,-1.4679078200407507,-2.8332283904290243
1,-1.585914112093697,1.9021697224736245,-9.635221566918442,1.164114063168026,2.354212383274679
1,-0.31235568248174667,0.6453911823701287,-3.8366575155597142,-0.023921692566503415,0.5979550407659308
1,-11.770775140656834,-8.639154776944531,2.1136257816955686,-0.5734701000600306,-3.5959251058320234
1,-2.365748545339734,-1.3675774024775966,0.36299324012652956,0.29250483750917927,-0.02793337525764346
1,0.2734690211975168,5.326114343272056,-15.098723695641166,1.851982217841005,4.58636038987154
1,-3.7724831121351685,-4.058911970652606,3.0385113339394656,-1.33921746807657,-2.134059423224051
1,4.848884454290367,5.316101994155637,-6.95389559518907,1.0285071534985042,3.0433854139014924
1,2.597641945411496,3.9564855425566945,-6.587374078627004,0.6056308538447492,2.6629407664483695
1,3.6767653834886382,-2.8410785547831057,16.372188627059195,-2.1773378650476327,-3.466780553852621
1,6.070055408564194,5.9796636504937615,-2.2259235912475472,1.068510955667637,3.0409741417800236
1,1.0975302260241917,-1.2342898519719834,7.822051570657165,-0.13098744028490492,-0.9229564682500261
1,-13.572439359819596,-7.194287902381178,-10.902184222931552,-0.046453773011310255,-2.013700984085805
1,2.5947133520837533,6.764356399772804,-14.660521434955157,1.9776697611461342,4.353826653862311
1,-6.952212159508917,-9.510462785267023,14.067235590989768,-1.408755201438064,-5.869398135917489
1,-3.8416728921872214,-2.8805036084500992,-2.3213780662692187,-0.34958443411404394,-0.6027348798999057
1,8.615800777180759,3.650319882855944,9.355992771241572,-0.2158891165445736,0.42308950802100825
1,8.530032430175558,4.662876410843141,5.346416408566974,0.037631042592812955,1.837473930996945
1,-3.3261493584960196,-3.2147248642915978,2.1435877513886656,-0.8146424192469208,-1.7383559330091867
1,12.129955693275914,14.294332530558625,-14.158019902000712,1.8706316258704458,6.593384691016823
1,3.216026148352689,4.052700393995783,-0.94070334064751,0.3871258344147585,1.4733992461107939
1,-2.711870581102291,-9.426557496149535,22.396407209643353,-2.348013635964234,-6.516443304372851
1,7.401009214198739,5.6653330622501565,0.9823664618605052,0.3288670202106698,2.064125917447835
1,2.0702427011612934,-0.8859122408774096,6.4234397733711415,-0.29249203841074733,-0.5555019706203799
1,2.5407828962297074,-1.703139514601975,10.993974300752159,-1.0093500817579097,-1.6689983725265483
1,-2.6968026973336134,-3.323899045631174,4.493427372051406,-1.0603699490430547,-2.7662293390549566
1,-0.3058960687472842,-0.5846227804229551,1.5747168476743245,-0.2818430241523253,-0.5939192338048677
1,6.073193095281449,10.332480101119724,-17.076389172671515,2.0597057704476245,6.061107618272571
1,1.3073989412718576,-2.6128531149105942,8.438694119107064,-1.366875735693426,-2.2125541212011757
1,-1.275457142390527,1.1817794746193173,-5.731480412203281,0.6384464624193644,0.7947697676903194
1,9.471984850477805,10.139467446439436,-9.449776339372413,1.4867727526205736,5.408866423899284
1,-4.464659628690278,-10.84103914073478,22.789463603704036,-3.101063293427258,-7.5394986624383025
1,-2.9371246562142144,0.22389788815313275,-5.753994368047779,0.25045554047728313,0.2603061307972079
1,-7.630884964375806,-0.9358191921546388,-14.624762599920372,1.1578437865433082,1.1057520647205894
2,1.6447971165532531,1.3197750409021287,0.9035705623483016,-0.7289420625240671,0.4947703078041244
2,-15.183986171770524,-7.771395519357757,-8.623473333193102,1.9249446202000629,-2.752579426435182
2,-15.262017310562285,-7.143204615250248,-11.741611065746033,2.922718030672259,-2.2310055491351113
2,0.7855792653125607,-1.1916712425635543,9.311580994685237,0.15311582824759667,-1.4126946305492494
2,-3.675612122319189,-0.613038432712724,-7.6364514028222725,1.4767131708138184,0.4341414088430094
2,12.909073498407613,7.961754011864724,4.259816111135987,-2.665277456892822,2.1945546898041597
2,12.19033593759809,5.1818431236752405,9.629018208670123,-1.2941606121143356,1.5946372607144028
2,12.417205863470492,8.077136359657798,-0.3294401598961241,-1.5743629490373452,3.290667495461882
2,5.328702473285936,2.74604702059507,3.4125458694627357,-1.31222328842522,-0.24220894288565492
2,-3.7473592076639624,-0.08000841413625,-8.2393153153103,0.19240446476287443,0.17904094531227954
2,27.08781132895322,12.19545786345743,20.91635917828037,-3.4177591565497973,3.8475277730206576
2,18.862864984968375,9.88771976698051,11.5336374323296,-3.5385834804432563,3.0478158287695885
2,7.780330388725904,-0.03176694837262117,15.64245358139645,-1.1867562314718019,-1.1359724894607386
2,-3.7597195358258264,-0.2145488526967946,-5.5306759367212885,1.2550985109803094,-0.32290643718574763
2,12.125756369514779,7.1591221422516815,2.6426820203902657,-2.329570045620738,3.1008769003104555
2,-3.6460161843045293,-0.6994466712547328,-5.860596045302396,0.372917464312131,0.2321176145971437
2,4.995475448765065,3.0763812885054653,4.030978505288427,-0.2922452917060908,0.6011069633539476
2,0.0925075315033563,-1.6654937479952627,6.003495366011833,-1.4620643028144724,-1.3355097992240532
2,-14.638821581492747,-7.399463544445513,-6.122298994109027,2.2396994215532002,-2.6949616241938066
2,-20.692761681166793,-9.848847514658438,-15.198147727832025,3.299230875348976,-1.965227816480662
2,16.364133785962668,8.170147412108909,10.647774222761404,-2.12313692401355,2.560404175176334
2,17.14718994259478,8.81680751159902,8.729978891554788,-1.436105764463512,3.815463864787938
2,-5.997224435503166,-4.938790418628413,2.215204414368619,1.1057110792511846,-1.381977913492518
2,0.15558002378624447,2.1985292908096645,-4.72240678209098,1.9368146339879135,1.0981263864225557
2,-0.14277772162378283,-1.5117432748321638,1.020042064890382,0.24331102271761634,0.08988470174864757
2,-20.09716553348118,-10.989528449163553,-9.53737358856702,4.258663160964362,-2.7829385364600627
2,-8.185689700748608,-0.6683405871146222,-17.071195130148052,1.7000871575065861,1.1300817360078985
2,-10.169657989708691,-5.044450044157221,-4.650216434591598,1.670218783938643,-1.8800805787348773
2,-0.11054794581038647,0.12011854283750809,0.7601979071231572,1.2433943340471827,-0.25535943200058697
2,-20.58610560552061,-11.709183150567036,-8.120598154876088,1.7571020847066694,-4.446800952238704
2,-17.255994974369457,-7.763959597700265,-15.274217927589484,2.3644585786693866,-1.617296115502259
2,5.847954457140127,1.8798492639398152,8.175853580805137,0.6869205056538871,0.22576452492852397
2,28.873107105098004,14.53878358437496,16.977656123821614,-4.5982902126040495,4.535723306575727
2,-7.418848735445119,-1.845171248971303,-9.902684412730169,0.5321753704453014,-0.38647172220056825
2,-14.98226091375485,-7.182754170860498,-9.528655796728154,0.7734999809311653,-2.5188189326627772
2,-14.884130874750621,-5.773977673658485,-14.430954854511633,3.2254456925863475,-0.5253400736507436
2,-24.86665026782498,-11.872019819152586,-15.93244114159222,4.283492933499527,-4.243967127829046
2,11.585124432324028,6.56871605518939,5.870065758225816,-2.2604919724791555,1.907200584452883
2,19.445364575282184,8.899759295225907,12.860224001270394,-3.6461583280759684,2.666817838870199
2,-19.853160932922968,-10.481322802466487,-12.882779390725673,2.845025195272204,-3.3626049559511024
2,-28.37707567917239,-14.04648960477415,-21.447673195314042,1.7968689744219306,-4.109001108118424
2,7.34673490221768,2.8809224937284426,6.49414727304547,-2.196294059159784,1.047902566333447
2,10.693847190344242,3.1066751693743133,19.079624135359875,-0.3988591421352974,-0.7757408600466362
2,10.951455898866458,6.076315772248428,2.1044305413348954,-1.628924637241887,3.102606404140818
2,6.5601386655865745,2.7223785534214535,6.041697886913423,-1.3706870214265676,1.252574045688344
2,28.687600544808642,12.171698668341882,23.837911180746847,-4.022621691041923,3.4969501923930517
2,14.368615758826625,6.254353010594675,13.4193396363578,-2.7685050631529484,1.536886722448671
2,2.8937705082194345,0.8397492039928747,-0.9428423793686063,-2.476126946372198,0.22998788007189996
2,-13.590589579880646,-5.367434224778702,-11.341357897545647,1.58637418981173,-1.6151208830868213
2,15.301122143117983,11.446801630290233,-0.5057562192756153,-1.9080101882566365,4.074845048333412
2,-2.235605468697133,-3.168223911413518,5.879106290827831,0.6941278079326538,-1.7547879150414234
2,6.394794269976247,5.045172210268883,0.08832023734860057,-0.12517626869361945,1.9060688662582794
2,-10.337976181046942,-2.792002744518615,-12.72042822884983,3.064957623039269,0.5343290208931734
2,22.60940990278642,10.299011408933012,16.239822848421337,-3.073296728544751,2.534370027702807
2,-7.517762127926162,-4.480154265829207,-0.03867154718081283,0.36273319902306606,-2.028242069294367
2,9.9545340576878,2.538284906388075,11.964739841746049,-0.4889912099842462,0.6329665733431648
2,-7.614792068527761,-4.058342961929718,-1.3982336719498616,1.7987248543359668,-1.522763031493918
2,11.450101524350796,5.221945277860018,9.020771236028668,-1.610168982634592,1.0398351162677903
2,13.735928058114173,6.557043702935074,10.199318818113529,-4.46311653082055,2.074179621622748
2,10.2551810755419,3.7101094607460037,12.47420839509056,-0.8550974694391147,0.8336151489749446
2,-13.849094399659704,-4.893349593880164,-15.354984041253898,1.5307330874887672,-1.225776591892633
2,-7.671552737404827,-2.9456890690764324,-9.027933945261674,1.519141355747307,-0.5538282315280731
2,-25.345731672620847,-11.534220948289692,-17.366756009780733,3.8821111567618094,-3.6178496221733845
2,28.131976815319476,14.101019001660369,16.82005110616152,-4.6355715573651475,4.372240657116626
2,-8.906301364078058,-6.451871376506951,-0.8491635354906569,0.934724391296629,-2.099627913553373
2,9.883963526567333,6.6390735722851835,1.9533092252146589,-1.2329876819617982,2.3844486496161252
2,-20.0763058433498,-8.925164375977866,-14.483653641740101,1.9256162893886017,-3.4653963647610087
2,-10.533296685765105,-5.93979497943375,-2.1286856784264083,3.144990705201612,-2.7710176232268955
2,42.83642197895841,19.75185793242415,31.439000757766273,-7.712320551313015,5.860611268921089
2,-5.279521293736827,-1.9533516254576144,-3.9019371030772128,1.6570614881445302,-1.0050051353402514
2,-14.592848003573868,-4.940941196049022,-17.28248149623209,1.8298882917443355,-0.9091887913530243
2,3.437142635396497,-0.32607455694820586,8.800769411772837,-0.6712535417370163,-0.21109518816904055
2,25.95933885413051,12.798754458367148,16.511443434693938,-5.611645106314365,3.888004986277985
2,22.50978584211875,14.671379998271538,3.576617885495248,-4.337264869235815,4.588252384180736
2,6.85699069364057,3.9056788660931976,3.9154875189811023,-1.136361222874181,1.0648645307060478
2,14.6542551062653,6.940569343883742,9.955765637200665,-2.6259254195082153,1.9436467432480753
2,-11.439509683654052,-7.064816032135303,0.44905696300493303,2.7975295334217747,-2.247925763400531
2,9.38686334710273,5.042228697468246,5.76624587799331,-2.075205866747626,1.5627772337363304
2,7.218614136283706,1.4800632639746396,11.212931953587717,-2.1344020399338843,-0.3677379864120677
2,-8.435842533338256,-0.6889587534208426,-14.961160410231106,2.081729433004973,0.520131470630341
2,2.043902170168817,-0.13014622033094372,7.202867072187378,0.5596126833046017,-0.3979854861798074
2,12.413220513067083,5.261740756895249,7.99827746532998,-1.9050597559801403,1.8674264441887312
2,-0.16647157908657864,3.115405655768526,-10.2480739595231,-0.5713716363871857,1.2523623548402223
2,11.769434791435875,4.692389021302847,10.91299194061341,-2.5307920167761377,1.6472266381798906
2,19.73936274751847,10.343836225980342,12.16342054115076,-1.6617912146973026,3.3773967255965585
2,-12.461914358515928,-7.542921635788488,-5.046797059552352,2.0418087014922444,-2.226698687382549
2,16.159533114836748,6.7884875523921835,17.386377797307976,-2.959561982131579,1.6062020063941393
2,4.6615526758698715,0.19720926811992834,12.078973518500764,-0.5423284198658335,-1.0258015309762014
2,2.519523453421212,0.4488505067559536,-0.44180597127492804,-1.0457717517597502,0.32134795444505615
2,-8.99897812670773,-0.7802140767458544,-17.055427159988618,0.8040086847631688,0.09767107570970947
2,-20.2526067789984,-8.607247396725116,-18.299789912566318,1.7904040570170818,-2.3310558973953883
2,-13.168080634700564,-8.518191234791857,-2.360662354343946,2.104317222291715,-3.2975542165434364
2,-4.942890217305891,-2.570783180140941,-1.3264131998058557,1.6119764093379578,-0.609834314699709
2,6.463766063536089,3.184388905737248,5.284746991275653,0.22955331902628537,1.0887277449435968
2,-13.190810583688613,-7.141412278821181,-6.587708330350232,1.9358562859240853,-2.320764213306263
2,0.5113095177161925,-3.1176693137440274,12.033792029807937,-0.5058671480423375,-2.131641034141688
2,-1.608913725529408,-0.4796187700446042,-0.6055311118993997,-0.5699119107022437,-0.648930225625657
2,-18.031252118571608,-8.002329329471268,-15.534520924243358,2.4068754863424426,-1.8803924821908855
2,1.5246488195518988,1.41998001233436,-0.22141187263670245,-0.9530529883339889,0.6399089178474576
2,22.91727671023318,11.683984943463596,15.15680538019424,-3.6315837047192687,2.591877758357889
2,3.9320262163280195,1.7340323406817522,2.914259794308133,-0.46114798695994624,0.7503217359427109
2,-3.700987454272675,-2.7297642072226966,0.7342189570039757,0.7378835963066924,-0.960653583336067
2,-26.27930243641849,-11.001782740167384,-23.73980102537731,4.752024871074337,-3.068905767136482
2,-4.908261338773705,0.10224009657360733,-8.678504672089101,2.4015619155633536,0.35095656682677523
2,0.06987862589435034,-2.094537349168212,6.446548760704042,-1.6548009842530071,-1.578145606366544
2,-8.743035313851895,-4.535331538252231,-3.493592493928991,1.7941295100733607,-1.9312746014466422
2,-4.708491268695024,-1.2859235891029783,-6.611116094818649,1.3502784099999032,-0.006587044992236626
2,13.975856122656673,6.651039813014728,8.50412077192052,-2.074559919251989,2.398471320386238
2,16.885423312492424,9.812697546955981,8.723975451736765,-3.3000055014226617,2.4348361608066234
2,-11.048552314717114,-6.364048224165436,-2.235280134135952,2.2168771507545255,-2.0106194819121908
2,-20.517009436500192,-9.207527561809728,-17.64421941126074,1.809969482738441,-2.1598270596454343
2,-19.038564522632118,-8.689612052983614,-13.630994261688564,3.202583469932656,-2.703030003676159
2,3.1871664816066416,1.0838150253894556,4.0551854564443905,-0.9655363446342246,0.11639324500189627
2,14.39206074744878,5.971229942712965,9.64460435418391,-2.1532666675043846,2.333884044472851
2,-20.043843308557634,-9.879681664923677,-10.616097114512078,4.13680055761072,-3.141288670338569
2,-7.471847182039358,-6.096669913389456,5.504307213063214,1.7025650141580768,-2.551453553322186
2,8.46781920495785,3.84801478467339,6.332337935636074,-0.8471090732995229,1.1246714268202094
2,-0.015518829918517968,1.180263058403078,-4.751348169454609,0.7378921865571539,0.7175622111323312
2,10.298757278734298,5.120363699290946,5.210801080623803,-2.7966297187267157,2.0141409433904163
2,21.521658768489036,9.498433555705272,20.50342832713864,-2.0314404907758257,2.4786030399912735
2,0.5282722309126009,-1.8371443962434357,10.173720218564261,0.14669094631532972,-0.6526569643424919
2,-2.721658347382185,0.10087200926072933,-6.821239982504337,0.8088245169596529,0.5776046106915662
2,-12.208363952381518,-4.016343855782075,-12.106976020454393,1.676417126341506,-0.7191299505746775
2,-0.532236309321595,0.21858271379086097,-1.9731164440460818,1.795012124100509,0.24155529779114493
2,-43.9205788753489,-23.405166151892566,-25.949759376335237,6.933333930622902,-6.869888538438923
2,-2.8987460120927167,-1.1841293831098072,-1.7356151803714184,-0.1420326009614042,-0.3596657267939404
2,-16.637226460928844,-6.998300890523501,-12.915070682953091,3.13813763901369,-1.3728396567583028
2,-12.26317277745422,-6.871682835157468,-5.258484227745123,2.402728037824514,-2.164911816780704
2,-12.261295664332444,-5.619508631517964,-11.05651050528321,0.502800517437632,-1.4540240337779513
2,-31.801316473220655,-13.275856623098102,-27.342792109990928,5.400912777039583,-4.274501035019832
2,0.04090474457768578,0.2839174631028174,-0.38284969022949134,-0.9578368568584896,-0.2197160182889168
2,-1.175541227479859,-2.8090791580803653,2.407160995565324,-0.6323433007274156,-0.7025656058580306
2,-23.309442014720542,-9.533320931253252,-21.29223360466421,3.018920958731426,-2.574495917694757
2,-5.706899422374151,-3.101992666101932,-5.815961307523898,0.6404266381979532,-0.30678848221271293
2,-19.60252433243476,-8.856336255383834,-14.763620138081318,3.0276159666870965,-3.1905818762374363
2,-2.1371486663148476,-3.5099138869928037,2.536337614284221,-0.2789920936084797,-0.7929612083180593
2,7.52726584043452,1.9620587184567158,9.719841783431193,-0.8122408195128916,0.39159503539466384
2,20.61580462716519,9.077774978072702,19.11380770021563,-3.218889325163651,2.824583179638567
2,-21.54142061045594,-7.2300803452913875,-25.928513093199765,4.491127925308267,-1.9524660612687343
2,-0.6869366707937116,0.44311930459732346,-5.547981503866133,-1.2799929747830467,0.47230320930120523
2,-11.241907371033783,-8.922059441526137,3.2896001086002786,0.3411826975495959,-3.442673863928362
2,34.63364021977108,18.38427949747942,21.95507550145719,-4.3190709180961795,5.09308063554326
2,25.783869799693434,13.89881743682713,16.130861685896036,-2.914079620410007,3.7404389978702826
2,-25.120391626109416,-12.268188212419293,-19.194959531476723,3.160893976990697,-3.2729469401293696
2,-20.524561759712913,-10.363669962865886,-11.601888109733673,2.9287607263413062,-3.206867314687669
2,-17.87833847894646,-9.415540111118624,-6.887423402876317,4.917572758353773,-2.6881923778896346
2,1.744094225337837,2.404726872233494,-8.061491049851321,-0.914812973109107,0.906497375569559
2,-26.105708601161776,-17.094537921722672,-4.101846853358267,4.035980705678106,-6.215317882660791
2,12.391471505938437,5.183987981179078,12.73684355890499,-1.4373648481987407,1.0826613648544625
2,-0.9898863027055946,1.0918808784347294,-2.8762193217222833,-0.5747870068995345,0.14437822292166907
2,-4.836458626612438,-3.8759810225169415,3.2273463804282367,1.7824177665955097,-1.7744766190427788
2,12.296304288555502,7.652881244658131,3.6273630703665076,-1.2730305301812557,2.8909868709664797
2,10.248678922410033,4.68395140944475,8.458666445207237,-1.3479532749352525,0.9812935470737429
2,-5.789602192621862,-3.8872138196792436,-1.0599742978856233,-0.48851200388429145,-1.2500478844540668
2,-6.2629281346179475,-1.710706037606708,-8.462481177632379,-0.23669538115741967,-0.1703201391929106
2,6.570584752196899,5.552365797096285,-4.160719923424451,-0.8842588025154607,2.1606097873249857
2,-9.606849067605921,-6.714424941571196,0.19867638701105939,1.8275406258129503,-2.2558680309202455
2,-8.633701611685456,-5.518942500571187,-1.8213578953593912,0.7837982930571256,-1.9926444055582189
2,0.02645430366521627,-1.4159852217210256,6.68492724689864,0.19510868498776363,-0.8857071563098674
2,-17.88610201052339,-11.145663071622987,-2.686772673337593,2.6464079229751643,-3.9608156084385877
2,2.1905027864764,0.2269337773944368,5.599603607238453,-0.562563490230133,-0.8621996098685715
2,7.736330759713723,4.728120042262386,1.6828808393716812,-1.929211774407655,1.2954358780585455
2,-5.0861887658339375,-2.41724108343685,-3.8921331649179813,-0.35728531553973036,-0.6145236038543862
2,12.077122596268726,6.365541017034069,2.89722197415677,-1.0556401871767103,3.20702807197063
2,-6.961249164885384,-4.619234216119528,-4.887574012613343,-0.6965039706828043,-0.7234211466039131
2,-6.7635731008960525,-1.8881084448624874,-10.22048528164189,1.1658955856877677,-0.20452415798887322
2,0.2507764970401187,-1.5703217934873155,2.85209704221333,-0.04877401362129663,-0.09409853698827345
2,14.185789234024618,9.430438087942541,0.9676322881960383,-2.5145751180154967,3.2951314157057516
2,38.65554742949011,20.044520114584625,20.07646650496233,-6.454175018795688,6.7366360462680035
2,-7.31813600047368,-3.002373899787341,-8.01820164981568,2.177514009669844,0.1658258913306021
2,20.401247017513942,12.168877588711787,6.899032789296601,-1.7849809328366726,4.409920638304853
2,13.022811582834136,6.677410138166881,8.568520771147796,-2.8841904540847225,1.4372235356775078
2,3.986713675888893,4.04264087581954,-2.8958280812205235,-1.5007171722324473,1.0968073299474728
2,-10.00870809171532,-6.6738360145079705,-1.3689956496323965,2.080280203133352,-1.869313027880584
2,28.117676216805354,12.180981702801613,22.936086255570935,-4.241678377652469,3.4298453798480946
2,-3.8911088245377057,0.7086017041793403,-12.551753467540173,1.9098161997831902,1.457400387804688
2,-4.184119295247689,-0.8649889137720331,-5.894298731640895,1.2251655865997007,-0.2029420075558994
2,-2.2016916063457788,-3.1786923694086653,4.165196383278856,-0.36349904775327646,-1.397347267601989
2,-1.8412227557080174,0.45476205494217015,-5.5943462838319755,0.1494230214131541,0.2092404272397838
2,27.006770542324652,13.800991600906883,13.949778154040045,-4.243775435746669,5.118964542050379
2,0.1799150540537393,-1.6388776534741234,9.372774155800691,-0.08696662712240405,-1.788309818630603
2,10.88605160589524,6.087697587598164,2.036661101089687,-1.901635766097238,2.2385798965159047
2,2.1255660586983125,0.32053639577705473,3.792563421433697,0.19302484368317752,0.29892988639517226
2,-19.885545113856413,-8.317439104359535,-17.592219967410838,2.9745349514944714,-2.3552241223189982
2,13.318841264911667,5.247072239411212,11.562241409684264,-1.8630213481316162,1.829351933220181
2,-10.942209986746267,-6.119777325794917,-7.8305527420928795,1.2309316220075797,-1.920725764631669
2,-30.828777788252857,-14.843349781008397,-18.917192391074284,3.8706080036249952,-5.483463944043134
2,30.118497090664142,15.855539046427578,17.00761643951944,-4.689574357187134,4.46592925971752
2,-0.7837345482633093,2.144795182538197,-8.378900137202816,-0.6130026968163425,0.7600696288439952
2,-11.23621241561766,-6.835033598314593,-2.0800300838179115,2.4479981346662827,-2.604816010133642
2,-7.881919694131867,-4.316693751113641,-3.6297561234290074,-0.6394452323568187,-2.0995762018960304
2,0.6635360236674448,-1.8027102750884727,3.8021137851229545,-0.5787085573391055,-0.9559182664132515
2,-15.473991415853888,-6.0957528026865955,-15.42749981870478,2.697276885371321,-1.6377572124584563
2,-15.976500971377892,-8.912326285250993,-9.19207884300456,1.6269747478506122,-2.3955808709335122
2,-13.233716704614464,-5.420505807470332,-11.652740949795927,2.8504222097192784,-1.2106594166609979
2,6.590914315613591,4.422134134958377,0.22324928509458328,-0.22266941169067928,2.0354794145754656
2,3.7955306263643425,1.1857758981372588,5.323316928442933,-0.26861858090658985,0.4966729918813114
2,8.868376566402924,3.9818880806016486,9.572346792447753,-0.8270936456759699,0.8927696368873493
2,-2.4349881760385093,-0.6666956941621184,-4.24271574155574,-0.1552680500030625,-0.20401171057767165
2,-9.26108679087799,-2.4005378816581078,-9.69789429810573,0.6543809781614555,-1.5218137376614553
2,-4.654247271816438,-0.8306594662580538,-5.472464288242384,0.19002079575477193,-0.6386063577062786
2,-5.823257898406423,-4.615147923141301,2.0753204388680175,0.875085812849282,-1.9850531328065217
2,-2.638877490384288,0.7080937121910947,-9.52320868639952,-0.1098371295418652,1.35728940067019
2,18.25708370505203,8.518175933291179,11.33239732470208,-2.5260829432265925,2.541079593580415
2,-26.49710456155679,-14.513267729515736,-14.565250312998726,3.8492403562790534,-4.430432821818766
2,1.2421488297212275,0.5254516487789823,0.5121007085309729,0.2689210738378637,0.365232312369554
2,4.644479316996362,3.375327847624292,-2.1439373623267524,-0.6555055672346546,2.0318409089920153
2,-5.390855229324796,-2.0017514797927642,-5.381518812762567,0.4823612320757061,-0.7425510733662721
2,-14.855547471025199,-5.039870413499356,-20.49962403578411,1.2232587190870226,-1.4464796045020754
2,4.482405896232374,1.949544060413639,4.412022175170634,-1.6730521145160735,0.6928146709489027
2,-17.36411380667586,-8.229361584306906,-13.72105997176093,2.764386523291048,-1.768525545997323
2,10.886258989383535,7.299725588730904,0.27183396226790385,-1.8324996261300692,2.9056476370961795
2,25.85907462079367,11.98177325235621,19.075405539363363,-4.461620584318216,3.660458522129269
2,-1.9707271579983552,-1.8618933351406224,2.4604782140518773,1.8040274884615959,-0.8648598952552553
2,13.199292683641474,4.624789043245478,16.59936845255948,-2.0133069070189173,0.8037605282955818
2,-5.556190043907425,-1.907387062176749,-7.492982329077063,1.554783627015967,0.05848502566461003
2,8.862563618115123,4.87541661493323,3.5394488782497637,-2.738707090380749,1.537051353692124
2,0.9850814627289783,-0.9484724185192972,4.599842289218356,-1.3769523998497442,-0.5766147847746499
2,15.811408608933831,11.562442550461414,-4.474543843316889,-3.8889621175338585,4.860624618678504
2,9.449029264430953,2.813515268166736,8.38270202197662,-0.13025222939139214,1.3073079068228712
2,-6.697492811651441,-1.0337187485523067,-11.601297575785075,1.2450812733960117,0.12501438901295508
2,-9.264977173884857,-5.30589173735569,-4.561990924001978,2.3668248574550277,-1.7532484115757185
2,4.912250422843543,2.5548018349636954,1.8190095644919997,-1.877874894407009,0.6785977446909176
2,13.343372580988449,7.585821761347379,7.508136000102237,-1.6762128580913218,2.29423033117101
2,-10.239519118304267,-3.409166313636387,-12.152526866539947,3.0383556015301463,-0.6538063513630643
2,16.211985811991006,8.967774370713494,7.073485129389553,-2.535553141521693,3.8027285487579463
2,-7.337538104299851,-4.685246225795534,-2.435770054750121,-0.354375216731311,-1.2799950362035033
2,31.785689570604138,16.623236633952867,16.856185238872698,-3.739292310201194,5.208087866024164
2,-8.300825557514425,-6.934847420497947,7.166297369862328,2.6332715932244803,-3.216895344884307
2,-8.864859599420406,-6.289579551145204,-2.9753376532766898,1.3790509111003582,-2.0305850492063664
2,-5.693031713522815,-2.287325356154427,-4.228501566309677,0.23630598778367148,-0.33819816754165194
2,-19.413124736838675,-10.244754552441414,-14.215797517671023,1.8051852873020315,-2.5066469411162027
2,-24.852302546737377,-10.396484260450913,-21.908580358196026,4.326854946491322,-2.919407000001862
2,9.750216650296077,6.3779479441538305,1.4624957047406841,-1.3925064534736415,2.5236883079354064
2,19.881631985600016,7.939697946167366,19.73021035044844,-2.7749818248327927,2.2185243677755864
2,-6.981160123040529,-4.410900969540046,-6.517261602152802,-0.8339739378735525,-1.840774525183853
2,-7.349369224996425,-6.043397691611767,4.010314019190367,0.7603333986395706,-2.174323808864528
2,-1.046022006409574,1.752885196039847,-7.740170929700699,0.15736730287772183,1.5219152944583227
2,11.580882904981676,4.805508131818186,11.243294667865362,-2.1384497001044696,0.9198073469079333
2,4.168549075415731,-1.8029556814866612,14.56022923848668,-1.9187549584075063,-1.214659590961038
2,15.272013740911014,10.061948807844022,1.1264196989896624,-2.9195122112836955,3.7007299422322713
2,5.859351039148574,2.9533928474694435,2.8870477535264114,0.18637663737270005,1.4067187332824378
2,13.090621765814669,7.317768814137435,3.1890279671699298,-3.049095306063659,3.6227185191853133
2,1.847991203000751,1.4008057542085528,0.39123612564508664,0.2894791221542343,0.7425603155567396
2,11.335389240899422,5.949153704321019,6.122186448985464,-2.7327099776635912,1.3634813185217316
2,21.394831438445685,12.135167586038579,9.000207670351028,-1.8546563282894657,3.830754901468524
2,16.137126286104998,7.932759234723387,7.973666340664491,-3.941399208162525,2.151606755970357
2,-18.543617405116102,-9.280815891818532,-15.41434939933101,2.1274154802625596,-2.1423233594028352
2,-5.675484291276412,-3.6939602727730882,-0.4885860797871613,0.6126973654415274,-2.1232180112612156
2,12.165144877327464,5.235822771893165,6.916939896439242,-2.000498074388605,2.785051748845765
2,-3.106537619779097,-4.227277540081782,6.657918382288472,-0.2258172291349236,-1.887693168015998
2,2.558557067087979,1.598226915047202,0.7091222653191614,-0.2227063081487493,0.28523685175372826
2,-2.867052770588655,-2.1627889059643715,2.6514077989109155,2.2464815098252395,-0.48261193260939717
2,30.425170395197725,15.817779812882902,15.510222665448374,-4.560713406766098,5.197019816737083
2,-14.325147313403969,-9.20535409774109,-1.8384957094156855,4.273521075463281,-2.9361298725312315
2,-14.270186397646503,-7.259439495733614,-8.208217589469292,1.05604197583957,-2.5662390215553934
2,6.8302098758024545,2.6333652660303724,3.351794560034096,-1.2961046368153208,1.271237363520093
2,7.827194246034179,4.541778764265981,2.669431690551695,-1.1514430326845255,1.948619731481874
2,-5.3939361991391435,-5.206796113426543,3.887325300369156,1.115995321042938,-2.0260916476631703
2,17.219267350794958,8.221496524374853,14.947761915412046,-2.513648331170231,2.021088524644609
2,2.578222081029621,-2.0401786210520316,14.017339141871968,0.6602855221132937,-2.1738607277333895
2,-0.7090631106062686,-0.1370513363356615,0.1274357445910183,1.0399052551199737,0.3394003972315622
2,13.214333520391593,7.343515124670661,6.678394214751014,-2.9032280944784317,1.801698329523186
2,-4.401617315242024,-4.0664946146144345,3.3292070052072416,1.8107863957520742,-1.2258324750536156
2,-2.6526952136988613,-0.1189896241812107,-6.101112117476629,0.24830255258128417,0.7995124248324079
2,17.363021262429683,8.550400341245776,10.762283552465496,-2.5686762889003956,2.4725568325586695
2,-16.597463913671106,-6.711487713474657,-14.470892633020112,2.3573827351358703,-1.247464907639814
2,-0.13451143006446298,-0.33368090102253734,4.062958679143976,0.8659653075102453,-1.0125876715878226
2,13.096493477695061,6.125802033240995,8.549063414245788,-2.3256697104416815,2.1683489653371377
2,16.7006914556039,8.326458487420448,7.661787823953339,-3.3748574067045407,2.8952684098207895
2,-3.561747725439661,-0.4381463204547498,-6.178108509899253,1.1220691260064113,-0.35691193470834987
2,24.47082306115181,10.884799688124822,17.323081961429576,-3.3604214096309675,3.854115933016967
2,-20.65212092721864,-8.059306648424547,-20.540109711023273,1.8625829111397387,-2.1814129833553104
2,-0.1639763294243008,-1.0158738156090692,6.1541446926113474,0.9384139837427558,-1.0432713469860329
2,33.194489879558596,17.921230851559898,18.089485020541172,-3.9219781427238116,6.255097282939551
2,-13.206702398103834,-7.284812241424842,-6.574420870462523,2.039147244363533,-2.362063152441709
2,-17.446069443865156,-9.640078966357569,-6.392487212635218,2.35126634844838,-3.5104333955018094
2,-18.298864868366284,-11.242849321888514,-5.085164386068157,1.1781399868512312,-4.226551808815021
2,-14.99994520790918,-6.571325029797612,-12.954795144518483,1.7464312063245078,-2.1428863199160952
2,-25.59678924880179,-14.65669367487899,-10.627723970400421,2.422598133958138,-5.297691054163549
2,2.51604630904968,2.7482968672462533,-0.6915898335856704,-0.32618451457550374,0.43137500436625187
2,11.72813088035921,6.039852252542415,6.263978959769415,-1.8590257970639843,2.270662520160112
2,20.373010653214255,9.702771132337585,12.690922136748618,-3.1688436619787206,2.570526473231743
2,17.297017871022366,9.033214672220561,9.027455875071329,-1.6864970359040825,2.9697392481197826
2,-8.19074627090155,-4.520318851856805,-7.46711156720435,0.6652168165299243,-1.0472685921657097
2,-3.7102735649133027,1.717321808322087,-14.710966656486086,0.44672316282051117,1.5840729679410435
2,-11.392104857998936,-6.828470336160649,-1.8176030328143344,1.2935110238008924,-3.4419965429346195
2,0.1281163904839214,0.29272275341701504,-0.7224808962819131,-1.1995201176300827,0.3611251039165808
2,0.10728182553343393,-2.8886981094977195,10.873198743926693,0.5239892195433938,-0.9714338458882672
2,-5.268606168585387,-2.5850682620402656,-4.039937870801143,0.9609133914892376,-0.32653126816782874
2,-2.0887699863153975,-1.4915845408865769,-1.0372679703414982,0.9780298761513768,-0.42426276792183537
2,16.57690232811252,8.363890092346946,9.763484155394499,-0.9206375196085599,2.8490084898015233
2,6.724302917701217,2.295222412793139,7.700292448364439,-1.603064165545053,0.21413712173973534
2,-32.25193377096612,-12.90440436251452,-32.79955986772551,4.16066055765305,-2.7320109289202867
2,0.6724233708020739,-0.9735859262901182,5.469034775069326,1.3472031984236361,-0.15190668758360854
2,22.763133013000672,11.407735954022717,19.707027952984614,-2.3016646707326927,2.1307462580896295
2,-0.9928463628715116,-0.4180368074073746,1.5755577274772448,0.004187638530661161,-0.4112851324550984
2,12.847412402370098,5.464282458280487,13.185204718643222,-2.4215356344520016,0.3483152638789371
2,16.599605679493145,6.75420426249844,16.127135344178473,-2.4746005435148652,1.1873319102323108
2,9.122155062182213,0.49330940030700055,17.746652634639936,-1.824595187205643,-0.39784931606580803
2,26.077279005496592,13.800471200313433,16.14525471294483,-2.7469332798347805,4.412053015692425
2,-12.811575115391761,-4.951567000924261,-14.953446349392443,1.0090836099370322,-0.37651810917385486
2,4.236435761652626,0.9952457428194122,3.8639326451396387,-2.0146620905521972,0.5008894401340621
2,23.42588741715943,11.138450933447253,18.01570646542776,-3.1464452235515123,3.157191555690274
2,18.6665371966552,10.127570779721612,8.049503827459988,-2.826336049286818,3.7422085609124633
2,23.00108386383617,14.136815221581386,1.013802827211979,-4.321027616867848,6.1349422513130145
2,32.88842277085648,14.732558985407586,24.977545933132898,-5.839352670761574,4.1831446336417475
2,-2.037929459253807,0.4615507762032529,-8.1376859808209,1.1556672545434623,1.0429675884079148
2,-10.17131959161668,-5.592264191197682,-4.847902727609646,1.905824193491581,-1.381373973036844
2,15.667510418328957,7.171675872989584,13.138517387581672,-4.1836583848571625,1.99707603688465
2,16.566794542351776,3.5588806463798575,22.20900188355459,-2.555058685556189,1.6190892707724123
2,-15.816334594691643,-8.009729835364197,-7.914987602535028,3.466451891368305,-2.247671838404338
2,-16.56567861563778,-7.2128963979951095,-13.486036489079376,2.071153600959152,-2.3879488356430456
2,-0.08957258809591101,-1.1930389525279854,5.188571859241203,0.09570188508465785,-0.12092199542943738
2,-11.200922555871294,-6.30872992824916,-2.995779808310985,1.3831152068737909,-3.133130729635616
2,14.561204249999173,7.783160743819752,8.04206297580278,-2.062854635716189,2.646404211422023
2,-20.231337859042437,-7.65988781079421,-19.295631737892123,3.806484506225851,-2.103233133941302
2,-12.207000154768371,-4.2099204607098715,-11.435308007691377,1.5429147095100366,-1.9032402093559833
2,-37.78021447250505,-20.920328328723677,-19.780989262082564,5.870884623483071,-6.259960894403284
2,2.0036701331576166,-0.28034316888225136,4.159616255126079,0.285760657057041,0.16728030159852578
2,-22.10538754378108,-10.356370853377094,-10.296293723309589,4.710731289167126,-3.9074744263545576
2,-19.964663487447282,-8.908621359544728,-16.003712386313232,3.1215775154768126,-2.6895043436589336
2,2.863574348978177,1.7230588573441725,-0.15639483863862028,-0.9861893881577145,0.5915363965579429
2,-1.372013023750469,-0.14911790601779457,-3.617448855678508,0.5568515046452609,0.6323787746903411
2,15.334527724951641,6.5933520332511515,13.730820989459321,-4.280496597699029,1.1203624546151356
2,-9.683013870480742,-3.9254883978090938,-8.732648470545483,0.07291966039549452,-1.5967293205579542
2,13.829493677093135,5.6298116715551645,10.053840978951337,-2.2599102732594076,2.1767173205825254
2,-34.30562932859184,-18.122626202453777,-17.737427597335497,3.537217415320506,-6.859629104593732
2,-9.08403336412524,-6.425362874118959,2.0820196709311096,3.0312902442101297,-2.1288799990151657
2,0.07065435937024742,-0.944907773075221,0.19706989197186567,0.3456614165634897,-0.08515245986241043
2,-2.514278723968886,-2.0034125877102356,0.9971696932672345,0.8666324276925791,-0.7241767701034322
2,-5.1475275801989735,-4.093523056871029,1.4366359547416556,0.8079207978050656,-1.7611813014538757
2,-0.8254539763938423,-2.590555347902281,5.180781439607638,1.342013144062353,-0.29764291253766095
2,-20.840697214414632,-12.927210716084597,-2.3529024514803676,2.867306283864618,-4.757000333832092
2,-2.605535309180567,-2.5332589959852334,2.485842585999109,1.148618199862639,-1.4707250744996043
2,5.134760155582409,3.8895109215630956,0.05223605213499905,-0.6630644009513917,1.2994820573505557
2,20.14083674031988,8.573589341890333,19.33215783437934,-3.515234110699947,1.9358197042380447
2,-25.031306592727258,-13.361099468340147,-11.289753682468652,3.514801082132459,-5.108689466818015
2,17.370322939979772,10.062153636201062,5.024441250594244,-2.0206941254214104,3.4816424154835097
2,-12.410865235314079,-5.846737887548814,-11.105200177193774,2.4459288123552376,-1.0518367614990627
2,11.576311435309844,6.027925662028142,8.246098557095632,-2.8199192543618308,1.2292973272156975
2,15.003489174797275,7.822500624593675,9.294617841987556,-2.6063842948780116,1.4915475886485483
2,3.4638097790449107,3.4617447300275774,0.13605005967137795,0.612064454599201,1.1845601640237167
2,-6.326927052870103,-1.6405658542838273,-8.48991406502295,0.9198455134447164,-0.3798268896394628
2,31.9047952017556,14.778964157950872,25.013375778484505,-5.033397467889656,4.394550392793481
2,25.72731191686118,13.749644969673508,13.681485616590278,-4.467842837477508,4.243466677925643
2,-9.364622351170988,-3.971564654234878,-6.814805819821752,0.16906600273792713,-0.7749040719759639
2,-10.463265197230681,-2.195605599972247,-13.94847889967894,1.208210224891661,-0.5527756021893241
2,-27.65619937827617,-14.206240988441127,-19.85854965623037,4.180216227603894,-4.015628145084858
2,-1.3590597682960166,-0.9681630302998905,-0.6880317276906291,0.7187355232796321,-0.16344211326201702
2,2.065019503919606,0.5138507288895642,3.1753982467903734,0.06313184920149575,-0.4010408362796941
2,8.31106079657503,4.938112420547324,5.298791125725706,-0.4178315152398365,1.3007806045182917
2,2.3897205358643543,1.9228849265996801,1.714424078883513,0.21619494707145911,0.4661864063674544
2,18.105895318038208,10.665709196588033,6.719764402348197,-2.1422422631298073,3.1482274243472768
2,-16.816730744286694,-7.460662080463029,-13.017738853409146,3.4769598562805384,-2.2294229481541477
2,-11.302714686147498,-3.984106784723571,-11.683748645465988,2.6402186764279176,-1.035429865192513
2,6.291772911358728,3.054276390844148,2.525293568308645,-1.1547191500825502,2.135302246335169
2,15.287064565060643,5.8978239036276445,14.860646705372384,-0.8500020137203246,2.015652300955774
2,-4.550876472389417,-2.386005546043434,-3.239296860915245,1.46063062763323,-0.8983872679089915
2,-0.06954249252678367,-0.5754291373240206,2.7179823109281,-0.20302993969141084,-0.92523972273797
2,-2.6137810077490897,1.2875791792678501,-9.78275493097842,-0.2631036066730956,0.5789648703216613
2,26.44207416534665,14.308953737275418,11.982043602009744,-3.5598200996767106,4.92682349749075
2,-17.40906418260606,-5.605025929975543,-24.597916296135537,2.2474916396446383,-0.4245257601258705
2,-7.085125786691031,-1.2829394338705065,-10.827429873206293,1.9313746848200881,0.01685312796987613
2,2.571967744079532,2.1943382406985354,1.2930177953999638,-1.124791406250821,0.30277491900514547
2,25.38366200035588,13.343384130394632,13.81700743021127,-3.4757949757165614,4.753966212940269
2,-22.07296302909643,-11.647333982485476,-12.975421864192247,2.0838429490639805,-3.7730295439714516
2,17.773357214965856,8.65343012505758,12.34818932264524,-2.8396752576531554,2.6721776971905
2,1.4989428034592578,0.16852250989818784,5.716696401859766,-0.8078849700156534,-1.1268532726992955
2,16.56216961989061,6.552839783707866,16.22615400674087,-2.8082318368295947,1.3969884788579168
2,9.674872628008291,4.9525407074822825,6.461969384146424,-1.0394931225691462,1.655332499015223
2,-23.357577030445356,-10.406338276539746,-15.828068297833953,5.125036327401505,-3.0756428845429578
2,-3.1490071440735616,0.19139271609883085,-6.866877668426669,1.5023163357125489,0.1630862290364012
2,14.47270809086624,7.377243036111874,10.84744626948997,-1.1630472559380847,1.8068166110759025
2,2.350853123225881,-0.023009251556228683,6.141249232652809,-0.7176301940765599,0.20588597498017389
2,4.475826308134196,4.035445322383738,-2.8822181100631954,-0.8392597111380287,1.2142917591424909
2,0.18282795621147804,-0.8465692853825091,2.505977303497219,0.7910009692411315,-0.07774315281753522
2,-11.039801046771943,-5.917199446280917,-4.239355987173179,1.6627493461055896,-1.6660188485248897
2,3.0012978386694322,2.501395733106145,-2.0063567432020166,-1.1804991977840429,1.1335295133792318
2,-14.563754910820116,-6.795102276743022,-12.171695278139682,3.431681268068349,-1.1166727001233685
2,-3.3174212815849065,0.1868439131698198,-9.17012350210552,1.1740831826045208,0.8306268121710929
2,13.434850596391115,6.278941072222862,9.147160789748524,-2.54247507784155,2.7171847632698216
2,-24.213431581479398,-10.792919644210636,-17.916222900491046,3.909128574762714,-3.141961396094197
2,16.353407490211538,11.08113640509807,-0.951725243660619,-0.018527100550821615,4.563713634756754
2,22.571777814963745,10.144107672415162,19.592352788304684,-3.187742953249207,2.72815232801485
2,-9.663503635369395,-3.694764164811134,-9.199468208524666,1.2197960037669013,-1.5813914795299258
2,-10.508385770893304,-6.048694356195772,-5.336948469845317,-0.46569957932437234,-2.553472356724165
2,6.36085827353479,3.610030165668655,5.079410160524264,-1.8779099613163512,0.5090942612447109
2,28.363958308436807,13.254499834683807,22.245656900022155,-5.072685046482468,3.7578647360621082
2,4.800480787163116,1.281315052891418,9.013549133010994,1.1662409884878628,0.21282671070490375
2,-12.01908253592818,-4.160137315047961,-15.39530314378575,3.399939276854021,-0.07518207696615516
2,23.513364623022586,13.32955855555355,8.561162294562356,-4.678288927659944,4.010315001495792
2,5.981699478554747,5.51108905941705,-3.0509941788140265,-1.5339054221281991,1.3812298460655064
2,-14.61107433764978,-9.008124787778495,-0.8736737881650358,2.7724731468764623,-4.238395404860668
2,16.356601907002236,9.489503911532745,6.29705712881674,-1.4324052024780038,3.54023206711385
2,-27.63849763732599,-14.681293971193224,-12.442937414674752,4.612074037848087,-5.298710578835812
2,-16.228284072851764,-9.54681523837565,-6.106298082798908,2.7530232317390753,-2.9314253627553692
2,-10.130604697262863,-7.124882965479401,2.3417020230495087,1.1347173430478614,-3.4544601139116335
2,7.092034875940197,2.9903189161889263,6.199910716807702,-2.0695782371050595,1.5964204345461892
2,-22.138377922638423,-9.848675193541302,-16.620936506929993,2.188920409128988,-3.798345284778185
2,-18.92295825985723,-6.6747345579397095,-21.633664740845184,3.0748956118087167,-1.3504864520504636
2,0.06311277660129587,-2.1329834048684306,8.048234266560009,-0.1496640407055595,-1.898383371852168
2,2.275978312950295,0.6720861652964994,2.91978626093161,0.10148742506504832,0.16428175635539682
2,-0.3651200640259329,0.04277307974984726,-3.4563373960457957,0.8998554621120494,0.41449634940439845
2,-24.46688197793058,-10.020005660927819,-23.23990640657615,4.680414417136586,-2.141031384659363
2,-10.793453150663986,-3.7027361049535377,-10.456266243009969,1.1115269652929416,-0.7740590546657498
2,-23.865270804637152,-11.869934495829053,-17.58340525461011,3.0660924376387593,-2.929588583128628
2,11.924554215266204,6.039468064784769,5.931272786370949,-1.773533239669031,1.8251449942675904
2,28.534425675604396,17.05531529071323,6.775006046778086,-5.515134026613422,6.3318189456032785
2,9.17585706541068,5.451024959629802,2.182567119627509,-0.13991192858808257,2.9232636501322005
2,-11.816622913850619,-7.241908052218979,-1.656750303281387,0.9792592314420365,-2.5801760208988065
2,12.903655483194969,8.428389945917578,3.8034654693109484,-0.21654832749730718,3.618400101656395
2,-34.1457647457622,-18.235253248064538,-18.74282776968408,5.999389005076232,-5.334620873325887
2,-18.856166087870267,-10.28849785216886,-4.831075470739156,2.3098469498183203,-3.99515519409749
2,18.92207760642208,7.395336290425175,19.469118591552313,-1.9033001077435667,1.8112907048809497
2,-46.24015537522028,-24.891087894570138,-23.930397669970073,6.804071003818054,-7.472758161609742
2,11.418844402146075,3.803019489512741,10.686972586926197,-2.000252288844189,1.4596494551510197
2,-30.129530733972317,-15.123845272825744,-14.975791626032047,5.839128972738629,-5.637423021484401
2,-37.37845530219876,-16.99479813255621,-26.88718880874283,6.569039217298915,-5.179680699407661
2,-1.6131423198855657,-2.050244662679486,2.039178415633444,0.6248388793045515,-0.3189031407469288
2,21.40995447651987,12.332784923317288,7.2077669154571415,-4.0280307766531385,4.337529646550743
2,-10.833167878596806,-4.935263659308988,-7.989141969827936,0.8895123708924155,-1.0719321857217805
2,12.313762077400463,6.665663368489477,4.19158811942302,-2.4400450913167426,2.29893442882812
2,-19.769590920089787,-8.34404828077339,-17.9636989139795,2.274060778046375,-2.086289351911313
2,13.94960834850374,6.28650722223,13.492099231451705,0.22065408378327636,1.8125004886864884
2,-10.004910945522274,-6.401510013115882,-1.4294668165267825,-0.023566749299974685,-2.611360074217961
2,10.003380535117408,6.08545129825169,0.12250366697917425,-1.3302760884330587,2.5578355261672194
2,-18.90607755105132,-10.292034521940252,-10.127368863070494,2.8981748973497754,-3.0453804181441173
2,-19.892971370715404,-10.688287087778923,-5.9198325073039175,3.4121912397528336,-4.14832873082372
2,-32.181404253665946,-15.813271819687026,-19.011500098065998,5.1322970766926135,-4.907928183509698
2,14.365704573895467,6.223775294338464,10.67282041931292,-4.041315801308846,1.5121485668365726
2,-17.419532942557428,-6.775286587708068,-19.302974858998454,2.1469288115841856,-1.3047879601264096
2,-20.68870132348993,-11.234982185253637,-7.1898840557972825,3.2236675090907405,-4.1451348166862605
2,11.911919026808544,5.968008474265073,6.9265777115855895,-0.1187100042317904,2.054851695212471
2,11.49143051426277,5.720075265281178,9.404148090513152,-0.08420968457535581,1.5844332719179648
2,13.768440952008898,6.98535621998263,6.262714761344099,-3.0116112482156736,2.3912971529756235
2,-13.631511352959928,-5.894443783569308,-12.325157563780417,2.188722510489521,-0.735064049152022
2,-6.531944630675838,-2.728887728436904,-3.1890008213573844,1.797994150399781,-1.0805902056649788
2,-15.387446082333273,-8.078859159690568,-7.232206504899452,0.4853576383580486,-2.9187776271319565
2,-9.854761308862875,-2.4974212545696886,-15.544226252825533,2.0408905363701484,0.16840898238373525
2,-1.2042324109313192,-3.3919157639772166,6.986063701430633,-0.43054396040774606,-1.689027644861065
2,-15.949088575057074,-5.779040241064547,-18.22952531286267,1.7309049612338312,-1.790352968848162
2,-12.29300168358571,-6.870175252788012,-7.579429787950835,1.9745246166748667,-2.1524413663616504
2,22.206380591038325,12.0565093669513,13.470217908832653,-4.987681984565663,3.305182888883574
2,-24.917106651078818,-13.638066348841393,-11.837239706144763,3.4231432843530625,-4.293287268708999
2,-17.87500420810953,-9.136118302703174,-10.221962202329161,5.278167031355866,-2.2971647675885736
2,4.23544427345656,-0.14181142053886164,13.446640663301876,1.377487958352489,-0.9754750336992845
2,-15.813057407873625,-5.807624073238438,-20.224768511332684,2.7753568892158165,-0.6536397940491097
2,-11.544273697980532,-5.650071045029129,-7.619212458706283,1.9773983000117974,-0.9998359983925329
2,-27.49403047173907,-11.089326958962353,-23.39241134032996,4.602445761618542,-3.2283087171536566
2,18.246694526300008,7.812417831311304,17.312687488896124,-3.139179803913543,1.984722561781548
2,-5.779164296293898,-3.556959460896089,-4.9788796585316595,-0.19166004290713673,0.5112938084349807
2,-1.459745555579023,-3.672218196286684,8.501503480367344,1.8739127160643059,-1.9328765916679154
2,-0.25143149361085115,0.5459958853915463,0.6178606708613339,0.5714068517488617,0.02625063751412346
2,13.764215497351442,7.022406440009879,8.530063122726986,-1.7925474775898114,2.244797321953494
2,19.3137731607195,11.408513131717967,4.7974650307944575,-2.305293415374134,4.371314720465322
2,8.93780865774086,5.540273143744326,3.171709080453524,-0.8660297637929265,1.495182041491009
2,-9.883798221297894,-6.655326598188737,0.21368279777331678,2.177780595594755,-2.340185661671738
2,-4.158069754585284,-3.6838047706672468,2.4559286047247544,-0.015852847889075546,-1.8089379619620125
2,-19.34366911684778,-9.510361276873573,-11.060646881366432,2.262474363682572,-3.54433188681564
2,25.834495411965218,14.26513322887792,11.308603146653027,-4.065958714771923,4.680574277966662
2,5.041378865271372,2.3639247300825246,3.80155234910067,-0.7991085134175894,0.6671125318091009
2,-3.465337257316313,-3.8694860213111775,4.150131618833074,-0.3305246065665044,-1.439339322448311
2,-9.579959050451158,-6.728860329473668,2.1378322939445984,2.006038041303418,-3.1446584970595253
2,-8.037595619114674,-5.246638060952804,0.8600598404389973,1.178911964813952,-2.4057698578272677
2,14.052966922380136,4.487782443693427,15.463115974066147,-1.3195024232124897,0.48966476275912896
2,18.593495609507922,9.448408845963886,8.714476880066925,-4.180747883440716,2.636465995725411
2,-3.74120469631416,-3.5401207578392735,3.065303247217806,0.5665097470249695,-1.3330769042437594
2,-32.29307706664706,-13.96570337809353,-25.87479218703453,4.5149496622581005,-4.777803560654929
2,-14.158132747672209,-8.502961628644297,-2.347693821395421,1.6480659277376397,-3.4647766149139367
2,2.82300301085236,1.7683212654059917,-0.2583854390929237,-1.1090976825848449,0.47812369660348786
2,16.193432714638845,6.559034328108536,15.103633676582456,-1.9817623556285828,1.956919364918327
2,-15.197797767371009,-6.677087890980193,-9.079876276931392,2.044962895657063,-2.0064572240003056
2,-1.7606715434870275,-3.409662745835731,5.637689155933747,-1.3535897295365036,-0.9627811165136106
2,0.1659084819142872,0.20888487968890318,2.357628552542681,0.9846882685374518,0.28781466364301017
2,8.389888638393932,3.034886025503973,7.311279891826779,-1.9794964001902877,1.0977942387103246
2,0.1680784118390036,0.4472369701885111,-0.41255377181927916,-0.3549119606951934,0.3350836359419723
2,15.52946362001139,7.733201234136936,9.522384267137618,-1.5696631747652592,2.9698708499651194
2,-20.752617218102944,-12.075385740255154,-6.30640378787941,3.262593700702141,-4.382558399912792
2,24.39437283121721,12.602484356890036,16.62152805566134,-3.4275143961027776,3.50268576583188
2,-0.47160220726823443,0.4593029724664117,-2.346961436218239,0.09465892141737571,0.8781537752061176
2,-15.677393942428468,-6.253148759335129,-16.202841191225694,1.6873558607361636,-1.5484868316311429
2,-1.9947177766141067,-0.930125036457739,-1.0958727044854006,0.71786150574013,-0.4451630148005598
2,16.78575850300601,8.724905389888734,6.640939317676979,-2.9198312641850594,3.5230965902515927
2,7.128018223128731,2.357128530650032,12.81493168828592,-0.723903942720517,-0.7211114898360623
2,-13.926452938021848,-7.545017594516713,-8.956804414204973,1.1337888673351801,-2.040992567669913
2,-2.4916088094600912,0.46428537594085834,-5.374049903130508,2.2473700113811925,0.5371568044805658
2,-8.812597216721846,-4.772259512974805,-5.927289183449041,1.383503310914963,-1.128695499588897
2,-9.203462701834663,-5.620672459330938,-0.6232826619288179,1.3658064178464222,-2.094471719390365
2,-18.464920067516104,-8.786879464539208,-17.449046730336853,1.7412134876957368,-2.1517300627043707
2,-5.2981887863942285,-1.4659017572615496,-6.366072227779176,2.053015049756181,-0.34605535023701656
2,-16.23395777898755,-6.398212187616183,-17.183106343656846,2.41050576501145,-1.7966785558804856
2,-28.52957386182591,-14.850317105545876,-15.594297173161797,3.8584154983515866,-4.985682595385821
2,17.283935056339747,7.020261073033604,16.660765038568837,-3.635350460127286,2.0333097565179483
2,8.058045153299306,2.993648060475132,6.906651757616732,-0.389018281073915,1.0600502350236751
2,-27.940932049215107,-15.799314148993638,-9.599694153659168,5.421046128933202,-5.95393220493767
2,4.780726805294369,0.6795280564205649,9.425229168317776,-0.9880303193625929,-0.48393297712194466
2,-11.687446559628414,-4.725744545667488,-13.97964420772359,1.8125463210915078,-0.17076791531266097
2,17.235472767929842,7.443892372817341,15.863229037851601,-1.0075578026954854,2.140495859093628
2,4.954282030031833,4.257763292642318,-3.597064293139433,-0.9079254950474158,1.966078632151125
