,0,1,2,3,4,5,6,7,8,9,10,11,12,13,14,15,16,17,18,19,20,21,22,23,24,25,26,27,28,29
1,1.6504415535117303,-6.650143991383716,-0.8319341264450606,-3.8140438775303163,-0.5261180724913076,-18.60194051650038,-5.597446189624378,-1.1406191478533896,1.2128553389721097,-0.534625417597444,-1.2847283479587557,1.1113680539618878,2.7659499099188407,2.541294322472398,-1.087017835501183,0.3613597272885798,-1.4127257847255943,1.0164532009617855,0.7209594847674713,-2.1052041778831523,0.48809173730290273,-1.3374565198243715,0.11404026030715944,1.1938389624308265,0.3680003287075011,-1.6390049415461003,-0.2805907061619935,0.05786798471992054,1.4784379828128873,1.5555006816252748
1,-0.7164480980318758,2.0582619275294265,-0.24990093704479927,0.8341355165028,-1.1231378850825744,5.527212105522461,3.8465871723694067,0.6097000827943531,1.9416345694646933,5.17194794287701,0.5012618164256336,-0.4331849845924021,-1.4182965593739403,-0.8872509303276882,0.09436161154363026,-1.4130093984538346,2.5604930334245313,-1.249149498678952,0.2265336835602682,-3.6578400234859756,0.10559549520106382,0.24982276478452875,-0.7969701039314977,-1.4802457242410203,-3.070079633365339,-1.6967012910230488,1.0084634024717094,3.9600372603183196,-5.684172148317248,-0.05704788676961492
1,-1.350415262945129,5.2542055039413444,0.5079692145447229,2.8630791259466375,3.069133860836997,13.486534150224129,1.8771266914395122,2.5431790245221797,-2.781921370390818,-1.3600098083623255,2.4341317110606684,0.01399377177150992,-2.3843597332032576,0.7285415644533253,-0.6649398643667699,-0.53216888453262,-1.1936029040731366,-2.347659579375552,-4.151579299336401,4.021070954133727,0.3575427820078493,0.17375958641877975,-0.08086526960981193,-1.7526819506253815,1.9212857553611786,0.6296985632246164,0.8783076571637704,0.417148813382345,-0.4176746453580305,1.2951717664021152
1,-0.4205162372639254,1.7365326030355626,-0.7392814924258772,0.25725418577555464,-1.711615190106913,6.673331633947565,5.172997773733567,3.5595750265416175,0.1949955533117108,7.165434500774074,0.5352302893910782,-0.024224966745428612,-1.5709601840341323,0.37566187300227416,1.271574375918934,-1.0014421641956712,0.8961432650686713,3.9230058717665215,-4.631809136831095,-0.4925462754021453,3.5543484537448737,0.22692924369259063,1.1815289784810172,-0.4999020848127933,-0.8132459333056259,-3.330520259605257,0.1059256706868756,-1.002433619320385,0.7323529431502841,-1.9140857437404455
1,1.2665636450651467,-4.3911891270491346,0.39596606673218826,-2.51788150268633,-0.19953227298309206,-10.69871804532451,0.7268647965010877,-4.817160615676062,-0.6391636170240216,-9.594697673245815,0.9875017659278129,-0.3117293736313052,2.5718391999572843,0.5173766143280688,0.7895468580827768,0.7175860712455358,1.0796031874291274,1.5560016100765464,5.917179242660027,0.34215882777677203,0.13213801353242838,0.44488038128876223,0.449001050122934,0.28299748755822085,1.7401479417717218,-1.2842000030741643,2.4863738720342026,-1.480320538669824,-0.3014409016441999,-0.6035998718681956
1,3.1602812059386234,-0.9035157191363778,2.12520884449793,-2.520717286285372,-1.7871053754710138,-4.792566208376789,-5.277938842073358,-5.204324849496837,-0.64563354797208,-12.73502270498572,1.121402444807178,1.1033088067044343,0.1745058103693078,0.4381500790248526,-1.112454670674707,-0.02429586452918247,-4.146396821323157,0.7860239852161323,6.2352526403093185,-2.198071036183115,-2.422412161550228,-0.7987723346941835,-0.14991300019722165,0.08229240701269251,-0.476137191179667,2.207208483074722,0.8484835919159153,-0.11838046142616833,-1.0003779774948014,1.782872602219607
1,-3.8908493931820787,4.9411147178602555,-3.4846576046425364,-2.3586712978885145,-0.3615644765458467,14.088938700395047,-3.8565046311032534,8.988105838589167,3.880018608010189,22.9539293932982,2.4447658135446155,-1.590130146874262,-1.6608035507741277,-2.844415544337104,-1.843059074796588,0.6799282873331017,-1.38240531209286,-1.0241409394785135,-13.488077306202428,-4.710975470122677,9.283780540481244,2.396924590000513,0.7673426796565033,0.39176552447334295,2.7741378078021084,0.9504456604818091,0.02329788036470913,-2.2065808684889476,1.8326963958110933,1.6404026354556622
1,-1.8740995030585994,0.7621876020901917,0.4357994811583768,1.2084904476729397,1.178690290960087,1.8722434751918957,5.208355064179449,1.086424057302236,0.34550007441713076,2.438872204093496,-0.8233145122787318,1.233732121598291,-1.273365514212881,2.033576237433124,1.5287896826097778,-0.20553933789795648,3.8452105677431856,-0.6722144120718081,-1.7864398904936711,-3.131129119187736,-2.2896972579479153,-0.8259653935232356,1.067167814995505,-2.407830082194883,1.0865351739168554,-1.3552445296212086,0.6405085511348845,-2.2802142122628983,2.3801067401003486,-0.5646848723216386
1,2.914189181866815,4.111166995856032,0.5078052106860881,-2.151865196591914,-0.34897868451265246,9.63968718738395,-3.0908212406946034,2.6724563363556397,-2.087941439488596,-0.09943593268628022,-0.3201282349823988,-0.9721310266761171,-1.8231116512652858,2.431298703145179,1.3079587370743093,0.3346716019694949,0.9696539900516642,0.17473688517130231,-3.615324016328472,4.198081863104264,-0.5539217455603409,-0.7964906329160797,-1.9022707037460962,0.895102978132596,-1.1603811795824837,1.6880308710034309,-0.2399246896863638,4.369581388067713,-7.326470803744283,0.9982193776296169
1,4.872201536970728,1.3359420930008827,5.018143186139227,-0.4674460813282856,1.409752863908799,10.084895321465432,3.7849898702899174,-6.471348076703655,-0.5508590731857891,-13.314633606752466,-1.8419761017230916,-3.672664307749225,-0.4699562473853915,1.912908761783467,-0.3594137583599995,-0.637812878045105,-2.114726388234392,-1.176936089558855,9.1838448312372,5.659182535430866,-3.2043238224029507,-2.920052269766223,-0.6902395627436888,-0.6903355650537124,-0.2179143504772333,2.1728328062935214,1.6744310315612843,2.6819561149676945,-5.481097356177694,1.315719224047768
1,-6.916899423416166,-8.363806626477517,-4.852644556134198,1.7910252355811382,-0.7086211905240873,-17.786080015640245,2.3272418463820186,1.488790771567408,-1.4945933167811838,-0.5782398319658719,0.4090693097703817,-1.688002336639899,3.9245970574138527,-1.980722771948372,0.8111604422077182,1.016202859391421,2.2467828249912185,0.8495122898535651,-1.7929167900287444,5.193334870989841,18.225827361855792,2.447053176059213,-0.7626692113406888,-1.5584321052906687,2.4477959083088634,0.6009863064161287,1.590552397154942,-2.281681076437391,4.2974690444828125,1.2065480108996969
1,-3.278470146074326,0.9727264550577408,-2.4612460804351985,-0.8122151056314112,-2.1468631314728057,8.035486242419326,1.6979534497118862,5.025518009449532,-0.5098463498761006,8.658304826721679,0.39070775903143024,-3.7263294496969563,-0.11435452376344528,0.2715001070996527,-1.090119889340448,-0.20723822257151375,-1.4944038116151033,-0.8409946975069719,-6.017376827113156,8.478702762887536,8.783114857221687,-0.1399639630962841,-1.9265420029617186,-0.14150733411824756,-4.591983953932001,3.1834054160888696,0.20357194093144113,5.414547359712067,-8.400961458180628,-0.17400091213435168
1,-8.162281399633267,-4.686892443383523,-5.2113954311485,-2.2425898983798103,0.08522772707226305,-11.209304506829756,-6.316187710184553,3.4669123653940703,-1.457654955436763,2.985744575413255,-1.4915348387785654,-0.9252929721485854,3.0841017751315905,-4.601220665075124,0.34089336637423656,1.6208593201006893,0.6900819576923639,-1.5797342419767566,-3.950074758222254,2.1372472192946943,14.853611939170746,2.8976364998302953,-1.0139949413403049,0.45179536391260916,0.3133477828969235,0.5135995760550535,0.7813409957210022,0.021950100967300535,-0.08326032242192775,0.8844397079231044
1,1.11589413393662,4.563257636936658,1.98452997951403,1.8052188017453954,-0.28417405831573017,8.105149609803606,-0.01635842909912145,-0.3821941374947369,-1.0192952883795645,-2.7124040099727513,0.6324466355442078,3.8440539467756403,-2.518489272038198,-1.108286310984691,-0.9415129390885827,-1.2575712622763229,-0.813876249275219,1.364269906794911,0.23272031363261203,-4.480955568103447,-4.229003641761923,-0.4828062673663195,1.9750472139793664,0.3096715959466569,-1.9014745969783169,-4.11487564357515,3.1046909076057623,3.6345891001619495,-6.897897384586701,0.4079477732789398
1,5.388792043421814,5.152971928142446,2.631586291354631,1.064047431233107,-2.1768334621279886,9.617596991397626,3.3079552510101546,-0.256680201466374,-0.6274925454101754,-1.1036608012957896,-2.885788153600979,1.3347664270225366,-2.125669822205252,2.2401358257844444,1.512315421068692,-1.5231264399849846,1.922284800027273,-1.6460808675787744,0.8402405932578829,-0.9631434815020137,-16.725315918662258,-2.689628194884741,0.5302478635565439,0.3458377140388974,-1.0290315297440416,-1.0551466508813314,-0.18159016859783234,1.6968440873581232,-2.09570852770073,-0.2037613188637571
1,7.538440971945857,7.583037932207913,6.265179566729411,0.4058251396346501,-2.8299855028226024,21.160607974574738,6.2747214411863315,-7.884069878420855,-0.6370637177133551,-14.736507008428164,-0.18993499674349126,-0.27701788810142364,-3.36198787800223,6.0512982071938195,-0.7945417441964396,-1.754035783306001,-1.6300785657445964,0.9788097493701858,10.305894700405032,1.4883315557692987,-9.488142431399522,-3.2770304781816755,-0.5147124165098942,-1.0140710571818619,-2.0619831728923077,-0.3945114542443449,-0.8444975238080747,3.093735197904467,-5.024799857753099,0.910100784652852
1,0.33830128454207326,-0.7204443653642981,1.0115957634530464,-0.22521988521871278,0.1347156627976273,-4.053795333975121,-3.242926716392984,-2.0992242065483606,0.08858445291742202,-5.907577811696349,3.5925621884675945,-0.049217154289878585,1.0136170981624129,-2.8088594515263865,0.948908334728684,1.057181356207376,1.3785625914573927,-0.7625377126820151,3.040070005928343,-3.447740680794346,-0.47889711886849856,-0.013815223916515173,1.197375357079958,1.1970038047630274,2.056896927195184,-2.94182825908025,-0.42599137110196145,-0.6838370256634163,-0.7574966802005809,0.3579120830869822
1,6.489723043178276,4.111672916195966,4.486565870328722,2.19306635480323,0.792829483385,10.981423963080632,3.0695559140426347,-2.748733117278523,1.0723393677156805,-3.420618049432086,2.481096027453019,-1.0161706247437152,-2.048353407111371,5.762675039201602,-1.468022658349959,-2.0955403307470872,-2.3501370480345503,1.2868570293675545,4.45321056615044,-0.1305311630231843,-4.966594325316809,-4.275072577832069,0.840488650738891,-1.2364243519454075,-0.793681104114256,0.5650411190117313,-0.16824408663480692,4.229326810333229,-5.738077785919743,1.7359099294807991
1,-0.7319071827888831,1.0055307552810269,-1.1837340371811553,4.827764014726035,-0.5528599329421258,3.617862049268929,2.3348873668269956,-0.2497790491137438,-0.9012336696512114,-0.2165725681176843,-1.089697521369774,-1.0763187670468308,0.3488300946614791,-4.660088199174791,0.5354725490454899,0.6163901852604933,-1.063905620868971,-2.852748250687848,1.3711301321433393,1.5039941736687572,1.4343497258071956,1.7846396217263099,0.3052515261861653,-2.928674112341912,-0.308925164556158,-0.875291333821786,-0.11655061688164829,-1.3613753379929014,2.59412710943709,1.176581077209039
1,3.7165801710388466,1.0368761804841782,3.9053321250244224,0.7585396171524837,0.532335542675523,4.3789943252915835,-0.03948189021189368,-4.281847148880161,0.6771171669166038,-8.974952221656245,-0.5057566528594682,1.6420259807150306,-1.0908289976543215,1.7814786391985569,0.9165993475698206,-0.8955010631434775,-0.5577091600903403,0.4333532309675604,7.2076818522213015,-4.043337069039629,-7.840479684740846,-2.561464859377873,-0.9143048943429245,-0.215414789338809,-4.399482352081995,3.9624930279117163,-0.4293346476456991,7.675865849921947,-11.407175809293204,1.2664167147018475
1,4.691773606899682,6.2699343394725835,4.003956075299314,-0.7856573379486733,1.0177925824176965,17.18421680672063,6.317837712372822,-2.8999549571584176,-0.12177134495064604,-5.424472175804414,0.7180561036392086,-1.2287563357542242,-2.9725931773684735,2.5551719808308766,3.1829945911460986,-1.6733063101864791,3.3698293620934328,0.39794375348630934,1.7646855678516333,3.523302022777184,-5.1090497785866456,-3.427042269495251,-0.17457318097953256,-1.0138626468961185,-3.5389899152939313,-1.1382700362026066,-1.7744972193862314,3.6424720453668655,-6.908258736344113,0.40185748116448505
1,3.567143790221798,-4.993158809268856,1.4728533286782386,-1.7057610632901006,-1.13585433923212,-14.87384102280367,-3.178109017143731,-3.5197037297387257,1.0109190359821325,-2.914954276628858,0.8147453909057183,1.8453788845998238,2.19014477009147,3.089492633062074,0.34976942462728533,-0.08402475362953704,1.464634103125236,-0.3775831131730852,3.2181711048723614,-3.947764357621418,-5.182617251232437,-0.7066282870386048,0.13739344645072707,-0.050125803880207154,1.396773370217692,-0.16725406670237647,1.8322787369108922,0.6983344334521239,-0.5287168401572586,1.7195692531633013
1,-5.328803795267562,0.23797412527733366,-3.489078389663925,1.3855664363136895,0.9834562459263043,4.330301570019603,-2.0878810413209754,5.409721898296629,-1.272662745381528,7.263776629492176,0.24948842871174623,-2.898896104117744,0.6308197491457253,-3.490798781585299,-0.4115047581542581,0.686101523927063,-0.993803964908815,-1.1678857397244313,-7.78787060922223,7.188507352895488,13.338006053747737,2.2810468144671767,-0.9139015536503324,-0.9467731312707255,0.09977308804104472,0.24567684040515708,0.35593159539984176,1.3473436442581157,-2.031759849552112,1.1842345476206109
1,-1.379024812026356,3.246239134782243,0.4128155582105773,-1.8505441886086158,-1.6643022211716516,11.147365221107783,-4.484493229846688,0.8431377504566704,1.1146846127965506,3.0702044355952007,-0.2786259541720783,-1.0247278695889608,-1.5647819334700193,1.436399496996546,-0.6182019608949053,0.50249636533514,-1.7519960062402231,2.1156068707556477,1.2339482599948355,-0.7735689490762335,4.5853727966120585,0.06726177767040732,-0.644529517660456,2.777158647928634,0.7696405433956699,0.09222520507974437,0.2060571274455159,-1.162920707810043,2.682527083548321,-0.44566078811585813
1,-2.863967058030464,-4.151945788679122,-2.406118560773533,-4.067322853111892,1.1548161366507852,-7.991577493176166,-6.757568620387318,0.4182622137274474,-0.40442785136312076,0.60086145566042,0.34049681858452774,-1.7617797758769065,1.5676294640895472,-0.02815153788038402,1.4280003815087714,1.1339676179200298,2.7270390972556164,-1.232541310850243,-1.8014893705525434,3.320678063616141,3.948662814141321,0.8803128852452515,-3.4629050729859028,3.33052407964126,0.8457684954037531,6.914898416388464,-1.06740921515005,-4.5782285958528774,7.352843716994582,-0.7472720338605877
1,-6.005755641555041,2.157045217545009,-3.5429216412822515,0.5628242757465026,-0.5922004271159175,6.9464605431453545,-0.4939357619619299,6.7038078205980405,1.233651406455746,17.06995152190529,0.19326145310384812,0.004986917195152923,-1.0424583405378844,-5.805627900456839,2.67203620421372,0.2809723237266513,3.056491450619637,0.6631369597549082,-7.649406668545378,-3.010010285420354,13.328357299837489,2.8141034412971107,-0.11468203864396109,0.12551659998068665,1.336016020088998,-0.5597512682539475,1.4250776791512518,-1.0635571967873423,3.436770684430021,1.2974223854196005
1,3.103915423762071,-5.456993440077215,1.5253027226958602,0.6160298491262308,0.18575797275448455,-7.9116764266912245,-0.7276301489789687,-5.142115148074446,0.6891462514323741,-6.964233967474362,0.524060533766477,-3.257251374044355,2.4091746986189757,-0.22016565540737373,-1.3887537656357167,0.8381050494813117,-2.830165678428089,1.2840452396530657,6.179068729552122,4.020725413730498,1.0828992208254165,-0.5541606081519058,-1.7517412061323432,-0.5950405664135244,-0.6299972761339943,3.577126364678393,3.0176169047822,3.0048506972049416,-4.124029209705583,-0.032446865531359434
1,3.8006832495681904,-1.1498252049776287,2.220466281058398,0.8311720506847304,1.8480402710384254,-1.6558552374128928,2.48156350224985,-4.147345881829978,1.6568841566092827,-3.8178594511700084,1.6386307145027847,-1.2598890775579736,0.5162167971329928,0.5827685029086778,0.6798980064893665,0.137030344569481,2.546016355316974,-0.3121903238301164,5.3465573442540295,-0.5643503201472824,-8.10677866080535,-1.0895712548667333,-1.4113027453687472,-0.4011494620019769,-3.8292857686910184,2.6009329945897126,-2.2419790311567533,4.030360849061319,-8.016119303962144,-1.1408331819795898
1,2.0794707943419666,-0.5444797185169927,2.866066102536513,-3.416876395965857,-1.676156018933646,-1.172426864465235,-4.599714534499558,-4.765205410156706,-0.3569348176139296,-9.932201332748035,-0.07366992722738745,0.6617433438146194,0.4575971095190957,2.794091537480073,2.6705916682005815,0.47706720586184637,3.085292258275943,0.4278735390114496,6.705402962736777,-0.6931648670117743,-3.6185838272708435,-1.170659556441764,-0.5229175244071053,1.474087610941031,-1.4721073928786097,-1.2272928153593476,0.9484423583377637,3.516637110826921,-6.511254394412873,0.5472424772949718
1,-5.56621814873937,-2.429765598545949,-4.164471218705187,3.93472545946335,0.5987411471193269,-5.002633773664861,0.41846191897862145,4.2008819705427225,1.6526670280130562,10.85533226861878,2.2887152409831324,-0.5095994758661543,1.6470739392128997,-0.5082234829136136,0.3805274805923173,1.3216856139102575,1.508732329630775,1.7163658082060897,-5.484177978484932,-3.1403300695335963,13.41861915845418,3.0586252323972873,-0.9094567115843597,-1.8566090118265337,-2.2159200454456993,1.6599121548168965,2.1789442759208466,5.345342754759549,-9.147289840812658,0.3766235970878012
1,6.050383681213518,-0.07544943796986987,3.5982033273690273,0.5717731049172113,1.1484009044206744,-5.756033082458094,0.12456533630501342,-8.504512540028252,-1.0927462209112997,-17.72762592870259,-0.22362037380067173,3.986173798738009,0.7883533580670783,3.1969575678257396,-1.9736495816023674,-0.41860624965786625,-2.654182818111158,2.1691461403356436,8.779775895191326,-4.943377930997018,-13.743863671165245,-1.019439837462581,0.9206988115363555,-0.054963319614632494,0.35077552476543444,-0.21581798119238757,-1.0050413569819123,0.6192033612020222,-2.873075375402543,0.19706221834494642
1,7.166240423037598,5.886989968965469,5.240876226743266,-1.156610150298468,-1.9668208664766686,16.580971332759045,4.550253322890835,-2.807205395265481,-1.177883996044101,-8.137041602519117,-0.6080219572451394,-0.2212886505844123,-2.6530376833360156,5.722480345406056,-0.9720037947876516,-0.7176998809739756,-2.225800947705589,-1.3167545399007905,2.2416617747343057,2.3799150219729377,-16.363056142734987,-2.589820637116915,-0.726271081474771,-0.7540366659777904,-1.3570392818043973,1.2283415518133942,-1.1737955982232988,2.406283161224323,-2.270968491240131,-0.25003630512795794
1,2.868829519078405,-0.30312815963862166,2.8979284813969444,-1.1713068820719894,1.8502053721542833,0.1252593213048684,3.8113096007896723,-6.836444324510781,0.18861414665636952,-13.82081935099187,0.5939950628611026,-1.1570945652097044,0.8413966368991469,-0.45358509085383675,-0.6389114585741984,-0.7340440232457657,-2.5630810791826404,-0.7316740514906672,7.884451243150548,0.778152919490796,-7.505203209527829,-1.2144481805694092,1.0543712451057088,0.49365319887589,2.493211198136134,-3.2259128584881878,0.9577101692370708,-5.901140366134715,10.331734946275592,-1.3066375228886675
1,9.81945915706704,-0.22285519369681941,8.4866633574308,-1.3244737408782146,0.6054844360870958,0.999489732718795,3.093393383453992,-12.27624851232208,-1.4625625715607777,-24.747173449353408,0.07424758173046234,-1.4065454893332032,-0.1412281264961077,5.0478426057299535,2.1236800574592176,-2.0884807517690023,3.627456822377282,0.4636487084253972,17.142015608912377,0.40957531654720936,-15.91285626016659,-4.033574302494266,-0.9577886766589784,1.125647309892674,-4.785509797732407,2.719340736122741,-1.2790825198132723,6.499674488986895,-11.445400112278232,-0.5579448101868804
1,5.531534734942721,-0.12942867482280393,3.5822964102123165,0.45380808167736786,2.3099754408107396,0.969789199432059,7.392986011019485,-3.716430587066907,0.9997403641625316,-5.402828117551505,1.0687212038252012,0.33097558921648745,-1.5389274947183926,2.9036028866273513,-1.4344378578801955,-1.552693151984839,-0.5782063313694956,-1.2743358357468875,5.025727112969836,-1.6339325989631086,-11.509514040396047,-2.7619478352746465,0.9581345416729934,-1.1884709276086747,-0.386430768360661,-3.049488324072995,-0.7496470346047928,2.771912619906185,-3.4957426094431354,-0.5107222005582643
1,-8.244792193859501,-9.092455124610007,-4.600475702654978,6.763720976442012,-1.6011798433802464,-28.498919266853562,5.761688073287629,0.6079489744714489,-2.5369756524350184,-3.505223650935959,-1.1153387077713903,2.597515752846079,4.931704780322339,-4.720509983929945,0.18057250397261934,2.158647297978591,-1.7376088176680742,-2.4557439510370207,-2.2331636782183746,-0.07323157577586623,6.414218302885957,2.6022098010449786,2.0785027893278616,-4.3837942152787654,3.4192725325155946,-2.3098723799138616,-1.2469038840624793,-7.309491336701788,12.105605698959085,-0.4535432421852379
1,-2.8263573535550566,-5.9994621243826876,-1.8667310233952439,-1.4499462125607203,-0.3197045437096956,-15.168384843520577,-1.1557921912864793,0.3604360580644294,0.18192843338887488,-1.058360145773404,0.023673246962197345,0.9601168614992387,2.48397425638017,-4.253801338712114,-1.6344014428247295,0.9480525854124943,-1.5932181329324697,-0.2411624939742272,1.627421377804525,-4.387912908507072,4.207361699257692,2.7451821602331585,-0.027052444708768518,0.7635583863311474,1.9378302904156648,-1.9868951698010826,1.4028534159665222,-2.898736722049969,4.1676783758629465,-0.7949856361955739
1,3.398699434211861,7.346493770272396,1.5069261528816318,4.494925067689742,-0.5936633225892277,16.064870344125033,5.37947250498916,-0.237357201688501,0.9065112304386599,4.459484726747253,-0.8939569855037965,1.8175805288141322,-3.6033960350789878,3.1946774301466245,-0.5151791061369068,-1.0730338428521253,0.5268974102614143,-1.4576163140495928,-1.979234388851294,-4.605643204069442,-13.405007352172161,-1.1386248644445234,2.0986671754183064,-0.8412164076446053,1.9183397965023943,-1.4270982942721204,-0.21747803514277875,-4.09868005807349,4.231633727096382,-0.6641422793483605
1,3.3538271498835215,4.364680953304913,4.113425379388957,3.6746720792124723,-0.6399454778185526,11.479028946213955,8.604574591630481,-3.1448749908394045,0.878543934465854,-3.857318441152426,2.04003937359614,-0.15929528009384053,-2.0808000754463847,3.5017309903521996,1.012448028328648,-1.903988580168834,0.522166132905196,-1.1568192004654683,4.881316048318569,-1.0088172308345067,-6.891287094965009,-2.4663737565208015,0.16496481806735414,-2.6364833086487938,-1.8072773953766,-0.5469860158270688,0.4904672947478202,3.07442309906691,-6.150883741092393,0.1320283630788172
1,-3.062921142399727,-4.027592804312963,-2.1397915377510306,3.3702554355681205,0.5322292160557238,-12.95215527951032,-2.7035117594824354,3.0859939529405715,-1.1486181948992114,4.1551398001925195,1.773271929721634,2.4841131723219427,1.0680182774456772,-5.576003678646863,1.5957950363719278,1.187932863264949,1.7897589019646893,1.489918980718286,-5.694440976567817,-2.4415725542739257,6.281542177830733,2.202781971646075,0.9355542461168512,-1.078447405870115,4.533220468152363,-2.346618567423914,-1.5380514448794171,-2.542755204830983,4.901076524440078,2.093493180670721
1,4.648312452271637,1.7402516481240278,3.974858425071833,-0.438245112617638,-1.393838074843972,5.605805459433464,2.6246985067936226,-3.016312573616236,-0.8809218056311874,-5.631386366107606,-1.6450515111565605,0.6519617269386706,-2.027647330584397,2.938251741362672,1.0144974425902111,-1.1009202106473164,1.26336483246927,-1.6733748285065335,3.2220784940581364,-0.3524736777735856,-12.797256312673383,-2.4216625309212336,-0.5179640646230429,-0.1663420456397214,-1.4556479637771151,0.42974227262521136,-2.594375848019171,1.7363165818581978,-2.389676665955876,-0.5718956204833646
1,3.949519916171418,-2.6589863842994923,4.261817275079145,1.5806222575616162,-0.03870411928968146,-0.15740049445130316,2.805395514790883,-5.255581672759765,-1.5028902771356316,-13.12372753435046,-2.37173684015359,-3.724528034641284,0.4667472538456648,0.9989219736058496,1.8513267537129912,0.20000882199887637,4.835753439212499,-0.7505833541187674,5.628616945033724,8.490509125147604,-4.702810747053942,-1.0215240740271452,-1.644105210213413,-0.7417813560057887,-0.25248961352289434,2.2546572086125254,0.04616915721554423,-3.6272259211276667,5.852718846627986,-1.7481840154489114
1,1.8943382610619137,1.2955812893711374,0.5457365094561353,0.21979811549429804,0.9834646954181688,-1.9366724239794604,-2.939843170348231,1.3113684764562186,-1.162345055827166,-0.025167367840364215,-0.33264517696121454,3.5184432010636866,-1.5219107474209135,-0.39972740272346324,-0.7716681202871264,-0.34178772128995255,-0.45960520870318083,-0.5019400331658215,-0.5558449560364968,-4.517714482254073,-4.534710902098877,-0.37783032663577204,1.6877135031938015,0.3909146722555149,1.3102840282195607,-1.3884149143408555,0.8190468415977832,0.012921279155372372,0.36155874530333126,2.5368854391565163
1,3.303268585079242,-2.6989493425783597,2.751570464166332,-2.976184234159027,1.4344917406568913,-5.761010199686413,4.371883944258484,-7.4186848821424185,-0.6857220947986599,-14.90506923118083,-0.24958109096627348,-0.7671635958777397,1.0742132109634879,3.6881451981268407,-0.7471231292231382,-0.18568876941732165,-1.0519539548851262,-0.26396311692541363,10.166420913774807,2.4472391198234216,-11.391589571646897,-1.9033249101329768,-0.5876186060088043,0.34246818527909,-0.8156148116885924,1.338054435304748,1.4355016992322764,-1.9189449473636129,0.943041474000415,-2.642747641649496
1,-2.1461390416716606,-6.78338022083801,-1.597313342100699,-0.3806535879671536,-0.26548549665140647,-17.292906417210265,-7.963067454726961,0.07659015791525157,1.4764113508393386,1.677262467428509,0.26974389012547667,0.21127382986691626,2.7256248422963094,1.4300062372861084,1.2516885129962536,1.1930447553240673,0.2512916677642944,-1.698228433582996,-0.41748988672799575,-3.587722127726812,0.4694405581913669,-0.07637528248089247,-0.10153007351649192,1.8285043541402646,2.09691738859624,-0.713124785183204,-2.336943086396896,-1.887880730727324,3.5864829904705955,1.2715059115644138
1,4.580919944011017,6.29761607182601,5.656177017421364,-1.8253940789920198,-0.9905119443978208,19.170386228690624,2.1703955197754974,-4.953257787490186,-1.4353551984635267,-11.125962726932114,1.2569764095075775,-2.040271619409977,-3.5932674068600057,6.340698957251193,0.9996495254127253,-1.9025445219343016,1.4118269723582437,-0.6677588245671858,5.4206051542963385,4.383499079160788,-5.0063878360921,-3.550252796904863,-1.3637597831024673,1.5201785816054956,-6.101625989591689,3.4046797782962623,1.7245641424992337,10.153758756871659,-15.340091846255705,0.48021656099007987
1,-3.6513042021090594,-3.7263508396928824,-3.0596042482094306,-2.430293387091529,0.13477147874535775,-7.864818826044868,-11.345507854324465,1.9335116562796102,-0.32815225031310546,2.48841817914672,-0.5342342082363963,-1.2446483551108405,2.520292113266759,-3.148544683658688,-0.28742283607467406,1.658774786459458,-0.8578655079676751,2.4131814933909252,-4.568870408075704,-0.82320318291532,14.849745603232142,3.839159297028817,-1.2836557338502925,2.116564494893621,1.7974312047201861,0.21574257559840773,0.9993650359069413,-1.2004000709038125,0.549122072915698,2.2149056550315587
1,4.021986115371526,1.1992690056287423,3.3517992507118812,3.0501072444862265,0.43709404516279954,2.257021354067537,2.50799155158693,-4.649342719693984,-0.3564923676524359,-7.802606778134023,-1.6702080975320965,1.0599318124692432,-1.3598445324477821,1.3926890270037877,-2.3022832675409513,-0.7885040807310681,-3.4233151612720603,0.14779580329914044,6.0307963344618685,-1.3331277991570298,-6.930749815675331,-1.5095870335393926,-0.1355117577013773,-1.5726331077885265,-1.959323319235969,-0.6726595978659061,1.627694932946379,2.6592107737969304,-3.378002019183778,1.0562733829333149
1,-5.4220983149370685,-6.2690524633220965,-4.505186098446325,2.8337927780384926,-0.7237471503384791,-16.568215131177872,-1.4072083316183541,5.512862821212473,-0.111189598669891,9.917719089775492,0.9020192360392122,0.03218108656948675,2.452772676546572,-2.12969369142844,-1.0144290863934928,2.1045758666746472,-0.045511214251236866,1.8749990850114524,-6.967186172722907,2.4550985235531897,14.163046693123261,1.9413476767821507,-0.06401127825941463,-2.0076207235855392,0.7706375694724025,-0.11909890850219045,0.10616586477248204,-2.0021657833949096,3.0092185080564793,0.2244437015210584
1,-3.9477687123668077,-4.96352197467862,-1.776929783317061,1.5849865513417731,-0.39742346590037814,-7.399241411926447,0.5778563593889773,1.9137953564748005,0.928229799484954,6.125147151486468,0.3584815766681933,-1.4907333842690784,1.233382833719136,-1.578143234503561,3.0825169771745076,-0.2775416084982148,3.526322564265921,0.8631689580145301,-1.7310292408301955,1.1341308332765718,13.627090055049683,1.1053080385934975,-0.005872241667525639,-0.7932369500858965,-0.8156736847973919,-1.866637145839457,-0.6144614284624521,3.573864725071288,-6.052955218071253,1.3467585665332917
2,0.061810791995768395,3.226564254272571,-0.34775993525580423,-0.868521255798104,0.18562667749049444,7.286335656324276,-1.5734605805877104,3.039454283443706,0.32309278436523575,5.117466033681961,0.8723839014756062,-0.16787709303664727,-2.0338190977646637,-2.5614627380711386,0.06568870227346159,-0.809035498091166,1.147749103911941,0.9768214097219988,-3.395852862729301,-1.3671958253867904,4.5869679722878764,-0.6429308499341942,0.34670042775756826,-0.8640731368221202,-1.498735288492953,-0.3929159638525875,0.9424443176355594,7.171067981217794,-14.340005334550122,1.5749849742333077
2,-3.783108926244965,-3.662730429281359,-1.3969208548586554,-1.2204427664907629,-0.16573951793590255,-8.397970176769844,-3.8705364881257145,-1.832046452881557,1.7500507346826595,-0.033189540079017726,1.6548069390075484,-0.8955313349802818,1.7391834523587604,-1.3043313280358684,-0.9071735430491754,0.6098829605818225,-1.467058757207706,-0.054333629332746124,2.909459513752582,-0.5428367408760637,12.336143571381866,1.209979800216428,0.8890851959354092,0.441402934391067,3.7391153474784464,1.0839191233897931,0.2473693985503907,-0.8958251009766013,1.8052950784553392,2.3859930566200838
2,-3.9124998828270616,1.6813578937563018,-2.6880220383961095,-4.335023589848282,0.35699648644965626,12.35932678107659,-4.481042257451903,6.022837592498369,-0.5017494999524174,9.52955918894279,-1.8880025597006913,-5.1817045987979515,-0.8765986634274726,-0.2488615732771081,-0.3926956703450297,0.09308689663649466,0.8626664848554246,1.7780973065584773,-7.356125412682086,8.258143416181614,14.992017657881934,1.4657297189395015,-0.7154746561840324,-3.7602101429587163,-1.9958698939008213,0.6084566412347105,1.9285005180181092,3.267711953792193,-6.593363925558192,-0.574355579154359
2,2.3523392234573866,4.761848992257673,0.9383442373375592,0.18269808938516036,1.1347350205079922,10.873977791960169,2.5311135109960357,0.9306691571809416,0.2799959574706241,2.3102853602090745,0.6685730211376903,1.0481388947087682,-2.4309032111610174,1.1957656415106597,0.02723315004577784,-1.9273207945101456,-0.1954500213545133,-0.07320815173566339,0.07293337148416408,-3.286485019562348,-1.768910637117087,-1.2036823586885579,0.07730029148745053,0.5569806826940028,-3.7294174635242405,0.9680916789991234,-0.7665276245576983,6.225192170973379,-12.508955164903929,1.5081608883235613
2,-2.866286350889207,3.1766025890595095,-2.02522173800291,0.5631441835011732,0.4496937697148172,6.171567814996709,0.7481312919492605,6.567289337926025,-1.0073195177808494,10.05512470466559,-0.31157090062001924,-0.18746627391500745,-0.37523228120735835,-2.056350089264974,0.9358546654707903,-0.46554919077534773,0.6162064547673808,-0.659606491231644,-9.582026022109742,2.8886138492911453,6.429677045853492,2.082264394567329,0.30271371419398263,0.5049525331770056,1.3274171035405402,1.2787312747146757,-1.3407652696453098,-0.13061243032592101,2.5300976303137186,0.4256516127066276
2,4.181674892801558,6.5431554759766755,3.86905965985938,-2.0621398240150497,1.640237993716238,17.04425657116475,-0.9286317377201618,-1.2353894260891867,-0.4020858666330889,-2.3000125841688472,0.04315429682910766,-0.9144783075876307,-2.9748026157774796,2.3610649789050577,0.8323480654873436,-1.7372807432765744,1.1058170668536051,2.9565714223660886,2.092502391825314,1.7857509979438262,2.477911135291014,-1.0010275424074893,-0.8076154405074284,0.7699932610136847,-1.5007565344008376,3.994535637106919,0.6776606708941778,4.642992225628185,-9.52139318405198,1.945835063324933
2,-2.034289269653692,-4.623784574824223,-2.0181433535072295,-0.8668531876808488,0.001395232772512581,-10.834830178436366,-3.5736761357020423,2.3588201310818127,0.05783176054576346,4.38593306178566,1.488480733275962,-1.6673558508721595,2.588365924943453,-2.182003741643699,-0.15576770614874913,1.1024791852304594,0.22784618726019518,0.3381400722968926,-1.2519412465688737,2.3610790110468587,4.478592526589433,0.878032545654127,-0.8930119789687996,-0.82734711338464,0.37665098303436334,1.1349659751336243,2.135925879380891,-2.398398240791616,3.4768342750462096,-0.38092854850883734
2,-2.053998109248288,-1.9727706111248589,-0.3096912586139388,-0.5914412479389044,0.9526123215033255,-10.237170481424712,-0.4998250181087193,-2.7407612091181637,0.18192571926108478,-4.156228421273252,0.6006230412988108,2.1668974469776785,1.8355436138249437,0.07563180924808537,-1.3497895390530696,1.114472061283024,-1.6071368796576035,-1.4394311075587847,5.107025530006695,-5.633995582785857,-5.600952791979858,0.8087078745170734,1.6233854193652184,0.6722629852514481,3.4501427656721604,-4.426169514984336,-0.16268153558732099,-8.312972345913495,11.793098401121439,-1.3158823013139072
2,-3.605714076767896,2.7496905772572515,-1.2082852797958084,-1.3835949266281586,0.5493303418920034,8.839751797462538,5.0801381345290695,2.1740361000825996,1.008666972757655,3.813163888232047,-0.08379659893762148,-2.134811765563727,-1.1625410781493088,1.4490379484886078,-0.1432909435177075,-0.3719569962051691,-1.3058486431055452,0.19227878133792145,-2.1244092951529865,1.8336256215828397,9.065111240487607,0.25186218199508886,-2.255876092112053,1.5554115238410617,-6.496351394536316,2.77079279519335,2.152429517845561,9.677803096679106,-14.899205705842116,-0.8342502893621914
2,-1.4219767625158932,5.305592469064697,-0.6799677316547336,0.2461688809101455,0.4583587357998538,13.868366297617325,-0.3426765898197254,4.587083986351752,-0.1764179924648962,12.006067330719045,0.5090662392974686,0.5698042819169851,-3.190400906976802,-1.7031289730824681,0.5881181125585898,-0.5671204578393226,1.8994150878589444,-0.9218544479609507,-7.117042350437941,0.6770949091463495,0.4400616456668398,1.2635319800391756,-0.44184038354934035,-1.2712094454087166,-1.8015048551075936,0.08694121635658046,-0.3175543599441888,2.8071807595498712,-5.713568444188137,-0.3179295998056584
2,-4.386757682430873,-5.104383307425423,-4.702091758395202,-3.026761954842352,-0.8170774420979309,-14.399229877298419,-1.778982303387599,5.15290545388176,0.47465534994626296,9.63526268675973,0.48278537710092906,1.0113386535535491,2.365399224415001,-2.301579398012952,0.5404542186978692,1.417037736262946,-0.29843978119635933,0.3704305829926722,-8.232276000838283,-0.7345710987749953,7.5339082435487095,2.383942945877226,0.45978992838674687,0.2740737778558742,1.2806126599305474,-0.29735189029116504,-0.7272853719312738,-2.8511466772869314,5.617076415466766,-0.2848623255576225
2,-7.388414915067026,-3.435864910944022,-5.393962487078062,-1.256803669897448,-1.4068083223428933,-8.522724211271909,-2.976491913870423,4.44880465907539,0.0441705569908191,8.645174648883112,-1.0797797576105708,-0.020703266329753757,1.7741238499275043,-5.658118243831513,0.8600474432862353,0.9829090704357332,-0.48825591601930163,0.951487131982601,-5.884595660327222,-0.7587959193106056,15.270429798913346,2.5149740952070014,0.42352493834662336,0.4946251685566264,3.0865405368637813,-1.7312022628779964,-2.4015012776890186,-3.8537258130732006,7.613917138040894,0.7789116953379046
2,7.344381716807779,5.340563197250285,4.844398439279714,-0.3739988344720514,-0.7034366155589796,13.712706471439617,2.7335859951141614,-2.7286794060205684,-0.7080662675912368,-6.432756317695302,-2.569298077842095,0.7820348965959314,-3.5495520096417432,4.139296608525543,-1.3370794442733012,-2.293936093443831,-0.5285112710529969,0.832382726042504,4.194907004818295,-0.31783050496112275,-10.364928458206025,-1.861990263586962,-0.8414239576253962,-1.7967014091121774,-5.6719295709957995,0.6668487246892764,2.9559149894497403,8.33018561548049,-15.400124349252245,-0.4229327338104467
2,-2.119472763239551,-1.4948718466103172,-1.1508854721232173,-2.5772609018461536,1.0269520918721986,0.5119540840995841,-2.5756699338057536,2.3335124945459453,0.25631997386378585,3.3300305493496816,-0.11928513280956049,-4.021739896193941,0.6703506895271816,0.980343662161753,-0.22022157588791805,-0.7252206228693534,0.31046583657579274,-1.4918620151548123,-3.591858846148875,4.794902350292378,8.547769921443832,-0.45644740118678423,-1.3367459730061582,-2.157668837135241,-1.716072859405143,0.8045137244310583,-0.9333312785060014,5.394458413957443,-7.1715899034334845,0.7074249439251165
2,-0.027691102230571404,-4.3938519310668145,-1.1632454138797559,-0.5242294961285032,0.6411224199988521,-15.37372607249337,-3.52462874471357,-4.866482698759189,-0.7349051639095671,-9.807122730339627,0.3970103542337633,0.2543690236890101,4.116562010871027,-0.06999467376749782,2.0436458106285573,1.6621773023734465,3.213235182343832,-0.6695242199440424,7.441977860300943,-1.0361654844633612,0.7387819968106093,0.3501607732294936,0.28956375640319626,-0.5245643393940739,0.8082919303781185,-0.38472625947224925,-1.0004260452292315,0.1210668929124973,0.8894761249523145,0.46304940394692984
2,3.0641224026171296,-0.33998495279851143,2.5653813708458864,0.47378213086211296,0.8076808556410612,0.08935305674599042,3.337178172839357,-2.3259941680959395,0.7876486240306896,-1.1518201732563407,1.9601241917358023,0.853759953578573,-0.7071227724265753,1.4243012939016042,0.5064791664837465,-0.43611953381653756,1.565536839418278,1.3486429244876104,3.4972728681561898,-2.1150936570950347,-4.384947525356186,-1.2671662327609967,0.16461444708613843,0.11384350542229754,-0.12447786092231816,0.35729384848155266,-0.7275361408857991,-1.135941007523909,1.0606385216840675,-0.038462679338196054
2,0.08794116073306428,2.564310480299062,-1.3341537971613182,0.5576624271440401,2.1605551534137963,3.3184382235349847,-3.682097988873872,1.9371372116865675,1.342481607822477,6.686439684625681,1.3678965291628684,-0.6631283836511659,-0.13704761767209558,-0.5050351383652313,-0.6244992216239688,0.0774158768353162,0.10026238568853059,-0.5497755799328234,-2.7539365935660487,-0.8259351215036114,1.1171498324481945,0.3405473643662391,1.0242198722083946,-0.6131632195472829,0.37610949831231266,-2.1562353342806815,-0.7026538608099854,0.03848127240621668,2.217806308198034,1.032318568497247
2,1.653613728386255,-0.6645856532111108,-0.6724594144787094,-0.33354551568293955,2.4667242584863533,-0.39781768437199794,1.8564764805005578,2.414112130511439,0.20829207511192727,5.8140932529657245,-0.8974709216395145,0.005518847103420023,-0.17855890118610038,-1.4718453917845475,-0.6423984936892401,-0.01791670654870737,-0.26580731939002394,-2.4735405627124494,-2.5750704865952243,-2.6538880061963384,-8.661613552429044,1.7924807398057787,0.4208564115994077,-0.3216073127103961,-0.7610837854388522,-0.9908138655551637,2.7244069609551436,-1.4157436035411564,4.857495948489692,-1.2669876291356725
2,-1.1167939446589334,-0.7618553662707539,-0.2379913256840906,1.213159465566738,1.15280646633092,-8.554092353158149,1.6554763255933609,0.2602376301117107,0.41383188939779925,-0.49016201051536795,-0.8231492631357471,4.8900265836607195,0.3637332084555339,0.6121235109062542,0.9938960560224813,0.7076743907524511,3.538833112801383,-2.22770299930627,-1.0599702012673142,-9.09248773606728,-10.374490790862124,0.6170230689268158,2.077488369872173,-0.36492247742171197,1.7763766866485946,-2.8720550438882597,-0.9403961883272265,-3.0063356412733997,3.088277227957633,-1.0714203198566175
2,5.367687265543919,6.715600489053384,5.477558791321919,0.14867175882852754,-0.1628234812699636,17.112980716490906,1.122136718052843,-3.67287360354449,1.788679179328315,-2.3318201050380747,-0.06572762823202496,-1.8800701803008697,-2.2514903560608395,5.61864514318277,1.9326366795883976,-1.0123343601357326,3.003134144174107,0.7238692217188902,3.018488153229722,0.2764399719144739,-8.701069199361898,-3.9583500130439915,-1.7022463622775363,-0.7157213788402818,-3.8049663383586725,2.6455632521906653,-1.84254879622976,3.235137674501455,-5.986718471726715,-0.9222577754152129
2,7.767077372450643,3.29916930738894,6.756711409123053,0.09287192440926091,-0.18696702537239807,11.055454025674242,4.078315275424878,-9.085237001568403,-0.3720335038326032,-16.7713317336977,2.2290043660778003,-0.25206971871137945,-1.899015779896845,4.486509630890771,1.159031842085829,-0.8676459714457989,3.243246685359152,-0.06470537507515234,11.49750274133192,2.1458619391441394,-15.747700647892398,-3.5059306906370376,-0.9645927606924435,0.41732206952744505,-4.436813879793412,-0.21812488680659084,0.5883540347523013,7.504700408008854,-12.351807025540403,-0.5740471982911587
2,5.245524839151248,-2.3541449621389785,3.958444269527276,2.164129845982494,-0.6049798835428223,-1.1899866365841878,1.6613846013860631,-7.796217213789143,-0.9326741048805038,-18.28567867415349,-3.1715612694087056,-2.7459683058316897,0.9377475021889753,3.0295059165975893,-0.8282290409165156,0.8487931642317167,-0.4252293368890997,0.6178678905093787,11.988853158591212,6.765000391368219,-2.9295261735381306,-2.217179381460792,-1.521886580578389,1.6815606342494893,-1.3644055470184464,2.8304411027766796,0.3461609853945709,-0.26388715716496003,-0.23221454172770986,-0.46100530793672034
2,-0.5695816340570874,0.6377863667043676,-1.0290835793610635,3.4843480702432417,-1.0351828306535797,3.235992627341467,2.793246601358518,1.3920259167253841,1.9165273285988647,7.249747154854462,-0.9401691482430842,0.14910502755067748,0.13814660370513854,0.40846160213915966,-1.4521447846062,-0.17525584926565327,-3.054524104318505,1.62000879711493,-3.3797364472695945,-2.7718830317985272,8.524538735700455,0.2646257106908631,-0.34535732071124065,0.1473823732081771,-2.302537258718525,1.2926184174054174,-1.4197075577992129,4.433584930038515,-7.5210888842829355,1.3258918091323881
2,2.4096985432355043,-2.1392774126723526,1.1177562565470884,-1.8477722140342254,1.2595298414451315,-4.433352283643385,-0.4450907220496676,-0.5655668932146767,-1.209368502784405,-2.9617790510392505,-0.9230719494986134,2.943617513631346,-0.727266195520187,0.8112253393942533,-0.5256167312784618,-0.21237589334572798,-1.2924229379787942,-1.8243343971550015,2.791057769164207,-2.3302855043371524,-12.30853094642927,-0.014400679329824678,0.6597360463615936,0.7301400089324543,1.9303656800818796,-0.7690537434211535,0.6066254506465865,-3.991396038984548,5.5144196555160665,0.010688878150900333
2,3.7027930303332686,7.743013046328216,2.1648386960004338,-1.6590581810529172,0.686375446765012,20.7835894119608,2.636655784338597,5.1766204445763,0.6453052591614016,11.496879061537303,1.2070960834684494,-0.4794007515846725,-4.010695716818394,1.8024491782232501,1.5121957089455773,-1.515871726825684,2.9125122968986963,-0.3802725185267538,-6.3838814597151154,-0.46793098714367,-6.220545492171554,-2.586519928358238,-0.3469305640618235,-0.8337122686598858,-2.7761913059214534,0.864061282195313,-2.0004441726180557,3.793643943528831,-6.638390872953418,0.40613724178043215
2,4.469124744249086,1.0056835161658402,2.685149059783502,0.5900625043547393,0.9937036835034602,5.239430541551945,-2.4898422891924916,-4.144548205334261,0.7399933388546388,-8.223320221797975,-2.064733333882468,-2.265236018686059,-0.26354916250211186,-0.25759648068265156,-3.436753634840881,-0.5372473002785644,-4.103458859391544,1.3195040955634503,6.6874134733456065,1.7302290736708028,1.4141350407891493,-1.0444566993448607,-0.17040839892183915,-0.05295713948899236,-2.1992096238688847,1.5206662988724755,-1.2236672047515595,4.742707160798089,-8.748668144182705,1.5947354394019015
2,4.866282342216036,7.52235358089919,4.209220608771099,-1.6503423908077228,-1.2655312225362396,16.276613513769004,-0.2359252741439503,-1.75191266902682,-1.684093169040171,-7.188463074988398,0.15784282380686998,1.6806610520346297,-2.9660879478050384,3.210111355825494,-1.9080431677050527,-1.095164659358055,-3.3799382780801834,1.1332469740643276,-0.37958317077028064,0.16882411796234564,-11.172813686382435,-1.9091937624646176,-0.25845655495192454,-1.6541832956274032,-2.780032955012936,1.1678634768879426,-1.1929486074611386,1.5286909115542837,-4.684965835311205,-0.6854610059205763
2,-4.97538813690364,-8.35970050606636,-3.6881104536069795,-1.5985735135202006,-1.6955888087319135,-23.468074952917032,-4.450228466196585,2.479340408715679,-0.6055317635593029,3.368776061704476,-0.8334890899736054,0.6161368981035944,3.926878093918868,-3.7876189673853737,-1.9651248525377825,1.699819332510093,-2.475915821589884,-0.15396530255119548,-4.050277535793828,0.8503530106999374,7.2688782722093395,3.0861198814486785,0.9566767643396159,-1.3378028876820451,4.99199809379887,0.4249844657848709,0.33128997382829656,-7.6105420809190365,12.874638915680757,-0.46009536842488963
2,-0.9760524805067895,-4.92860963949016,-1.929118673915352,-0.4017460359751013,-0.042870202414132315,-13.845908008359833,-3.6181576043923185,0.25249594751160975,-0.09289223151492411,1.6341577347897434,-0.2219313936993945,0.12181991373450425,1.7240727839294225,-0.6233584633905161,-0.48282002640133154,0.38790725046107666,0.5931065122568422,1.0395130457536885,-0.008786771018287383,1.5633503324192761,5.003538761146929,2.457251162436599,0.09342913739653881,-1.209207098637769,-0.7467052131238259,-0.5061468965546325,2.159250747047545,2.0287787227536485,-6.444624956575362,1.1299799408901061
2,3.9860211834226615,7.256554980755675,3.5301303026938275,-3.128843679965616,-0.22793410042607326,17.428803507157188,1.0364982895027182,-1.4646193747000913,0.03464547924229258,-2.3750653713891605,-1.2900390425246822,0.5138597592491072,-2.8404343583026495,3.407844382851602,-0.3918015898062525,-0.5699987690072514,-1.066648572401489,-0.13511767266280558,1.1068618933750793,-2.2400929799919256,-10.661530245255532,-2.79394405354334,1.045179143900962,-1.3121575849659914,0.3753706029158711,-2.0239428775620456,1.725075937316973,-5.248909030402823,8.778277627500177,-2.6191544293821125
2,-3.4029083849373385,0.36079864734354394,-3.1246402192231044,0.055240259853625726,1.913424965314019,3.629433794275086,-1.4564922053555842,5.503957255343372,-0.0572987693679967,11.164857483000334,-0.36383583993163066,-2.072313997109361,-0.17676182176277563,-1.7437245805785484,0.9960614785231077,1.0955453912074358,2.13347894615111,1.8420096614155157,-5.79750515934707,3.150794611613616,11.239908718119061,0.9898587621157556,-0.2510920808673761,0.9434125580990462,-0.6344096430716657,1.878939907416738,1.5802305201780396,-0.4954987504422651,0.8105704188947643,-0.7999048332681971
2,-7.583105636536584,-2.5113376737734687,-5.744734133022487,0.4454418060363505,0.974809364469858,-7.878614672100393,-3.6084428936502495,7.4479288147411085,1.0125298983752946,15.083125360380025,-0.2984767516845618,-0.2465774642179157,1.957438342657371,-7.415044017449576,-0.92499879873393,1.6229993008349481,-1.1005700828527358,-0.9807562138667153,-10.602707016596076,-3.195187959599351,12.444167614228203,3.568574716497124,0.8671205510659242,0.6735582158636936,1.804002092672303,-1.1060486548287676,3.2868040619402836,-3.0923701213548775,8.06837340121242,0.4548862990649566
2,0.18130285538242194,1.1191581655811715,0.380714125051152,-3.9077184751701366,0.1509266438988128,5.7964206579993816,1.9727052539677796,-0.48564973461838423,-1.3924704234229697,-3.8781063328554044,-1.1587803707430286,-0.41027478238103127,-0.4865410069697199,-0.1621391742340296,-0.37833688453880043,-0.8061939621120088,-2.7137474034941227,-0.23086720023419588,0.08325426033667516,3.6352040644875627,2.5767256290444025,0.00197614139622255,-0.10308479293441049,-0.5444958286332696,0.5869943784282222,-0.04494764142948622,-0.1593105385391523,-1.1623569865264276,2.2601867291469233,-0.34734932069613855
2,6.066014837963859,4.101654951287963,5.484840364870472,-2.621869635740646,0.004770398214343151,12.510876850883418,1.5514011585465945,-2.4682665018505014,-0.0001340425326507668,-4.8759102243195676,-0.9966455415482337,-0.5281166636976128,-2.301122325120005,2.9423675618554213,-1.7466451167284516,-1.47496470313239,-2.1730358416709987,-0.9117929282630707,4.357483230602667,-0.19362606934238413,-16.404217876039446,-2.386433422589869,1.6852830648546295,-0.5580634498862459,-0.5023402324520095,-1.324409518116013,-1.1080941695383348,0.7063423424783938,-1.9338726157675312,-0.7389647832347765
2,2.731623566933965,8.374156593351465,1.535814220379605,-0.47764587417627247,2.4579364658506972,18.46144874495388,-0.8362731844898252,5.350505445847106,-2.048868581660054,6.361369202343409,-0.9463569508281011,1.5475789161914826,-4.099581227439189,0.47804755185849446,0.9992113750204732,-1.5657838597844862,0.04077526278868792,0.754401302438296,-5.21095549426288,2.9825630745568206,-3.173887795742153,-1.684759930306655,-0.1285926470251579,0.11576246290289856,-4.418149539639246,-1.9402217259460999,-0.0220841780412895,11.18283047571266,-20.75033598456139,1.898056415719922
2,-8.351517166690257,0.46692277717398784,-6.0902350503341935,-1.4672384301866723,0.3289160849912684,4.564301081826182,-3.140962811034429,8.210692507220744,-0.502352884214508,12.829187006315427,0.5546115871798679,-2.2531161286866146,1.0384352827328094,-1.8642026312272864,2.8169264407017085,1.1089575644969043,1.966042090203965,0.2861776219228647,-10.595795562943339,2.9069661759269354,18.555805330958034,2.424923830362629,-1.199675032527527,-1.135156131472359,-1.1793687952880136,0.6587098256753149,0.0594612401613331,3.195465243807792,-5.501385241512975,-0.44186883004562383
2,-0.2297888009101971,-2.7305165304333654,0.7193273630977267,-2.1050768421161665,0.20182539109671926,-1.488836054353312,-2.3611707547731573,-2.791765143609115,1.4560966480322108,-0.3896551808305742,1.4549237262554553,-2.4870597144243254,-0.11463989840926593,1.4032417770381822,1.882746175998569,-0.008026794518175145,1.6798883070111623,-0.46643415697715845,3.4316902783085053,2.760458905228482,5.790191665536268,-0.7823427132016932,-1.1423461495113787,-1.9031357303458625,0.20866007526074426,3.420776249908153,-1.0647830295596248,0.8447716378251194,-2.506733113644072,0.7109311681489531
2,-6.459470265556654,-0.3187297254494827,-4.090855564188826,0.7055410143189536,-1.8830736763469638,-3.4366580390289463,-0.5301114751889986,8.493484144594227,-0.12079370511505946,18.18017210601791,0.4909475938833845,0.34105022845060956,0.7301216493596834,-4.991202230611208,-0.08537857346179568,1.2574211793543095,1.2874659218038973,-1.8177579020732988,-12.727860626756737,0.9993025574389709,6.13457250488179,3.5349290441858208,1.4334529728783,0.3232887701993218,3.4624158932816766,-2.5834901933287147,0.7735631049046204,-3.5792464866863463,9.342356450431147,-1.3966199196211566
2,3.7916046621931363,0.44969423021547505,2.860903712052834,0.255876168418756,1.944883528235856,0.7505831577631475,-0.024058791597695167,-5.956122849946941,-1.4609398906664606,-13.474044683012742,-0.43366747711340203,-0.6189418234248525,0.5495496196918729,-1.0376512088839192,0.39127987784982665,-0.033452683593459744,0.04453927485919294,0.20068362016227784,8.548328542347587,1.9769636236402743,-6.026230867760581,-0.8717707564836042,-0.5519889339771801,-0.31939232506934473,-0.35456265923498387,0.9700788930246811,-0.7535627278275121,2.8245575110149312,-4.166564104544706,1.117902645059035
2,-0.5463673274641557,-3.935044430928998,-1.0237848553434297,-1.4696597744854267,-1.9187578692977458,-13.93020697564121,-3.3001672024662114,-0.15644218330478643,0.7521218722157913,1.9760510225521482,-1.148895601998806,4.052019832874783,1.9558097272515642,-0.4016178733048031,-0.8226547560003004,1.7057564316373919,0.6718218973818507,-1.6807917359957798,-1.1540176975694334,-5.615944994813688,-8.527569048379016,0.6609736271393282,2.2788997477131288,-0.8943510160333524,2.7453862584023114,-3.9496621241546324,1.4160353805909827,-6.842706279272067,9.08171250284504,-0.9264279622180547
2,-4.923550355512209,0.05385251536674175,-2.7965586169302594,1.7702847689572245,-0.6626251898528555,5.695929808359824,2.3126158599053137,3.849947219268972,-1.636117553355513,5.444958209181111,1.184043561764165,-2.1291134079381373,-0.0782596071186085,2.603445892488283,-1.709481544575381,-0.008451923540014854,-0.30241177883233283,-0.0823779456272998,-4.617400980283804,6.375019005215738,8.691864317500011,-0.10719552569343183,-0.5903437468769592,-0.023751040015858774,1.090976366946297,2.9694136866355527,1.6430767394453962,-1.0361617540439403,-0.22448715559572502,-0.5503382370432768
2,-2.1479868941010807,-3.511129594940554,-0.8493059961259605,-1.817880367452309,-0.559320566368276,-10.24650695588635,3.4314855880282806,-0.8390056213052778,1.243259866016745,-0.24401615298522122,1.259139339284069,0.8005646733974497,1.752057348620854,0.8907177643086462,-1.4306837506793508,0.2517020574037241,-0.8692105167630334,-0.04115903070562755,1.4180068887646335,-4.354485176486073,-2.07686949788223,0.44891760690942406,0.4741417176123829,-1.6894412717403884,0.015987274564903377,0.24881462596432966,0.8680565671391122,-1.2877024832410258,2.8979951083208286,-2.341773732847118
2,-0.7576632604098656,-4.329339914821852,0.9613346525589873,0.1770320801023056,3.231003701943627,-8.880796106732742,-2.528311145935607,-0.6079084356937052,0.4431850330240702,0.9535928389854182,-0.35264260078311777,0.4389495921813387,0.9985690317451189,-0.44171087546648463,-0.2856517305761458,0.8977140636750172,2.516087987080161,1.1374312738341816,0.7960502191645515,-1.3429014343279684,4.978956072890162,0.27444794140535367,0.1313131189171553,-0.2574281618484089,2.67618024407364,0.5508266453555819,-0.7647331958240492,-2.8989179160732794,4.764751683259172,1.3230530128746971
2,2.8258756042420314,-2.013011312235347,1.894008238176615,-0.2927472831884049,2.366918157121952,-0.7950745196826918,1.2092549960138201,-4.5276565227408225,-0.15332146348241937,-10.91369799529166,-0.886262549023356,-2.399294314865009,0.3036134491848696,4.79500989457281,-2.820207944674286,0.10235687717734329,-2.2731107284387333,0.9824212969861695,6.57956667019784,1.785961291906406,-4.98037933077908,-1.4625462531381297,-1.216285644951761,-0.1457664087031847,0.26397538466718823,1.1107192278650693,1.656496111182256,-2.605484840825709,5.425382418029765,-2.084500006630239
2,1.5705466277300426,0.30727853059969706,0.5658760690240684,0.4456278688316164,1.4133122649219052,-0.23973587410361497,0.8287131575602801,-0.8980527324250623,0.34398240755365417,-2.4239077865778103,1.698289496393362,0.883406584734328,-0.794052666572289,-1.1620275317459576,-1.3147562821465208,0.25027910189107244,-0.9717826962507362,-1.626938893877124,0.08202133766765093,-3.3905990163774486,-8.143526768154425,0.08332946194929355,0.5177652727456052,0.7835315584226252,2.954525055498579,-1.3086773770785578,-0.7865609653563873,-6.965470532943608,12.95329353621923,-0.5831068814501357
2,14.025921635678248,8.615475545680301,9.076585020220593,-0.6791866412898756,-1.466541650726821,30.489524885156992,4.151401125128399,-6.67555440386697,0.0247297763565022,-10.468699959822027,0.5042503867486077,-1.9509351867836555,-5.207267282701036,7.8774367224333535,1.5993758147309083,-2.8909313485845294,4.848844856043923,0.25392742806567137,7.415915632164299,2.0258319903142996,-22.27628229964033,-5.596678924933557,0.751885812039307,-0.5640048715255009,-4.379865934534409,-0.6207230969193098,1.1160630533004774,5.79453472152233,-9.841769500291308,-0.5517568746081722
2,3.5873328464914978,-2.0437249932214914,1.4212177336361427,-3.7261027392794954,1.3259654169657096,-8.066105575837696,-3.158162809740593,-3.600114516771017,1.52664392937565,-4.751949897434126,0.31972014637255075,1.174785384571575,1.2967731651508343,0.22837973428939803,-1.0736810903436431,1.0392724758815761,-0.4392689101754342,0.7442508714744152,4.305001917270493,-6.115243591797494,-4.512925665364991,-0.6142524930372468,0.4900244285277824,-0.9061867183399447,2.917284872391423,-4.73964277751432,0.9143765618774591,-3.14187363999884,4.595280356994118,0.6636230162327829
2,-3.7988374993908085,-1.6244087913878869,-2.7599499002380448,-1.67173908665351,0.016761917446592285,-7.213418174146247,-8.295222042148804,3.4961387895380316,2.293826961978823,10.919790912117532,-0.4497004119277541,0.5804972725802873,0.4459602509734136,-1.8901532379916088,-2.168587491463704,1.366227884186819,-1.7819902384479633,1.6401376937919074,-4.0379905279374455,-5.510736395693759,10.92600188213685,2.5653965899907547,-0.025014974502548543,-2.6715869938222245,1.545259347238377,1.0286624126090813,-0.43809992750665183,-2.4058513826704497,3.5626391200120606,0.668776723655414
2,-8.478253103866331,-7.386768818233076,-7.645778322433367,0.5392886884566626,0.6126911095148083,-22.772436622732517,-1.4560582592379532,8.348826200995735,0.12472624755336967,14.421358594827673,-0.3240824220459963,0.7834973544492867,4.5826375241548805,-4.578236941749758,0.7688127503775722,2.0598827389950354,3.7113528644898794,-0.6727112117543109,-12.71992661285307,-0.7985458551608701,10.568892939775225,4.345362546799233,1.3917700558012307,0.2852382362511098,5.310260618215909,-2.195131273151699,-0.4675160994746949,-8.746403055521926,12.472057827708674,-1.0915109997108496
2,8.230020876735553,8.732954651393728,6.993575574227196,-0.20905315539926891,-0.2203867629888644,19.744514828162995,5.053029612497191,-5.87774071408403,-0.01401910956437747,-9.384342471063931,-0.8368440716490629,0.9470012969502577,-4.30877223182132,4.4382496676953345,2.595144067306127,-2.7566091455665656,2.6928961971653758,0.23184865638886248,8.30893387250172,-1.4534498548045618,-16.84644250330319,-4.140928837404852,-0.8050853871970177,0.2783145794954405,-4.761342004772823,0.9491261118656993,-1.187264606153329,6.07577772748646,-10.974687283188254,0.3827174974506125
