,0,1,2,3,4,5,6
1,1.514424988077271,3.5610419953261143,2.809154316819761,-7.20309632681675,-1.3276771074373883,4.521566282892862,7.357139240313393
1,1.921325923556832,0.4624811380157631,-1.3008603589861376,-0.9069735046134408,-1.3959445263739956,1.3150608734459164,-0.24135334761006783
1,0.09320527369374863,-4.226691818883996,0.8371570270018163,4.354102282822491,1.978435371102758,-1.593294735327253,-9.4684859602384
1,0.6718734530938901,2.9317387557716974,-0.7347728554980617,-2.709700034701479,-1.5361363735761269,1.1336549525692163,9.368516966221577
1,-0.2154201239379657,-0.15030012062489703,2.4304564546739593,-4.346677278592545,0.24655887789063494,1.237596546616896,-2.2640172168805237
1,0.6883774242262372,9.529414159034552,-8.607745134886247,-0.2954009794129143,-4.680901018345163,-0.29021340517008576,23.912158436022448
1,-1.7087798241184828,0.013628617099852771,-4.55419213641903,8.944022863007744,0.4265646319485735,-3.6895558211781756,-2.720365124115413
1,-1.480657120600826,-0.24575296707846306,-3.2715841893847286,1.2300054221308103,0.3525953900606409,-2.845854652902434,-1.937023605368995
1,0.9252770664022588,-0.6672786079410171,4.890923568675153,-6.4318309987365065,0.7368223649236079,2.6116861325153287,-2.018429781153241
1,-1.5166354532187147,-3.8827042602867285,-0.46249225645187797,4.20929497138855,2.35765334329652,-1.8909824197010825,-11.293132981948288
1,0.9447995155678368,-0.5797146324647614,4.819552034524839,-2.1425511836219977,0.05792593708590532,1.2252129923093964,-3.808423495228273
1,-1.794833650291681,1.1152017639516425,-8.065441602598076,8.851850057328182,-0.19741503458154883,-4.464197068619271,1.1696896491995254
1,-0.7225472278283757,-1.0399048889454308,0.5794076794590489,2.433014817904467,1.3113462006090852,-1.7103864189895266,-2.7000824228436775
1,-2.1192240674059857,0.14806007518110711,-8.951075595062422,8.383292029209647,-0.3324129070456287,-4.897939000711429,2.8818310395439695
1,-1.3013323195107007,-0.7801346743086799,-7.038348589842996,5.74294038718782,0.4541796052983083,-3.629305031808532,-1.7557681095704412
1,1.350174320397427,1.3755710241791883,4.921656183512792,-5.337814429421493,0.2054449394832371,3.4370080099738556,2.8874661917045996
1,-0.8283488499718125,-5.2942879653568555,4.023893326419313,-0.13638551138190808,1.1908321738626098,0.8948954008560935,-10.718525246493833
1,0.7182780983851643,1.2787918913360812,0.4588142475570107,-4.402942014267979,-0.7791121019126359,1.995334748926977,3.0864954605180306
1,0.17697148641045282,1.1036747534671467,-2.593963444901612,-1.9399431105788139,-0.9029479961932688,0.7762230706246225,4.016510806226744
1,-2.4191459579857377,-0.8038556150468135,-6.187725453420662,11.314183881167367,1.2692739696190545,-4.808215361267109,-3.2052939880944558
1,0.21026099061683481,-3.970998212405421,5.370875861830801,-2.928368236636134,2.5373689572176907,0.6345435537210252,-9.152970222719556
1,3.787360304801465,-3.394890654919023,6.4215868572943995,-6.896693472621474,0.09200538735277829,4.459379639503877,-5.638855956060909
1,1.8671734840438463,-1.5297834190068764,6.505792624884113,-4.904812382541521,0.033574499953757955,4.142266897010554,-2.904501906354166
1,-2.296694656383497,-3.5280434177915496,-0.09491039334302602,3.1433063602144355,0.3689092272260216,-1.4104750727707949,-4.783426271205566
1,2.441852664841453,0.08491134012681739,5.408564823873393,-7.594183621931316,-0.5189508173948871,3.8543044138960934,-0.781606954637192
1,0.5742679643535398,-1.0490270406209479,-1.651003648403882,-1.1868059438118466,-0.05344835424293237,1.406478733287924,0.01421751372978125
1,-0.32426732920568485,-1.0367180788136685,-3.472458916206947,4.079787073370856,-0.2846178292793986,-2.7659789463628313,-0.7373055812259978
1,0.17568430987476347,-5.312275690398561,0.6190862831031995,3.49591500422347,1.9178056391059295,-0.7236510588140662,-12.094271923542049
1,0.19596485451711673,5.285474196118398,-3.798757345550808,0.030073412798025882,-2.6202599171011034,0.4272242872298944,14.651582145207444
1,-0.8425281927157091,-5.550087976779978,2.5542093082506185,1.4351728642685015,2.334796204650968,-0.9404919935755723,-12.646190754886833
1,0.2610072895749291,-1.6137673649318574,-3.754889344476043,1.4131869501381062,-0.9162887137946106,-1.3716858422639189,-3.295527956424188
1,0.7609264697957695,0.6332746970947972,3.2739593467470702,-5.527392187187883,-0.25326391393512027,2.6226524686559105,0.3938460899735516
1,0.13589190971391585,-0.24448037309732987,2.9273636288590783,-1.982171818247908,0.5818675195048519,1.5399974020840694,-2.097197760074986
1,-1.0234468152008276,-0.9998933660424896,-2.5117220002656233,1.5620316976278512,-0.508735109334746,-0.05292050283592581,-0.646480697270748
1,-0.5194008097903471,3.452199226509136,-2.0280160964751515,-0.011018721175181352,-1.2335536519999186,-0.1861339874899693,6.839840514407679
1,-1.153235238493767,-0.3328459034228815,-5.815947087232509,8.798808760704778,-0.5499236110225607,-3.5758007304368484,0.14755321394427362
1,-0.02296676940134739,-2.780711231441936,-1.3504839210972994,2.6682732809660097,0.28240595678557395,-0.8610561593828026,-5.059555878828211
1,-2.2594398604251027,1.3813186584347588,-11.9946148039628,8.77861510563923,-1.5095575514597193,-5.681429398173442,6.257392757105745
1,-0.19427282633675544,-1.1918461504385085,-0.49950443596945715,-2.868368458133588,0.2976554672608007,0.8335333857659882,-4.03791395645856
1,-0.7135303061282766,1.6161319537314132,-3.7604895508250986,5.13143191507209,-0.11873355209870944,-2.866014112306957,2.1548227836319764
1,0.28533812191026003,5.3993390531733825,-5.606414904436448,-0.5549008429578152,-2.0968894446730975,-0.019612377315971652,16.596230608477843
1,-0.9894237631541712,-0.07073342662704074,-3.9202107861733166,3.601785244723892,-0.46209146730988593,-1.559384695705587,1.629302217051153
1,-0.4438474419164139,1.09007941175928,-5.52417192907571,0.3472378028434032,-1.559836188250491,-0.8147837999694547,5.778621779658801
1,1.7267022182851186,-3.637035575316186,2.218593019890488,-2.0797576398931685,0.17812320473149934,2.5581032747543633,-7.199001976602132
1,0.6455156179021851,-3.474838001088295,5.188634937552604,-5.970692962699109,0.9237553405658097,2.948455242236884,-4.993560274310731
1,0.5013058453755566,0.5070624001750698,2.9362851227242843,-1.5365485842227757,-0.577140596045717,2.240900875324773,1.3739739948983551
1,1.7690417400861216,1.5188792396056516,4.214584896767026,-4.641275064359846,-0.29322349279361143,3.577664890905869,2.623428150430222
1,-2.1890458703400526,3.281004945352464,-8.436734355786474,5.822900047460853,-0.7646838494696131,-3.550321059114239,6.652667927024937
1,-1.9869867737415623,-3.0765581757478677,-1.0933286557519393,5.408434585062338,2.5885061533328697,-2.922724800120774,-8.793305303790412
1,2.4527677188655734,-1.2282347620093719,7.124847268779127,-7.933658784457903,0.09659035080472958,4.477205959453291,-0.21596498305242962
1,1.126439963539223,2.3145361475524067,-2.236075597709647,-2.6743613403376574,-1.3789190171888794,1.5996569773055422,6.062851973008608
1,-3.4654630163440556,0.8555655686649266,-9.514316708991899,12.401212837299365,0.07385712030923458,-6.218740284687599,2.9637095774586064
1,-2.592725917598538,-3.4207968357054805,-7.049108907845111,10.85822945387847,2.0928216811870652,-6.776843847451482,-8.500913777519958
1,0.7976588648744014,1.5042085442109667,-2.3972428124620295,1.9309447667953177,-1.4114429430322484,-1.115841874840793,4.197149017875059
1,0.6467806773397776,1.6561102813637956,-0.14770130848160873,-3.393718257890281,-1.004501873127844,2.104694445893993,5.268918745775117
1,2.4284699921684836,0.8450941031830423,5.866004843096918,-7.391359520526669,-0.6828105178300247,3.9279637066836375,4.2514955319933945
1,-1.0039708985567595,-0.3138078310461607,-5.749532694409028,2.930912161455767,-0.4440993668019667,-1.2238482266348134,2.1018254338377447
1,0.07721645596339613,1.7160050841248267,-2.7184459295828485,-1.5671527751799095,-1.7599344312290661,-0.28246843354685525,6.889995433226773
1,0.6099382635963185,-0.6294157914015568,-0.12107717048202818,-2.591592727501497,-0.905427509041082,1.0720336848162482,2.736250925833349
1,1.4019839629578597,4.32848887051114,-5.595369132486645,-4.118423870997325,-3.2195281549379584,1.7646483864820186,13.529005903873715
1,0.3340030034775159,1.6010232511203135,6.424810348133601,-5.806365125427862,-0.5260585466950458,2.9298465042150483,4.504623829340303
1,-0.3995395865935705,2.2113650026154903,-0.7276634932045459,1.5675199636904416,0.0782235034247111,-0.48697370516326666,3.9990052168278067
1,-1.8966521093363196,1.0329573752441668,0.2287564291861419,-3.926626920987631,-1.0435631417839524,0.9684249931476788,2.1439446989940043
1,0.3398199025491838,1.6019880007039533,0.5486162778080121,-2.241548419580824,-0.59386226505668,0.5561185500334913,3.0779905580425337
1,2.094868146587897,-3.9441230256140716,7.667961559679164,-6.924203430924023,0.9406836961691455,4.302430326776344,-8.134610914587576
1,0.7297626799718049,0.6191739507833248,6.477161066248313,-5.0142362000128,1.2313061610842508,2.10640912918644,-0.32048533818941083
1,0.04672085638007476,0.5039603644547023,2.473405669121797,1.199833430844176,-0.49955996178594697,1.2363305075388835,1.4845968230808124
1,-0.27142930777510155,1.6338954878794945,2.489639377519335,-0.1457114958623682,-0.030495090938631397,-0.11509183646548057,2.7734353056293606
1,-2.065652389981156,3.3009767539891515,-9.18763030772797,3.7109312019316683,-2.107659919141089,-3.0310783713088667,9.28159148318202
1,-0.9285744807422749,-2.186311017852105,-4.380383618135099,6.791845936663014,1.719121306446517,-3.2636507398731354,-5.7745007363816105
1,-0.8679559687707109,-2.747721115795985,-1.9387233108306574,1.2854838759378788,0.25351122506266843,-1.8560527453447289,-7.156321708400142
1,1.7982657431792732,2.6131577653759313,2.635649744318108,-3.348742282548863,-1.478656534015648,2.5194355747379324,7.156651410644598
1,-1.3536563811772078,0.6610179304275594,1.0879166787259098,-0.807011838705633,-0.23768610571245025,-0.2800480581567351,1.6169212008776734
1,0.850176432639124,-4.156293496252999,8.511538520759844,-3.603807116214313,2.7574306040575993,2.744372067061002,-10.941637810819532
1,-1.3248170694121024,-3.6075398962674643,2.1193386640497898,0.26210854578779735,1.6349400409507986,-1.1380640055027826,-10.251503702789119
1,0.7541540567029271,2.1437372212978376,3.2126666705140137,-3.7798221796937956,-0.9941761267796458,2.4161729168281343,3.6638113855442023
1,-0.4132150799194836,0.08239798024845701,-0.7134735201975108,1.4320079484311754,-0.803497622156011,-0.23850419119498373,2.3998271312028905
1,-1.1734585324487845,1.3433324811435516,-5.63352491315662,5.248157426076145,-0.814010460971737,-3.268994984997609,3.3129470544050457
1,1.0743940167707096,0.06661838260304791,2.956704807653195,-7.805599248369032,-0.41404863257024405,2.6614125045900927,3.1382943666161567
1,1.2188639022030165,0.09253486236005898,5.8659767136959,-8.970570278788998,-0.7807967020471868,4.575203587806881,-0.35134949473537547
1,1.3967203358334521,0.15123869178494942,8.871740627400648,-5.624249652480586,0.527839984771429,3.4179470510923573,-1.8677509798362577
1,1.0292382601311942,-3.0212814730632402,-0.054032794088151315,-4.662576865324041,-1.305991198048687,1.6684697350700521,-5.416985428903428
1,1.1482271040231837,-0.29554811038363477,-0.2812006229384813,-5.004876443772626,-0.9268086124565189,1.625531421893521,0.26760720638279745
1,2.499037531078797,0.8475448672200874,3.8924585520893813,-3.211173248126046,-0.8460834579324295,2.512734308187244,3.6094494820898473
1,0.9610024610954572,-1.4643772809185738,1.2465869323789103,-2.034905261992897,-0.30288850619235735,1.1600772336300742,-1.4258018549617286
1,0.9467650620738782,-1.6260177741829869,6.665377030495194,-8.544872847230335,-0.8421270392659612,4.703244730729374,-1.8657985891548137
1,0.5371347801669699,-1.4144451592260565,2.4311625592157466,-3.907120709953647,0.43217825932103504,1.8641680027424232,-1.6148339299781305
1,-0.8671613806272299,2.686599859090719,-2.7476046492186303,3.0288247291781842,-0.3857520649028809,-1.2258065002578185,3.8690732012271805
1,0.9093622916716069,1.1607640245050144,6.401647913126926,-3.7316619501023536,0.4533713353829708,1.7463817640175683,-1.2569047475207957
1,0.5129601282337808,2.546246866276886,-5.328148397933137,4.5701874027427625,-0.2762904780142392,-2.690717923540604,5.597489353842383
1,-1.861605141611055,-0.6550909233834029,-3.7659489221459808,5.541768791260795,-0.5628854608328963,-2.6650836829137394,-2.1989086376944567
1,-1.2540661609585204,2.248602171245243,-9.159311611312523,7.872051782278254,0.027496352358307184,-5.663332693230742,4.550446327748474
1,-2.2736186451076263,1.2756888234985648,-7.313133180064022,5.149877617373423,-0.6921788130247595,-3.16796485252418,4.75779452507678
1,-0.3732603590901362,-3.868191107011,-0.20528435931213862,1.7478900923190985,1.2863013551928213,-0.7057912391040307,-10.528180895839643
1,-0.8598081178443948,-3.480993278409759,-2.053744370992749,7.8189221085530525,0.9577068994281367,-4.025131497569188,-7.87766873263159
1,-0.28028496702490285,1.4774906337310167,3.0121652098714855,-0.8568327257512495,-0.08080543277459501,0.6452210648605403,1.0434118049178196
1,1.5070341262794615,-0.28725553812856613,3.943100924112739,-3.9886393974920136,-0.8047212874180085,2.5647590307392942,-0.6882118914184199
1,-2.025994297164117,-8.562310668027504,4.222029572104768,5.497801266598621,4.645010857973004,-2.2427174648171415,-25.72416916641307
1,1.4930183909706836,5.439277827784223,1.3900511652199197,-7.8730581605598235,-3.1630474511684414,4.790196883426617,15.825747178679858
1,-0.12521824577130164,0.7812128189767975,-2.268721427909572,-1.139820518293628,-1.1775125737537375,0.7804380940659608,4.051483880124925
2,0.5477194564261143,1.4756541248152708,-0.7092591262401691,-2.0972562893262627,0.5761949810189257,1.8325345430132793,3.6966633062086425
2,1.7417158045419703,-0.5280645359274897,6.072791684127298,-2.6969109944981606,1.2133351570970075,2.249880668784939,-2.0923028891747135
2,-0.8420973939287695,1.2586296899452754,-2.255230295576865,5.195051833517605,0.6286894239614402,-2.1268009876382643,3.361287768738654
2,-1.7630119759953404,-5.110265469928811,-3.1365415307075866,5.568808987398385,1.6093473679815193,-3.8454179783509037,-12.94536598189814
2,1.879160900041298,-0.15908327105787695,5.686611127416543,-4.444794759743676,1.3861928027017734,3.517228000355076,-2.9092418929951047
2,0.8661308069263451,-4.214129977032032,5.967340882591502,-2.2909955411014815,2.6242580679803544,1.2160498200070307,-12.626023996746731
2,0.3204941581415156,4.916074851652271,-1.431514017477193,1.1955864988514353,-1.681546065371109,-0.5088671989982584,10.552503382623213
2,1.1009578465829934,1.387872175327238,0.8525488742377219,-3.7444061825703723,-1.3112515853251054,2.232940776965247,5.350788662825578
2,-2.214819187638368,1.7972385416998335,-4.2102829532144765,6.748276773762539,0.4418303432052768,-4.239317404023715,3.6413855801086936
2,-1.921245626126701,-0.5776074931079594,-1.0958553391393022,0.06465960838994887,0.8597711311411564,-0.8685829692799371,-3.505217222018422
2,-0.7374081326762663,1.3409593210635609,-2.9293236179912063,-0.5008830457531176,-1.1636451135049999,-0.8766869515332452,1.5081638131775865
2,-1.7078143466089917,-5.297204127790097,0.05261296928330276,14.077768860711558,2.3441118564078245,-5.778945202432725,-13.033088319461601
2,-0.6974483846596582,1.2503570455124415,-6.056010709788995,6.460880538029655,-0.8159182681138377,-1.9536493290744135,2.844702990182341
2,1.9097450513439809,-0.049101978937440116,8.410985868799802,-7.064304025940875,0.2625359677367983,4.545111948178121,-4.317217588898047
2,-0.2572355414023592,4.5196710740573875,0.7591096759393745,-1.4484260883214188,-2.708193779878482,1.1192766436561603,14.131022531633414
2,-0.39388157070477214,1.789613291716991,-5.094881669391418,7.0317386335843635,-0.5868640460053097,-3.0975444207787737,3.63514892969423
2,-1.3683511583555832,3.230459048527847,-4.838858843910869,0.31218672017472143,-1.0779575619661972,-1.6205627726238456,9.572198751896003
2,0.049424555017006766,3.172353547598711,4.105384461164206,0.8490111144176709,0.10323310091723051,0.36607276745080064,5.595341289607965
2,-0.7820655956016782,1.0579071519671908,-1.9061204306625115,3.3379880826936756,0.4082932215452155,-1.5404927082891147,0.7091293280299252
2,1.8351724370435243,-0.2730484468490953,3.4231229304882085,-4.834146005816994,-0.8239058632161851,4.153813043546808,-1.8765353703493104
2,-1.6813769555810163,2.1400089850355957,-11.958886922512995,8.963486716649184,-1.7555386829073465,-5.407200547759613,5.897251637496755
2,-0.6994097613254933,0.9977645841245852,-5.7856173872132795,1.58755371831998,-1.266885475215466,-0.39719621835977964,3.381605120921355
2,0.38803116330864296,0.6737890594360744,2.0609161306323758,-2.878161206077436,0.5990526743635927,1.660700032817565,2.145875468167393
2,2.5703321511895765,3.1857252114061927,3.4666928755037896,-5.283184840647834,-0.409870846196359,2.971102559125733,6.4115335659300525
2,3.200379024038137,-2.58523811373876,8.882892481463202,-7.5489413472047175,1.921384117563048,4.802845583545526,-4.933500096283391
2,-0.7953032386638661,-5.167322774941067,1.4511037011409784,4.16707059292911,2.5719530315342904,-0.9338994610638933,-13.222979564870833
2,-2.0121019652459804,-0.4254819542511856,-0.8235767791611752,8.098333196170444,0.4801982349122368,-3.832431001336798,-3.6128929343716343
2,-1.850847403707998,1.1981611111614654,-3.1761069076000137,1.1036186124849245,-1.3627823788469189,-1.8535680261245118,3.3168123676213273
2,1.6153679480711651,-2.4628176121131777,5.1080276725852105,-6.17660151721845,0.26969900674717995,2.097781630966152,-1.399419088596393
2,-1.1763215266680156,-5.39106814813386,2.9805971224973966,0.4369651900888711,1.5762586490492485,-1.2758921786855064,-12.224278576690079
2,0.3507777736378841,0.6045503143128189,8.612952263770199,-2.7206290144058247,0.8180002260149152,2.213683468505034,-0.411185905903795
2,-0.8255842310128337,-2.215200037999845,-1.4663398222104822,-0.02820936490414287,-0.11650676076570397,0.17146439915067224,-3.00233033994946
2,-1.2167509648647867,0.053389757316883446,-4.127812618813995,0.5372533351488022,-1.1367778799876418,-1.0818049258581686,1.2360032244606354
2,0.6324457787303588,-2.4835210703757453,2.5847193340743124,-2.2258781131990837,0.9927372584006577,1.1285921124769736,-6.0183078708962485
2,1.0114307323601086,-2.7221117464915285,3.2716771982333515,-2.0050816499150383,1.3285845704029542,0.8157469867443025,-7.090726118778691
2,0.3325020786036935,3.1628426409917956,-6.751558800676556,0.26939589244876766,-1.7027052143834909,-0.05401802797233474,9.75970717376787
2,-0.5972218799617816,0.19889427462233772,0.15323123943834557,3.9543380106177883,0.41851384618775167,-1.2530949837824459,1.004824099896031
2,-2.053891123109031,-5.200124098840742,-1.7753115116937106,7.497603132354794,2.543025238267915,-3.0530769388138843,-11.911637650302962
2,1.0290996594742072,0.039734368225079364,6.76746726387764,-1.0799735308223202,0.469791064057023,1.8839420683502173,0.7760137082406118
2,-0.9003743113988844,0.5897420642717449,-4.512906646479885,6.294882429773956,-1.3147067155073273,-1.9099058227147434,4.475940304563626
2,-0.5709738935468877,0.9507409222479959,-0.2548249842933578,2.068737820404544,-0.9529251854037273,-1.3996797481454166,4.11038307630285
2,-0.7584982778550189,-2.769372182423284,-0.63346090138138,-0.04467268899959377,0.67761082616254,-1.146936609708382,-7.210516004019664
2,-2.688275491939904,0.1814836562988816,-6.679844427033856,8.767668590040838,-0.06746066419229632,-5.6265733310315325,0.5052020815672348
2,-0.11112227004010708,1.2025686385621237,-6.1204504789918674,1.7570979158976863,-0.5481468690028635,-0.7362129360337032,2.796386943335856
2,1.0619790317936024,-1.773661601082893,6.445337929765994,-4.649969565532978,0.47607362669735065,2.3252030999455897,-1.2748869541421701
2,-0.2719401007442357,0.8005848961582347,-6.621846453749233,1.3967381899100009,-0.6071180629820287,-1.61103027802099,2.1590044028426276
2,-0.28890167844419296,4.100966759101224,0.3852360826140243,-3.09394135008473,-0.9085078704021259,1.5612101686533095,9.510084792555316
2,-0.269529766844621,3.2504279178579396,0.5461713411859955,-0.38027278705451506,-1.994947584308338,0.9147358859422979,11.22903298266052
2,0.652502419536243,-1.2703232423751663,-0.0707352311196226,-1.2835469556352124,-1.2169743137428468,0.33536717779377834,1.379928185187478
2,-1.5268594045433808,2.3078690811069493,-3.422358464499818,-2.0785891896940893,-1.9480901740018242,0.7158395509746253,7.462253739078728
2,-2.8004653689647223,4.518153307247799,-10.867347953174628,4.635942495539681,-0.9919163676502161,-2.8670519932986407,11.412011341686544
2,-0.6206958007096103,4.854401261314339,-8.546882377739813,1.963872255178576,-2.123144965748278,-1.4068286335724718,10.492000378388905
2,-0.8527596720821953,0.18504080854562743,-1.8477463733131265,-0.5400411795706216,0.6378844204779377,-0.403160365029567,1.6394583275568897
2,-0.8200758456342822,-2.2092415501531453,1.0498469079308475,-1.2919789575722993,0.01986258485143811,0.5607844329080299,-3.1540549183419757
2,-2.010105182303171,-5.86123796835977,-0.6299984289618208,8.28324215112483,2.7200656026602155,-4.610436719112956,-15.99024662907979
2,0.8403928012664966,-2.0031822493043703,-0.5610839508193516,1.7034909204377329,1.2667617316551358,0.0419431450913359,-4.570506217195044
2,2.078284959329151,1.3959804135969798,7.8154931915220525,-10.156280046211693,0.31667437610340454,3.7044418016368383,-0.4634065134843777
2,-1.5753575221517198,1.0462543379391642,-8.363537869331482,7.774098102673124,-1.2102322119486577,-3.9857975978030473,2.303048791408262
2,0.27617298207091373,-0.4410380289682931,2.094793041304333,-1.2864722821060814,-0.3135087096276821,0.9726105917153359,-1.236996344469293
2,-0.6396776702363742,3.7264698045376954,-1.2534650143611725,1.661133849788413,-2.205822454691776,-0.4867938102033721,10.466988391153084
2,1.4454011578107928,-1.7644044438863888,-1.2650239420667986,-1.5116604001123433,-0.05303615248715432,-0.8560193614004613,-3.2222849294877185
2,-0.004326546963247774,3.1157089350070377,4.415357405789891,-5.217492262757559,-0.27132123815255926,2.348793133741203,3.5249947773513357
2,1.1786362249977502,2.2300807448012874,4.552197900081434,-3.8698195882092548,-0.5983243849998026,3.05670647424637,7.29194563375823
2,1.407772556623085,-0.36340768724254957,-0.6015172970139755,-3.815901558080501,-1.3637786238508687,1.0656830784027045,1.141538665768142
2,1.2651263781813198,1.7380019315172301,0.160124494077472,-3.5109084668606023,-1.056116239588467,2.1431449893711387,4.768394022996977
2,1.8176912561642713,0.49938227963396864,4.176447912403976,-11.437693914252431,-0.6074786520139454,5.169332159439877,1.7622393719083504
2,2.57094323827154,0.472932381389172,5.434159508378074,-8.602270580845783,-0.2191533264963655,4.601153543896623,2.0089023145904874
2,-0.3903506630128785,4.732079531868582,-0.0487953212898299,-0.5623633435233146,-3.477627975538856,1.4658099303486616,12.674833641980127
2,-0.3174497383241859,-3.895040632602261,-6.5197681789921615,4.40520520072241,1.0610262119458684,-2.4516153676210797,-10.614299942898324
2,1.2815564085312876,-1.8463291898500063,3.043203056897019,-3.7619150155829804,0.05425118705076193,2.1547890747269856,-4.0748873932953185
2,-0.37734058786613994,0.5945846126876554,-0.39354212839212493,0.4368410934175271,-0.11808673316445316,-0.9955000958198958,1.6208247763938803
2,1.2049986719014127,2.350020343331436,1.7540023863092418,-2.4059740526159996,0.34295449435368486,1.972503543715845,3.2151700975059776
2,-0.2346625135198216,-0.5589243000734072,-1.962822509524701,0.06095227865749654,-1.482618895373668,-0.5261652937710282,2.9651253661483032
2,0.4341112249963866,0.8497668041783087,1.7965858426685544,-4.781936393525461,-0.1793027386405908,1.4157870289417962,2.170872677450177
2,-0.23814760778210156,-2.415469716738105,-0.801288680862324,-0.13272941588626858,0.74373056502807,0.7689683879183542,-6.448341850158887
2,-1.2433982527684557,3.0633314334104265,-4.1971631512019245,0.8555334672908246,-1.0902390612482618,-2.3609137572249996,5.904066108891819
2,1.1339912196244823,-1.2110050552380254,2.7585106638665744,-3.1941804496655797,0.4497268856407384,1.9430683379042228,-0.8619227351964217
2,-1.4866574884658506,0.06665354385786904,-1.4165634779220522,2.283320771267437,-1.365910714176982,-1.0915504718537377,-1.2501966150904098
2,-0.12550888255285547,1.2230674674335975,-2.3519825083561674,-1.263672621093245,-1.4948591875923085,0.5759674074988266,7.054722160994959
2,-1.0883992803963263,-0.7399448849825181,-0.4584453616495152,5.280343495753392,1.496468306369242,-1.7972581853064056,-6.6052894271488825
2,-0.5493955521483083,-2.0002445631946895,0.9122284993958284,-2.5714589541686195,-0.6531734683131399,0.17733907857445358,-2.823462690451287
2,0.03869165946064009,1.0398528052095513,0.6831946240747581,-1.10513214821316,-0.08774946902477532,0.6800988749125667,2.17949554529576
2,0.3798201267862149,-0.8477861032555987,-0.2557507180769059,-1.013138186322227,0.15531329672050675,1.1405875300875596,0.43107348599509676
2,0.2807257722037224,-1.2018344911023369,-2.636345096461627,4.039772754642129,0.25192771771974876,-2.93558595586162,-1.3446403945956078
2,-2.3929824256017054,-3.372529433370832,3.781165175721133,8.04978957799943,3.0147596372000067,-4.443747158891054,-12.223150035623606
2,0.8148991708000812,-1.093382470278825,1.1308750267659509,-0.22171829242198696,0.9191737258504513,0.37163506767162136,-3.5546677031019756
2,-0.2296188005570705,0.46192921289540123,-5.429584936374625,-1.45612813410981,-0.7159000702755774,-0.3286769005894269,0.6201855358985132
2,-0.8997878194121552,0.9379818400886674,1.3608509993768896,-2.9220779839729225,-0.7271557468835714,1.3788522961680962,1.686486140032381
2,-1.2392105682268224,-0.8729499480625581,-0.6962802561139225,3.3268649590198467,1.5249604928556098,-2.5089249079936558,-3.4723221698571867
2,-0.46721959674962854,2.0699054817056597,-0.4548930184849144,2.5092105461926733,0.6745200981728525,-2.0628457062170282,3.506019208603827
2,0.7081744395492121,3.548835559969585,3.789811520165352,-0.6547886473504166,-2.071531078576286,1.2457447877455754,8.22882284684032
2,3.4765635006834468,0.4866553710096717,4.94088060817061,-3.4106925825164893,0.3757254795953107,2.0983135656403573,-0.20169278663322426
2,1.6602281230915619,-0.865316597888652,7.545290521587983,-8.546955139811303,0.6757526113040497,4.353345385220692,-3.3119536881022658
2,0.12079566734620713,-1.1057818341805288,3.895070017438571,-0.06428368558731296,1.127948381048778,-0.051755570497798165,-4.674342559465143
2,2.715227527829068,-4.245288592810717,10.54355735292166,-12.581613194720385,1.4623956171124382,6.104240251944009,-11.424766771572582
2,-2.3596011035954993,-0.6938458317035354,-8.085764960339674,9.486983682733044,-0.3903294395527105,-5.492366469857998,-0.23228398708748815
2,-0.9406742301493549,0.4134229299747918,-0.2686605603930074,0.23907494817148292,0.5979602410162392,-0.5359391157664328,-0.43539343658875707
2,-0.07536678218215795,3.8727335749649567,-3.2748315918395865,2.232837036921701,-0.3311645360517769,-1.094997653694718,7.869911541756259
2,-0.07521524609027716,0.2255263103807804,3.5916670925694034,-1.0762943925059842,0.8863613408035813,1.2659291544160698,0.20349940719549112
2,0.21765653291616732,-3.580596687187991,9.964623737031559,-11.15824089125086,1.927135789048519,4.8787891964974515,-10.277428778433508
2,0.8276899135235172,0.229593320776234,-1.7179302574021174,-1.2203654869780003,-0.20037136150638182,-0.01139832120058229,1.3322333395363224
2,-1.5625523028900374,-0.1894774259696933,-1.2108143531996225,-0.14828640356324166,-0.22090511120951806,-0.6045613308805113,1.0559003302447174
2,0.7717638582928095,-0.09870274773929341,-2.681009152441866,-1.8887680876563733,-0.9218449180242693,0.2702974131495759,3.7951211589256837
2,-1.3949584767237468,-0.34429879698688215,-5.8207756175599465,4.208113555941008,-1.9207955730569937,-2.1914203704585726,1.4400371475463571
2,-0.6619727920335332,-0.9434042330786657,0.7894955345912722,3.7081288575150007,0.9835890612578411,-1.4838390637471257,-1.5297994700419606
2,1.7922444081681155,-0.924970924490308,5.066072774837449,-5.8418078068637085,0.7941309070670783,3.0902092899545615,-2.0801357151304054
2,2.0648177597533426,-2.3264653924396934,5.403274959287072,-6.120186847653276,0.0828499349916157,2.8896384516177385,-1.0038110852426836
2,1.8960117403678935,2.010977590564599,4.535615482624765,-7.314613985421448,-0.48536076104878567,4.34406897831424,3.218673237068641
2,-1.4433298855250398,4.186474423687093,-8.58339707120092,8.551887831754843,-2.03155352957773,-3.2956465559841326,9.086683833256203
2,-0.17433034962761806,2.1324778191550933,-2.962558541229098,3.3937217084699345,-0.7647867795020107,-1.1630850431996747,5.433177644321332
2,0.2994394420757218,-0.7190288930358316,-1.057809061061994,4.506131554815533,-0.3367801175760436,-1.6193104466837878,-1.1063291718015413
2,-0.5134915091870687,-1.3360078653271006,1.2668391905378824,2.985353564891523,0.4656617903887823,-0.23495977462948733,-2.0806944110485617
2,0.14650353931316856,9.89918975324953,-12.622919525447337,5.753360354641248,-5.754874800479094,-1.3908482530967037,26.57307994193899
2,0.0038435987130268842,0.7304396808181817,2.795888076024835,-5.509323414209724,-0.756408190829722,1.1779771504241507,2.517879412368511
2,2.1541920953839,-3.145276609546837,11.703710109701767,-4.305940479634744,2.9849431350833426,3.505703228662324,-11.964306956652406
2,2.3150001786437726,-0.3635412968565084,8.304548906423005,-7.881349206080412,1.5235196987379034,4.3764730971772385,-2.362937035125894
2,1.0284776839297458,-1.836897100518003,4.135554084007567,-2.1145410706521135,1.1477644986076738,1.7640082440548568,-5.913535431480116
2,0.3099096849236413,1.1122920062288189,-1.1042539346767246,1.0574323208732723,-0.2125279326113241,-0.2505552472769747,1.662034155901676
2,-0.5150608611924554,-4.6942475354075635,4.664198483305371,-1.7973917612597097,1.9959970220743504,0.37395793793699095,-12.607201875216202
2,0.2323617907476504,-2.0713028131698974,1.6367906813666364,0.4287364613261872,1.4143573389323023,-0.8364554631210843,-7.240387071267602
2,-1.3805390920983758,1.3948053806477692,-5.679049353666361,6.918877227534756,-0.1845704257435527,-2.9336998797505216,3.8502121835253833
2,0.7359162862734863,3.1788840597926318,2.205166620683365,1.110309292229396,-0.8743785360616128,1.3994444752790258,7.798491314882988
2,-0.5793925285641747,3.3587913805437926,-6.502659898067717,-2.280461487824823,-1.7829454380205871,-0.893228848784952,8.871993708161396
2,1.3649090404353654,-6.148203545161351,9.774709922543673,-1.1870146713403724,2.9394223725798274,1.8134764208808483,-15.639480781894331
2,-0.5964123742378873,0.8035056557554459,-1.4167574100341105,3.920325504283228,0.5453494321886343,0.2970117232159719,1.5109216071685088
2,2.2082506638814876,-3.8263085659656704,7.911333257093402,-4.637979031198261,3.149132514047848,2.8078646740412467,-10.433104715908419
2,-0.22584620431040245,-2.497039345281541,3.32718632314665,-3.3586112809528093,0.9576995358416228,0.4641368457739492,-4.5790096678970285
2,0.1024164105730038,-0.4082503798126297,5.354083806911328,-6.761648254819274,0.8189189359080442,1.8325448055062334,-3.5889829304217744
2,-0.40313872065994616,-0.6107886568405438,2.4713081495994986,-3.702334738881872,0.6635292653369885,0.9484629811668406,-3.6453939139153677
2,-1.520202459251148,-0.9134624175980863,-1.8514644528606123,4.1177002832079275,1.284505191068716,-3.322388671711816,-3.477849006735113
2,-0.7754944740040585,3.9811604243631034,-4.52874216959892,4.167851015625643,-1.2111587041423657,-1.9653171751358316,9.523650402674868
2,1.108228669851368,1.6595341403057,4.0072737391806195,-2.959490234688581,0.5768713440440717,2.3456354058776285,2.4268019756862014
2,-0.7615949040679937,-3.98435634588736,-0.536856626540467,-0.12211692468523912,2.0283003709291023,-0.9374719933944531,-11.55115917838221
2,1.2644447835754806,-2.401243077391242,-0.9803316665838137,4.108969348552704,1.994598104923962,-1.7425932411251517,-10.469853442004702
2,0.5916277176026192,2.0133708837653823,-1.396252510064395,-1.9912212208300426,-1.0349660926033617,-0.0795443886243974,5.8413891823644075
2,-1.1699110551337972,-2.275311389137476,-3.135517271102643,7.085773725522053,1.2302354921454268,-3.9316720209499,-3.088293586975576
2,1.6396186189167135,-1.4887273796827252,5.347756735153979,-5.050677350938161,0.9872452564329177,3.4562443907126954,-5.598699999626608
2,-1.0581896136978068,-2.790029069430262,-3.5153253175556713,5.323669445042972,1.0551227235480487,-4.010403436418578,-6.3619345914768965
2,0.8570472006172394,3.9304875661890555,-0.7043117210953239,-3.471591302610552,-1.7576758429832973,1.9194778795760956,9.192699235290869
2,0.1747021580011106,-5.534512985868135,6.2304331740601215,-5.895938682324544,2.9930804095392314,2.5553303197207082,-14.327072564428741
2,-0.447835306697932,-1.2388988353966506,-1.6871625022853882,2.915763992015625,0.7921161248547676,-2.359588401244628,-2.681804492255512
2,-0.06401825525120901,2.971254035424029,-2.9383339809806803,4.1595860218521,-0.7158812564239359,-1.4538077384724843,8.043153854079675
2,-0.9406428407650913,1.2776226094970953,-1.1148105963035493,-1.713440768010962,-0.9961748044211722,-0.1977454495983238,1.8392631153088304
2,-1.8059685373042191,3.7936501429758294,-15.082232907052314,5.057542332370453,-2.9345005210480504,-4.806336989221891,12.108527161422455
2,1.2209692370168383,-0.14566619819889615,1.0125326619440114,0.2599771969859134,-0.5927373796396426,1.3672819169294055,1.9650137804156416
2,-1.3358128449596003,3.8252230262226647,-4.894140961652055,5.908622813991584,-1.7315172877324592,-2.3107031250211523,7.883320596476524
2,-3.2349800880173323,-0.3689467194080013,-7.809511636741908,7.252979315620517,1.206456446371547,-6.3015573461261605,-3.8876122296737976
2,1.0451692468380025,-1.9510645869387624,3.2414754918662227,-3.337854183895485,0.842733588254072,1.973682143273915,-5.718616579905234
2,-0.70145496844597,-0.3494058790734125,-2.289019434333005,2.027102562778253,0.6614214930570314,-1.6001708280805835,-0.7243615001660677
2,0.22816358065019365,2.497026391324234,-5.983508673524551,0.4593426929629162,-1.5467157847861404,-1.6134636173721475,4.6721879475779815
2,-1.532836553140407,8.839454769402316,-8.612585933341807,4.433169335563848,-4.206854001032241,-1.9825044247974568,20.71029752382935
2,2.7719194389650337,0.0227474249404126,7.500177729237914,-8.785478536186712,0.0232878956370891,4.437199753291641,0.7352285942240269
2,-0.4901057482025288,1.4970687018085873,0.1550681615680941,2.233074049497632,-0.017496601233477432,0.038666463482870575,2.6011442544107393
2,-0.7915935896467607,-2.5929045742034744,-3.030190474250887,-0.15412579006696367,-0.11042238713698821,-1.046024937092454,-2.625656343334289
2,1.0720289708199144,-0.48181688769038417,4.478097777155353,-1.642209351332388,0.8295551030947694,1.4737995509515727,-1.9651671011851728
2,-1.362003904083254,-0.27117704701880047,-5.498153769039318,4.258681245640402,-0.472258424630098,-2.650297019195042,-0.9296970832708475
2,-3.015927580385402,-1.3087123377436571,-4.810611244643487,3.8706255889932133,1.0647305058482248,-3.766005070380521,-4.436798744571903
2,0.2073535616306163,2.7887208934646783,4.423692057470106,-4.726713345740549,-1.101982942961453,1.686266726883036,8.172391815710164
2,-0.032762504248686555,-0.9513831491491467,0.6587804886509722,4.320424912662692,1.9739728813412802,-1.7760775038249008,-3.467907523425911
2,-0.40509345276678904,2.044881435940451,-2.2319236595387717,3.1043315363066264,-0.7453452697703072,-0.8834842509305236,6.172547142755966
2,2.6766602802860167,-1.6872579684381142,9.566236505803063,-9.270321290814303,0.4332051900625187,5.836146011153314,-5.281612693128756
2,-1.3498920368993417,3.00261328438312,-3.1038399788203974,3.467280688889712,-1.5797340269866544,-1.1430063896538991,6.88409438635473
2,-1.288232656569658,3.1530182359529038,-7.1155024273658,6.654307569996669,-0.85297187045241,-3.434056847754982,6.551831189343644
2,0.33131407329159923,-3.2883797104747137,-2.8091285518516824,3.217327764148687,1.057580903030402,-1.2108866167453152,-6.131645390319574
2,0.1070508045545864,-0.9329522487597331,-0.7537727309174992,-1.5797989742319047,-0.5284232464313521,0.46537204905998647,-0.7388957394523457
2,0.30926128923754104,0.05469089095891122,-2.1021181079251248,-1.4008809625255811,-0.6861532936073139,-0.773235430897601,0.07062177075236592
2,-1.528845023438966,1.3602661367056563,-8.957429821155257,4.266944473416684,-1.958166374998268,-3.836698404239473,5.367683948458458
2,1.595512011403401,-0.003163564816934847,11.989897512454595,-11.40408431727005,0.7079026691607178,6.356581445576646,0.5128981732503511
2,0.7100493482499124,0.9596896254398124,4.366561953449802,-7.117701018235496,-0.2776330407482611,2.4927628301564555,2.007430393410265
2,0.47568152265400565,-6.873842144476802,8.699105903194097,-1.6187772366488953,3.8776912752456965,1.4132333562819883,-17.369274186208347
2,3.242704822468252,-2.3284521627516,12.198904101335126,-5.567881803676383,1.350289011808281,5.796973020395482,-4.897155196651221
2,-0.04487954747667791,-3.050866662602336,5.905998544819339,-2.658080107713951,2.369808946823404,1.765961583247181,-6.336823786155776
2,2.1468659172180757,2.066299636078634,3.8106663254295317,-2.3730087259938326,-0.35757170507604413,2.5737617909690296,4.72460227532292
2,-0.9127472601692249,-3.91741185561619,-1.2636480021955916,5.92638087850588,1.0041527437259037,-2.7672430705977447,-8.127105232404698
2,0.1463685158571377,3.079920079682,0.32801058043516074,-2.7363931577228264,-1.4043346390756963,1.4116600586593153,5.903603423297171
2,-3.169547945241063,6.785672668647299,-19.283127952680214,11.245386118595373,-3.5455742291253984,-7.508753028871444,18.498369545278155
2,0.31352600606803027,-0.19883531527301668,-1.6708636378288122,-1.673446997607881,0.6152977366672853,0.6085551154500255,-1.4546145770276158
2,-0.00013933294619301179,-0.734112825150669,5.671852154093148,-4.95304237319271,0.9875798044021963,2.000129014397719,0.6348079374547472
2,2.5724566308035053,-0.5912048921998584,13.414559306606904,-7.955476782802227,2.3317288203921325,4.96695443516298,-6.337016072249728
2,0.8067700940096132,4.66794042691118,-5.127434535897468,1.0817327250105073,-1.7033793438849882,-0.08462194721239856,9.47593160446673
2,-1.316653557766226,2.388784902477899,-7.720623719514256,3.3050979615027978,-2.0259621588764403,-3.3005051988227274,6.836385782824694
2,-1.0497407729797585,-2.9594231451395254,-0.1940370614021833,2.4226740367699957,1.1905936180530572,-2.2593834569929974,-7.229824691024394
2,0.665733351716538,1.941809609815043,0.706380887313089,-4.020121023170313,-1.1532616134429654,2.4174404466469106,6.026974273950502
2,0.07208923182182067,1.5382020916677455,1.9762070404423178,-2.089455957371817,-0.1669774581567323,0.4203213582649865,3.8531216598143807
2,0.14581567546942764,-2.1818965422982664,0.7815085812456795,3.2120775482258326,0.8481510506962967,-0.965259660351031,-5.153832701128296
2,-1.0187233532445819,2.9832354977243978,4.477918821543343,-4.924639868526148,-0.917799731927136,2.9897301253471174,5.839148698224475
2,0.6654348994482611,-2.3350676305449953,1.0912413656742703,0.13013793545811156,0.9038467406755051,-1.228309798749942,-3.3998204312318827
2,0.3001655917346313,1.5918216413497381,0.6550925087185063,3.486571095097071,-0.42119503092607513,0.4610304785347483,4.6743868832072994
2,0.26615728018797935,0.7465481923067467,4.363251504092862,-4.615216493881903,0.09464521293168784,1.5468761600337744,1.1531772228753387
2,-0.6776201603056368,4.2672519912394975,-8.522596684167468,2.2321837108803932,-2.3257993316418215,-1.2339636568385766,11.876422240991994
2,-1.3218929719883308,0.6582168471470636,-5.713137350593463,2.8164392250807238,-0.4930503663731584,-2.2283428991419747,-0.012935986427123517
2,-0.31862336158530397,4.7844929208242455,-1.9044052882674471,-1.5657882586518397,-1.5652113926766527,-0.1813022870630604,7.688502774628446
2,0.009481358708053715,-6.065061181754627,2.1039958262068787,1.375250098146369,1.958044224046436,-0.7093134744710903,-14.94855970973869
2,-1.8843530927218957,-2.1219388504074925,2.1142022220678642,-1.7965032099113842,1.3902122016301484,-0.569675534677341,-7.37548723436283
2,2.085932269374208,-4.269462895401386,9.618299930950336,-6.880530823767909,1.731505751031374,3.512598642773452,-12.19575979389502
2,-1.5272773877202086,-1.4784632603447196,-6.669474398954666,8.972372645048628,0.7074310719003699,-5.652685106687736,-6.181592271236396
2,-0.35408577796059526,-3.9511238706468617,0.8650003334502258,1.2939621563320842,1.01043291518849,-0.6298272296676078,-7.811840240186301
2,-1.4469674231297562,-0.7183749377751081,-1.1606135660692827,1.3508361134405418,0.741998625194168,-1.9416759444469636,-2.906813062072432
2,0.8807599518525147,-2.6095742075403328,1.2049664537092273,-1.243873053442697,0.19206604625206586,0.7977217905503815,-7.222587540548776
2,-0.32314907319925457,-1.8428945773308558,1.912282501103954,1.3472620424662418,1.6443513347909995,-0.6871017880717838,-3.831057969191479
2,-0.5529238989772405,-1.27670739945533,-2.0900348009916723,2.93532934417696,-0.09578670050229937,-0.7876665037825747,4.743558892910195
2,0.7000270413050903,3.696622121364504,-2.8705479221195587,-0.8330980796348308,-1.1548664931554744,0.6265551570411358,-4.060413743232534
2,2.135611313964322,5.649481000409093,6.3325075250103176,-10.77157205334763,-1.1241792757035822,5.41281498818496,-10.566061835332446
2,0.4102323377154993,0.3076629050633146,4.424342543470614,-4.981683002984295,0.10018774011201748,1.5888695601123297,0.24329617099636183
2,-0.6326714884856164,-5.348843878421082,2.4233108571905686,2.1892524503765465,1.6869258968648035,-0.7257367778294572,5.240887024493624
2,-1.1601593473578236,-1.3161598330000484,-2.0908431459059367,3.923577462278991,0.16659478857619645,-2.493727473734718,2.817484030782156
2,-0.38171935387625255,5.6497886677453515,-7.621933646140284,1.091353941586024,-3.160348931704636,-0.018036399557314918,-6.544931048529545
2,-1.4793326702952165,2.6907311802122056,0.31834411117461675,0.9477193841846099,-0.022674361669092424,-0.7835831098834656,-2.394117617755251
2,3.1444267994809794,0.926933579428433,8.292786766968316,-12.713940103481875,0.002607311316060068,6.514518967124244,-1.9909898282923355
2,1.2394791245401644,4.0685355695275085,5.913746090047735,-4.925533766264136,0.8513194394005628,2.0854699210322276,-12.215001352391912
2,3.3459031182423002,-2.9996276348801545,16.349754901238764,-10.852030027743943,2.5650862132960874,6.558086504987588,1.021049262893281
2,-0.736450688779596,4.605542218274104,-2.397810525185423,-4.538785304925093,-2.878630242856523,1.3018972569756477,-5.10394914025677
2,-0.5049576590736855,0.6043476382710529,-4.321436278083027,-0.23666721805422558,-2.0685644389902667,-0.8967453454438004,-1.4134038271543
2,2.1565821507137213,-5.107888879206889,7.912775230475519,-4.505349503182905,2.4872015204602125,2.746776577150673,4.9957014441256336
2,1.4379401501662448,4.0770211311612545,0.05111303911501087,-1.0564436013854808,-0.4107207688849199,0.8478780460436242,-8.725415929997292
2,1.0445582725514189,-2.8435065773970276,1.9608904521023482,-1.4921186122037176,0.5729940650096692,0.3485146274286744,4.329838251736619
2,0.9745562253991985,0.270549633574982,3.2847983788183637,-3.911015852037951,-1.4951805431570562,3.130914020881662,0.08335496670098128
2,1.7798640349119748,-3.461142512546602,8.16967806715896,-5.394001527757464,1.0805807446482003,2.494860835734804,4.902864187453337
2,-1.2460287979205555,-2.695707573503866,-3.0138730561662466,2.384861333016838,1.2417986218397008,-1.2431330006740988,2.867380214626906
2,1.7416986522462383,0.3766969535173048,4.842555415063872,-6.193356698909705,-0.36556103718148225,4.551757772109702,-0.08951330099279071
2,0.19001318782988466,2.231865934103198,-0.6968449675630848,-0.32901885775882195,-0.21183314984742826,-0.06737798700887809,-4.3731978569572485
2,2.0421320826429468,0.09819217918545689,2.1169705793593194,-1.2205575782219251,-0.29702178071676644,1.294667097308438,2.016569906903709
2,0.4069410886145551,1.298269344026427,7.33810843541493,-1.7767983544790773,2.3800786012937016,1.5465942797361245,-9.080307103132805
2,-1.020490499779844,-0.46789024271061197,0.5859658882708723,0.5803318474755605,0.6175994414303596,-0.4273595259897427,0.07363257191747723
2,1.507235382103115,1.2278031216780403,0.16461183684258432,0.14491545636816477,-1.0766152191089837,0.1979317256950383,-2.67476460724296
2,-2.446319051150325,0.27118730842938527,-8.123625930095383,9.332375760175028,-0.3178995279312937,-5.177405312262664,2.0062387230974914
2,-0.38743889293930106,0.4734212161737127,0.24640044659931598,0.7745816741975591,-0.21470489133365608,-0.7988762484361216,0.2578944110402585
2,-1.5036303803617377,0.4890987230713938,-5.115794631102226,5.161819529051259,-0.16110885688478405,-2.2357057964783813,-0.9105850482331346
2,-0.1234637174710396,0.1735836055952847,-2.1970492898110887,1.8384132764129042,0.11534127979359154,-0.5658729723947322,-1.6670031408624344
2,-0.7649796434350006,-1.0864936456851704,-5.412520404178452,5.361669476914771,0.3635759742215015,-3.142956197678857,0.8505935037113814
2,1.0402849904527454,0.731782657326056,3.6437348917089314,-4.496393999584381,0.5199885873905914,1.824384465932601,-2.54090212574373
2,-2.086954025132092,2.8400828640493487,-11.613087601871413,9.075893851190036,-1.6678566272032638,-5.000133848709352,-1.6422925433577062
2,0.9294220332352234,1.9823157900317647,3.410772137248182,-2.718016860261142,0.41997349277374846,1.0752043357400167,-5.973164878173665
2,2.6572498402825286,7.3414499997303775,5.285660186939786,-6.797960919903987,-1.7682999929623646,4.421386409078377,-12.757903124330179
2,0.4654370258017275,3.583296133708675,4.8296817558132235,-2.733379432804369,0.0628211385251537,2.6354124998900565,-6.195770870435385
2,2.3926082761701277,-0.6142896379466813,6.896556938780417,-5.025068141863438,-0.2444101055947431,3.521666415444561,2.1542592437985957
2,0.8989378251791156,-3.3972448876652077,1.5931045875560013,-2.3154177552720903,2.1438980175109186,0.5434238510972674,3.7299575514730647
2,-1.4599267630312656,-0.7592437591444311,-5.251673279385824,4.845009464690863,-0.1523769831983248,-3.0045881754064725,0.13789735950879237
2,0.3894086058644824,-0.9348593850097154,0.9555572519609962,-1.0338884764802116,0.9580500635356894,-0.09042933952121937,-0.9296611963391999
2,-0.21708795847265283,3.5894875754460136,-2.1336212510694743,1.5543938581356982,-1.1942099702699427,-0.740207779968368,-5.38407298787369
2,-4.160717490110179,-5.539772714828839,-10.073356176254418,12.01651765141559,0.5918908861623571,-5.828073957084778,10.493915330971422
2,-1.077419912222408,3.70703431272486,-4.873136033758191,0.5011255586105815,-1.6234572442664899,-0.23620177556216027,-3.0913702782250603
2,-0.9232449613976605,5.812157276140923,-10.09677362004358,4.871798764319435,-3.0589097720672993,-2.699455518823589,-4.688513107206784
2,2.2523874428200754,-0.7860192072305001,7.73577904169304,-8.395182875483217,0.9668524654086148,4.042835810743869,-1.296025730123319
2,-0.0037846235676205556,-1.0779902938812187,2.4326068776779417,1.4828603573029762,0.8859743400835256,-0.9695720783746831,1.0231820944515069
2,0.023019292312785482,3.4992646311363407,1.0194558625909695,-0.9184626034753894,-0.37285970790090966,-0.03181478526466579,-6.281234703946045
2,2.1014176751900204,1.7988541649453489,8.145144951111751,-10.665211571821825,0.2868660855683897,5.396263726695143,-4.9734970323002115
2,-0.31162993977649933,-2.260884378228049,-0.7744088986059345,-3.695257714229352,-1.350946222385125,1.4485075191074535,8.000634726229823
2,0.9175996515596492,3.1095556281527617,0.0765382285625847,-6.403729127499652,-3.0163047875981155,2.689051589562438,-0.4113883083179545
2,1.7770516996624561,-3.598438476040636,5.153564189111281,-2.235160228888829,1.2474599513972393,1.7113886720349702,3.287502239591264
2,0.30364252365222655,-4.858104944339405,2.3869192085755766,-1.850348135774309,0.06428218379551923,1.6278180520813537,8.455466027559474
2,-2.3855991062797854,1.0328335488939981,-1.7151805838730632,5.951880729819911,-0.08161485732711524,-2.289851412691505,-2.7874998276187974
2,1.796628414873182,8.1014919548669,-0.666878454263109,-2.6532787084210665,-3.1825606113930633,1.688668748841649,-9.16461293973569
2,-0.8523428212714906,-1.9611833001983994,1.7511552586205554,1.0545865568484813,0.39937925670411156,0.12303149615872475,2.4009670236384864
2,0.871415084045253,1.7258572164604844,0.3854148079234017,0.469378330559592,-0.7487025555057246,-0.08688770498260301,-2.508094027457061
2,0.3223435132817198,-0.1989176335718843,-2.0536532967398755,-1.6012583197947505,-2.033655173024165,0.7828290607310961,3.8470114523150007
2,-0.39253128410250926,2.335233025202854,-1.391282360761826,0.4250169883461755,0.2570512738577537,-1.0459972959935144,-2.6628019447404006
2,1.7908279436381735,4.448314174446641,6.922604422752887,-7.3087157725591645,-0.5562089673896533,3.654062202535714,-8.651402444792172
2,-1.409969960906933,7.379607289964562,-10.08500746834641,4.750446594046246,-2.377753981660936,-2.822839118042656,-8.926692246692395
2,-0.11608738895607518,-7.834979012277437,5.024095947882335,-0.24356594677894,2.1619615417917326,0.825792063647236,10.825909953906244
2,0.7688721227425065,3.0631727373051265,-2.434519648730665,-0.6813565980890615,-0.6077899882298823,-0.24852442061765984,-4.3284191134138235
2,0.8491975714533386,-7.085514262800269,5.592317501391463,2.4996708644639942,1.6555919981327663,0.20125146368558988,8.569411744372802
2,-0.9217739135483302,-0.6486632040542266,-7.612860009454195,6.172541050872563,0.6261116060085459,-4.296665728397601,1.8585957673906137
2,-1.2080928625867566,7.350203374279972,-6.4248915175495345,3.870172987736163,-1.5232200480124527,-1.5462272770952097,-11.354769072719877
2,0.6997948276094157,3.8641336221414484,-1.069276292364576,0.162088255032312,-2.1495061641025277,1.5372265656098878,-1.9115286611546451
2,-2.3720254959909384,0.8824971708533309,-5.5893181916483625,8.04839813607905,-0.14912549159091743,-3.6076186340452354,-2.6575298068932556
2,-2.6167433924947128,5.764125841119304,-5.642296044519228,3.498774997137185,-2.08975368694014,-1.9854270038467652,-7.534588731131275
2,-0.4028068341968895,-4.27629439925795,2.3135748475373017,-4.6060264937562,0.4467247634818857,2.7228426143265576,6.907162904375347
2,0.4765777124918118,-1.4867846165736454,-4.442278548349764,1.6052727218845262,0.17594971536261683,-1.1382808794711383,1.26478622922696
2,-0.21781909283260897,-0.32634844372128635,1.1530957099846055,-2.4811437239821204,-0.13419511081176227,0.44138984830547806,-2.5728384446228896
2,-1.8435858629059925,-1.1555180437297392,-0.6350354877184415,8.744807849352918,1.2589752989067913,-3.603285991086661,2.853801596841943
2,-0.14791065259475117,-2.6188007459073637,3.3541673452035807,-0.5607907846288552,0.5404755500105567,-0.2813008551192746,1.6153077513593084
2,1.1478449027552045,-5.443154941552578,4.868836059755013,-0.14781149423516354,3.059809459254103,1.0856454816967827,6.180899221696377
2,1.5468425678902449,-2.2182637314501306,1.4940739155919334,-3.005877048533632,0.5601291745038844,1.4011504780359985,4.097733384602506
2,0.6986633690752787,5.6944965515311745,0.4445158750535817,-2.302198692586277,0.2322685697042714,0.3032736909681418,-9.035657913115609
2,-2.6940776059328218,-3.443174015000311,-7.2471144104205285,13.005523537324343,1.2831979458900775,-6.926279123668959,5.317224370975956
2,-1.6047456244692044,6.095706932128384,-6.688888772002449,4.183321277130229,-1.8401041313587514,-2.4673293328695505,-9.852563950402555
2,2.554016864230548,1.4428974425097985,5.577855210559811,-8.289749927114245,-0.4542585978523789,4.34442416879413,-1.0362777012060582
2,1.2865088846320987,-6.918366845391886,7.13983297431268,-6.370602835400994,1.7073930745390737,3.826815440916716,10.813142661035023
2,2.144706100506721,-2.0873856463564198,9.428789725734251,-7.401721316678415,0.26612017861258325,4.564793875161208,4.62788014042916
2,-1.3109887480495495,-0.3284311512824162,-3.9702197877875562,2.1271796772068283,-1.5506889273385576,-1.847789847109903,3.822383027080429
2,0.011613905356963085,2.5429387359454507,-1.5840915279713494,1.8404769792484759,-0.49709971751979953,-2.1465767542519254,-3.669072946845932
2,1.1174310526345483,-0.6549041773089109,8.383941777615172,-7.4383750773857376,2.1479407853569645,2.9042943703784485,-2.2171385861191806
2,1.5304588821729448,-2.3075487565958324,2.7501422744139794,-4.70466352780378,0.4748271898704912,2.54212657456475,2.7598459243294
2,-1.2588537899940715,-0.6691531586527958,-0.9853109512061481,3.857865272754589,0.1474606229975755,-1.083684513266105,1.1581142153542672
2,-1.1248393737419824,-3.704121863628977,-4.132033278481881,4.50135731083886,0.649299991982875,-2.5967180938789967,2.2891182624396387
2,-1.1925042975191684,-3.8802431995799593,-1.0185850659436642,7.922436875047238,2.0886237705699506,-3.552184361808442,4.047404258525404
2,-0.4358281111154333,0.1836169262053144,-1.2360607949276863,-0.4087534597867832,-1.0198239233598145,0.2225683342055273,1.099943041617886
2,-0.3029807427901095,-3.130252001322869,4.817005350452908,-3.9215780133300653,1.4235485296436616,1.2707653440061932,3.4944074726559555
2,-0.6171207786434512,-1.533801611306583,1.938754141651154,-5.0671624194532034,0.5644697548887286,1.8295831187907643,2.1873173971921425
2,-0.44806724821065386,1.1963736013332997,2.10618983932409,-1.287018941115426,0.3404003884835166,0.20364740990907973,-3.023782876657792
2,-0.42635123046228124,1.4377136036554827,-9.943140675850511,4.949441327367199,-1.2601083300950733,-2.8012582979975136,0.9248625500058342
2,-2.9247729177988857,2.6733721444493037,-7.635426898020558,8.95789590223441,-0.2815267687111627,-4.740934625064015,-6.104039242283418
2,-1.6042366993197348,-0.4089879826628988,0.05608246692218635,1.1367084735263453,-0.12630972261807907,-0.3920713097651609,0.7508744073748014
2,1.30715911876083,2.3627621983999183,-3.843384758169064,-4.288855696002661,-3.907230453110739,1.2286987573641301,-0.6253757815476753
2,-0.3162449067548451,-2.1801739709086374,-1.231330373090318,3.40942878392289,0.7657892770877258,-1.1896388174189265,2.5209138946875758
2,0.6913441586515874,-3.4995740443698877,4.254295164745766,-2.8456767752667247,1.4648221132943562,0.7409675814622045,2.9252498802393743
2,1.5928009619844943,1.96257614950088,6.643343897650175,-8.168235617925616,-1.3869383525791457,5.42219978220014,-1.3760532991801537
2,0.42498579752840926,-3.1301884280398924,3.7168598151281382,-1.2029698730003668,1.4323584071497453,0.31039711817836624,3.9039188742855404
2,-2.482151414554256,1.005635426371934,-9.973275862015518,7.291333000472177,0.41547742475553007,-5.59858503821431,-2.4463277817476654
