,0,1,2,3,4,5,6,7
1,2.704213574269195,-1.5308638044124885,13.933963277168958,1.2322636037377186,5.643413473982215,1.6847692718102865,-1.5339827676665365,0.8163639890396523
1,1.646171204753178,0.46557277366728717,-0.8238508837127235,-0.8556107829211288,-2.3120575553765117,-2.0745671469595646,1.2500059941106785,-1.6785310329773468
1,-2.791910145168477,-0.08806851376238235,-5.576676064712779,-0.5788535444244702,-0.0647172124871875,-0.1514196265378293,0.7409557289928262,-0.15939492570101838
1,-0.9741314506493274,-0.4286386217257507,-3.5727909824418536,1.3178965133118936,0.7281537589486512,-0.7516015603068612,-1.1822023744337689,0.17275397794116137
1,0.8419036671316675,0.4587001213326437,5.783926020412285,1.1050061242047136,1.764651513942697,1.47166483045489,0.04570478005165597,0.5220043438152633
1,2.77564105876507,-2.11842639225043,3.6218179318343826,-0.8811120723953486,-1.068653537018852,0.5821213998852403,0.02361300863314683,-0.5585868117779289
1,1.406628182215843,-0.2950109756438369,15.4981782006525,-1.939852939717262,4.557236843991772,3.50229546388162,1.1167851784638143,0.9886632633593999
1,0.7565678276181262,1.7251791913578791,0.2798312726399022,-0.6971519620383362,-0.30723918877131445,-0.6832660406045988,0.32303825242636053,0.5154090921307801
1,-1.389948338841486,-0.036853915813846255,-10.702934849212538,-0.19739406046871347,-3.779675002311421,-2.2163789469583217,-0.4677399450258216,-1.2098095590103337
1,-2.03056168650916,0.07391857280315192,-20.543213533760696,0.7553815036509512,-5.728118577572327,-3.133009320150351,-1.7567612264447596,-1.2171934875612163
1,-0.572921223529155,0.2604540046437298,-1.5478843006318466,0.19788250931254078,1.2548884106257094,-0.6849137041288809,-1.49958667334877,-0.10226604062349672
1,0.728037878658923,-0.20976056027065618,-7.632733812728628,-0.07405605297734086,-3.4012673571055108,-1.782158177636442,0.06388501379170763,-0.283031504101669
1,-2.35769158650553,-1.3555575752675268,-3.4815001190072197,-1.25309815523525,0.6425270677264342,0.14951636876827556,0.2833309252320946,-0.34085410239919167
1,1.490092857112529,-0.5794839488047324,1.75907069457041,0.6793412056099637,-0.5783906879672264,-0.8198386484196093,1.0367114941165172,-1.0333232191998216
1,-1.1542128442921284,-0.663249203387093,-5.389398064847977,-1.1538065829796609,-0.16357569820119347,0.2713712916315381,-1.8364822129734601,-0.13882510024798253
1,1.2518995728593967,1.2292251411014654,-14.111352358523927,0.020967246383821275,-6.278798432770559,-3.32068918071957,-1.001016521336713,-3.0361791455529272
1,1.4389852153195766,-2.0288593530701555,13.092061019370464,0.873701741272689,3.551558154406516,2.243930892771632,2.4584541114316987,1.3812855738812129
1,-1.8052432103470626,-1.7231216034818306,0.42026228631666246,0.9663241608561948,1.7817545382037507,0.8249664700273663,-0.26936284163404633,0.13604537242715664
1,0.5818129898437912,-0.286376905295163,2.593771382184479,-0.20114730462006472,1.2884151632090908,1.4150101848081889,-1.4900690045878529,1.1574335208520887
1,-1.2740028485089563,-1.2099447959344412,-6.895217867897765,2.898195617714078,0.1468362148943444,-0.7176877783705187,-1.3799545387351364,0.725449166736834
1,1.1927266630697306,-1.2924423846915727,-4.465939159549378,-0.05485306573937435,-4.508044845355536,0.016636773339786567,-0.4555722763628393,1.7081041408322981
1,-0.02574970751033005,-0.7094462079238524,4.222460979072736,2.7967069827689404,3.7556276337113745,1.0436609971936317,-1.292055906670194,0.0038150889470210973
1,-0.3926893229579303,0.7237664781131615,-5.31047148083749,-0.0899281370119316,-1.0310780215621542,-0.540522674664202,-1.0402380722386435,-0.05437333630892312
1,-0.761243826155137,1.437453577550057,-4.393015822676767,0.4779306788741166,-1.8704589272654721,-0.6297119770070292,0.9397737436173144,-0.9538781076855793
1,-0.23168925836598264,1.9167944960556973,-6.318151345509894,-0.9651565914753625,-2.5110268654179833,-2.231727253607976,0.1435565039859156,-1.0542949615283936
1,1.4617698936489048,0.60300603676128,0.009624062212646112,3.124448448136134,0.14632224783747835,-0.341376194951978,0.5297350624901418,0.48183644258209846
1,0.3631691343999234,-0.5123314262563431,-1.3483037508095523,0.34920015589026127,-0.36441648452229214,0.883187560934652,0.10742868341490303,0.6347082380083385
1,-0.5998800352717433,-0.05997558424320895,7.919919742938626,0.8655089907309107,1.89990563409574,2.265176445784563,2.01030156796629,0.9146725002702703
1,-2.5221489343134533,-0.9292848802484546,-3.1599637108550875,-1.709638188549921,0.4736436613681269,-0.47211609595555015,0.10379505101686348,0.795093923364516
1,0.7310535570613405,-0.913779626469766,18.335551584829716,0.8676028749196819,6.462187418023238,3.956543018668992,0.18845058332529335,0.9192715675926937
1,-0.07398665264081888,-2.81854495861572,-10.449980389937007,0.7870903471021218,-3.1618722908033643,-2.369915602409267,-0.22175256126457057,-1.013932688763385
1,-2.3055144963659115,1.455393231178963,2.3986702819005856,-0.008020566356490698,2.1792180960962537,1.5543285515706142,-0.2581195691550658,0.5232645886715082
1,-0.38755623554181073,-1.0964338844993686,-5.428771388176504,-0.4134828443216375,-0.3619540455709102,-0.9814497889151985,0.17794682872975373,0.17377901430167905
1,1.3081209449630051,-0.9141491184273688,7.86581985474453,-0.5852314329342652,4.169588974843602,1.1473705231758224,0.5174077132222716,0.5763484941738642
1,-1.2815976362827952,0.4843868671823128,21.678948215971214,-0.9173044292026379,9.242576615349961,5.288746839516868,0.9087803927616742,2.9934375638151063
1,0.3202528037474811,1.6082168157487176,5.869567213482989,0.15588547142341821,2.4974922041030614,1.3704610643321984,0.7051367002818583,0.2859668814466962
1,-0.9065933420449404,-1.3386527522355376,-12.450186958592969,-1.3041654348853353,-5.235284574286815,-2.310748804709106,0.7843926405015103,0.17136221269040483
1,1.937117554114309,0.7372461134480683,10.055296392454377,0.6631998050808477,2.4596921378558316,1.2291942867258256,0.7802010603352241,1.1196320353962754
1,0.7838117773150612,-0.11981243569156134,-19.22921645078028,1.0346879791666932,-7.865117509770908,-4.868381660239194,-1.5548515001133456,-2.875086997528133
1,-0.1959504480824182,0.27282307585854376,2.657745420917164,1.0998868696938509,0.23827346226100515,-0.6683704427186394,1.1373002414436604,-0.6451830953050107
1,-1.174449140862408,0.41515156278659004,-0.8474089800702465,-1.1523504953963613,0.015907637022523013,-1.130542387795551,1.7857953201625276,-1.3980469468686574
1,0.6346792157916207,-0.39201334844081737,-12.804133942593968,-0.9119533444485635,-5.3714965071481116,-4.340242260782654,0.19569206262580224,-2.113104837994557
1,1.4339646087909335,-0.4875517077080922,16.48824277539458,0.6137120453040408,4.759154193178632,2.238789356150354,0.698694429479439,1.1876071581491432
1,0.5288325872316665,0.8053812226259207,-2.0501642356628986,0.08453941262073383,-1.5767689410500392,-1.465895660122198,0.5012032891113566,-0.2573499739080447
1,-0.634048686416057,-0.5312084877616875,8.193630881733755,0.8986640988827231,4.219455358453698,2.4919425588162962,-0.4342398540999284,1.251429312113919
1,1.2716433536642602,-0.6848840250283682,10.20986724379509,0.8710582819600072,3.3884601352239034,2.3605891345786976,-0.8190138319906698,1.1908390290966344
1,0.3676975027615415,0.04108626115950022,-1.3174282754216733,-2.001240560950019,-0.45092302620482855,-0.5331804286325412,0.4378011694575774,0.19642036935860369
1,-1.6211077771863938,0.9405434382318235,-10.598592660358992,0.4917711096195656,-3.5410360243769206,-2.6599987198448956,0.7603432542325511,-1.3619915395027873
1,0.37157068379210867,-1.3658741481206267,10.030726511080276,1.0561236779636107,4.2084774987438225,2.3678455939448906,0.9243903813307577,1.281738011847005
1,0.19136280373104708,0.8101022429074481,5.70330921124857,1.8795919850203235,2.149100932197785,1.0253088721717178,-0.03526558178359909,0.5823060137602736
1,-0.7460364781272676,-0.549589898719527,-1.6704454923657601,1.085542409690769,-0.1522534225608571,-0.522265751147013,1.3594563205870036,-0.5368936216513376
1,1.838337809449344,-0.9973354281616644,-0.9503713356359308,-0.06931922815454802,-1.008222150490594,-1.8333000636634416,0.28817430810215305,-0.4184649107325667
1,-1.0472638938368963,-0.04057300864159735,2.2489744197850374,-0.7701392140969433,0.9738228905412583,1.8586855071837471,0.19491486759608745,1.1377185537894636
1,-0.369731974392381,0.060137832356285725,0.6358327518484571,-1.1793894377669936,0.25607426180121584,0.06365543041990046,1.4448226906786077,0.4146437242217087
1,0.2371616211857885,-2.019361164403588,-4.487452042474914,-1.4482968241986278,-1.5162238304603433,-0.365442915306235,-1.3480283574300203,0.09646239806474081
1,-0.4155328549171208,0.534318023757596,-24.10531312554451,-1.0373717193174736,-9.721841904786281,-6.633037330233426,-0.07240778732845254,-2.3696944059428553
1,1.0300507866183533,-1.1898972246794182,-15.06655317579842,-1.9277874269549877,-5.990578893089985,-4.651475817470539,-1.0871893940947897,-2.751452588754723
1,0.18090255465064717,-0.9266110001940083,-5.927389587344939,-0.25722926711128874,-3.7813913368315974,-1.765887334859676,1.4199857806536014,-1.1716702387336604
1,0.8002742162145201,0.14183566120689434,1.429905930498729,-1.6348855918367005,-0.7682043795107097,-0.6862324321629087,0.927373697972951,-0.8573917572054855
1,1.5855537102162713,-0.5290850494523885,7.092861439511553,0.268708890143482,1.6467405494484122,1.17416205799385,-0.001591604579755948,0.8146383010006158
1,1.28153644176792,0.47767604415536297,11.032136170210574,0.13438376256600598,2.869671083971724,2.87130896012565,0.9713060954027404,1.3746224627010941
1,3.108813537366674,1.5568946069216287,-6.377955190511393,-0.5087803387290776,-3.636430873882675,-2.774644332030495,-0.9921763386183938,-0.6276407276477807
1,0.16910466172847133,0.22832434230035623,4.476987805818433,1.1535015240547186,1.4668769648690096,0.5031380176685187,0.5206070077196365,-0.8725848053657536
1,-1.115494636091959,0.20870974886777893,-11.426680126505635,0.02466555236695201,-3.5928115381803893,-1.9243726649243538,-0.24756198227071993,-1.151158382415973
1,-0.1323546953331297,0.6688202487986254,-2.652136339894728,0.9773314601091265,-0.30686830456406083,-0.06760662944735468,-0.7000115508578861,0.22234640682353668
1,-0.7520414140523694,-0.5558322521396012,-15.706447476487053,-0.8410527662232024,-6.560776528266208,-3.8060804062607025,-0.2535115504935569,-1.0000346401300388
1,-2.7613032425258717,0.12947389759115654,-15.76369227479694,-0.8471452008810227,-5.001786295012229,-3.197396044840198,0.06414233515951505,-1.8724869554293533
1,-0.3517620257347531,-0.3464381575731147,1.8207559098780581,0.846811010451288,0.4772728970064388,0.18677648115641252,0.08835745498621086,-0.3075075306193079
1,-0.24888924917461908,0.42093622369992667,5.880815633421196,0.608945217991043,1.908573883417505,0.7820891865322097,0.7343112809496556,0.6178598887949568
1,-0.4522842035079633,-0.653833631043797,-0.04642307110458621,1.087504919406852,0.18740850512061025,-0.33417016028507174,0.5081157311751184,0.6644425873127005
1,0.7238824022830618,0.34533190045262985,-12.032814444499776,-0.9076225143459229,-5.067432515980465,-2.977873300475273,-0.6339833893455572,-1.849496531632633
1,1.2992854256198743,-0.06367147784979822,5.9195496398955205,1.1425362822336769,0.8758685899342682,0.37176878000123514,1.0902032635779133,-1.0249135194823136
1,0.7506151133570571,-0.8781690932489824,13.895349326018156,-0.6701892621294707,4.788855058849422,3.1978288728858266,0.2831966081898889,1.5664874100690807
1,-0.3983070896222901,-0.04409421551462813,-10.833662023696048,0.6789141046156344,-5.085236975518604,-3.3427960931892113,0.9262395402829298,-1.4025593348315848
1,0.4619078666332992,-0.25875326946573984,-5.671318778666629,1.9500311243428121,-3.6064683748299804,-1.8417279204513215,1.530061745599759,-0.5271889966144376
1,-0.5101895412341988,1.6854087498058519,3.317710155039998,0.9875799667061735,0.44386011186691365,0.1134483096273502,0.36773044164307644,1.2761707844004657
1,2.0153670727344566,2.1629055767374235,26.667283231068602,-1.6973977707116883,10.844380376851278,5.656023464439911,-0.04605711484105656,2.8197945582873776
1,0.06419884896768664,1.2828516677235016,-3.762046262513539,-0.750057385621077,-0.5268810239672289,-0.6371037430542406,-0.411481490091762,-0.026993911600429486
1,0.35890427766927024,-1.0555559939897332,-8.77966416910309,2.608492246603599,-4.254461033106583,-1.8150001127000832,1.4229336220168276,-0.6570830463307398
1,-0.13615295365696045,1.2890873549965132,-16.509444843977615,-1.3785095120489845,-4.92856250814562,-4.239300530350929,-1.4049865506555952,-1.6090411580898507
1,-0.7422093580911817,0.899367775549885,-5.68167502991794,0.5832250017802499,-0.30625289338575,-0.5711066785186878,-2.430791975899201,-0.9622963988576659
1,-1.2603575831427105,1.063393273839017,-2.559781963656419,-0.35215067800850497,-1.693388468943895,-0.26905857495548463,0.781711893329771,-0.01512583364096129
1,0.45644040852133033,2.996179083163541,1.1754271102709988,-1.3591377134250018,1.4317268220100503,0.5036887830707016,-1.3238679673377673,-0.18196382847519016
1,-2.341438351804026,-0.14911312417441164,-9.049574148398067,2.0971684542401254,-2.1670853149477365,-2.1511450126522242,0.8338401115860372,-1.8162798513960523
1,0.6253027746774953,0.6056327022292758,7.9627110153308465,0.6923670287708784,4.131945839149771,2.124997213292092,-0.7114966824813396,0.14191154092437497
1,0.526675772951485,1.0633965334835405,2.846086699257939,0.41756977317975497,1.7772904180714402,0.4841170767032565,-0.36670504669193027,0.6362857528946471
1,0.3541467614364934,0.5343285183834148,-4.872697334283917,-0.6812175843111985,-2.476622011455876,-1.1477674943847398,1.6420872863781482,-2.5222743909318237
1,1.7109188660701928,-1.5655995437189438,-5.3851023109864276,0.05988994302813054,-4.819905305482228,-2.690294827500062,0.42245980705701314,-1.6950698140632554
1,0.9346632041826919,-1.7147061007204907,1.4221154638182871,-0.624712026807122,-1.4582237788058336,0.21991371366963036,0.11747789711545739,-0.7763971780772846
1,1.8309637078935324,-0.7193501151140659,-1.1954618329196283,1.5341014452343047,-0.8522686314883627,-0.8818303089817962,-2.670681882734583,-0.9050864654805776
1,-0.6586643454078446,0.8744628826625591,-15.017512333392528,2.3226474247147375,-7.186936925016607,-3.9363621865042693,0.014390882915348957,-1.2790207685250194
1,1.4447341128037396,1.937102780063005,-3.595099497566482,1.2306264341592108,-1.7141027663363053,-0.8095185080067467,-0.9175547298778554,-0.6889801378070459
1,-0.7650717941078218,-1.423674738077705,10.377043081120384,-0.6534237362089681,5.316832007443721,3.1324244914573827,-0.5553050320164161,1.268229353085256
1,0.5215608369025168,-0.25871706174081766,14.282329131527796,1.0709656911264684,5.313015893261359,2.4781472632119095,0.7495116373005422,1.19769502875678
1,0.11800157746383318,0.2761046009240283,-11.206312667230694,-2.3031633787158095,-6.065531898888383,-3.191779326468609,0.49570719509382094,-2.1653800328651736
1,1.6228630847334282,-1.347586244646263,-7.978657319367215,-1.2543767126861496,-4.004266046567148,-1.1323436794308277,-0.9520798336271017,-0.12552029667618525
1,0.6985864128821131,0.20518876835618144,-5.607902221436539,-0.6568938760740418,-1.808793875054997,-1.819081904325675,-0.25330916434889783,-2.0699209475420353
1,-0.6547426708629461,-1.470902338370599,-11.782793378687744,-1.606291665853598,-3.624713971787341,-2.384524852896243,-0.955438402993338,-1.0933354525569794
1,-0.7715010036661887,0.8109487407804029,-5.244638064435231,-0.3519445487169666,-0.9446750775168771,-0.26760010979269977,-0.414009185296106,-0.037095590624615274
1,1.1310287716137233,-0.09772290237881441,-9.447233376927011,-0.762955264067186,-4.659159113283808,-1.8905295688489316,-0.8555077073520416,-0.8872069013320697
1,0.062346859337008134,-0.1433172086601987,4.885158033090678,-1.647577084983514,1.819277240615685,1.2533769420200453,0.5253486460495521,1.3622429151644253
1,0.555539185498622,-1.4855861204204008,6.269725000915676,-1.3754432199170779,2.507678161192736,1.482010734018035,0.8296702397315576,0.09293326917014803
1,-1.4296452772149506,-0.20364505694342366,-12.885958927033919,0.6368366727733471,-5.032416985060844,-1.787582670984833,0.1976578731034159,-0.9213985314302522
1,-3.200062701337302,-1.214443594706031,7.596500061647567,-1.3362201381924734,4.139971169753196,2.3086760399894235,1.415254793885212,1.8684711558468718
1,-0.9950764193161791,2.1756078813119886,0.34814764527976516,0.08921734534370698,0.41729461358438263,0.9534165647702505,-0.003662454924894204,1.1657471640716472
1,0.7533980252354262,1.5583446929728044,-16.19882384073635,-0.16187544594536812,-7.548347535267563,-3.962782895294764,-0.40815447889820317,-1.2990541264504913
1,0.2702722233392234,-0.572487577042262,8.096968346303804,-0.9025223400798256,2.7639741754680363,1.4170270997717962,0.6385529991031372,0.692072499108043
1,-2.211837986038387,-1.2346250196558775,-5.709142991766292,-0.4546594075409723,-1.9416029751240296,-0.6653950198429869,1.4888079320749787,-0.8496129171630873
1,-0.03412751433544117,-0.7747188712162006,-1.5896080048185621,0.19942522633300402,-1.7521683914072945,-0.014987150947662398,-0.12190332579968169,0.7370682969854018
1,1.291219317214886,0.9441082879534101,2.4745161675543956,1.9723916897206584,1.569532051634594,1.1593678894690913,-1.4204298318132622,1.000063139760678
1,1.3591043340024964,-0.10826599554603071,-8.486201632271884,0.13818642189432193,-3.4555928067230246,-1.590208265290565,-2.341842876196256,0.3574536698394344
1,-2.319655280662775,1.6641117152022662,2.249326817341277,1.269192156343626,3.297803273746576,1.372877430019983,-1.218719967457621,0.7839531754384909
1,0.932339702507856,-1.0614395302795252,-2.380001219858468,-1.0978550162065372,-1.7225678579693209,-1.6538275700458942,0.4613644358426634,-0.5924628180696627
1,-0.6685677630821115,0.826890859380662,-10.949283848891536,-2.0169815625837053,-4.415637388425333,-2.937105503799206,1.3126192752621557,-0.8054732923030438
1,0.39144985854168507,0.2244244516558108,0.18667579222508235,1.427831870941553,-2.1861187144307443,-0.28811754324642125,1.2986233633357174,0.13479769795920754
1,-0.3742714136856504,0.15958521341813903,6.521918430909676,-1.2687635828986272,4.599986035966571,2.1944555073770133,-0.7912520684937596,1.110147658084858
1,-0.37500230760568276,-1.2358914502560336,-7.871707141100346,1.8032325487123386,-2.312334968328254,-1.9586805032830008,0.28005124722918895,-1.2832732431101683
1,2.1038307360672417,1.3538454358884648,4.961821151234293,-2.9198822481087174,2.1386696017825226,0.8859764700622332,-0.3487046376806354,0.7847208737916862
1,1.0112929283111018,-1.7469085051455062,5.678154796657997,-1.31823309696308,1.5586687886402628,0.25909510764435706,-0.07147265220141039,-0.14250096075072674
1,-1.5507466084686454,-0.5321794840649592,-0.2838154230848041,-1.3292827082247998,1.0764856632225956,0.739140189653058,0.013245925467238644,0.7329035571496891
1,-0.08296212270023137,-1.4643923219571298,7.624800837339487,-0.4190211075612114,3.6509500959887267,1.583475095293365,1.7421747479781162,1.1367883714452216
1,-2.740126214315374,-1.6941206276024043,-0.7687949979475037,-0.08800154630852923,1.6768780684981612,1.2121673901264969,-0.16721463197652414,0.5356292774623388
1,0.1567546810257674,-1.3341891036171374,-2.626741928961798,1.7012741513768992,0.4215884670871727,-1.0906508452918182,-1.2966968356982633,-1.1945476169838958
1,1.2520665131111242,-1.2637440335760277,-7.494287520367999,-1.0402979479699612,-4.169589429505949,-2.3458746910370936,0.7936022726997526,-1.5462940007215389
1,-0.32919790167996515,-0.7144861469014747,-2.964877421043815,-0.3976316550967134,-0.7403021040411585,-0.03863603462987772,-0.16340389017448814,0.2841265618356922
1,1.0904741015984096,-0.15070554820592277,13.778333391462048,1.0221272956377894,3.2447069870139225,2.8018797095277144,0.595236118464138,1.917515296804992
1,0.5029801565894654,1.3592749973961167,2.877601938112596,0.7123626330968296,1.2240489014176335,1.2778919535405548,1.472475910908161,0.966457992939063
1,1.030659082149445,-0.4340355839146823,0.0973528117923708,-0.12675500313063207,-0.30729820038040767,0.6398771876200434,-0.8751738061639794,-0.05783756670514441
1,-1.1776526699536287,-1.2375188181026737,-1.5599966206456297,-0.07149185627204394,-2.036062448139226,-0.7388124682988491,1.1338802424100383,-0.02764602198138899
1,-0.19243730190607145,-0.1664232877172307,-18.980962927679812,-1.6847475165784414,-7.336835124049695,-3.737977227799271,0.06562755844845225,-2.159305663739726
1,0.19024096834966797,0.3328568165519128,-8.94064520457937,0.15192266961100176,-3.6162779971062857,-2.209411555717065,-0.5161403774710509,-0.8399111517017328
1,-0.4281603241539493,-1.048606221389803,-16.218586323235254,-1.4163631589941375,-7.461933052164511,-3.7293192076280888,-0.09613673599849032,-2.630924045599386
1,-1.193891209957753,0.6111247997461956,-1.63782948093363,-1.892598114178816,-2.5415414719723772,-0.8624354154808065,2.549868023685185,-0.376486453396252
1,1.6964545354192637,-0.5309468476614442,-9.896865283747912,2.037217100732136,-4.301573997326229,-3.2711736662471385,-1.1848292826755793,-1.355687204805312
1,0.21783702951627615,2.10241458306594,8.46167107184106,-1.5035392818157916,2.5154488561287973,2.1732278354039427,0.2261379114726875,1.5770028316912816
1,-0.5041847613439698,-0.5084090394548455,-2.108058214267046,-1.952388274943834,-1.5904842966250554,-0.30157637091128453,0.18288456401557826,-0.0743646828534393
1,-0.2902685807142954,0.9079593701038303,-6.938542230004897,0.26365195992990575,-3.1587313942779063,-2.556808942490956,0.7037243249596676,-1.734971705425101
1,1.1551349671136077,-0.499953743046247,0.907328916692915,0.10137384483556082,-1.304070301735326,-0.8852333697596485,2.2085240882227137,-0.7101234254443638
1,0.12838720997055814,1.1642294118919934,11.554835517210613,0.2648964589048892,5.7244375358948645,2.2588227375658683,0.26633755951964666,0.871628756070149
1,-1.1869361055204621,1.0167106318581287,-8.345318294059394,-0.08456617197044683,-2.9957420152048466,-1.93908588537824,1.1082248769948781,-1.3939164440969405
1,-1.0571136135021064,-0.5777462948506189,0.026185241691720915,0.06298843781729178,0.8032540680142571,0.3882959912856721,1.5589719173959122,1.037763686383159
1,-0.482044953824325,-0.7116419011590781,3.877489974060259,-0.7380198563282528,0.013881592375280818,0.8634650805622898,1.0118587021562138,0.7963990941467318
1,3.128360558009637,0.08921341347441189,2.999925227366312,0.7571412046517078,-0.6225919290078337,0.5240787770575335,-1.144958838753512,-1.5706017203773341
1,-1.542246014254574,-0.14422383935216632,13.551665631039947,0.018813842355123785,6.240776873002237,4.018690516246931,0.25762546131290204,2.259305500051977
1,-0.020415586399781527,-0.9388885844119353,-3.633648924783064,0.15131668298703163,-2.897652796319834,-2.1894370717809446,1.14983390876541,-1.15796955808428
1,-1.6257802679999525,2.221283139707677,12.51898065756719,1.6043492997750632,4.479689286052838,3.97055215958703,-0.5367867749948636,2.523610136259006
1,0.3571241239608276,0.5955165427485346,-3.884364867204359,-0.19759221030394925,-0.3255629275012666,-0.5331845867857613,-1.6543322229100081,-0.5415751778154771
1,-0.8091992641903103,1.9946289306747895,4.079674154943936,0.5999529348456631,1.8888631575090506,1.1670794927781005,0.9918460653496108,1.1711744855473547
1,-0.8550526027985463,0.1016444723765906,-14.95986392709647,-1.5000636701807188,-5.042310726482677,-2.8581274647619557,-1.4226796352413935,-1.968261029170071
1,-0.7232035707218137,-0.8242277029484673,-0.9961240957643134,0.5588584689448136,-0.12772384570130316,0.3161599737532979,0.004541360603063871,0.08858665697049445
1,-0.9187623790528765,-1.3401149500916238,4.384105812484861,-1.1050615524767478,0.5943670952359595,0.7471388167452715,1.4580811348480514,0.5617895058632515
1,0.19226233202558107,-0.4457668811915425,-2.7861867352497875,0.5209611444606089,-0.2752095748826962,-1.3860037286721725,0.48277307082085086,-0.6960335938745553
1,-1.1665594178715333,1.3534158950201016,-2.921418875829805,-0.4339691771133811,-0.7651755094562691,-0.5858821483872646,0.20467708200700535,-0.58613642211903
1,0.7230968364209863,-3.0850486199945015,-6.057392200792206,-0.5550494433958704,-2.418239716481816,-1.569263148851575,-1.7660017604965543,0.4685560357325137
1,1.121476928592774,-1.5060357316781652,-10.40736114767346,-0.3966659945576407,-6.213494822778565,-3.1156608879263143,-0.09410138754308495,-1.4373211700881663
1,-0.017722358119183892,-0.2153383251535975,14.017478367471483,0.8746935597489824,6.709348135876159,2.7573588151594164,0.3700031226831818,1.8310372338793257
1,-0.5497468102389271,0.5258091489957815,3.1258400701132047,-1.140342318866543,1.7536910871946991,1.8789205242585458,-1.1679972151241962,0.8588715300768787
1,1.465662654759543,1.1291800723707273,5.282919596814569,-1.1369721339108896,-0.17557089277947657,0.5106821307162213,1.7403818918946494,-0.16078999697231985
1,-0.7905435134799239,0.7727384237862306,-2.4271871420726816,1.3596759148505064,-1.1136342658708673,0.006599596959350806,-0.05826129571937637,-0.6750210418401047
1,-0.6938638760206474,-1.239265059493909,6.100702937243267,-1.1841012179926198,2.2255891980480396,1.564864948395192,1.5985286044081808,1.3215311070285136
1,0.40400472780091057,1.7214436212594642,16.23833968577091,0.1546180854750276,4.8923732788001395,4.301567968311184,-0.2412543034796918,1.9022188708549659
1,-1.3648076031434866,0.8084126140296055,-6.428041784188318,-1.7572327857959977,-1.4919037704003606,-0.42596784372160384,-0.7523979246448728,-1.1011092822633715
1,0.7535436222849962,-0.7705563643927573,12.285886943704943,0.9816228781568093,4.338964406244185,2.9358195591141545,0.8164082441383167,0.5673399095126638
1,0.5052125787598102,1.1170550361780192,-9.496682353602928,2.14200201739164,-5.419828385517111,-1.638378029194723,0.006414643900820832,-0.7363117041279702
1,0.9165619603370407,0.1576472330437385,8.310726036395238,1.9381375685171074,3.462358130462594,1.953663117843169,-0.017967751817892147,1.645169697039913
1,1.454064343936337,0.1392447881666673,-8.791426428334221,-1.1578241895602848,-3.3273421678068056,-2.572904440401949,-0.7156771582534533,-1.5505848344909146
1,-0.7971171546946689,0.8677436264351827,2.9351791412343364,0.8856015131547342,2.826135809155131,1.1267260386584308,-1.4729820830061109,1.0199843089558827
1,0.7375268316481629,-1.6752375154279289,-4.0783895323885275,2.973639540407244,-2.6276968396197984,-1.998581758615267,0.08078631446527221,-1.1941866696151018
1,-0.23841227668972217,0.7389210563708634,-8.140019353621168,0.15731412280363902,-3.106935231478518,-2.1299504114032244,-0.7629068377113302,-1.1842035085510827
1,0.56301115801846,-0.8487720628999754,-5.330694323767168,-2.2829793091255595,-1.4005323800098637,-1.203515989352245,0.1603483641836521,-0.716037511916525
1,0.792998506946914,1.3762929835416027,3.435669542658165,-0.07987131459380503,0.8834711070832985,0.8378789323436443,-1.0586960205216915,0.33865830013971965
1,0.0974890638514623,-1.7134464140347194,3.4465002319484284,0.3073777866608798,0.9172764794554483,0.8549863298652403,0.26260211078167345,0.6867756479128293
1,0.7325087526155725,2.0200100892647757,-3.8320551285248863,0.47521165848335367,-1.333129108595886,-0.5359561038841472,-0.47439368565562035,0.20369845693669392
1,-1.2800668513152293,-0.08420084114816238,8.885056932338696,-0.9715199526866553,6.00848306154522,2.095533021513246,-0.4126358627345307,0.36534715872424134
1,0.9740373458250374,0.9725462081780399,8.971627493275438,-0.5429367150306639,2.949988661895299,1.5211952405224531,0.08860059103424778,-0.04398801575743962
1,1.6128457225707646,0.8772395274087992,10.886603535477523,0.9351764111106445,2.7836723332963023,1.6381130782994164,0.8369138153633116,0.7108089801679006
1,1.5018921534273744,-1.241999680789392,3.9908906425667503,1.1114445477206554,0.6535380858531817,1.038920191066798,-0.4245236172027627,2.0845219327071267
1,0.16914172865322652,-0.2049106821154836,0.05096410520900774,0.18217112890765466,0.019157478470478426,0.2767038695383389,-0.656862976173698,0.02192506837468101
1,-1.0515348261520165,0.7140485190133421,-1.3628877339963295,-1.3186964590691053,0.6531341372409053,-0.12735345365922793,0.04546128071530972,-0.7841181514367328
1,-0.13958197232698744,-0.16930277033713106,3.4520257018300455,-0.8605486599980325,1.269030555577563,1.3979377819129968,-0.7418156641250647,1.6855026485448934
1,1.3961920788322473,-0.08565984939624072,15.73269250351637,-2.5797829405527515,3.8706005361295284,2.5754525992314825,2.64163236452095,0.6229109496697701
1,0.05570213376660513,-0.6459590771202597,-0.24079279677501386,0.2153971641105022,2.055807631651961,0.1304033841995197,-0.8063136160486783,0.21388920597858746
1,-0.07964425641600789,0.3139256609881624,3.172395850243497,-0.8365493319512225,3.1229712561262533,1.3033839409701047,-0.4696963084925976,1.4302131088722723
1,0.5801043917571241,1.157831683450222,9.712353876143236,0.8310167207223761,3.7967345414536604,1.6032204843541027,0.14374635027698707,1.0219583179572143
1,-1.038671596575642,-0.16330269577523296,8.037626259217978,-0.09779524831553119,3.342866921944141,1.7950753869575196,1.232272892282073,1.295793986755349
1,-0.8931800267115777,0.5193624425921942,8.36705646902984,-0.582378354619425,4.407141407711263,2.599033030268272,-0.8629246427263935,0.9130100063668828
1,0.23942656674058574,0.15236653241934264,0.6755319795055504,1.3861259605067835,-1.1128111096806153,0.17745388692932676,0.20901593112534023,1.0321198768784883
1,-1.4294358993002019,0.44160584104226613,-1.1793115334467175,0.09977099197821312,1.198720350289297,-0.1506586377542241,-0.6021179709271209,-0.25961535428560106
1,-1.2251990259097263,0.7242367206689825,3.7061232820039343,0.10671790516146616,3.1928913498247415,2.2558759131628103,-0.7838050589789377,1.461582104512592
1,-0.058836928118003146,-1.3445355051440013,-4.717936582744738,1.143497518004829,-0.8563941245117607,-0.7329651127567796,-0.4555423944167624,-1.059606608520148
1,0.9407526385836575,-0.8323324178442832,-2.739813512891236,-0.25135420435300926,-1.3134571963874466,0.3787389565613699,-0.6542971755229722,0.35261419167516705
1,-0.9042493472635829,-0.6231738764121062,4.200912469191369,-0.43587945466383926,2.1204939066004744,1.390454334700946,0.7735205192277506,1.445436992118307
1,-3.093592554440082,1.3438916416388194,-10.152338976674235,0.8586543313919944,-1.5901747761055165,-1.625115593873298,-0.18946535714782625,-0.6995452415763627
1,0.8258829859510123,-3.088876329575793,-7.310296313454704,1.521127078644019,-2.3291676155792316,-1.878760418686526,-0.27006992232527016,-1.8280664342262365
1,0.2221062911158434,0.5916321470478677,-9.137026816586198,0.5185462342928402,-6.160698313015602,-3.01061579660664,2.2574302714552426,-1.3378426647744828
1,-0.33285910117173534,-0.0008688748664529584,-7.251964843847597,1.329484941024481,-3.4053059388228517,-1.58341281791681,-0.268237923161699,0.001983589114803147
1,-1.44227458205063,-0.980629830841237,-26.173512664716785,-1.6892951439141233,-11.305920078750358,-6.145341646757663,1.2351323561555918,-4.0085716284006345
1,0.9797653720290141,-1.0347433689113346,3.4259713237760048,0.20808856969404002,0.9708819981480976,0.09172548178122397,-0.8493944937547364,-0.5391597753715355
1,-0.8661679613894369,0.3336400114371399,1.3824833225659081,1.028932401356275,1.1322477877199346,-0.13024277495310438,0.4855122737361085,1.2631220372693783
1,1.7090031215041779,0.8000512429521591,13.68819678682074,0.9966366975786085,4.91145873807164,1.984909929633592,0.8788892852804944,2.2810741108920842
1,0.21314656743617433,-0.26560641469469387,-17.443751615928825,-0.9129180151527834,-7.205673643093771,-4.611102839762861,-0.23632230269570803,-1.7941547105842972
1,0.8313901388728584,-1.595189229846796,-16.556362818792618,0.6894472840068802,-8.611258820992633,-3.8915607028006503,-0.01239260214102858,-2.199723485389433
1,-2.2372731004268833,0.7387210853569857,1.8367752180567896,-0.051229527291187044,3.7112729297563614,1.7979588750805389,-2.1395800595085483,1.2152521405925614
1,0.8210811756705979,0.3874700959990979,1.4454831329903277,-0.10597188057361515,0.4960432280485129,-0.005604936808327264,0.09483719924093675,0.5219577517243682
1,1.756779030486112,-1.2613624320914845,-9.17786944129639,-2.3511088987497457,-4.943533183945936,-2.9668585763731374,-0.7035873405246416,-1.3558251830428643
1,1.3136132738319801,1.7111863515785333,-7.900280670029321,-0.21368391454454147,-3.807280390162283,-3.06251484392998,-0.40743358067455665,-1.8249291101545089
1,0.8940851209505813,0.7710911173559202,-2.0242603191648687,1.1828748613091828,-1.560213208429956,-0.6270502331560561,-0.1217088533002297,-0.2124696906574962
1,-0.6471955174492556,1.772999076253939,26.08942695465174,1.6858225706587315,12.347566668937615,6.232888213149519,0.421253455966954,3.5370043454373374
1,0.1830772979189974,-2.0561291519455507,-3.7567595302012005,2.647021409493612,-2.8550013500544207,-1.2231828962895814,1.9736771706297929,0.4932064963242523
1,-2.853392024655898,-0.935115696987301,6.974099213684512,0.0985532227115616,5.710489198270723,3.732042960394257,-0.7402680956317687,1.2014337863628333
1,1.9433951998885135,1.074178085871132,0.25458891252841354,-0.6931415980183011,0.18746356363706126,0.563794498555226,-2.261374250499232,1.1001803971260153
1,1.5260360496714211,0.7702981902990654,-5.1656167961190995,0.5341938858888082,-2.307145006316588,-0.9855079084135413,-0.07654701820918952,-0.9863238635205662
1,-0.8893441871170769,0.15974842173395207,3.9812187639439536,-0.5613997229709756,2.175417456445444,1.6655868012317878,0.545757064608428,1.6222583761578546
1,1.1554771538157333,0.4097909828135544,12.558154145341549,1.3914042298248952,5.796551370672502,3.124391248629493,-0.8044240500936726,0.5394167086332435
1,-0.8302628431505622,0.9474370457646142,-16.63221667140467,0.8231626430729306,-7.121526701243957,-2.9432756557744195,0.2617812164875554,-1.2767294028362006
1,0.7753983816294283,1.359297240939069,-2.1627706361059804,-0.12732882682727545,-0.2659423349367427,-0.9404486070061095,0.33474941691909077,-0.5595976656352436
1,0.5782556918581795,0.330266683688573,6.500332121684582,-0.19093426217141593,3.909329196162625,1.838864481124598,-1.2947736400738048,0.3536642589243557
1,-1.402248261849345,1.7063741043617728,7.558940629479582,-1.55103043816418,4.252110993722555,1.9053962105768634,-0.382070541643422,0.6672148232407465
1,-2.021244002639698,0.8311126786204931,-4.993953001957705,-0.6346228917515089,-2.294662109871348,-0.422035992795385,1.038900832846473,-0.7386327842355076
1,0.38655789999621704,0.38951740413894537,-2.890228651140597,-1.3850353292599125,-0.44497423858426255,-1.1411049307944678,-0.23562893791070175,-0.2387444596674991
1,-0.9300740404769449,2.1703703455129837,21.8433126598516,0.7989919355879131,8.778199483394099,5.807010973437215,1.0300409076894526,2.375138355826662
1,-1.861761057787299,0.5913994105705179,0.14901654690146893,0.7189711480074907,1.4785110098273495,0.3205677756710301,-0.879007245798001,0.5342461807115684
1,-0.8961766962847637,-1.526782669540224,2.667420351018035,1.2314890127905493,2.382922771724816,0.47858973742086597,-0.44887754021247783,-0.10688427832727795
1,0.19001793642458825,-1.2384841461906635,-11.890767383717812,1.306557355650353,-5.283640937179461,-3.1141385492871314,-0.8431785492226532,-1.0984963214236494
1,0.9052396286462981,0.5507448738078135,1.8663957841339303,1.1857902085995595,-1.5508989578188885,-1.5184307299125086,2.4658725537947195,-1.19550605508857
1,0.28222757108146107,-1.706796689042257,-7.562518217037431,0.4458715385864403,-4.1274170732759075,-2.190705631755694,0.21235636065892366,-1.4979639135378024
1,0.9345062531806001,1.2414462254650374,-11.900735805108505,-0.4659018218078209,-6.456021990607248,-2.4521018649512194,0.023792192146949165,-0.7397510581461297
1,-0.0848461541003594,0.05749616479449923,6.105935227336258,1.1734999790953333,2.9919969227533465,1.7500924039955594,-0.34885846408728766,0.6137287045560633
1,0.9727577770874843,-1.9927224075659338,4.443837707345736,-0.26981397423125314,0.4220162291541513,0.8820223089594589,-0.04628904027905176,-0.21375994885891933
1,1.30853279066009,-0.04724385152967727,3.4442839363745303,2.7878953898422374,1.7805533993783786,0.4470602715363467,1.1071270297189066,-0.9571581365213121
1,1.1615101463310418,-0.5995067408214114,18.108904117042666,-0.09323543572875594,5.064739271236716,4.052725263982302,0.8455056071893251,2.1997099985674686
1,-0.2785800529334589,0.38194414929553855,-22.065847342557138,-0.8669070584932104,-10.170446637286256,-5.594329796227095,1.2658631277488581,-3.0808156452528546
1,1.8896569240588428,1.058734315944328,-7.751634269588999,-0.09561986863559688,-4.7679011668191835,-2.5551380178838627,-0.3203950426410843,-1.4486786844750914
1,0.11589018692226297,-0.8436104245005364,-2.229541479203119,-3.674944017439279,-1.5644273719205901,1.2648006797380813,-1.0524133538132152,0.24085844839468262
1,1.0258601477758778,1.2803908341399033,29.908767996707425,-0.3938453599915677,11.619684079333085,6.859611958780725,1.603856650000942,2.3677216637386405
1,0.6914545448651717,0.7957953202260631,-2.647453191680036,-1.5261678931313751,0.47559292003451115,-0.16520681689953776,-1.5812377556314563,-0.9431086260669765
1,0.20253259951456443,-0.21092274528717259,5.799955585694667,-0.4204820941017212,3.449933379432586,1.0977752116550243,-0.48465715349693717,-0.04001189394579704
1,0.28254919848358356,-0.39864040379074733,-2.201782969820017,-0.036547864458094895,-1.8671740628595344,-0.11164740550667288,0.02235814109652613,0.4640869730583982
1,0.394344826481506,0.3590213096102886,-0.13678377464478048,0.6181780968997791,-0.5220406420179635,-0.2944555834305534,1.731394776527741,-0.07357929042280716
1,0.1149157297769243,3.7943094369634944,10.48311302720013,0.878575230219865,2.9040229368587425,1.24710958485445,1.955515581244976,0.1260297875211188
1,0.7277528539160765,0.16322058721004346,1.688027256493807,-1.0386961065702967,2.417784890440154,1.3401559122826763,-2.859976954328229,1.16147383701312
1,-1.1469148279756782,0.8164500680498723,-4.020792997984134,-0.3454394398899389,0.7796704962690985,0.08234887292992871,-0.32193376653867645,0.32418115889649257
1,1.4587681222764084,-0.8361997743239651,5.234711611733705,0.6804231216449518,1.7439447563793937,0.678103220656253,-0.27467223539156455,1.5443244403977554
1,-0.26909183510365803,-1.4424209489247144,-8.379531645470516,0.16415765140717034,-2.0399620288775164,-0.8564582364809548,-1.5063073316939546,0.145633315470105
1,1.7310866239427616,-0.32232884608968776,7.609557682113645,-0.805696075912318,1.7342794968324424,0.8555151262725375,0.3787108191153365,1.0485569946258018
1,0.7397441459778357,-0.30415301123059646,12.227112909636803,1.2061967349136264,5.328316662774749,3.1754070878983383,-1.1318065726925666,1.800734214737641
1,-0.5132964324507356,-0.8934339522630531,4.5227012104331,-0.5856384784814546,2.1977827385923607,1.1038666332379867,-0.354292347424485,0.424025850206278
1,-1.7462625656011477,0.41924228354179427,-2.916963170577198,-0.5687152987424401,1.1364077881787866,-0.11336484921009155,-2.160473539293049,-1.0527270576814505
1,-2.57307281443199,-0.4904255563416073,1.3700638242885483,-0.5614742267117488,2.431159668317077,2.198008274230402,-0.9501445894132836,1.117263560734812
1,0.06318848863827278,1.0812202746597188,13.850026680763508,1.3310319305421239,5.850896552321249,3.026529705801698,0.27287175373188544,2.4210704148860915
1,2.0736208890214787,-0.47294726043028457,-1.7912048607284203,0.3083778434312555,-1.6258147417085336,-1.4589492765681331,0.04728627220516013,-0.9558631225736459
1,-0.6392982111251835,-1.6968740552647268,0.06119862826581016,-1.0765276660058902,1.0033814984521856,-0.09889064509518103,-0.7154397284110472,0.2430784794494627
1,0.21347256437965084,0.3692825714034843,9.73367096551089,-1.9835583175772968,3.7947375415983493,1.8117919746444946,1.0556965616115068,0.9259871497674997
1,-0.9904687481705632,-0.05992044559777522,-17.27235274932088,-0.8175412196949787,-7.16930337100209,-3.6415069313097304,-1.774099455065425,-1.45269219018477
1,1.165218623597928,-0.36632880192311335,-6.292121657785177,-0.4514294529434062,-1.1034641535329826,-1.211905736185186,-2.3648832646756577,-0.7639128172610575
1,0.9385928002691906,-0.9486705879000209,-0.19237807823860534,1.4565095440613363,-1.2634586990363486,0.7457813986214837,-1.108272018690982,0.15396146575365638
1,-0.4066444802608755,-1.9141083773812484,-9.334873935783719,0.879588995775056,-4.585142615236875,-2.783533964193415,1.7610401972044742,-2.1348970948112167
1,-0.9053911299499864,-1.719280994578945,-5.471155814023819,1.0185908623713849,-1.9503292319738135,-2.1110043401449516,0.7041629962160755,-0.9380083338405734
1,-0.006545362561545531,-0.03568984752987851,-10.608262517289331,1.1344357683464108,-1.9849232194910096,-2.101525193614087,-3.4772222898772633,-0.7404150934913633
1,-1.308135374176994,0.192369000287239,4.940553138088859,-1.0519247152951094,3.120349644075714,1.8019870045394102,-0.2768833195337331,1.2509393329276044
1,0.6237690756526362,2.3673330422905554,-1.6278097503430842,-1.5295695034103116,-0.8201552690291558,-1.9084937613398558,1.3756951068634384,-0.7669917159478613
1,-0.22224917700316735,-2.282794715029164,4.969830002567165,-0.5197968646648712,0.7153499685531041,1.1727558496399122,1.5470645876111577,1.0184026951195848
1,-0.36857710285421663,0.43786902250619875,-12.554067652847095,1.3676567411666432,-5.92400270498528,-2.657274084126932,-0.5484343476776886,-1.9896350716442146
1,0.47097067873887355,0.10973739569020066,10.94930106170069,-0.1580451058963142,4.204420354743056,2.339736190510698,0.9757271724187696,1.7249885032733354
1,-0.2936771599769467,0.7413456204801334,-15.385589090036227,-0.286865269544762,-6.037433130031357,-3.599280923999445,0.06764687768538505,-0.8863457339449924
1,-0.4447544268429686,-1.5492874869250102,21.114003996583126,-1.178276787964638,8.159638863328412,6.241309368767633,0.20660029668408686,2.8528684147145906
1,1.236206308848661,0.23470747413036014,-14.11149949102695,0.11505134511185384,-6.488550703980293,-3.3661456267029273,-0.6867760167272453,-2.134928846497266
1,-0.6542355696128114,2.9871928430154995,1.9947602812836118,-1.0000596491221911,0.1120605415259305,1.622404300552494,-0.3875217546400338,0.48928024960056327
1,-1.156013749892335,0.7416745685204327,-1.5547268437854582,0.22129047524194637,0.11591141884070849,0.08761826843146509,-0.39414492618311986,-0.7690052684074921
1,-1.5011053553745008,0.16084324222013963,2.118882281058918,1.5691589742121679,1.7115190772383677,1.8926777653029256,-0.3671361429107694,0.5310575497634181
1,2.720148159590081,1.215795867732842,-1.0499737817426231,0.9744120442009816,-1.7880659992973083,-1.322106260770089,0.07718121171454542,0.38089524644182987
1,-0.560857272408861,1.7315514949884072,2.38026508136699,1.26664917282816,1.8841996353333956,1.9606603467351305,-1.8401167204359088,1.2362707694011157
1,-1.8101701594478892,-0.7917733302631986,-9.826465730714665,-0.3772544962508396,-1.8686176792522287,-0.7158648074138787,-2.0861716845027813,0.4033408806136436
1,-2.0445397070154785,0.9752702110791601,-3.289227823364512,1.382973583094859,-0.9240970333397355,0.33682779900698956,0.0468793954931241,0.6545540810107009
1,1.0617911188768026,1.9659690013723723,-0.9308462705455274,1.6357815885979528,-1.0938194607827236,-0.7556841308020118,-1.115645592628502,0.46426289143261634
1,1.50525878788667,2.532544907917299,0.999119134636465,0.2959415918982644,-2.3365627631317403,-0.4806035188686325,-0.16280349094885332,-1.1518589346142365
1,-0.22036123088638065,1.215664453296493,0.15334937757778477,-1.0824539563970652,-0.4584299418185249,-0.22897918295060166,-0.11102311458302574,-0.7671182972498467
1,0.9692712309903834,-2.5175834921168097,2.6801103306204928,-2.1472963691469844,-0.0011054878420891923,-1.063388374517923,2.3731824520954206,-0.7963974045700812
1,0.8444483889502997,-3.6322855754409944,-3.5857272315125095,0.7674431334322792,-1.3292543138632904,-0.8686596706376326,-0.24973899243381154,-0.2672258286626503
1,-1.0596581768818076,-1.688478949409701,6.616010587991422,-0.13739101562819944,2.1042539600384917,1.5585784788996795,1.5927770593678015,1.444579020799373
1,-0.35317722812995367,2.248391796867961,14.61959352013729,0.18558550706964283,4.495017265272197,2.587597432635897,0.9512367725904053,1.3670234213993173
1,0.8732498135109668,-0.0866048826139641,9.154186281683813,1.118068711604676,3.562709567452964,1.733186176992282,-0.269244792992079,1.215105345857798
1,1.2409808278841745,2.0260171035394308,17.56922571124203,0.4592531579907189,7.206941697335542,2.8279468790637328,0.5814799748523042,1.1705931460040375
1,-0.08532244678808877,1.3647265173283838,-16.40932144460759,0.23199516651025798,-4.352034948686393,-4.225197621528785,-1.5859763389285815,-1.9460740778992487
1,0.3693122086760085,0.33835604512591333,-1.4113290948318566,-0.6538390389187398,-0.8436807771460885,-0.9306900580924918,0.08354896579483154,-0.2844183850578048
1,0.040091416173058114,0.591614083819143,-1.1705734844349664,2.6283734504941396,-1.2350351711108989,0.6116886108715823,-0.5529149924517771,-1.0118847473460368
1,-0.3772487918587337,1.8345622701333077,-6.04090196791746,1.1910985873070803,-1.9687318658611455,-1.3375757943835898,1.578896760592234,-1.2301360147532883
1,0.865878142176654,1.0895531871165292,6.591190095657534,0.37854390548020944,1.8039408098565302,1.3056691489730337,0.02290266935477287,0.5793992043423888
1,2.7671435659992665,-0.09974214345952197,0.1282643514121522,-2.158354448275752,-1.58539562762572,-0.8885597171557245,0.2341149580202942,-0.6795812721007808
1,-1.015862670719716,0.6975866237999349,-17.46211202901952,-0.18620908367980576,-6.56199090963445,-3.7730145262103503,-0.6949492610304984,-1.805836949167262
1,0.5405684208352004,-0.21113048488617794,1.9867489094224213,-0.1662231097473846,0.23717127835261517,0.3536611315045877,1.198714923748898,-0.08409538629060703
1,1.6800297492540577,-1.8473328073630775,2.4728901726397816,1.566223351019977,0.49775059094458407,-0.9082796995230983,0.9507102494142099,-0.8213539889816623
1,2.8025860226475907,0.4392476985352551,-12.830048692664485,-3.345364458447256,-7.452048204641253,-4.485079473148127,-0.49288129954261556,-3.3831979305163036
1,0.17144799178442435,-1.5604926999367608,-4.823993456489551,1.1925790369804359,-3.8865721736588763,-1.7621285631423511,0.42492264066932695,-1.6403655079626973
1,-0.900309207183588,0.9252687127797502,-14.85311137347316,-0.19863302503990468,-6.1746469739057686,-2.5500024738537057,-1.127739582962279,-0.3097826611211854
1,-1.2582304371851878,0.7547601132075912,15.796004125313077,-1.0799295308366936,7.0263009362247955,4.75444665604182,1.4025513799166174,2.2738167722095164
1,2.4337340061297024,-0.22507952246675422,-4.626463626478913,0.03249454809706771,-2.629628499730977,-1.3437242253773145,-2.1085916240307436,-0.7299721284368961
1,-0.6915014363250194,0.13952574084015887,-5.862073800701863,0.7615385997441235,-0.3165399385196042,-0.2502873209145639,-2.859756612438673,-0.09357512223881247
1,0.09044327617855696,0.9976908582870144,2.761521443446823,0.38193591146811134,0.9506754281663422,0.47932662909981577,-0.39310760464173355,0.7036402924973298
1,-1.137169361523832,-1.4416892698215653,-13.161536372626633,1.6146089423121708,-4.429180738547056,-3.5814299413257165,-0.27690762305628963,-2.256370768601151
1,1.0736542137039113,1.3193685662491366,8.32609618609581,1.2875575853882693,3.618985201763641,2.3521059691449477,-1.8463767129841588,1.0880389329157076
1,-2.1042021421327703,1.0123814760840217,-6.670950387490031,-0.6966765232646362,-0.09213770161292015,-0.07189765855982183,-0.307379998393701,0.5962211065029441
1,0.5749824715574379,0.7095722181875285,-2.0631302390111084,-1.4226958359249438,-0.5714675907001153,-0.40313680579609207,-0.4636003922132784,0.10875349166068884
1,0.5831410948102865,-0.2538024044409448,-2.073575510305441,-0.7334274970480497,-1.424174700702332,0.21593900171873903,-0.968230032728845,0.511480900062472
1,1.389851014232053,0.8919784156399294,-0.414327520812919,-0.22737150937704825,-0.4139048592088245,-2.0197783730075796,-0.15047591942554717,-1.185495180719453
1,-0.26190832525789515,-0.46854086471850326,10.136012424523967,0.0006398776763009079,5.1499638661345175,2.0641600598324272,0.2975174756180005,0.7859973763238072
1,-0.3033550216014419,-2.4867901031130932,-1.2449765964167347,0.3080905673808602,-0.6900685088601337,-0.34816024692761915,-0.24838120195416058,1.1362899210019446
1,-0.5051088427377951,2.0881256544303493,-3.985431176268195,-0.3258947060394747,-1.853421662632324,-1.4315317488044703,1.1402672972895884,-1.067780835395572
1,-0.2611435250402573,0.12790489007906988,12.32363939557339,-0.2728311646336282,7.336815456459755,3.1814337452931483,-0.5426881727510414,2.147024774687695
1,0.8585938832232065,0.15917551338857214,0.04495807241680176,-1.3649716200322586,0.13576834603943796,-0.14671176285901294,-1.0074881569335516,0.06469013692211684
1,0.050144936062433115,1.1504430401769146,-3.9226743835746363,-2.9860804238603023,-2.380053034770558,-0.5198247046501889,0.8164611228547888,-0.6093808634284283
1,-1.1378289602319374,-0.22384135358670104,1.267706469701968,-0.7475865838965534,0.06376592916325276,0.6558118699706642,-0.13082168184304352,0.36123679960096017
1,1.3958739201852208,-0.03248616514683123,-11.932405248693415,-0.45226210784567816,-6.559156980825438,-3.373685180392,0.6446989515635758,-1.0946654069031851
1,1.612120151862097,-1.2257275393364073,5.690101801975236,2.1540189631570077,1.47424031374332,0.4291432661837044,0.5264563031457005,0.23707822924283392
1,-2.3110777431706104,0.7766184189348938,4.674175210078233,-1.4866214398374586,2.2753730783375965,2.0207761302877736,0.5470715481382978,1.465245077039095
1,0.11601453754224772,1.5997742905115742,11.372128692750971,-0.16220357280534037,6.051901996202309,2.327904881253353,0.4065166209419644,-0.08595201292655004
1,1.5181339286022626,1.1195927147332643,-6.69718931730106,-2.011838601977993,-3.0737938770812545,-1.5918148333148512,0.2293007957389088,-1.6936577587128454
1,-2.393050401198999,0.8295096230941188,-0.774612485620393,1.5150059081791083,0.9376301933532806,0.6059732097746799,1.111019432049794,0.9559457592554522
1,0.270244414943794,0.8598342210488731,3.078295130602206,1.745019589928105,-0.8074139800374495,0.024426957622853643,1.5066046305404093,-0.2647286097136453
1,-0.18031537400549674,0.7525208968202234,4.054025889323889,-0.7169899044401731,1.8191138913700269,-0.2323557356500366,1.4185361325907035,0.466269599140165
1,1.9441916891888782,-0.7472453825021728,11.22122647780644,-1.939008755522668,4.804485822445591,1.3593031427299531,0.4374541147744201,0.10172811039275667
1,-0.6023501584170536,0.5698503986837221,-16.098187110381073,-2.0083873156706353,-7.13230818594647,-4.2565559050034,1.3751145595008512,-2.635186755892504
1,0.3164365046610069,-1.0375961602214183,5.445108794250535,1.82315831864699,1.3800363870094619,1.0694152975286448,1.4199290011873393,-0.3227332537587514
1,1.0523295360740497,0.2463901266416497,1.7957339910212426,-1.456354546451075,0.1524505579103257,-0.015422245513682542,0.71600351963838,-0.4800739554147935
1,-0.29824942783252784,-2.008354418841091,18.892468879723772,-1.5558482305577206,7.153003232427258,4.910309724577749,0.13669189455834968,3.582055183881384
1,0.7392339213583129,1.8817636120413248,-11.76867707514965,-0.01905882276089225,-5.112450554682976,-3.541653215880908,0.3664146019885153,-1.5481272682316545
1,0.9254511059549668,-0.4450566844582837,14.004496558280296,-1.1849825765918318,5.289038532020829,3.2956452066096595,0.3896267251458628,1.9318468335049073
1,1.9695975300536606,0.29062946882483764,-13.59709793562673,-1.647540454400623,-7.062647718904201,-4.490254975617236,0.8100363844339887,-1.2954695215102192
1,0.6922887904535165,1.312430066888829,13.642335045220598,-0.3228548022827054,5.892297531865703,2.4955551085207244,-0.15252803268390033,1.8470404809618104
1,1.2384879501663406,-0.9178552537080531,-7.995214703907584,1.8907370381535464,-6.078000274126013,-3.4447451418611044,1.37657708369048,-1.2964140468914829
1,0.9278327021197139,0.6610443039073487,-11.64200687263933,-0.11093206988293618,-4.036311539421129,-3.428486994797074,-0.40085688002504666,-2.550233002067517
1,0.8390675773896075,-0.3903215861359017,3.2529704431124835,0.9941236681051726,0.3457479849794337,-0.12105966289871911,1.6704425914043919,-0.8730513387039444
1,1.410669929551383,0.15524532557825244,-0.6366827707620164,0.6970290995295131,-0.6864566391203059,-1.4144091479577436,1.1868972932240716,-0.7372354212712088
1,0.5100407554055736,-1.5863099649184438,0.8193590945870661,-1.828555569842707,-0.8408134815589021,-1.0634286234333465,1.0454022454960585,-0.5160596906109098
1,-0.5341794830008568,-0.9235510402978843,-0.015199868222891932,0.8269078454322332,-1.2161329712500957,-0.9692230634948813,0.2878330299877668,-1.3248627655936773
1,0.49499768756776985,1.0446189293995947,5.265244413679557,-0.5537753962450784,1.382381214143386,0.7924703642006389,0.37123823321568544,0.5976831421375283
1,0.42592432050663204,-0.56460875402189,-9.598291886307758,0.22528738628718142,-4.746109370055356,-3.441682242037091,0.4144571270157975,-1.0423472133818366
1,1.1239037310042426,1.7215021582852117,7.861771487434344,-1.0226803752525484,2.1776833328641727,1.0134355473385153,1.3666893192087788,1.368883547540482
1,-1.624182150288232,-0.6159120225560368,-9.692505227675996,0.8551417866838422,-4.146476341650167,-2.6086501972210248,2.1844899856157274,-1.6023742997729848
1,0.7370088446450025,1.7033218839154793,-2.1368966907517177,-0.5861191544113287,-0.21385652759275048,-0.6522825530622371,-1.0937211184818743,-0.509888260351989
1,1.3311673327790672,0.011645099426769027,0.7434355319176634,-1.9630899891521616,-0.9994031872360031,-1.0782033857611848,0.7790422829203241,0.051756557244282186
1,2.1973805747877493,1.4914935432793086,5.045385997510998,0.48136631747522274,0.19181669789874178,-0.17306638764140414,0.2733064386564172,-0.29760405865093253
1,-0.6487010220149761,0.7767190762711961,-5.570924863422443,2.6113651030696867,-1.5833235894011006,-0.8749285087256023,-1.0042967070598228,-1.0984943783046577
1,-0.7523091537372192,-0.9357843002383468,-3.415195926931723,-0.4455284647212057,0.8036349134405038,0.04978260785714492,-1.5494595697470295,0.5957149234419346
1,-0.5595262919305208,0.48191398928134416,-5.504538025035273,-2.105798021431532,-2.4270766243293647,-1.4110165992909203,-0.01870130407190622,-1.2057248965311653
1,-0.34023915954535666,-0.418343394074268,1.7004013087513308,-1.9205071981514856,-0.6239426162179087,-0.4579239484425339,1.863177962152773,-1.7073910392568794
1,1.172156216904889,-1.0201356706629123,6.378138982554308,-1.3280750607678409,-0.2548123527821668,0.9682274083496859,2.1570354863253485,0.5353527871046457
1,-1.574249149616593,-0.697864144565106,2.3419578181764917,-1.6703270549805262,0.7991347428597356,0.49736161294715053,1.8020912174929913,-0.37605615097933665
1,0.5745348866585511,2.8624367486746856,3.9122599201587036,0.6988825945795112,0.3744863801308315,0.45395151101910736,1.7865023583948787,0.24293236946712837
1,-2.1434702869265694,0.5311015587741114,5.47276603008163,-1.9302272867028618,5.0423395644478,3.4112279655069475,-1.672284078616143,0.7856234120353157
1,3.0506119722685536,-1.4398330921538502,1.4706079628756556,-1.7958077558654453,-0.559445860804862,-0.9067211176360289,-0.766640132922265,-0.21466910926245164
1,1.3364183829824232,-0.02896136265970931,2.119584876389287,1.9273069607669822,-2.706419896571371,-0.26956213457115086,2.0333998961255153,-0.43648678781007894
1,-0.608616856316627,-0.45706745910514,12.888511478392036,-0.3705645727298637,5.063295398869651,3.3366455412788034,0.13939680039974203,1.8143138542277826
1,-0.47849395713266624,1.0186997377984799,-8.024724802599636,0.6076371848103835,-3.9463417241123584,-2.1184571920569457,1.3071572044289153,-0.6938985073146482
1,0.5839608516828229,-0.8234258141554576,-5.314178404280928,0.7321571939571396,-2.518139299998521,-1.898037621792941,1.371739501159455,-0.3850432163769037
1,0.21844055120719466,-0.11085428302526647,5.728981999850296,-0.3637809239986608,3.1946497663141495,1.1777192626209732,0.015250823162537036,0.009865502726038505
1,-0.6620505585935467,-1.459678967358322,-9.97542419623207,2.3034436612218347,-4.003127670830361,-2.4368537804492063,0.5959528595109409,-2.6236823489938796
1,0.48749334647905285,0.6477078584659406,-2.4462059866752517,-1.0798174124981095,-1.7273248937591799,-1.1969040966705693,1.3608963336092312,-0.9230547916991534
1,0.28076116140375534,-0.16956294712008507,-3.2345037836876624,-0.5502709842155876,-2.948107828806025,-1.7461787386401553,1.714887143803183,-0.5313550917457389
1,2.3633242831061922,-0.18816498269246337,4.656599413973608,2.2325641608647144,0.9394598035711106,0.32375619694237306,-1.3031675668869862,0.4620467464475024
1,-2.6819422150475627,-1.7806892725423138,11.043411446528056,0.8870503988672823,7.319465483486935,4.306837014831217,-1.1278973056487969,1.9220220604114155
1,-0.9718849102165029,-0.17482508498253083,-8.83966811546254,-1.9972201590817529,-3.2728283471727484,-1.0688090556386143,-0.24018414700625618,-0.15639073885612745
1,-0.6450309878621862,-0.81451844284327,-14.59731621661569,-0.9065971805077483,-6.220864006129213,-3.557786460626775,-0.3702136217918635,-1.7710578253187625
1,1.1457478580936822,-0.6064648881796575,24.419931903499766,-0.45619072256859344,9.82935247391452,6.156694349607603,-0.08177005889741804,2.051749385936181
1,-2.4392409621058535,1.1455980396957917,-28.638237668641143,2.3986244349378336,-10.927642221755836,-5.925823909645507,0.6124158699196686,-3.177480073493529
1,0.5551835718337386,0.8778313804250011,-1.5727678209635183,-0.8545734936427131,-2.720243236409705,-1.4692890838812673,0.5980451130912207,-0.1696075458563846
1,-0.17574731284045783,0.045359376854771906,0.03945475553446028,-0.13769802927731398,0.620850792806144,-0.3025282194983568,-0.3912132633433087,0.06945038986670903
1,0.03472573965750709,1.4078076144512792,12.665881990774025,0.09634717134858821,5.595884211203321,3.4219433709361367,-0.3279008274197217,1.3074180077944921
1,-2.435921556781917,0.9647237768544014,-13.569601504154482,-1.0367932217962703,-2.7338718801838437,-2.047580996065769,-1.197552689395811,-1.3587902224688986
1,-0.9930275292309272,-0.6715400676150427,-8.153663291493585,-0.7934331452327263,-2.074445250286033,-0.7345466790031097,-1.3757213512544655,0.20456708598792975
1,1.445306031244741,0.5432380486018663,3.5936436501462725,1.1097309265531166,1.337858471093963,1.4709357258873954,-2.246198006673013,0.9803013396782732
1,0.5792211840198349,-0.014754509658249237,-0.6636008557260609,0.6046631885021441,-0.27427757245768014,-0.36586114440457396,-0.24660679681659592,-1.1179394259562558
1,-0.8213038866512282,0.6075503773703387,1.700683134616532,-0.183407282339556,1.6375523782822237,2.255060880950587,-0.7253263532877842,-0.08415069707044381
1,2.067915929037162,0.426806720102521,4.8485965700916465,-0.37775371564551513,-0.13064677093732346,0.481792662651238,1.0259816209986865,0.4625115340160962
1,1.0950117329582303,-3.093536509469847,8.447510327208189,1.3799731549456271,4.546205518561218,1.0188407871791219,0.9559481368728523,0.04797665471782586
1,0.3500617190677695,-0.9858829354662987,3.5027796048280626,-0.252837123781431,2.89339828645616,1.3259558561626048,-0.5925346850867911,0.10613617073726729
1,-0.2786690348921262,0.6232952342903539,-0.3130045779789061,0.040059671231576846,-2.2068624393193126,-0.8961274566121507,2.4238115970859124,-0.5469093537025628
1,-0.9778873855648796,-0.7948427429786147,-22.869560056142596,2.620551469122959,-10.569981837342464,-5.607028829869654,-0.28678748898733925,-2.519860465772293
1,0.16188408471763557,0.5084530420968141,-15.036372164750507,0.15936419717389522,-6.567676723275272,-3.661553272643029,0.9432331697006768,-2.135480209519725
1,-1.752380693272832,-2.5556617039171483,-2.168861406405379,-0.17359742020550703,0.25723682329065944,1.9182112903716233,-1.0122682448399507,0.6853884848780278
1,-0.4029879832969547,-1.3442686734562657,3.3890303731760287,0.6745352948538943,1.7126672534139062,1.0962236173681346,-0.608101028312284,-0.6326944291716999
1,2.376955367839155,1.1968392537316521,-12.330663000113228,0.2824662278715815,-6.445617571124095,-3.79902857355931,-0.050566581176053976,-2.4729296096121174
1,2.144802243306035,1.8848109659513732,5.855913251821668,1.4793949708622234,1.865152068232084,0.08502849601554002,-1.0856231767577016,0.7191100483165638
1,0.6494213570034528,1.1303356518825962,13.432490748230192,1.0503820236722847,3.4594450399570973,2.292341601984989,2.629285397037431,1.4884627255146319
1,0.627479848299695,-1.2927797049211096,-18.9474710038578,-0.6478857130329361,-9.88409709203382,-5.62759291032701,0.10932496877924758,-2.5762250193375937
1,-0.5325472307828991,-0.6027382955048544,-14.656593218888316,1.9694215408970235,-4.686731326334052,-3.029756713854622,-1.8770717264807963,-1.7312560428039805
1,-1.3031518346232613,0.3351609161707862,13.071590081717494,0.9981722228907781,6.048565028556901,3.702648307214252,0.5843392948496067,1.0341824690459043
1,0.3787697056358881,0.7147048936317937,-5.406516985992464,-0.6899930338812906,-2.3880934644792235,-1.2883203952631423,-1.1447909649568657,0.09618005785630993
1,0.6718920810213502,1.8517721652340942,4.3365381274114965,1.2904985490726872,0.41241699235098317,2.156164417982062,-1.5294115681239828,1.5766624155542446
1,0.3553181021676521,1.3815405956308418,15.692546946565383,0.6344747100194343,7.343513589426917,4.489018077722323,-1.7376306944131052,1.5048010128417104
1,-0.37680069038216935,0.5893467388915807,-18.19411328612735,0.8446611613194981,-7.725702829998839,-5.199392540984281,0.6770405387666932,-1.6502676182845166
1,-0.6755427403565302,1.095925762814993,1.7841709338225544,-0.25632364157885,0.47393965663926196,0.3116931117776612,0.39660324267765357,0.15397060831145293
1,-0.9431895068208991,0.9584671949842755,3.8843008296534283,0.3267615229892434,2.366856602869829,0.00895579670233071,0.37280117380216515,-0.783912394309516
1,-1.1752965878033215,-0.29380418421415216,-14.19571245887881,-1.8706861466650127,-6.308316384200402,-3.2652453066126292,0.014093831378662158,-3.0424517699631726
1,-1.6796317995020562,-0.11566682571204671,-2.0960882445360616,-0.39750240258059616,1.612935407952157,-0.5229993609090705,-1.2614391837843622,-0.24201946709731315
1,-3.408199889936175,0.19966301170482034,-14.212971436170571,1.026342649711141,-3.8902004233130887,-1.385796125667534,-0.3068974978289602,-1.3272327793389465
1,0.8873751214297017,0.12232148747022435,3.1595784364532933,0.39217456244198856,-0.17407041482886795,1.2242837631799612,0.32173548531466295,0.0681303902001934
1,0.5710872837348779,-0.14407158719714772,2.3289134551038178,0.406758518057122,1.0465119305533048,-0.12134964105419044,-0.7671530493513533,-0.7280570277356192
1,-2.5195355273278874,0.11892523748536986,5.648224826859891,-0.8163888640511896,3.3587541614165173,2.3476501117143735,-0.5285180401211507,0.9926859101024261
1,-0.5251135163152669,-1.4933024132909822,-10.06470507720244,0.4250227717041582,-4.756676709494187,-2.398723819334026,0.8193336904572774,-1.5122533198822543
2,0.962868650708024,-0.27489856797099227,-0.38287756645967186,-1.9815671914333763,-0.6062079065277695,-0.45428014073536616,0.11905433856973338,-1.2920848540637218
2,-1.0391848308371032,0.6312039774099137,-12.18489158889765,-2.362162992020273,-4.784829613821986,-2.305461690621846,1.022419407529161,-0.943893169357896
2,-0.9299883315905795,3.1601652250970207,4.673753699890038,-0.9887252266487631,4.343971188440847,0.8563832052014332,-0.9623338136116384,1.3889637984378465
2,-1.8340601596581645,1.0765299003717868,-13.93990539958706,-1.3227475046178998,-3.9111171607900745,-3.5868847362212612,-0.45624717279864646,-0.7391224235421276
2,0.6702384967075395,-1.721863698251834,-0.41824019921404004,2.073668011836701,-1.7594973357102266,-0.5180631217336465,1.8374443032366077,0.031579726477544263
2,0.7682719643152787,0.09008847891059903,6.181542752557106,2.7480751665141696,2.6183831576418757,0.8145848684335715,-1.116524189142796,0.10017729844979734
2,3.33515158436781,-2.267255883306093,9.162930685145302,1.149344941515496,1.0207473440502812,0.6105334843290068,-0.5509561477381322,1.3216664894143169
2,0.06460200569541394,-1.894152508356901,7.668086464469824,2.137171904131013,4.721457227710268,-0.053203692465668084,0.9745851846676866,-1.3268372159122004
2,-0.9537590058480289,1.9160535622034016,-12.61781510790464,-3.7167671789601435,-3.6717356420969685,-3.182451530513319,-1.6824131244762792,-1.0574469724520732
2,0.22503348232934817,-1.9973755587774287,-3.276897325865456,1.5151949222667056,-2.32834592134138,-0.6433623340800372,0.2215055754437955,-0.9871073477059578
2,0.016760996794896316,0.42248465871621416,6.353934798163189,0.9219369155933165,3.483786977183963,1.1676970984251138,-1.1856813938024655,1.3608023063112422
2,0.9888262458105305,0.26610160542106825,3.1567989545771398,3.0455632931844896,-0.895471690000719,1.4845163881128394,0.5169366204278965,0.8888773855687636
2,-0.7944521266880636,0.07965446862593725,5.403166850939276,-2.1469388874203483,0.5128466975704459,0.9227016196116239,2.013351513995302,0.9526252769594326
2,1.5311816222635115,0.046046660910914125,-16.601622414176703,-0.07592713376873134,-7.216237433060475,-4.667815064985989,-0.7821002759199889,-1.3259277026393634
2,-0.9795047446337751,-0.030312145220043267,-13.583307801090903,0.7296229505208764,-4.895731362228926,-2.3741725109464387,-0.863371168004321,-1.9412438727124846
2,-2.3996899268743346,1.743860921863344,-8.889546029240185,2.0183208461020605,-2.948714248176606,-1.539793398779909,0.0022468727221981732,-0.6890218961337616
2,1.6030267253025938,-0.6220428965266587,8.194990029717454,-2.4850696714719867,2.490640157818402,0.3384856528907477,1.807393146633184,0.320259064207257
2,-0.6988210784152978,-0.1468809355669303,-14.878949916201607,-2.3711888826925507,-5.070677638941276,-3.9116551174412386,-0.6106728868433838,-1.014267786616037
2,-1.0402474313642052,0.7187270813455463,-18.12931835905021,-0.2611405159078603,-7.1602674665865775,-2.3550697537597163,-0.7985593523012605,-0.23089923617117397
2,-0.8719108869295009,1.9364850984347546,-9.737472026519784,-2.679551485943979,-4.513735734989467,-0.065975527682238,-0.914903300321273,-0.07356577374204162
2,1.7025047449440036,-0.51073899056539,17.026024009874334,2.116800908754274,3.583628849444782,1.9074077917967696,1.741306134722689,1.4499953433842572
2,0.8167734591819161,-3.7243046150708654,5.458128301790872,0.3628578384649779,3.3202208304668375,0.7830805127370978,0.5355409733731301,0.9739528567960142
2,-1.6039636504519554,2.89089514491136,18.10105805477804,1.22505104732852,7.636881749245821,4.599763440979551,1.9174528653354515,2.582884301137747
2,0.9975333256590345,-1.391842452444174,19.50338750595056,-2.5504404985514797,9.462741937159533,3.8455790249324835,0.790750687703559,2.0471960511009177
2,-1.4296658092952654,-1.0297531926280163,-9.442940613876507,-1.4748283751373643,-3.0904459119247036,-1.422940864938077,1.5388216155442418,-0.2834490821180871
2,-0.20318297956305104,2.8571935010223877,10.293956968822226,-1.9047886594496053,4.319966043645238,2.3145190987662785,1.037083283406163,0.9887571165165967
2,0.6072361070337802,-1.2719399405789167,8.398355629519017,-0.66690333386472,4.721128179072537,1.0629561502998284,-0.851636651076123,-0.17886347506601086
2,-0.9578100154849867,-0.4959016833946394,-2.228569559734243,3.9822135871609645,-0.2881941583935287,0.10162629568403203,-0.7038262010722368,1.0063503839757795
2,0.5111323722402455,1.3701270339409648,-6.807333369892795,-0.6559978417661548,-3.421703861863746,-1.8435501655448505,-0.12925707021340815,0.142440067327679
2,-0.029327344754784865,0.15253723702105404,-3.610417023968121,-4.917108185739033,-1.6490167940489397,0.6315652224977624,0.49138885463041654,0.3021550881712518
2,0.8240468365636503,-0.6372765889616687,-10.985683394191527,-0.6224255793001703,-5.54790362340167,-3.658596031388812,2.6732311566464477,-2.198296629517139
2,-0.9289115574832915,1.8661601698248,-17.260175598053607,-1.789114106778395,-5.881514269742421,-2.984753925162411,-1.1372144649455689,-1.2487631786246336
2,-0.09317352763446335,1.2320939883152635,-26.34033221146125,0.21236504340302265,-10.244953845144744,-5.82751144821189,-1.4811925107951416,-1.9448694786274032
2,-0.9146675628332598,1.0297772462527905,-8.827356767801144,-1.278411736476729,-2.5063274965607656,-1.6652876471880895,0.3786937028742626,-1.1810388246615224
2,-0.22982197894530149,-0.8581719324115278,9.43550892241734,0.6269679456294676,6.25397678555552,3.9342942531601484,-0.6748447637110141,1.6230752916486821
2,-0.061632211392192,0.8189261141507319,-10.507390344209876,-3.5467367860222536,-2.2348958979440585,-3.046326446711332,0.06819789773810117,-1.4459310636105593
2,0.6089558260110759,-1.6450096937876268,-3.2707093001297185,1.8451021858219312,-3.861943006069933,-0.06479165508497003,1.7661273510956805,-0.44030407459947185
2,3.109417411344892,0.5218984017527106,-1.8987317958387675,0.45149615086879225,-4.071990606793973,0.463956210538674,-1.5150092983598922,1.0594383002356094
2,0.5309140288297076,-0.42284637045594425,0.9921776246135721,0.12195321597273363,0.9283808155382274,0.19664923617227292,0.5348880908169484,-0.2546709448332166
2,-0.06787897008829236,0.26968927240016294,0.46283900314873705,0.310928009908254,-2.1722756637663356,0.24019840990201236,1.352438071875654,0.4322272551623788
2,1.384732373657068,-0.6501262280060396,-18.313279096908175,-2.6868486191700085,-7.4705901047028185,-5.396603795323278,0.010340787653313421,-2.6894899059808006
2,0.43886415312186466,-3.016911313301626,14.589693966254112,0.7821915503187056,5.321360907299047,4.320871466622249,-0.7576775205059065,2.86787115418118
2,0.710887058256847,-0.2712342229925959,-0.11433160309383833,-0.34599980332759,-0.07964151932299075,-1.7492103426478998,-0.24599031646274228,-1.8239376895178387
2,-1.296500229536206,-1.069256626340153,-5.498028423107969,1.8216026377852197,0.32020637773180866,-1.7623301910209845,0.4856639843815249,-0.8774537230700515
2,0.16352006161355276,-1.6968616824143954,-4.651646229471428,1.678015855224504,-4.636247900546812,-2.5315266846052724,0.022822998551680074,0.3498401544348223
2,0.030847549104160737,-1.9114709036060347,7.590553966807667,1.2708745059178825,3.873500620573462,3.3496265496976374,-0.17090885341513615,1.1652686340514022
2,0.1291071707186226,-3.7163490607899363,-2.4901062978008857,1.4782680663724226,-3.3642711834565646,-1.4934949419573587,-1.0896457989018267,-0.8703840372662958
2,0.6950885804284803,0.015216228580368309,-8.192245723089549,4.455112022251081,-2.2894508788366346,-4.231665779057589,-0.2421393795742805,-2.5226331971076386
2,1.4875997575837314,1.783540457756925,16.66286044741427,0.7229222292484451,6.30781341525735,2.8307991142782822,-0.5325753077909866,1.2045000809018882
2,-2.517733111696767,-1.3645993597740282,-9.153684016472544,2.4622821736371936,-3.5640125197491836,-1.5426361998596883,-0.7341394464550142,-1.0198161157283643
2,1.5032432341554252,0.6102050400938033,1.2035726295952145,0.5124788037233485,-1.589350768630248,-0.3652415032951366,0.4866999403022032,0.7696158092834281
2,0.03776338544106995,3.7527493397964267,10.655375870757805,2.090352224373349,6.369344140270976,2.8572562767508347,-0.8523206425987329,1.1044258230327386
2,2.09258858464645,3.9550559726030903,-5.155302134879709,1.706515019681301,-6.347963702874789,-0.9459622016820264,1.5939641273097076,-0.7673457661223664
2,-0.6867869362561019,-0.8821939045136638,2.7268798713198086,3.095175965805068,2.1584435393581445,-0.011888368077724087,-0.3450520280314088,0.6933996703257833
2,1.0132435441409733,5.61872446917226,-11.141414380174258,1.017958805546455,-6.7473825585381215,-1.3735064966904043,-1.6311770075713852,-0.814642566796605
2,0.7637850554881144,0.025549536485220938,-15.172299945905053,-0.19037724606253043,-6.792676412383582,-4.506853353677508,1.506879962524553,-3.066653588842624
2,0.07098730211683588,-0.3338165133603807,9.024231759686046,2.81691948705156,3.901828025421587,1.8613344033694672,1.3296053863888844,0.8872579795398254
2,-2.227779858960424,-0.270206781825614,-0.6052675068280711,-5.071299417909143,2.225737326871163,1.7257165882682228,0.17000062300518387,1.5358235381712082
2,0.8030323972651563,-1.0948085777320395,-3.362000787304855,1.253542418756604,-2.8246170013155583,-0.17683201423108946,0.19036588502333615,0.2623867436750732
2,0.6324762707799184,1.2569508387688408,-4.733333836464621,-1.9190501007437224,-3.1326407374777965,-1.2799331776009617,-0.8412063232371492,-0.29725210179941364
2,-1.9046221472239748,-2.369585610549791,-7.1132380412118446,4.151462922457134,-3.036677338284041,-1.526155325241709,0.6982579594712248,-0.9583269128732758
2,0.3054835875338281,-1.5382611543987539,-1.702921805909103,-1.068912805355316,0.5357363106552263,0.1567587351459905,0.7329147155160717,0.7675418351967017
2,0.16362255132426234,-2.3797187584506707,4.1758812406325445,0.7921030971460225,1.8856929891743712,1.0662173910890387,-0.46602928563410234,0.4134200845362732
2,0.3524457070788825,-0.3596112120805766,5.89014552099411,-0.4167836497770871,0.921722210501475,2.336655179542713,1.2165688771030625,0.6326116016436512
2,-1.572404428796772,0.5170075653761598,-11.059847586676318,-0.5472952620020232,-2.5290552290328776,-2.017708030852472,-0.3546901996649006,-0.8609860769554043
2,0.8165928936133341,-1.7174793555741894,3.889694015112579,4.835631810695778,0.46127461236903844,1.0532106284985985,-0.7624386450547592,-0.19661542397703508
2,0.7054529747791685,-3.853927391048276,-6.846650160254329,1.242275808009414,-1.9406011728674035,-3.221425125756056,-0.03604925819851973,-1.5064430756481229
2,-0.569926975633523,-0.9187326219424093,13.001387599614128,-1.1295036759020696,8.172460666953572,4.846716793270243,-0.5414581803451909,1.8070946610262362
2,-0.7331926034529622,-1.5043623164821704,-17.95136918082376,0.835045569061028,-8.768506810469452,-3.6987247410787973,0.10825385607669943,-1.0589551389698055
2,0.7181999703964589,0.09138473609220563,-0.8147934832152172,-1.1579199099166677,-0.9245473945209851,-0.942848262413065,0.862498898524491,-0.684248318665894
2,0.9875878789238423,-0.9399626057406546,-5.146272482248017,-0.6612604166144569,-2.9180444421578935,0.7242519161139501,-1.072624545851394,1.349893491653049
2,-2.209540248458168,-1.804448695989406,0.4392364561279907,0.14537280705668032,2.2663636003360863,1.0060345991100754,0.10951086237780594,0.7142151296301963
2,-0.10597472050083395,2.738837628506823,-3.4154147167249445,-0.5936272265492508,1.379595349433341,0.17236912610236318,-3.3681675213578064,0.3081705215145898
2,-0.6094297795402852,-0.14194909280888826,3.26587825124827,3.143011752432539,0.05043749776254073,0.8126203456775616,1.2213972147047687,0.1681281926798064
2,-0.4903272667609895,-1.4585227403487575,-15.643291759749465,0.8980531279877474,-6.080843268319904,-2.6149512013272003,-1.970623083864871,-0.3866009044562688
2,0.013032117428181434,-0.08778810078621832,-14.097152099940978,2.6499097281133683,-4.354854201452879,-2.287114878346908,-0.30419724026816874,-0.6436912093864154
2,0.7822121646921484,0.2592288698502022,5.2314184764573515,-0.366917411638529,1.3845873969633538,1.8401042985733638,0.5121837530506956,0.8046358904734686
2,2.8262288901721044,0.7055967017406533,32.64357597291902,-1.664753759601458,10.781955614892986,5.348126649520083,1.2764590659829944,1.7508507924174004
2,-2.0258682729772612,-0.5142779753235229,5.5184317581338975,-2.807006093981666,-0.9186529700395474,0.39800995837509967,3.712478681529991,0.041038527130557875
2,0.9175426305256121,1.3470195444760287,4.272946741065445,-0.8133008302078243,0.8230458333094393,0.4193812886135241,0.3462999460819897,0.3556276029734668
2,0.04485124749957961,-0.31010426253597667,-16.404325419459784,-0.7936528466379225,-5.9900855335163845,-3.075076156071288,-0.5389045705159321,-0.4752965275419939
2,-0.7256832686314476,2.395295385590971,-3.442001889910733,0.5059349143471191,-2.9406961562837073,-0.4136810417700752,0.7436460359191875,-0.7040213421165354
2,-1.310572025412196,-1.010534945314295,-3.3556746714524093,-1.2746777884855944,-1.227281677860533,-0.3932285336141067,0.7560280387161215,0.5816982629055766
2,-0.531184866557269,0.9522852649894048,2.6851637996308413,2.2723460124867887,-1.0667644918172257,2.4556044927283835,0.750467171387316,1.9847147151727336
2,-0.2046425874532508,3.5562588890167133,0.9576955364307007,-2.098837859683193,0.27562222795887,-0.33264427176669104,0.5228672965258166,0.7804682645175568
2,-1.0109066753402804,-4.200473163600734,-9.35264964249882,1.5280523767388872,-3.698884773123896,-1.9746781987943212,0.8684037037997175,-0.3961454849299181
2,1.604010977738259,-0.9110802729424046,17.05210850077969,-0.922198294128011,6.981865803813249,3.52590676687671,0.18534951985310685,1.5736610885128341
2,1.401415400775004,1.2599770570264468,15.847484298389737,-1.265546769009302,5.386828081431441,1.548727388133244,2.3248237449207063,0.983612792384543
2,0.304903740959515,0.9984761618510704,24.617204247969656,2.593704031913052,11.379198389464637,4.335007049731748,-1.2317674805219199,2.983401780361269
2,1.313975661060083,3.355834162520098,-6.184861099147202,-4.029121672337843,-2.68657200499289,-2.9547628240325032,-0.2221292723186536,-1.3683985638054894
2,0.4886580490020638,1.708778241862682,-13.675741806937856,-0.0026526344467260243,-8.190497665038224,-3.911320994101588,0.44203305956552513,-3.5671817019153225
2,3.0402156544961656,-3.204457911880956,3.884084257427256,0.8871129389794908,-1.9227876667549801,-1.3609184961729188,0.2139318682139882,0.2364707088210552
2,0.20201378614700224,0.5756476179191785,-4.862222209444822,1.2679134694392538,-0.679698353858789,-1.5087847361421651,-0.557735481842821,0.07830734545310297
2,-0.7761499907991904,-1.3722678123130483,4.6191120631725955,3.043326679797274,2.4688066873764005,1.3452402095119007,-0.5783968516637737,-0.09546694543672596
2,0.28391433373512165,-2.305840763604379,-7.032054134487758,-0.16526896809029162,-2.7894099157263073,-2.4756879667883,1.617622133485617,-1.4902095326606923
2,-0.31568568530811436,-0.9055826806348074,-3.0911496807965952,-1.07289396202454,-2.143969244057708,-0.4784111848435096,-0.42846496947512286,-1.2008119538675968
2,-0.04309843443353257,-1.29960109494858,5.008035126227439,-3.0007589647758848,4.923647159940643,0.2219466162181754,-0.260108068353598,0.31985642899364697
2,-0.5102760487079983,-0.8239101476195255,0.47492701147922056,-1.969157104865344,-0.47897816105519775,0.03981428659441555,-0.8465938885730397,0.30903283157843103
2,-1.3060491466477333,3.786480194022914,-12.020398540868078,1.2046264000417601,-2.2143220933692076,-3.0048637255139043,0.9691306868988759,0.13320193633736432
2,1.0693799330437561,-0.894370269424733,0.43295040134046114,3.6448363168374183,2.9859214149391193,1.2419629877182432,-1.4113554982074115,1.1908381164178203
2,0.40251448636903103,-1.8972108791428897,-5.1644937803545385,-3.9055656644529075,-1.6346748936582258,-2.211469067756049,0.6525696370513723,-1.5931827013287905
2,1.807561357720028,-1.4558069554216404,10.929809546853404,1.479503273666169,4.648287762508481,1.786201580313892,-2.4165578317280336,1.4540825478696309
2,0.030136179760793774,-1.3013374996062306,14.71349604625966,0.3807981765558837,4.911110118391279,3.5423184578645324,2.982224688675717,1.9957959274019252
2,1.5007520252460311,1.7304203582819595,-1.802639106276554,-0.6084216861759935,-2.7123791322450312,0.584678456523179,-0.3125142853403873,0.3066458918263664
2,-0.6157741866179978,5.195150708756529,-1.2807173921991382,0.03865091727304562,0.7682736969056556,1.0942998197818286,-1.369487928529736,1.1256528606313967
2,0.36866686757687817,1.2847671734507242,12.052904401658832,-0.2798719484043718,5.553528527842304,2.7235332884631998,-1.0139934000360646,1.7631640419063872
2,-0.2858301010238758,2.263949663218438,-15.946131192413397,1.1374190744000023,-6.885102833595075,-2.8222459886801476,-0.1499407002422021,-1.179648509343107
2,-0.7217557659053717,1.40318154620521,-9.38776153683331,0.059755803514768266,-4.817665193768949,-4.202124584927497,0.7109657499797258,-1.0630634355231967
2,0.010080507700311919,-1.4707055772473399,-1.1118018549011315,-1.2010310691220738,-0.24557892491205022,-3.13470628886222,1.3970561586133818,-2.066310771494876
2,-2.0658695650050247,-0.8540239429858074,14.830264807342292,2.452599996475342,8.834766539739277,4.450949872840118,0.5913440568503884,1.382339716392797
2,-2.546007954924113,-2.0755977372793573,1.971400489213988,1.621302323162345,1.436029847461574,1.0437054370164387,1.3781631535888275,0.7097963819594648
2,-2.1932960749980466,-3.475301295013877,-16.459637136914285,1.5987645506058827,-5.973344112474458,-3.0547576607799027,0.05598891123848587,-1.224926779328541
2,-0.9919329020963066,0.2416000793204633,-11.300221798243923,-0.4969761230521743,-2.9377758497705586,-1.1490272597282565,-0.8024273555533692,-0.37369815384016625
2,0.5713216975558921,-2.416075066872112,9.825022569469718,0.7909144852962078,7.342849493328746,2.4898651479252885,-2.3309307880678682,1.3992753875973523
2,-3.220618874847198,0.7659634878518511,-5.0281987597392375,-0.31199232523790515,-1.8314765005860918,-0.5878944353895201,1.0497882515675014,0.32778676529795336
2,0.3441413847918403,1.8065785416231535,0.6318771184966363,1.4530734237582181,0.13628011227296793,-0.28577468789262334,1.1653425806994444,-0.6679269795967999
2,0.5322961512878905,1.3440392062025812,3.0216207133548187,3.0661163898106785,1.3326692118318553,0.33662477312073635,1.2589551314715026,1.081940381277575
2,1.0997693856907544,0.3687378650586036,-20.092230263468306,1.6179547916348156,-11.482215206479605,-5.095826814062444,-0.7739203131227043,-2.8530801342599243
2,0.5346910946652381,1.0148978694848778,3.0259087874391555,-0.16589444749397794,1.4576379708361693,0.48009123488523475,-0.0025540696663027274,-0.14814033677087157
2,0.7672210160935292,0.05793491339871749,2.9567671620604536,-1.372453210449786,1.0824724982118568,-0.6028428087861597,-0.2498968486216535,-0.5648134474021004
2,0.22097904849171193,-0.7708321569086808,-16.91177483730649,-1.6270531461144195,-5.5299633433590945,-3.1507832494802215,-0.738942109314513,-0.8868495565830636
2,-0.7756918388599601,1.6898673738853995,3.9445413477631286,-0.03324191813467405,2.6022432076190363,1.7030976962392386,-0.16055063901367247,-0.056353568893308725
2,0.989638218805176,2.5428436689993656,1.7609489909787386,-2.3515972102506515,-2.2839277983976594,1.476415590062982,0.562573837454761,0.48730830561698735
2,1.4900742849725241,-1.4106392194816157,-2.388931209717257,-1.6435650332377854,-1.008955506161128,-0.5632485302085126,-0.2585728086280041,0.7284656071463671
2,2.8367929271517363,3.4212572325444786,-7.118198072769146,-4.5524581763903775,-4.195084413647316,-1.4598760067192011,-0.7685122851854838,-0.8415220338694175
2,1.8730612171321113,-1.2702514780765954,-1.1687643619572101,-1.235503019870882,-2.6732974067178548,-0.4874331840212148,0.8091808030418942,0.743599592322235
2,0.031050712709920436,1.0954915361232451,9.624635748596662,1.6936999495065164,4.01653090000181,3.0955404614851485,0.3821302737274007,0.9511139277593563
2,0.4190791996897008,-2.068180055825341,-0.04282541776642478,-1.5169910727517806,-1.551365957009587,0.5618436841804074,0.06026573946446334,-0.20927940747271045
2,1.3075127686401562,0.49544719308605223,7.780783757932491,0.4231026761583168,5.028457761863093,0.006315539803343449,-1.8218226501270516,-0.6215479922038212
2,0.549820472806562,-1.4287294210298693,3.40955003686997,-0.4092757696243648,-0.657888025685638,-0.3326960920522453,2.355169185952035,0.1994649417860283
2,-0.8474212917384134,3.233808077785381,-6.876387532331874,-1.029781298993183,-2.1611520157430593,-1.4753147373014344,0.41620322775714774,0.020530853611597788
2,-0.32921190894376484,-2.0232591310589356,1.6164252067759384,-4.710164911862787,3.176391904308681,-0.46771480557839284,-0.26959375779517186,-0.8560164180200756
2,1.010188512508965,-0.5755207539942027,-3.2883865115813244,0.23024829420180506,-2.2384761385773,-2.64782655966914,0.22645522612128186,-0.8531894980507793
2,-0.4448538795581241,-0.32438126865686645,4.370822611750496,-1.9958651751176903,0.9362676181884239,-0.7831271040221184,0.715183694706133,-1.3822737932091655
2,-1.441438528042225,0.6796288113019882,-8.31656821549138,0.10083931608174204,-2.9876972982255574,-0.9791593494510592,0.23190690445605347,-0.023506112263401213
2,0.15278445992633732,-0.8452266534543588,9.799746236187424,-1.5317842600022389,5.073650161792406,3.7365902366348562,0.006245197141892964,2.510662729793688
2,0.46895269629899716,-1.9930835938329112,-5.739928398392278,-3.6341258431113506,-1.5384533186134108,-0.7920767192338969,-2.2235366552187683,-0.5186111114100223
2,-1.0461377139900385,2.117903078619662,-1.3998795034219238,1.7071440319554125,2.2001184787262074,-0.14062071519826672,1.597258239601235,1.4582942238728058
2,-0.5354484064245068,1.7047202248330489,-4.784312924768431,-0.9134882938401028,-0.7738747231354994,-0.7829923189341722,-0.8207226614645926,-0.1931883215001495
2,-0.2683832615457876,3.9680958094140317,5.979366016051034,-0.18315103256140972,2.4603807222038725,3.3924963587516803,0.34369969321204247,2.1002644554160153
2,-1.4609672549459913,0.022389048964526464,-22.35805914671619,3.5437165750833612,-9.4884641243245,-4.983785300310556,0.2552553129555195,-1.281001090412505
2,0.4828656475057229,2.9268266067045654,15.626307592520257,2.3523630650012004,3.6587865905664163,3.192021115162134,0.7922929019544955,1.6473825707681629
2,1.4877917921268473,-0.027825265832977158,9.792988738650056,1.6268876951527569,3.6526447350480438,2.131128483487925,-0.9458512699758874,0.4869908969750668
2,0.23588497316945384,-1.1079985949350468,10.427461661108774,1.9181151841755233,2.9489477712268877,1.6524197595505206,1.1644378729992755,1.0059204777611528
2,0.682552548811489,0.09716474631593404,6.1803346524032685,1.7627465081052762,3.3523655771723995,-1.7089429811157717,1.6272150188071983,-0.04798012880272118
2,2.184356200346092,-2.012829289590657,-1.7321555553434693,-1.7573032273706146,-1.7826895682894632,0.25631812779717067,-2.31331537675153,-0.7608774679104494
2,-2.214483775467033,-1.076775991582794,-2.0261726349126423,-4.086158103954377,0.7751593405477432,0.05120003962387282,-0.16389286493791388,-1.2789658469664602
2,0.7642112536802452,-2.561602115221003,-15.16940842890957,1.5083265402961115,-7.070776181981972,-2.843006180519284,-1.9537213216765705,-0.0924847756062156
2,-0.1207634026733462,-1.764752549161118,11.514482703751804,0.26431483644021286,6.446529398584392,1.748608338279298,0.39800174745860006,0.8787892404045218
2,-0.09378424896462983,-0.37690989677185416,4.409389596022532,-1.288066751098544,1.5533450715709,1.8411346235925246,0.27270378008620394,1.904085440619731
2,-1.252858791070605,-2.367386251923423,-10.747384616441227,0.2376579406245305,-5.951104495659609,-1.2425679908176241,0.2704485928234697,-0.7712360509209631
2,0.3545429258354749,2.861516761054255,-15.891564400199954,-1.482958120968732,-7.590078979041895,-2.1610534799795356,-1.4486208038718542,-1.4361100533660396
2,-0.6529335420493723,2.5842442546433158,5.788650977703845,2.0791710751193664,6.1071897349920095,0.9207567628585229,-0.6042630655323845,-0.33725182075479493
2,0.6030531765779286,1.184313734326969,-2.1438818639638844,-3.724709509899918,-3.0518216725572613,-0.4688894418002442,0.1384558162009541,-1.0948307042433105
2,0.19205948069177062,-1.6881718934547258,-10.93036743469465,-0.4570064042340455,-4.89810644537559,-2.410977224116815,1.5243140832182438,-1.4104941273719036
2,-0.1976185251243299,-1.2438455347317847,-20.82131780983146,3.8575445813809934,-8.363727722557146,-5.636649434283289,-0.38246318701182047,-4.260992780657528
2,-0.3959848306820105,0.7819260200014181,-20.273036553817818,1.267836259692381,-9.024821121048241,-4.2765806162156865,-1.1634399775217052,-1.940487793511188
2,-0.9912810896749772,-1.16598806726374,3.5692094193943382,-1.2067983507969051,0.5713013489037885,1.0769520394027652,-0.884622012642272,-0.10907156055976158
2,1.5533557452315225,0.017510790202517966,5.456770892867869,-4.340862185368093,2.0713611441323794,-0.4927415940385388,-1.2067881589479232,-0.876502814237977
2,1.0502289207119453,0.8851512088345578,14.274759273970313,-1.3132301634325851,6.315646331079091,3.9803549711201223,-0.17342925952503582,2.15701957650167
2,0.35921218653575954,-0.3499103404869036,-6.475273447857252,1.2313488848206329,-2.255972410287636,-1.6551314764049412,-0.7061182899930635,-0.5615581535488559
2,-2.5082037310070486,-0.7674095462953314,-6.188687793271608,0.9691987073531185,1.8105785954169626,-0.9611015036725685,-1.019744379964537,-0.813170678582762
2,-2.3159102539583887,-1.9174139082246842,-21.074222667892762,1.0005157009683407,-8.552370914430137,-3.5014285413900335,-1.251129021087934,-1.9010646227451153
2,1.5070487244202646,-0.17477528471576587,28.882557676219566,0.7458367485293848,9.060776840110028,6.872404706804923,0.7762841772648646,3.5945875075079585
2,-0.13919299549243325,0.7999691696394493,-12.352991578063248,-0.5922644311394614,-4.464285703431133,-1.7889407243294486,-0.7972985850074071,-0.6855775719011645
2,-0.9359478864913755,1.9344306331779233,4.094392955236775,2.9512910707819056,4.607737021336751,0.7864533354280467,-0.7141566691347421,0.9590979924525542
2,2.7486368088973117,-0.43670520517165695,7.752562136455707,0.50463580798065,1.227007592284456,-0.061448312575947406,2.947123458359673,-0.7483137547074482
2,-0.34369143498252536,2.883202895855337,-6.46384971697087,-1.6342045978372322,-0.19385585410645575,0.29070067707543235,-0.807816356652513,-1.1548201254545383
2,0.14481128994173054,-1.635278204272682,5.493037952660681,-0.016340201005632805,3.22770887396257,0.5262926947864149,1.554006370100891,0.40754204703805125
2,0.5036447823388515,2.2976806600985897,19.14161512225558,3.104088932175482,6.460928377547766,2.972056675531604,0.42931774728555216,1.7637692277114358
2,0.321880173600423,-0.253342885055806,3.2250082495323986,4.79491846386778,1.3763756977190802,-0.7136049835942269,-0.08926710002852106,0.13710855823088175
2,2.2457915200229874,-1.2328864481617454,10.546147906249399,0.36993825998790675,1.7609204670647194,0.3063683577813897,1.7947446591765885,1.304314093129304
2,0.34074474907540964,0.5929138976949674,5.519138917216255,1.1383322004302188,3.7758897371026947,1.163935397017355,-2.8872343986381592,0.9601385142541445
2,0.28250109521446914,-0.22206954742782076,3.7840245742367813,0.4355341680929532,1.7276538815441786,1.262229984422101,-1.8343729811271827,0.630563715398272
2,0.7847071258285917,3.310968086129033,4.993841730790975,-0.6929856436474812,2.184269059931432,0.6635264087305788,-1.5778013478783435,0.36295318095849066
2,0.010571753600250311,2.0239245849948486,-2.0120824805523245,0.5367907859418585,1.2600135304448246,-0.33092391086088335,-1.0806568178990068,-0.7751536579666278
2,-0.9559970458495674,0.3082679082679667,-9.04231774877756,0.26235670963626084,-1.4537687848871792,-2.36762296464578,0.6347646574506975,-0.49661542013540605
2,0.9870156896713507,0.3327613547036309,-6.284355985512542,0.2468411731043929,-3.749318813900772,-2.638808018829098,-0.20086374264588613,-1.1360633371833864
2,0.6452837798909945,2.0912185272657844,4.772553313193856,-0.17716701106557908,0.6590704388885223,1.199952325007352,-0.40087843888916164,-0.2755867169261975
2,-0.6891075029047637,-0.8517736146568611,6.876493490922467,2.5208385064181322,5.334452813283436,1.1272520315483336,-0.4100517443430852,0.6991847237930324
2,0.21364498579927035,-3.4870029912188167,-8.272021673940033,1.180569707102122,-2.388044842320223,-1.4714569287792283,-0.38037695726078224,-0.12340051350197173
2,-1.3213318794390494,1.7935067789668824,-0.500269505360068,-0.9210420138961303,4.651730207643875,1.5016430858868957,-0.5654455012035762,1.7046863760425186
2,-0.325777696084678,0.5054061411500681,8.055629556997735,3.22004993984386,3.1667528381232426,0.9958706620470288,1.8560821318346352,0.7136294051688151
2,1.226692774869879,0.09323996179070865,6.888306601973064,1.9417180732147046,2.6199092233000516,1.4090398325721092,-1.5199984840271716,0.1939355490869916
2,-1.120348322197593,-2.1175334634604117,16.990129094660116,1.9782621271212644,9.381798861429557,3.374201974665681,0.4410930968239819,1.8136048902902293
2,-0.8510134784614385,0.79316571655062,-13.508634685452646,-0.49159851533027993,-4.479512206770637,-2.674313534399277,-0.6136811928441325,-2.239654967177157
2,-1.0932799337058317,2.1976848246107803,9.14788163951446,-1.7803832089775224,6.909954850317738,2.7482975950798654,-1.168945808623497,0.6873952745967742
2,-1.807659838834554,-1.8568677959723747,-10.440562002193667,1.5050446285164576,-0.9634873790538488,-0.9783984379198821,-1.7401197540577422,-0.7498647361605819
2,2.229775197433002,3.4609239006310393,9.931077230813102,-0.8935424844912871,4.063298397943737,0.9736183463273752,-0.022370056323792357,0.7018225167052817
2,0.7901883866300319,-3.2431004727856902,13.810213598387428,-1.0186396962763722,6.3604051045749435,2.3812403999887772,-0.6293614292198263,0.010752908378155068
2,0.5307921450298245,-2.9312603635537973,18.77830061067277,-0.9620281670198202,7.520953780913294,5.2665253737895235,-2.0966175916203733,1.361927182683356
2,-0.16326248804300306,-1.8471708872195831,1.2722022428849662,-0.8452810747225805,0.9008282264695241,0.19142263905500012,0.395004381201467,-0.11025230714170758
2,1.1836132524536345,0.3629285901416582,7.212072387001096,-0.8433014251926158,2.934338330617346,-0.6987094783435291,-0.15317800829594663,0.17677408667256939
2,0.8092688081592645,0.5207693688385849,-15.716973783069935,-1.015671748067397,-8.251176434654429,-3.1212684385174936,0.0956118958445718,-1.3416779109664965
2,-1.2608038401267376,-1.1141447667663795,-1.531555926255843,-2.4142550897992807,1.4140276133776972,-0.6745972592317105,0.22056240119165788,-0.06431437801128231
2,0.28573474660580733,0.1819888264784082,-12.650488866745121,-1.896057564444426,-4.167190538773734,-1.4501686878124367,-1.6272834683953186,0.11890398506462718
2,-0.1494725678858908,1.200584740702853,-1.0125969124174845,0.8172204236684373,2.6982652279315653,-1.2323461959912865,-0.7450914187299529,-1.5967667821608726
2,-0.2092825001049478,2.626787547824727,2.210615973294619,-0.3048482090557895,-0.4941198431065925,1.2713962166475454,-1.1971627545769743,0.5160248563506502
2,-0.670737177464516,1.4761584052838557,10.635959709878179,0.12583969661570893,6.390584672894834,3.2416367398491905,-0.2491234690897592,1.2473131756391078
2,-1.093029855753274,-0.0656108749590324,-8.672590705951002,-4.379852142266012,-3.7401446870483617,-2.641874979743503,-0.050519404335351126,-0.8763403128291278
